x,y,Ind,Log_45_70,Log_70_90,Log_ap90,Log_av45,Log_inc,Log_soc,imputed
0,0,130.5,5.6,8.1,9.1,27.1,0.1,0,1
0,1,288.5,12,112,14,5,0,1,0
0,2,277,4,88,33,7,0,0,0
0,3,148,3,14,24,5,0,0,0
0,4,127,60.1,0.2,2.4,0.2,0,59,1
0,5,46,2,5.6,8.2,4.4,0,0,3
0,6,14,0.2,1.4,1.9,1.8,0,0,1
0,7,40,0.4,4,5.5,5.1,0,0,4
0,8,6,0.1,0.6,0.8,0.8,0,0,1
0,35,4,0.1,0.1,0.3,1.2,0,0,1
0,37,20,0,2.2,0.5,3.3,0,0,2
0,41,4,0.1,0.1,0.1,1.4,0,0,1
0,44,6,0.3,0.1,0.1,2,0,0,1
0,63,10,0,0,0.4,4.5,0,0,2
0,65,3,0,0,0.1,1.4,0,0,1
0,72,3,0.1,0.1,0.4,0.8,0,0,1
0,73,7,0.1,0.3,0.8,2,0,0,2
0,76,12,0,0.3,0,3.6,0.2,0,2
0,81,7,0,0.6,0.2,2.1,0,0,1
0,82,3,0,0.3,0,0.9,0,0,2
0,84,2,0,0.2,0.3,0.3,0,0,1
0,85,7,0.1,0.7,1,1.1,0,0,3
0,86,11,0,0.3,0.8,4.3,0,0,1
0,112,2,0,0,0.2,1,0,0,2
0,127,2,0,0.1,0.2,0.8,0,0,1
1,0,4,0.2,0.3,0.3,0.9,0.1,0,1
1,1,339.5,5.4,92.9,50,10.2,0,0.4,1
1,2,241.5,1,88,36,0,0,0,0
1,3,230.5,62.4,9.1,9.6,24.8,0,56,1
1,4,2,0.1,0.2,0.4,0.2,0,0,1
1,5,27,1.2,3.3,4.7,2.6,0,0,2
1,6,14,0.1,1.4,2,1.8,0,0,2
1,7,35,0.3,3.5,4.8,4.6,0,0,3
1,8,97,1.3,15.4,11.4,5.8,0,0,2
1,17,24.5,0.7,1.1,3.9,3.5,0,0,2
1,18,4,0.1,0.1,0.7,0.6,0,0,2
1,24,2,0.1,0.4,0.2,0.2,0,0,1
1,25,1,0,0.2,0.1,0.1,0,0,1
1,30,35,0.8,2.9,2.2,9.4,0,0,3
1,33,16,0.3,0.4,1.2,4.9,0,0,2
1,34,34,0.5,1,2.4,10.5,0,0,4
1,35,14,0.3,0.4,1,4.3,0,0,2
1,58,1,0,0,0.1,0.3,0,0,1
1,62,8,0,0,0.3,3.6,0,0,1
1,63,4,0,0,0.1,1.8,0,0,1
1,66,12,0.4,0.7,1.4,2.1,0,0,2
1,67,4,0.1,0.2,0.5,0.7,0,0,1
1,68,2,0.1,0.1,0.2,0.4,0,0,1
1,69,12,0.2,1.2,1.2,1.7,0,0,1
1,76,8,0,0.2,0,2.4,0.1,0,2
1,78,13,0,0.4,0,3.9,0.2,0,2
1,80,2,0,0.1,0,0.6,0,0,1
1,82,14,0,1.3,0.3,4.1,0,0,2
1,85,31,0.7,3.1,4.3,5,0,0,3
1,87,2,0,0.1,0.1,0.8,0,0,1
1,88,1,0,0,0.1,0.4,0,0,1
1,89,13,0,0.4,0.9,5,0,0,2
1,97,2,0,0.2,0.2,0.6,0,0,1
1,98,10,0.3,1,0.8,2.9,0,0,2
1,101,1,0,0.1,0,0.3,0,0,1
1,102,10,0.4,0.5,0.4,2.5,0,0,1
1,112,1,0,0,0.1,0.5,0,0,1
1,115,2,0,0,0.2,1.1,0,0,1
1,122,2,0,0.1,0.1,0.6,0,0,1
1,127,8,0,0.6,0.8,3.2,0,0,2
2,0,21.5,1.1,2.4,2.6,3.3,0.1,0,2
2,1,130,6.5,47.7,3.3,2.1,0,0.6,2
2,2,173.5,0.2,62.2,3.7,2.7,0,2,1
2,3,12,0.4,2.9,1.4,0.3,0,0,2
2,4,53.5,0.4,19.5,2.4,0.6,0,0,2
2,5,32,1.1,5.2,5.2,2.4,0,0,4
2,6,3,0,0.4,0.4,0.5,0,0,2
2,17,42,5.9,6.3,6.3,3,0,0,1
2,18,116,4.2,4.5,22.1,10.2,0,8.8,3
2,23,2,0.1,0.4,0.2,0.2,0,0,1
2,24,21,0.7,4.5,2.1,2.1,0,0.3,3
2,25,2,0.1,0.4,0.2,0.2,0,0,1
2,26,8,0,0.8,1.1,1.1,0,0,2
2,29,12,0.2,1.5,1,2.3,0,0,3
2,30,20,0.2,2.2,1.8,4.2,0,0,4
2,36,17,0,1.8,0.5,2.8,0,0,2
2,37,1,0,0.2,0.1,0.1,0,0,1
2,58,41,0.7,0.7,3.1,11.2,0,0,4
2,60,13,0.2,0.2,1,3.6,0,0,1
2,66,13,0.1,1.6,1.8,1.6,0,0,2
2,67,40,0.7,3.8,5.3,5.7,0,0,4
2,68,42,0.8,4,5.5,6,0,0,3
2,69,3,0.1,0.3,0.3,0.4,0,0,1
2,73,5,0.1,0.2,0.6,1.4,0,0,1
2,77,3,0,0.1,0,0.9,0,0,1
2,78,14,0,0.5,0,4.1,0.2,0,1
2,80,4,0,0.2,0,1.2,0,0,2
2,85,10,0.2,1,1.4,1.6,0,0,1
2,86,4,0,0.1,0.3,1.6,0,0,1
2,87,4,0,0.1,0.3,1.6,0,0,1
2,89,5,0,0.1,0.4,2,0,0,2
2,90,1,0,0,0.1,0.4,0,0,1
2,93,8,0.6,0.5,1,1.2,0,0,2
2,94,62,3.6,3.4,3.6,23.1,0,0,3
2,102,35,1.8,2.7,2.9,7.5,0,0,4
2,103,4,0.1,0.2,0.2,1,0,0,1
2,106,1,0,0,0,0.5,0,0,1
2,107,6,0.2,0,0,2.9,0,0,2
2,109,1,0,0,0,0.4,0,0,1
2,110,26,0.9,0,1.1,9.6,0,0,2
2,111,1,0,0,0.1,0.5,0,0,1
2,113,7,0,0,0.6,3.9,0,0,1
2,115,4,0,0,0.3,2.2,0,0,2
2,119,4,0,0.2,0.2,1.2,0,0,2
3,0,4,0.2,0.6,0.6,0.4,0,0,1
3,1,29,1.1,5.3,4.2,1.2,0,0,1
3,2,79,2.1,6.7,8.7,13.2,0,0,3
3,3,126.5,1.8,22.1,17.8,10.8,0,8,2
3,4,138,0.7,31,18.8,0.6,0,0,2
3,5,161.5,0.1,5,45.5,0.1,0,0,1
3,7,6,0.1,0.8,0.8,1,0,0,2
3,8,4,0.1,0.5,0.5,0.7,0,0,1
3,12,23,1.1,2.2,2.3,3.6,0,0,2
3,17,135,3.2,6.2,18.1,35.1,0,5,1
3,18,131.5,5,4,13,44,0,4,0
3,19,25.5,1.8,1.6,3.1,3.7,0,0.7,3
3,24,25,0.8,5.3,2.5,2.5,0,0.4,4
3,25,2,0.1,0.4,0.2,0.2,0,0,1
3,26,78,1,4.1,9.8,19.2,1,0,2
3,27,49,1,2.4,3.2,12.3,0,0,1
3,30,3,0,0.4,0.3,0.5,0,0,1
3,31,14,0.3,2.5,1.5,2.4,0.3,0,2
3,32,5,0.1,0.9,0.5,0.9,0.1,0,2
3,33,32,0.8,5.5,3.7,4.6,0.6,0,4
3,35,1,0,0.2,0.2,0,0,0,1
3,36,6,0.3,0.9,0.3,0.8,0,0,1
3,37,21,1.1,3.3,1.1,2.6,0,0,2
3,43,9,0.3,0.2,0.2,3.1,0,0,1
3,44,28,1.1,0.6,0.6,9.5,0,0,3
3,45,3,0.1,0.1,0.1,1,0,0,1
3,48,13,0,1,0.7,4.5,0,0,1
3,49,10,0,0.8,0.5,3.5,0,0,1
3,51,10,0,1,1.1,3,0,0,3
3,66,8,0.1,1,1.1,0.9,0,0,1
3,67,107.5,3.2,5.6,7.2,23.6,0,0,2
3,68,57,2.6,8,4,8.9,0,0,3
3,69,7,0.1,0.7,0.7,1,0,0,2
3,75,2,0,0.1,0.2,0.6,0,0,1
3,82,15,0,1.3,0.3,4.5,0,0,4
3,91,2,0.2,0.2,0.1,0.4,0,0,1
3,94,53,3.2,1.2,10.3,5.3,0,0,4
3,95,11,0.6,0.3,2.2,1.1,0,0,2
3,99,13,0.4,1.3,1.1,3.7,0,0,2
3,100,5,0.1,0.5,0.4,1.5,0,0,1
3,101,14,0.9,1.4,1.9,2.5,0,0,4
3,105,10,0.4,0.6,0.4,2.5,0,0,2
3,106,3,0.1,0,0,1.5,0,0,1
3,107,2,0.1,0,0,0.9,0,0,1
3,112,1,0,0,0.1,0.5,0,0,1
3,113,11,0,0,0.9,6.2,0,0,2
3,121,5,0,0.2,0.3,1.4,0,0,1
3,123,7,0,0.2,0.4,2,0,0,2
4,0,119.5,4.7,25.8,15,3.2,0,0,1
4,1,46,1.5,7.8,4.9,4.4,0,0,4
4,2,41.5,1.4,7,4.5,3.9,0,0,3
4,3,13,0.5,2.2,1.4,1.2,0,0,1
4,6,3,0.1,0.4,0.4,0.4,0,0,1
4,7,38,2.2,4.2,2.2,11.4,0,0,1
4,8,2,0,0.3,0.3,0.3,0,0,1
4,18,17,2.4,2.1,1.7,2,0,0.2,4
4,19,51.5,3.6,3.2,6.3,7.6,0,1.4,4
4,22,2,0.1,0.4,0.2,0.2,0,0,1
4,24,79,2.7,9.2,6.4,13.4,0,2.4,2
4,25,67,2.3,10.6,5,13,0,0.6,3
4,26,75,2,12.8,15.8,3.4,0,2,2
4,27,20,0,0.6,4.5,1.8,0,0,2
4,30,11,0,1.5,1.1,1.8,0,0,2
4,31,2,0,0.4,0.2,0.4,0,0,1
4,34,36,1.2,5.8,5.4,1.5,0,0,2
4,35,49,1.6,7.9,7.4,2.1,0,0,2
4,36,93,8.2,11.6,6.2,15.5,0,5,1
4,37,7,0.3,1.1,0.4,0.9,0,0,1
4,48,18,0.2,1.1,0.8,6.4,0,0,2
4,49,5,0,0.4,0.3,1.7,0,0,1
4,51,1,0,0.1,0.1,0.3,0,0,1
4,52,3,0,0.3,0.4,0.9,0,0,1
4,53,74,2,2.4,12.4,27.9,0,1,1
4,54,18,0,1.3,1.3,4.5,0,0.6,2
4,55,10,0,0.7,0.7,2.5,0,0.3,2
4,64,6,0,0,0.2,2.7,0,0,1
4,74,1,0,0.1,0.1,0.3,0,0,1
4,80,5,0,0.1,0,1.5,0.1,0,1
4,81,5,0,0.4,0.1,1.5,0,0,1
4,91,13,1.3,1.3,0.6,2.5,0,0,2
4,94,6,0.4,0.1,1.2,0.6,0,0,1
4,99,2,0,0.2,0.2,0.6,0,0,1
4,100,6,0.2,0.6,0.5,1.7,0,0,1
4,104,6,0.2,0.4,0.2,1.5,0,0,1
4,105,1,0,0.1,0,0.3,0,0,1
4,106,8,0.3,0,0,3.9,0,0,1
4,107,3,0.1,0,0,1.5,0,0,1
4,110,2,0.1,0,0,0.9,0,0,1
4,114,5,0,0,0.4,2.8,0,0,1
4,116,6,0,0.2,0.4,1.7,0,0,1
5,0,109,0,27.5,10.5,3.8,0,0,2
5,1,5,0.1,0.6,0.9,0.2,0,0,1
5,6,13,0,0.7,3.7,0.2,0,0.4,1
5,18,10,0.2,2.4,1.2,0.2,0,0,3
5,19,8,0.1,2.1,0.7,0.3,0,0,2
5,22,22,1.7,1.6,1.8,4.1,0,0,4
5,23,39,3.4,3,2.8,7.2,0,0,3
5,26,44,0.8,6.7,7.4,2.9,0,0,4
5,28,7,0.2,0.7,0.7,1.4,0,0,2
5,29,7,0.2,0.7,0.7,1.4,0,0,1
5,30,23,0.8,2.3,2.3,4.7,0,0,3
5,31,8,0,0.6,0.3,2.7,0,0,1
5,32,1,0,0.1,0,0.3,0,0,1
5,34,27,2.1,3.4,5,1.9,0,0,3
5,35,165,13,24,19,27,0,8,0
5,36,214,7.1,16.2,13.1,90.2,1,5.1,1
5,37,112,15.4,9.8,21.3,21.8,0,28.3,1
5,38,3,0.3,0.6,0.2,0.6,0,0.3,2
5,41,12.5,0.3,0.5,1.1,4.4,0,0,1
5,42,6,0.1,0.3,0.5,2.1,0,0,1
5,53,36,0,3.1,4.4,9,0,0,2
5,54,2,0,0.2,0.3,0.4,0,0,1
5,59,6,0,0.2,0.4,1.4,0,0,2
5,60,11,0,0.4,0.8,2.5,0,0,2
5,61,20,0.3,0.9,2,5.4,0,0,3
5,63,4,0,0.2,0.4,1.1,0,0,1
5,64,4,0,0.2,0.4,1.1,0,0,1
5,66,22,0.5,0.8,2.7,6.1,0,0,4
5,68,4,0,0.2,0.4,1.2,0,0,2
5,69,3,0.1,0.1,0.4,0.8,0,0,1
5,71,29,0.9,3.7,1.8,7.2,0.9,0,2
5,73,10,0,0,0.3,4.1,0,0,1
5,74,37,0,0,1.4,15,0,0,4
5,75,4,0,0,0.2,1.6,0,0,2
5,77,13,0,1.1,1.2,3.9,0,0,2
5,79,6,0,0.8,0.6,1.6,0,0,1
5,80,9,0,1.2,0.8,2.5,0,0,2
5,81,2,0.1,0.1,0,0.6,0,0,1
5,82,10,0.7,0.4,0,3.1,0,0,2
5,87,4,0.1,0.2,0.1,1.3,0,0,1
5,88,14,0.2,0.6,0.3,4.7,0,0,3
5,101,4,0.1,0.2,0.4,1.1,0,0,1
5,104,8,0.1,1.2,1.2,1.2,0,0,3
5,105,118,8.1,3.8,8,43.9,0,0,1
5,106,17,0.3,2.1,1.4,3,0,0,4
5,108,4,0.2,0.6,0.4,0.5,0,0,1
5,109,5,0.2,0.8,0.5,0.6,0,0,1
5,110,11,0.5,1.8,1,1.3,0,0,3
5,111,7,0.4,0.3,0.5,2.6,0.2,0,2
5,113,2,0,0.1,0.1,0.7,0,0,1
5,114,1,0,0,0.1,0.3,0,0,1
5,115,9,0,0.2,0.5,3.2,0,0,1
5,116,10,0.3,0.4,0.6,2.7,0,0,2
6,0,8,0,1,1,1.2,0,0,2
6,12,39,0,1.7,3.4,10.2,0,0,2
6,13,5,0,0.2,0.5,1.3,0,0,2
6,17,1,0,0.1,0.3,0,0,0,1
6,18,86,4.2,13.3,11.6,7.1,0,0,3
6,19,114,0.1,49.2,2,0.4,0,12,1
6,20,6,0.1,1.6,0.5,0.2,0,0,1
6,21,19,1.5,1.4,1.5,3.5,0,0,1
6,22,63,2.9,4.6,2,18.5,0,0,3
6,23,14,1.1,1,1.1,2.6,0,0,2
6,25,30,4.3,3.4,0.8,5.2,0,0,2
6,26,19.5,0.3,3,3.4,1.2,0,0,3
6,27,9,0.1,1.4,1.6,0.6,0,0,2
6,28,66,1.8,7.5,8,10.9,0,0,4
6,34,33,2.6,4.2,6.1,2.3,0,0,3
6,35,64,5.1,10.6,4.4,12.9,0,0,1
6,36,39,0.4,7.8,7.3,3.8,0,11.3,1
6,37,9,0.9,1.8,0.6,1.8,0,0.8,3
6,38,5,0.5,1,0.4,1,0,0.4,2
6,41,1,0,0,0.1,0.4,0,0,1
6,42,15,0.3,0.7,1.4,5.2,0,0,3
6,49,3,0.1,0.1,0.1,1.1,0,0,1
6,58,6,0,0.2,0.5,1.3,0,0,2
6,61,1,0,0,0.1,0.3,0,0,1
6,66,1,0,0.1,0.1,0.3,0,0,1
6,74,2,0,0,0.1,0.8,0,0,1
6,76,4,0,0.3,0.4,1.2,0,0,1
6,77,5,0,0.4,0.5,1.5,0,0,2
6,80,5,0,0.7,0.4,1.4,0,0,1
6,81,3,0.3,0.1,0,0.9,0,0,1
6,82,2,0.2,0,0,0.6,0,0,2
6,84,2,0,0.2,0.1,0.6,0,0,1
6,87,13,0.2,0.5,0.4,4.3,0,0,1
6,90,3.5,0,0.2,0.1,1.2,0,0,1
6,92,4,0,0.2,0.3,1.6,0,0,1
6,95,8,0,0.3,0.6,3.2,0,0,1
6,96,4,0,0.2,0.2,1.3,0.1,0,1
6,98,4,0,0.2,0.3,1.3,0.1,0,2
6,99,5,0,0.3,0.3,1.6,0.1,0,2
6,101,8,0.3,0.4,0.9,2.1,0,0,2
6,103,1,0,0.1,0.1,0.3,0,0,1
6,104,36,0.7,5,5.7,5.6,0,0,3
6,105,39,0.1,8.9,7.9,0.9,0,0,2
6,106,12,0.3,1.5,0.9,2.1,0,0,1
6,110,12,0.5,1.9,1.2,1.4,0,0,2
6,111,44,2.8,2.2,2.9,16.6,0.8,0,3
6,113,1,0,0,0.1,0.3,0,0,1
6,114,1,0,0,0.1,0.3,0,0,1
6,115,2,0,0,0.2,0.6,0,0,2
6,116,3,0.1,0.1,0.2,0.8,0,0,1
6,124,13,0,0.4,0.7,3.8,0,0,2
7,1,79,0.3,11.9,16.2,1.6,0,0,1
7,2,20,0.2,2.4,3.7,0.9,0,0,2
7,5,2,0,0.2,0.4,0.1,0,0,1
7,10,46.5,0,1.3,4.4,8.1,0,0.2,1
7,12,4,0.1,0.3,0.4,0.8,0,0,2
7,17,40,0.9,4,4.4,9.7,0,0,2
7,18,26,0.5,4.8,3,2.6,0,0,3
7,20,6,0,1,0.6,0.6,0.2,0,2
7,26,2,0.2,0.2,0.2,0.3,0,0,1
7,27,6,0.5,0.7,0.9,0.6,0,0,2
7,28,56,2.5,6.1,5.5,14.2,0,0,2
7,29,11,0.6,1.1,1.2,2,0,0,2
7,33,2,0.2,0.2,0.4,0.1,0,0,1
7,34,65,0.8,4.1,8,15.3,0,0,2
7,35,2,0.2,0.2,0.4,0.1,0,0,1
7,36,11,1.2,2.2,0.7,2.1,0,1,1
7,37,4,0.4,0.8,0.3,0.8,0,0.3,1
7,51,20,0.4,1.1,1,6.4,0,0,3
7,62,5,0,0.2,0.5,1.4,0,0,2
7,65,3,0.1,0.1,0.3,0.8,0,0,1
7,75,1,0,0,0,0.4,0,0,1
7,78,3,0.1,0,0.2,1.2,0,0,1
7,79,2,0,0.3,0.2,0.5,0,0,1
7,81,43,2.7,2.1,0.6,13.1,0,0,3
7,82,2,0,0.2,0.1,0.6,0,0,1
7,92,5,0,0.2,0.4,2,0,0,1
7,97,3,0,0.2,0.2,1,0,0,2
7,100,5,0,0.2,0.3,1.7,0.1,0,1
7,101,13,0.4,0.7,1.4,3.5,0,0,1
7,105,4,0.1,0.3,0.5,1,0,0,2
7,110,19,0.7,2.8,1.6,2.7,0,0,3
7,111,10,0.6,0.5,0.6,3.8,0.2,0,1
7,114,3,0,0.1,0.2,1,0,0,1
7,115,2,0,0.1,0.1,0.7,0,0,1
7,118,3,0,0.3,0.2,1.2,0.1,0,1
7,119,5,0.1,0.4,0.3,1.7,0.1,0,2
7,124,1,0,0,0.1,0.3,0,0,1
8,0,52.5,0.2,15,6.3,2,0,0,2
8,1,238.5,2,41,30,22,0,0,0
8,2,29,0,7,3,2,0,0,0
8,16,3,0.1,0.3,0.3,0.8,0,0,2
8,17,2,0.1,0.2,0.2,0.5,0,0,1
8,21,10,0.5,1,0.7,2.4,0,0,2
8,22,6,0.3,0.6,0.4,1.5,0,0,1
8,23,13,0.7,1.7,0.8,2.9,0,0,2
8,24,8,0.5,1.4,0.2,1.7,0,0,1
8,25,12,0.7,2.1,0.4,2.4,0,0,2
8,26,31,3.6,3,3.7,4.3,0,0,4
8,27,32,3.5,4.4,3.5,4.5,0,0,1
8,29,1,0.1,0.1,0.1,0.2,0,0,1
8,31,11,0,0.8,0.4,3.7,0,0,1
8,33,4,0,0.4,0.8,0.1,0,0,1
8,34,10,0,0.9,2,0.2,0,0,2
8,47,3,0,0.1,0.2,1.1,0,0,2
8,51,18,0.5,1,0.6,5.8,0,0,2
8,54,16,0,0.5,1.8,5,0,0,1
8,55,1,0,0.1,0.1,0.3,0,0,1
8,58,23,0,0.8,1.7,5.1,0,0,2
8,59,7,0,0.2,0.5,1.6,0,0,2
8,61,3,0,0.1,0.3,0.9,0,0,2
8,65,4,0,0.2,0.4,1.2,0,0,2
8,68,20,0.6,0.1,1.8,7.7,0,0,3
8,69,13,0.4,0,1.2,5.1,0,0,1
8,70,2,0,0,0.2,0.8,0,0,1
8,73,3,0.1,0.4,0.2,0.7,0.1,0,1
8,80,7,0.2,0,0.4,2.8,0,0,2
8,83,3,0,0.3,0.2,0.9,0,0,2
8,87,19,0.3,0.9,0.5,6.2,0,0,2
8,88,2,0,0.1,0,0.7,0,0,1
8,90,12,0.2,0.5,0.3,4,0,0,1
8,91,3,0,0.1,0.3,1.2,0,0,1
8,92,5,0,0.2,0.4,2,0,0,2
8,100,20,0,0.9,1,6.8,0.4,0,3
8,105,12.5,0.3,0.7,1.2,3.5,0,0,2
8,107,3,0.1,0.4,0.2,0.5,0,0,1
8,111,9,0,0.2,0.5,3.2,0,0,1
8,114,13,0,0.3,0.8,4.6,0,0,2
8,115,4,0,0.1,0.3,1.4,0,0,1
8,116,3,0.1,0.1,0.2,0.8,0,0,1
8,117,7,0.2,0.2,0.4,2,0,0,2
8,119,10,0,1,0.7,4.2,0.3,0,2
8,120,3,0,0.3,0.2,1.2,0.1,0,1
8,121,6,0,0.2,0.4,1.6,0,0,2
8,124,8,0,0.2,0.5,2.3,0,0,1
8,125,4,0,0.1,0.2,1.2,0,0,1
9,0,207.5,1.3,39.7,33.7,4,0,0,1
9,1,54,0.2,5.4,12.7,1,0,0,1
9,2,22,0.2,2.6,4.1,1.1,0,0,2
9,7,85,0,5,10,19,0,0,2
9,8,66,0,5.9,12.2,5.3,0,0.6,1
9,9,23,0,1.2,6.6,0.4,0,0.8,1
9,14,5,0.2,0.5,0.5,0.8,0,0,1
9,15,33,1.6,3.1,3.2,5.2,0,0,4
9,19,46,0.7,7.4,5.2,4.5,0.7,0,3
9,20,26,0.1,10.6,1.1,3,0.2,0,1
9,21,7,0.3,0.7,0.5,1.7,0,0,1
9,23,10,0.5,1,0.7,2.4,0,0,1
9,25,9,0.6,1.6,0.3,1.8,0,0,2
9,26,1,0.1,0.1,0.1,0.2,0,0,1
9,30,2,0.2,0.2,0.2,0.3,0,0,1
9,31,7,0,0.5,0.3,2.3,0,0,1
9,40,5,0.5,1,0.3,1,0,0.5,2
9,41,11,0.2,0.5,1,3.9,0,0,1
9,47,16,0.4,0.6,0.7,5.7,0,0,3
9,58,1,0,0,0.1,0.2,0,0,1
9,62,13,0.1,0.6,1.3,3.6,0,0,2
9,63,6,0.1,0.3,0.6,1.6,0,0,1
9,65,7,0.1,0.3,0.7,1.9,0,0,1
9,76,1,0,0.1,0.1,0.3,0,0,1
9,79,2,0.1,0,0.1,0.8,0,0,1
9,80,21,0.6,0,1.3,8.3,0,0,4
9,81,4,0,0.4,0.3,1.2,0,0,1
9,82,8,0,0.8,0.6,2.3,0,0,1
9,84,1,0,0.1,0.1,0.3,0,0,1
9,90,2,0,0.1,0,0.7,0,0,1
9,91,2,0,0.1,0.1,0.8,0,0,1
9,98,2,0,0.1,0.1,0.7,0,0,1
9,99,1,0,0.1,0.1,0.3,0,0,1
9,101,1,0,0.1,0.1,0.3,0,0,1
9,102,10,0.2,0.6,1.1,2.7,0,0,2
9,103,6,0.1,0.3,0.6,1.7,0,0,1
9,104,25,0.5,1.4,2.5,7,0,0,3
9,105,4,0.1,0.2,0.4,1.1,0,0,1
9,111,1,0,0,0.1,0.3,0,0,1
9,118,7,0.2,0.2,0.4,2,0,0,1
9,120,42,0,1.1,6.8,14,0.4,0,2
9,122,5,0,0.2,0.3,1.4,0,0,1
9,123,5,0,0.1,0.3,1.5,0,0,2
9,126,1,0,0.1,0.1,0.4,0,0,1
10,7,39,0,5.9,7.6,0.8,0,0,3
10,8,54,4,4,5.7,8.9,0,2,2
10,9,14,0.2,1.7,1.6,1.7,0,0,1
10,13,7,0.3,0.5,0.8,1.3,0,0,2
10,14,24,0.9,1.8,2.8,4.6,0,0,3
10,15,11,0.4,0.8,1.3,2.1,0,0,1
10,16,1,0,0.1,0,0.3,0,0,1
10,19,112,6.1,6.7,10.4,27,0,0,2
10,20,101.5,1.6,8.7,6.2,30.3,0,0,3
10,21,20,0.6,3.1,1.2,4.8,0,0,2
10,23,5,0.1,0.8,0.3,1.2,0,0,1
10,33,2,0.1,0.1,0.2,0.5,0,0,1
10,41,31,0,1,2.9,13.5,0,0,1
10,47,3,0.1,0.3,0,0.9,0,0,1
10,51,3,0.1,0.1,0.3,0.9,0,0,1
10,55,7,0.2,0.3,0.6,2.1,0,0,2
10,63,12,0.3,0.3,1.3,3.6,0,0,2
10,64,4,0.1,0.1,0.4,1.2,0,0,1
10,69,2,0.1,0.1,0.1,0.6,0,0,1
10,71,7,0.3,0,0.5,2.1,0,0,1
10,72,13,0.6,0,1,3.8,0,0,1
10,76,54,0,1.7,3.2,17.7,0,0,4
10,82,4,0,0.2,0,1.2,0,0,2
10,83,13,0,0.8,0.5,3.4,0,0,2
10,84,17,0,1.1,0.6,4.5,0,0,2
10,88,6,0,0.5,0,2.5,0,0,1
10,95,3,0,0.1,0.2,0.9,0,0,1
10,96,4,0,0.3,0.2,0.9,0,0,1
10,98,2,0,0.2,0.1,0.4,0,0,1
10,99,11,0,0.9,0.5,2.4,0,0,3
10,105,8,0.3,1.6,0.4,2.3,0,0,2
10,106,2,0.1,0.2,0.2,0.6,0,0,1
10,107,4,0.2,0.4,0.4,1.2,0,0,2
10,111,21,0.5,2.4,0.9,6.2,0,0,2
10,117,2,0,0.2,0.2,0.6,0,0,1
10,118,3,0,0.2,0.3,1,0,0,1
10,121,7,0.3,0.6,0.5,1.6,0,0,1
10,123,1,0,0.1,0.1,0.2,0,0,1
10,125,1,0,0.1,0.1,0.2,0,0,1
10,126,5,0,0,0.3,1.9,0,0,2
10,127,6,0,0,0.3,2.3,0,0,2
11,1,2,0.1,0.4,0.2,0.2,0,0,1
11,7,20,0,3,3.9,0.4,0,0,2
11,8,29,0.1,4.1,4.7,1.7,0,0,2
11,12,21,0,1.8,2.4,4.4,0,0,3
11,13,9,0,0.7,1.1,1.8,0,0,2
11,14,1,0,0.1,0.1,0.2,0,0,1
11,15,6.5,0.3,0.4,0.7,1.3,0,0,2
11,18,3,0,0.3,0.1,0.9,0,0,1
11,19,97,0.2,10.5,23.9,2.2,0,0,2
11,20,26,0,7,5,0,0,0,0
11,21,2,0.1,0.3,0.1,0.5,0,0,1
11,23,9,0.2,1.3,0.5,1.8,0,0,3
11,24,6,0.1,0.8,0.4,1,0,0,1
11,25,5.5,0.2,0.7,0.3,0.9,0,0,2
11,26,3,0,0.3,0.1,1,0,0,1
11,30,3,0,0.3,0.1,1,0,0,1
11,32,2,0.1,0.1,0.2,0.5,0,0,1
11,41,1,0,0,0.1,0.5,0,0,1
11,45,8,0.1,0.7,0.8,2.7,0,0,2
11,52,4,0.1,0.2,0.3,1.2,0,0,1
11,55,10,0.3,0.4,0.8,3,0,0,1
11,56,12,0.2,0.2,0.8,3.9,0,0,2
11,58,1,0,0,0.1,0.3,0,0,1
11,63,8,0.2,0.3,0.8,2.4,0,0,2
11,71,9,0.4,0,0.7,2.6,0,0,1
11,83,7,0,0.4,0.3,1.8,0,0,2
11,89,2,0,0.2,0,0.8,0,0,1
11,93,23,0.4,0.7,1.8,6.5,0,0,2
11,95,34,0,0.7,2.3,10.6,0,0,1
11,96,18,0,1.5,0.8,4,0,0,2
11,99,3,0,0.3,0.1,0.6,0,0,2
11,111,13,0.3,1.4,0.7,3.8,0,0,3
11,112,2,0.1,0.2,0.1,0.6,0,0,1
11,113,5,0.1,0.5,0.4,1.3,0,0,2
11,116,7,0,0.5,0.7,2.3,0,0,2
11,117,12,0,1,1.1,3.9,0,0,3
11,119,3,0.2,0.6,0.1,0.4,0,0,1
11,120,22,1.8,4.4,0.9,2.6,0,0,3
11,121,4,0.1,0.4,0.3,0.9,0,0,1
11,123,4,0.1,0.4,0.3,0.9,0,0,1
11,124,14,0.5,1.3,1.1,3.1,0,0,3
11,126,15,0,0,0.9,5.6,0,0,3
11,127,7,0,0,0.3,2.7,0,0,3
12,0,36,0.8,6.7,6,1.7,0,0,3
12,1,86,0.7,15.9,14.1,3.1,0,0,3
12,2,12,0.2,2,1.6,0.6,0,0,2
12,3,18,0.3,3.4,2,1.3,0,0,2
12,5,29,0,4.1,5.1,2.1,0,0,1
12,6,1,0,0.1,0.2,0,0,0,1
12,7,18,0,2.1,3.2,0.5,0,0,1
12,10,3,0,0.4,0.3,0.4,0,0,1
12,11,33,0.2,3.5,3.3,6.7,0,0,3
12,12,13,0.2,1.6,1.1,2.5,0,0,3
12,13,5,0,0.4,0.6,1,0,0,1
12,15,3,0.1,0.2,0.4,0.6,0,0,1
12,16,6,0,0.7,0.1,1.8,0,0,1
12,17,2,0,0.2,0.1,0.6,0,0,1
12,19,7,0.1,1,0.6,1.4,0,0,2
12,22,9,0.2,1.1,0.6,1.5,0,0,1
12,23,4,0.2,0.6,0.2,0.8,0,0,2
12,24,9,0.2,1.1,0.6,1.5,0,0,1
12,25,16,0.5,0,2,2.7,0,0,2
12,29,7,0,0.5,0.9,1.8,0,0,1
12,30,3,0,0.2,0.4,0.8,0,0,1
12,32,10,0.2,0.7,1.1,2.7,0,0,1
12,33,2,0.1,0.1,0.2,0.5,0,0,1
12,37,19,1.4,0.7,2.9,5.2,0,0,2
12,45,64,1.4,5,5.2,23.7,0,0,3
12,46,4,0.1,0.4,0,1.2,0,0,2
12,48,31,0.6,3.5,0.6,8.6,0,0.1,3
12,49,15,0,2.5,1.2,3,0,0.3,2
12,50,1,0,0.1,0.1,0.2,0,0,1
12,54,2,0.1,0.1,0.1,0.6,0,0,1
12,55,1,0,0,0.1,0.3,0,0,1
12,56,12,0.2,0.2,0.8,4,0,0,1
12,57,5,0,0.1,0.4,1.7,0,0,2
12,58,12,0.2,0.2,1,3.9,0,0,3
12,59,3,0,0,0.3,1,0,0,2
12,68,12,0.3,0.9,0.3,3.9,0,0,3
12,71,9,0.4,0,0.7,2.6,0,0,1
12,73,18,0.7,1.4,0.9,5.1,0,0,4
12,74,9,0.3,0.8,0.5,2.5,0,0,2
12,77,18,0.1,0.7,1.4,5.3,0,0,3
12,79,3,0.1,0.2,0.4,0.6,0,0,1
12,80,24,0.6,1.6,3.2,4.8,0,0,2
12,82,13,0,1.1,0.3,3.6,0,0,2
12,83,45,0,3.5,1.1,12.4,0,0,3
12,85,8,0,0.5,0.3,2.1,0,0,3
12,86,4,0,0.4,0,1.6,0,0,2
12,88,5,0.1,0.7,0.3,1,0,0,1
12,89,7,0,0.6,0,2.9,0,0,1
12,90,2,0,0.2,0,0.8,0,0,1
12,92,1,0,0,0.1,0.3,0,0,1
12,93,4,0.3,0.5,0.5,0.4,0,0,1
12,94,7,0.6,0.8,0.8,0.8,0,0,1
12,95,8,0.7,0.9,1,0.9,0,0,2
12,96,7,0,0.6,0.3,1.5,0,0,1
12,105,4,0,0.5,0.5,1.1,0,0,1
12,107,4,0.1,0.4,0.4,1.2,0,0,2
12,108,18,0.4,2,1.7,5.7,0,0,3
12,109,10,0.3,1.1,0.9,3.2,0,0,2
12,110,2,0.1,0.2,0.2,0.6,0,0,1
12,111,53,1.1,1.2,8.2,11.5,0,0,3
12,112,19,0.1,2.1,2.5,3.9,0,0,3
12,113,2,0,0.2,0.3,0.4,0,0,1
12,115,15,0.4,1.3,1.4,2.9,0,0,2
12,117,4,0,0.2,0.3,0.9,0,0,1
12,119,14.5,0,0.8,1.1,3.3,0,0,2
12,120,3,0,0.2,0.2,0.7,0,0,1
12,123,7,0.2,0.7,0.5,1.6,0,0,2
12,124,16,0.6,1.5,1.1,3.6,0,0,2
12,125,1,0,0.1,0.2,0.1,0,0,1
12,126,3,0.2,0.7,0.2,0.4,0,0,2
12,127,20,0.1,0.2,1.3,7.1,0,0,3
13,0,172,3,52.2,13.4,2.5,0,0,1
13,1,106,0.8,12.4,20.5,0.7,0,0,3
13,2,1,0,0.1,0.2,0,0,0,1
13,3,8,0,1.1,1.4,0.6,0,0,1
13,4,21.5,0,3,3.9,1.5,0,0,2
13,5,96,0,8.7,21.7,2.8,0,0,2
13,6,130.5,0,15.9,24.1,2.6,0,0,3
13,7,10.5,0,1.3,1.8,0.3,0,0,1
13,10,24,0.2,3,2.6,3,0,0,3
13,11,8,0.1,1.3,0.5,1.5,0,0,2
13,12,7,0.1,1.1,0.4,1.4,0,0,1
13,17,7,0,0.9,0.2,2,0,0,1
13,19,9,0,1.1,0.2,2.7,0,0,1
13,21,5,0.1,0.6,0.3,0.9,0,0,1
13,23,3,0,0.4,0.2,0.5,0,0,1
13,25,22,0.8,0,2.8,3.6,0,0,2
13,27,3,0,0.3,0.1,1,0,0,1
13,29,19,0,1.4,2.5,4.9,0,0,2
13,30,5,0,0.4,0.6,1.3,0,0,2
13,36,3,0.2,0.1,0.5,0.8,0,0,1
13,44,3,0.1,0.2,0,1.5,0,0,2
13,45,4,0.2,0.2,0,2,0,0,1
13,46,9,0.1,0.9,0,2.7,0,0,3
13,48,23,0,3.7,1.9,4.7,0,0.5,1
13,49,3,0,0.5,0.2,0.6,0,0.1,1
13,53,3,0.1,0.1,0.3,0.9,0,0,1
13,54,8,0.3,0.4,0.5,2.4,0,0,3
13,61,2,0,0.1,0.2,0.6,0,0,1
13,64,7,0.2,0.3,0.7,2.1,0,0,2
13,70,4,0.2,0.2,0.2,1.2,0,0,2
13,80,4,0.1,0.3,0.5,0.8,0,0,1
13,83,6,0,0.6,0.2,1.6,0,0,2
13,85,5,0,0.3,0.2,1.3,0,0,2
13,90,20,0.5,2.6,1,4.1,0,0,1
13,92,5,0.2,0.2,0.4,1.3,0,0,1
13,94,6,0.5,0.7,0.7,0.7,0,0,2
13,95,27,2.2,3.2,3.2,3.1,0,0,2
13,98,3.5,0.1,0.1,0.4,0.8,0,0,2
13,99,2,0.1,0,0.3,0.5,0,0,1
13,100,23,0.7,0,3.5,5.7,0,0,3
13,105,10,0,1.2,1.2,2.8,0,0,3
13,107,2,0.1,0.2,0.2,0.6,0,0,1
13,108,1,0,0.1,0.1,0.3,0,0,1
13,111,5,0,0.5,0.7,1,0,0,1
13,114,23,0.6,2,2,4.4,0,0,3
13,116,2,0,0.1,0.1,0.5,0,0,1
13,117,9,0,0.5,0.7,2,0,0,1
13,119,5,0,0.3,0.4,1.1,0,0,1
13,120,2,0,0.1,0.1,0.5,0,0,1
13,122,5,0,0.6,1,0.5,0,0,1
13,123,7,0,0.8,1.4,0.7,0,0,1
13,124,6,0.1,0.8,0.9,0.7,0,0,1
13,125,3,0.1,0.4,0.4,0.3,0,0,1
13,126,2,0.1,0.5,0.1,0.3,0,0,1
14,0,220.5,3,29,53,1,0,11,0
14,1,138,0,19.1,31.2,0,0,0,1
14,2,3,0,0.5,0.5,0,0,0,1
14,6,2,0,0.2,0.3,0.1,0,0,1
14,7,16,0,1.9,2.8,0.5,0,0,1
14,8,3,0,0.4,0.5,0.1,0,0,1
14,9,22,0.1,2.8,2.5,2.7,0,0,4
14,10,61,0.3,7.3,9,6.3,0,0,3
14,11,104,1.2,7.9,11.7,34.3,2,13,1
14,13,5,0.1,0.8,0.3,0.9,0,0,1
14,19,9,0,1,0.3,2.7,0,0,3
14,20,4,0,0.4,0.2,1.2,0,0,2
14,22,3,0,0.4,0.2,0.5,0,0,1
14,25,17,0.7,0,2.2,2.7,0,0,3
14,26,14,0,1.3,0.6,4.9,0,0,3
14,29,5,0,0.4,0.6,1.3,0,0,1
14,33,2,0.1,0.1,0.2,0.5,0,0,1
14,34,16,0.4,1.1,1.7,4.3,0,0,3
14,35,11,0.3,0.7,1.2,2.9,0,0,3
14,37,1,0.1,0,0.1,0.3,0,0,1
14,38,3,0.2,0.1,0.5,0.8,0,0,1
14,41,25,0,2,3,8,0,0,4
14,51,21,0.7,0.7,1.7,6.3,0,0,3
14,52,1,0,0,0.1,0.3,0,0,1
14,57,3,0,0.1,0.2,1,0,0,1
14,58,6,0.1,0.1,0.4,2,0,0,1
14,60,4,0,0,0.4,1.4,0,0,2
14,61,2,0,0.1,0.2,0.6,0,0,1
14,62,2,0,0.1,0.2,0.6,0,0,1
14,75,20,0.9,1.8,1,5.4,0,0,3
14,79,6,0.1,0.4,0.8,1.2,0,0,1
14,80,3,0.1,0.2,0.4,0.6,0,0,1
14,82,8,0,0.8,0.2,2.2,0,0,2
14,88,9,0.2,1.2,0.4,2,0,0,3
14,90,6,0.2,0.8,0.3,1.2,0,0,1
14,92,2,0,0.1,0.2,0.5,0,0,1
14,93,42,0.6,0.8,13.4,3.4,0,0,3
14,94,4,0.3,0.5,0.5,0.4,0,0,1
14,100,5,0.2,0,0.8,1.2,0,0,1
14,101,13,0.5,2.5,0.8,3.7,0,0,4
14,105,11,0,1.3,1.3,3.1,0,0,2
14,109,1,0,0.1,0.1,0.3,0,0,1
14,121,11,0,1.2,2.1,1.2,0,0,2
14,122,18,0,2.1,3.6,1.8,0,0,4
14,123,47.5,1.2,2.6,5.2,11.4,0,0,2
14,124,17,0.3,2.2,2.6,1.9,0,0,3
14,125,11,0.2,1.4,1.7,1.2,0,0,1
14,126,3,0.2,0.7,0.2,0.4,0,0,2
14,127,10,0.6,2.4,0.6,1.5,0,0,2
15,0,147,5,29,26,3,0,0,0
15,1,127,0,13.3,26.5,1.6,0,0,1
15,7,17,0,1.9,2.4,0.9,0,0,2
15,8,4,0,0.4,0.6,0.2,0,0,1
15,9,6,0.2,0.8,0.5,1.3,0,0,1
15,10,13.5,0.4,1.9,1.1,3,0,0,1
15,11,23,0,1.6,3,3.3,0,0,3
15,12,12,0,0.8,1.6,1.8,0,0,2
15,13,13,0,0.6,1.5,2.4,0,0,4
15,14,10,0.1,0.2,0.8,2.3,0,0,2
15,15,9,0.2,0.2,0.7,2,0,0,2
15,16,3,0.1,0.3,0.3,0.6,0,0,1
15,17,3,0.1,0.3,0.3,0.6,0,0,1
15,19,48,1.3,4.1,5.5,9.3,0,0,3
15,20,26,0.7,2.3,2.9,5,0,0,3
15,21,2,0.1,0.1,0.1,0.5,0,0,1
15,25,8,0.5,0.6,0.2,1.9,0,0,1
15,29,1,0,0.2,0.1,0.2,0,0,1
15,31,4,0,0.5,0,0.8,0,0,1
15,32,7,0,0.8,0,1.4,0,0,1
15,33,3,0,0.3,0,0.6,0,0,1
15,35,4,0,0.5,0,0.8,0,0,1
15,39,15,0,1.6,0.8,5.7,0,0,1
15,41,1.5,0,0.1,0.2,0.4,0,0,1
15,43,6,0,0.5,0.8,1.6,0,0,2
15,46,8,0.2,1,0.5,1.9,0,0,1
15,47,42,0.8,5.5,2.3,10.1,0,0,2
15,57,9,0,0.9,1.1,2.1,0,0,1
15,62,3,0,0.2,0.5,1.3,0,0,1
15,65,5,0,0,0.4,1.7,0,0,2
15,67,5,0,0.3,0.5,1.3,0,0,1
15,74,3,0.1,0.2,0.1,0.9,0,0,1
15,76,2,0,0.2,0.1,0.5,0,0,1
15,77,8,0,0.8,0.2,2.2,0,0,2
15,78,4,0,0.4,0.2,1,0,0,2
15,79,19,0.4,1.2,0.9,6,0,0,3
15,80,1,0,0.1,0,0.3,0,0,1
15,81,8,0.3,1.1,1.7,0.4,0,0,3
15,82,6,0.2,0.8,1.2,0.4,0,0,3
15,88,2,0.1,0.1,0,0.8,0,0,1
15,90,4,0.1,0.3,0,1.7,0,0,1
15,91,50,4.6,5.3,6.4,8.3,0.2,0,2
15,92,121,4,2.5,11.5,57.4,1,10,2
15,93,37,1,3.8,7.2,4.6,0.2,0,3
15,94,8,0.2,0.4,2,0.8,0,0,1
15,97,5,0.2,0.2,0.6,1.6,0,0,2
15,106,10,0.2,0.8,0.2,3.2,0,0,2
15,109,5,0.1,0.4,0.1,1.6,0,0,1
15,122,2,0,0,0.2,0.7,0,0,1
15,124,7,0,0,0.7,2.4,0,0,3
15,125,6,0,0,0.6,2.1,0,0,2
15,126,14,1.2,0.6,0.8,4.2,0,0,3
16,0,74,3.4,11,11.2,4.1,0,0,2
16,2,2,0,0.2,0.4,0.1,0,0,1
16,5,1,0,0.2,0.1,0.1,0,0,1
16,9,2,0,0.3,0.2,0.4,0,0,1
16,10,8,0.3,1.1,0.6,1.8,0,0,2
16,11,1,0,0.1,0.1,0.1,0,0,1
16,12,38,0,2.5,5.1,5.6,0,0,4
16,13,4,0.1,0.1,0.3,0.9,0,0,1
16,14,9,0.2,0.2,0.7,2,0,0,1
16,16,2,0,0.2,0.2,0.4,0,0,1
16,17,2,0,0.2,0.2,0.4,0,0,1
16,18,2,0,0.2,0.2,0.4,0,0,1
16,19,5,0.1,0.5,0.5,1,0,0,2
16,20,6,0.1,0.5,0.7,1.2,0,0,2
16,21,9,0.6,0.7,0.2,2.1,0,0,2
16,22,2,0.1,0.1,0.1,0.5,0,0,1
16,24,1,0.1,0.1,0,0.2,0,0,1
16,25,17,1.2,1.2,0.4,3.9,0,0,2
16,26,1,0,0.2,0.1,0.2,0,0,1
16,28,2,0,0.4,0.2,0.4,0,0,2
16,31,3,0,0.3,0,0.6,0,0,1
16,32,11,0,1.3,0,2.2,0,0,2
16,33,2,0,0.2,0,0.4,0,0,1
16,36,1,0,0.1,0,0.4,0,0,1
16,37,3,0,0.3,0.2,1.1,0,0,1
16,39,2,0,0.2,0.1,0.8,0,0,1
16,42,15,0,1.2,2.2,3.8,0,0,4
16,43,5,0,0.4,0.7,1.3,0,0,1
16,48,5,0.1,0.5,0.3,1.3,0,0,2
16,50,7,0,0.3,0.3,2.1,0,0,3
16,53,13,0.6,0.3,1.1,4.6,0,0,2
16,54,1,0,0,0.1,0.4,0,0,1
16,58,10,0,1,1.2,2.3,0,0,2
16,63,12,0,0.1,1.2,4.3,0,0,3
16,65,6,0,0,0.5,2.1,0,0,2
16,71,11,0.3,0.7,0.3,3.6,0,0,2
16,72,2,0.1,0.1,0.1,0.6,0,0,1
16,76,15,0,1.4,0.5,4.2,0,0,1
16,82,4,0.1,0.5,0.9,0.2,0,0,1
16,83,17,0.2,1.9,3.7,1.1,0,0,3
16,85,23,0,1.5,5,1.4,0,0,4
16,86,21,0,2.1,1.4,5.4,0,0,3
16,89,2,0.1,0.1,0,0.8,0,0,1
16,90,7,0.2,0.5,0,2.9,0,0,3
16,91,4,0.1,0.6,0.6,0.6,0,0,1
16,92,162.5,4.1,17.5,16.9,51.5,1.4,5,2
16,93,76,5.9,5.8,13,9,0.1,0,3
16,94,49,0.4,3.9,5.8,8.9,0,0,2
16,105,1,0,0.1,0,0.3,0,0,1
16,106,1,0,0.1,0,0.3,0,0,1
16,108,10,0.2,0.9,0.3,3.1,0,0,2
16,114,3,0.1,0.2,0.3,1.2,0,0,1
16,115,2,0,0.2,0.2,0.8,0,0,1
16,116,4,0,0,0.4,1.4,0,0,1
16,122,4,0,0,0.4,1.4,0,0,1
17,0,78,0,11,16,0,0,0,0
17,1,6,0,0.6,1.1,0.3,0,0,1
17,3,2,0,0.4,0.2,0.2,0,0,1
17,4,36,1,1.4,3.2,7.2,0,0,1
17,5,43.5,0.5,4.3,6.8,3.9,0,0,3
17,7,1,0,0.2,0.1,0.1,0,0,1
17,8,61,0,8.5,5,10.1,0,0,2
17,9,7.5,0.2,1,0.7,1.6,0,0,2
17,12,7,0,0.5,0.9,1,0,0,1
17,13,15,0.1,1.2,1.1,3.4,0,0,3
17,14,15,0.1,0.9,1.1,3.4,0,0,3
17,15,3,0,0.1,0.2,0.7,0,0,1
17,19,10,0.2,1.1,1.3,1.4,0,0,2
17,21,4,0.3,0.3,0.1,0.9,0,0,1
17,22,10,0.2,1,1.7,0.7,0,0,1
17,30,10,0.2,1.5,0.7,2.3,0,0,3
17,31,1,0,0.1,0,0.2,0,0,1
17,33,1,0,0.1,0,0.4,0,0,1
17,34,2,0.1,0.2,0,0.7,0,0,1
17,38,5,0.7,0.2,0.6,1.2,0,0,1
17,39,17,2.3,0.7,1.8,4.5,0,0,3
17,41,6,0,0.7,0.8,1.4,0,0,3
17,42,15,0.3,1.9,1.7,3.7,0,0,4
17,43,5,0.2,0.8,0.5,1.2,0,0,1
17,50,9,0,0.3,0.3,2.8,0,0,2
17,53,15,0.6,0.4,1.4,5.2,0,0,2
17,54,12,0.5,0.3,1.2,4.2,0,0,2
17,58,2,0,0.2,0.2,0.5,0,0,1
17,59,27,0.2,2.4,3.5,6.6,0,0,2
17,61,7,0,0.3,1,2.9,0,0,2
17,62,8,0,0.4,1.2,3.3,0,0,3
17,63,12,0,0.1,1.1,4.4,0,0,4
17,77,4,0,0.4,0.1,1.1,0,0,2
17,78,2,0.1,0.1,0.1,0.6,0,0,1
17,81,12,0.3,1.1,2.8,0.9,0,0.3,2
17,82,51,2.6,9.7,10.6,3.9,0,9.7,2
17,83,28,0.5,3,6.3,1.9,0,0.4,3
17,84,1,0,0.2,0,0.2,0,0,1
17,86,10,0,1,0.7,2.5,0,0,2
17,92,49,1.2,4.8,1.3,15.6,0,0,2
17,93,2,0,0.1,0.5,0.2,0,0,1
17,94,13,0.3,0.6,3.2,1.6,0,0,3
17,98,7,0.3,0.3,0.8,2.2,0,0,1
17,102,3,0,0.3,0.1,0.9,0,0,1
17,103,6,0,0.6,0.3,1.8,0,0,1
17,105,6,0,0.6,0.3,1.8,0,0,1
17,106,1,0,0.1,0,0.3,0,0,1
17,108,16,0.4,1.4,0.4,4.9,0,0,2
17,113,2,0,0.2,0.2,0.8,0,0,2
17,114,1,0,0.1,0.1,0.4,0,0,1
17,115,2,0,0.2,0.2,0.8,0,0,1
17,117,8,0,0,0.7,2.8,0,0,1
17,121,4,0,0,0.4,1.4,0,0,1
17,127,3,0.3,0.1,0.2,0.9,0,0,2
18,1,2,0,0.4,0.2,0.2,0,0,1
18,4,27,0,0,4,8,0,0,0
18,5,10,0.1,0.7,1.7,0.9,0,0,1
18,7,5,0,1,0.4,0.8,0,0,1
18,8,21.5,0,3.7,2.2,3.3,0,0,2
18,9,1,0,0.1,0.2,0.1,0,0,1
18,12,8,0,0.8,0.6,1.8,0,0,2
18,13,3,0,0.3,0.2,0.7,0,0,1
18,15,7,0,0.7,0.5,1.7,0,0,2
18,18,7,0.1,0.9,0.9,0.8,0,0,2
18,19,15,0.3,2.2,2,1,0,0,3
18,20,124,2.6,4.9,33.6,2,0,7,2
18,21,80,1.5,5.1,8.7,16.5,0,0,2
18,22,8,0.2,0.8,1.3,0.6,0,0,1
18,27,5,0.2,1,0.3,1.1,0,0,1
18,29,5,0,0.3,0.5,1.1,0,0,2
18,38,3,0.5,0.1,0.3,0.7,0,0,1
18,39,8,1.3,0.2,0.9,1.9,0,0,3
18,42,5,0.1,0.9,0.5,1.1,0,0,2
18,51,2,0.1,0,0.2,0.7,0,0,1
18,59,53,1.5,1.1,6.3,16.6,0,0,3
18,60,6,0.2,0.5,1,1.5,0,0,2
18,69,12,0,0.6,1.2,3.2,0,0,2
18,70,33,0,0.4,0.8,13.1,0,0,1
18,74,6,0,0,0.4,2.3,0,0,1
18,75,25,0,0,1.7,9.7,0,0,3
18,77,3,0.1,0.2,0.2,0.9,0,0,1
18,78,15,0.3,1,0.7,4.7,0,0,2
18,82,114,3.2,10.2,10.1,30.9,0,0.4,2
18,83,124,7.6,3.8,13.6,38.8,0,10,1
18,84,13,0.6,2.2,0.7,2.1,0,0,2
18,87,6,0.2,0.4,0,2.6,0,0,2
18,88,6,0.2,0.4,0,2.5,0,0,1
18,91,1,0,0,0.2,0.3,0,0,1
18,92,9,0.2,0.4,1.6,2.3,0,0,1
18,93,11,0.3,0.5,1.9,2.8,0,0,2
18,94,17,0.4,0.8,3.1,4.2,0,0,1
18,97,5,0.2,0.2,0.6,1.6,0,0,1
18,98,4,0.1,0.2,0.5,1.3,0,0,1
18,102,1,0,0.1,0,0.3,0,0,1
18,103,13,0,1.3,0.7,3.8,0,0,2
18,104,1,0,0.1,0,0.3,0,0,1
18,105,6,0,0.6,0.3,1.8,0,0,2
18,110,2,0,0.2,0.1,0.6,0,0,1
18,113,27,0.7,2.3,2.4,10.8,0,0,3
18,115,1,0,0.1,0.1,0.4,0,0,1
18,117,4,0,0,0.4,1.4,0,0,1
18,120,3,0,0,0.3,1,0,0,1
18,124,1,0,0,0.1,0.3,0,0,1
18,126,7,0.6,0.3,0.4,2.1,0,0,2
19,1,16,0.3,2.9,1.8,1.5,0,0,2
19,2,20,0.4,3.6,2.2,1.9,0,0,2
19,3,10,0.1,0.6,1.8,0.9,0,0,2
19,4,36,0.4,2.4,6.1,3.2,0,0,3
19,8,5,0,0.8,0.5,0.8,0,0,2
19,10,3,0,0.3,0.5,0.4,0,0,2
19,12,7,0,0.8,0.5,1.6,0,0,1
19,13,3,0,0.3,0.2,0.7,0,0,1
19,14,10,0,1,0.8,2.3,0,0,4
19,15,1,0,0.1,0.1,0.2,0,0,1
19,18,4,0.1,0.6,0.5,0.3,0,0,1
19,19,51,0.7,12.9,6.5,3,0,0,2
19,20,243.5,6,12,20,89,0,8,0
19,22,2,0.1,0.2,0.3,0.1,0,0,1
19,27,18,0.6,3.6,0.9,4.1,0,0,3
19,28,26,0.1,2,2.4,5.8,0,0,2
19,29,39,0,2.4,3.9,8.8,0,0,4
19,30,21,0,1.2,2.1,4.8,0,0,3
19,34,16,0.6,1.3,0,5.8,0,0,3
19,35,6,0.2,0.5,0,2.2,0,0,1
19,36,12,0,1.3,0.6,4.6,0,0,2
19,37,2,0,0.2,0.1,0.8,0,0,1
19,39,22,3.4,0.8,2.4,5.4,0,0,4
19,43,11,0.3,1.7,1.2,2.6,0,0,2
19,50,12,0,0.4,0.5,3.7,0,0,2
19,59,40,2.1,1.3,3.7,13,0,1,2
19,70,28,0,1.5,2.7,7.5,0,0,3
19,76,1,0,0.1,0,0.3,0,0,1
19,77,2,0.1,0.1,0.1,0.6,0,0,1
19,79,4,0.1,0.3,0.2,1.2,0,0,1
19,80,12,0.2,0.8,0.7,3.7,0,0,2
19,81,3,0.1,0.3,0.7,0.2,0,0.1,1
19,82,24,0.5,2.2,5.6,1.8,0,0.8,2
19,83,9,0.2,0.8,2.1,0.7,0,0.3,1
19,84,34.5,1.8,5.7,1.9,5.6,0,0,4
19,87,2,0.1,0.1,0,0.8,0,0,1
19,98,2,0.1,0.1,0.2,0.6,0,0,1
19,99,2,0.1,0.1,0.2,0.6,0,0,1
19,102,1,0,0.1,0,0.3,0,0,1
19,112,6,0.1,0.5,0.6,2.4,0,0,3
19,113,1,0,0.1,0.1,0.4,0,0,1
20,1,26,0.5,1.8,5.4,1.8,0,0,4
20,2,19,0.4,1.3,3.9,1.3,0,0,2
20,3,94,1.4,6.9,19.9,10.5,0,0,2
20,4,63,0.6,4.9,7.2,11.8,0,0,3
20,8,31,0.6,2.6,2.6,5.5,0,0,2
20,9,11,0.2,0.9,1,2,0,0,3
20,10,6,0.1,0.5,0.5,1.1,0,0,1
20,13,5,0.1,0.3,0.3,1.1,0,0,1
20,14,4,0.2,0.2,0.2,0.8,0,0,2
20,16,4,0,0.1,0.4,1,0,0,1
20,18,59.5,1.3,3.9,6.1,13.8,0,0,3
20,19,52,0.6,7.4,12,2.3,0,4,2
20,20,98,1.6,10.6,17.1,21.4,0,13,2
20,21,49,1.3,10.1,5.3,4.1,0,4,2
20,22,10,0.1,0.9,1.8,1.3,0,0,2
20,23,7,0.1,0.6,1.3,0.9,0,0,1
20,24,7,0.2,0.4,0.4,2.2,0,0,2
20,25,2,0.1,0.1,0.1,0.6,0,0,1
20,27,2,0.1,0.1,0,0.8,0,0,1
20,28,10,0.5,0.9,0.7,2.1,0.2,0,2
20,29,40,2.1,3.5,2.9,8.4,0.7,0,2
20,30,1,0,0.1,0.1,0.2,0,0,1
20,37,2,0.2,0.2,0.1,0.4,0,0,1
20,38,3,0.6,0.5,0,0.5,0,0,1
20,39,94,6.1,4.6,3.3,31.6,0,2,2
20,40,16,3.1,2.7,0.3,2.5,0,0,3
20,51,8,0.1,0.3,0.4,2.7,0,0,2
20,54,7,0.1,0.5,0.5,2,0,0,1
20,59,27,0,2.3,3.3,7.5,0,0,2
20,80,7,0.1,0.6,0.6,1.4,0,0,1
20,81,3,0,0.1,0.6,0.3,0,0,2
20,82,2,0,0.1,0.4,0.2,0,0,1
20,84,11,0,1.3,1.3,2.7,0,0,1
20,85,7,0,0.8,0.9,1.7,0,0,1
20,93,7,0.4,0.2,0.3,1.6,0,0,2
20,98,12,0.6,0.3,0.6,3.7,0,0,2
20,99,13,1.1,1.2,0,6.2,0,0,2
20,102,6,0,0.2,0,2.3,0,0,1
20,112,1,0,0,0,0.6,0,0,1
21,0,2,0.1,0.1,0.1,0.4,0,0,1
21,1,60,1.3,4.2,12.3,4,0,0,3
21,2,22,0.5,1.5,4.5,1.5,0,0,1
21,3,32.5,0.1,9.2,3.6,0.2,0,3,1
21,4,11,0.2,0.9,1.2,1.4,0,0,1
21,8,20,0.4,1.7,1.7,3.5,0,0,2
21,9,2,0,0.2,0.2,0.3,0,0,1
21,15,6,0.1,0.4,0.4,1.3,0,0,1
21,16,5,0,0.1,0.4,1.3,0,0,1
21,17,11,0,0.2,1,2.9,0,0,2
21,18,30,0.4,1.6,2.7,6.8,0,0,3
21,22,14,0.2,1.2,2.6,1.8,0,0,2
21,24,13,0.3,0.8,0.8,4.1,0,0,2
21,28,6,0.3,0.6,0.5,1.2,0.1,0,2
21,34,7,0.4,0.3,0,2.7,0,0,2
21,38,1,0.1,0.1,0,0.2,0,0,1
21,39,5,1,0.8,0.1,0.8,0,0,1
21,40,25,4.8,4.1,0.4,4.1,0,0,4
21,41,14,0.9,1.4,0,3.8,0,0,2
21,45,9,0,0.7,0.2,3.1,0,0,2
21,48,4,0.1,0.4,0.6,0.4,0,0,1
21,49,2,0.1,0.2,0.3,0.2,0,0,1
21,51,12,0.1,0.4,0.7,4,0,0,2
21,54,34,0.6,2.3,2.4,9.6,0,0,3
21,55,12,0.2,0.8,0.9,3.4,0,0,2
21,58,11,0,0.9,1.3,3.1,0,0,2
21,59,1,0,0.1,0.1,0.3,0,0,1
21,62,16,0,1.1,0.6,7.7,0,0,1
21,73,2,0.1,0.3,0.1,0.5,0,0,1
21,76,26,0.6,2.1,2.1,5.3,0,0,1
21,77,6,0.1,0.5,0.5,1.2,0,0,2
21,82,16,0,0.7,3.2,1.6,0,0,2
21,84,6,0,0.7,0.8,1.4,0,0,2
21,85,1,0,0.1,0.1,0.3,0,0,1
21,86,4,0,0.4,0.4,1,0,0,2
21,88,12,0.3,1.2,0.9,2.8,0,0,2
21,89,1,0,0.1,0.1,0.2,0,0,1
21,90,2,0,0.2,0.2,0.5,0,0,1
21,91,5,0.4,0.1,0.1,1.3,0,0,2
21,94,3,0,0,0.2,1.2,0,0,1
21,95,1,0,0,0.1,0.4,0,0,1
21,97,2,0.1,0,0.1,0.5,0,0,1
21,98,6,0.2,0,0.4,1.5,0,0,1
21,115,9,0,0.3,0,5,0,0,2
21,126,2,0,0,0.1,0.9,0,0,1
22,0,28,0.9,1.8,4.5,4.4,0,0,4
22,1,10,0.3,0.8,1.5,1.1,0,0,2
22,8,4,0.1,0.3,0.4,0.7,0,0,1
22,9,22,0.5,1.8,1.8,3.9,0,0,1
22,14,2,0.1,0.1,0.1,0.4,0,0,1
22,16,9,0,0.1,0.7,2.8,0,0,2
22,17,10,0,0.1,0.8,3,0,0,2
22,18,6,0.3,0.9,0.6,0.8,0,0,1
22,22,15,0.2,1.3,2.7,1.9,0,0,1
22,23,1,0,0.1,0.2,0.1,0,0,1
22,24,1,0,0.1,0.1,0.3,0,0,1
22,25,5,0.1,0.3,0.3,1.6,0,0,1
22,34,4,0.3,0.1,0,1.5,0,0,1
22,40,10,1,1.1,0.6,1.9,0,0,2
22,41,16.5,1.1,1.7,0.1,4.3,0,0,2
22,44,16,0,1.1,0.6,5.6,0,0,2
22,45,15,0,1.2,0.4,5.1,0,0,1
22,51,48,0.7,1.8,2.9,15.7,0,0,3
22,54,4,0.1,0.3,0.3,1.1,0,0,1
22,60,2,0,0.2,0.2,0.6,0,0,1
22,62,1,0,0.1,0,0.5,0,0,1
22,64,1,0,0.1,0,0.5,0,0,1
22,65,1,0,0.1,0,0.5,0,0,1
22,66,16,2,1.1,2.4,1.7,0,0,2
22,67,45,2.6,3.4,3.2,11.3,0,0,1
22,68,9,0.8,0.6,1.7,0.8,0,0.2,2
22,72,31,0.8,3.2,3.7,7,0,1.5,2
22,73,80,1.6,6.5,9.7,19.2,0,3.5,3
22,75,15,0.4,0.7,1.1,4.8,0,0,3
22,76,5,0.1,0.4,0.5,1,0,0,2
22,81,4,0,0.2,0.8,0.4,0,0,2
22,86,13,0.3,1.3,1.1,3,0,0,2
22,88,2,0,0.2,0.2,0.5,0,0,1
22,90,4,0.1,0.4,0.3,0.9,0,0,1
22,93,32,0.9,0.4,1.9,10.5,0,0,4
22,94,2,0.1,0,0.1,0.5,0,0,1
22,95,5,0.1,0,0.3,1.7,0,0,2
22,96,6,0.2,0,0.4,1.5,0,0,1
22,99,7,0.6,0.6,0,3.4,0,0,2
22,104,2,0,0,0,0.8,0,0,1
22,107,2,0,0.1,0,1.1,0,0,1
23,0,49.5,1.2,2.5,12.1,6.1,0,0,3
23,1,31,1.5,2.5,2.8,5.1,0,0,2
23,3,4,0,0.6,0.3,0.6,0,0,2
23,7,10,0.4,0.9,0,2.2,0,0,3
23,8,1,0,0.1,0,0.2,0,0,1
23,9,16,0.5,2,1.6,2.2,0,0,1
23,10,21,0.6,2.7,2,2.9,0,0,1
23,11,15,0.3,1,1.3,3.8,0,0,1
23,13,17,0.4,1.1,1.1,3.7,0,0,2
23,18,4,0,0,0.2,1.4,0,0,2
23,19,16,0,0,1.1,5.7,0,0,2
23,21,1,0,0.2,0,0.3,0,0,1
23,22,11,0,1.9,0.5,3.3,0,0,2
23,24,4,0.1,0.2,0.2,1.3,0,0,1
23,25,3,0.1,0.2,0.2,0.9,0,0,1
23,27,2,0.1,0.1,0,0.8,0,0,1
23,40,48,4.4,5.7,4,4.3,0,0,3
23,41,34,4.4,2.9,2.5,4,0,0,3
23,43,22,0.3,0.2,1.7,8.2,0,0,3
23,53,8,0,0.6,0.8,2.4,0,0,3
23,66,4,0.5,0.3,0.6,0.4,0,0,1
23,67,67,3.1,4.1,5.2,25.1,0,0,1
23,68,62.5,2.6,2.5,11.7,11.9,0,2,3
23,69,7,0.2,0.4,1.9,0.3,0,0.5,2
23,73,5,0.1,0.2,0.4,1.6,0,0,1
23,102,9,0,0.3,0,3.5,0,0,1
23,103,2,0,0,0,0.8,0,0,1
23,105,9,0,0.3,0,3.5,0,0,2
23,106,5,0,0.2,0,2.7,0,0,1
23,108,8,0,0.3,0,4.4,0,0,1
23,116,2,0,0.1,0,0.7,0,0,1
23,118,1,0,0,0.1,0.4,0,0,1
23,119,14,0,0,1.1,6.4,0,0,2
24,0,11,0.3,0.8,2.5,1.5,0,0,3
24,1,62,3.2,5,5.7,9.9,0,0,3
24,4,4,0,0.7,0.3,0.5,0,0,2
24,5,27,0,4.8,1.5,4,0,0,3
24,6,16,0.4,1.4,0,3.7,0,0,2
24,7,4,0.1,0.4,0,0.9,0,0,1
24,8,25,0.8,3,2.1,3.7,0,0,3
24,9,18,0.5,2.2,1.8,2.5,0,0,3
24,10,26,0.7,3.3,2.6,3.6,0,0,2
24,11,4,0.1,0.3,0.3,1,0,0,1
24,12,16,0.2,1.1,1.4,4.1,0,0,2
24,13,36,0.7,2.4,2.8,8.6,0,0,4
24,16,2,0,0,0.1,0.7,0,0,1
24,22,7,0,1.2,0.3,2.1,0,0,3
24,23,4,0,0.7,0.2,1.2,0,0,1
24,27,1,0.1,0,0,0.4,0,0,1
24,32,3,0.2,0.1,0,1.1,0,0,1
24,33,10,0.7,0.3,0,3.8,0,0,2
24,40,34,2.8,3.3,2.2,6.5,0,0,2
24,41,22,2.8,1.9,1.6,2.6,0,0,3
24,42,3,0.4,0.3,0.2,0.3,0,0,1
24,43,10,0.9,0.6,0.7,2,0,0,3
24,46,9,0.3,0.9,1.3,0.9,0,0,1
24,47,14,0.5,1.4,2,1.4,0,0,2
24,52,7,0,0.5,0.8,2,0,0,1
24,53,18,0,1.2,2,5.4,0,0,2
24,54,3,0,0.2,0.3,0.9,0,0,1
24,58,7,0,0.6,0.8,2,0,0,2
24,59,3,0,0.2,0.4,0.8,0,0,1
24,60,7,0,0.6,0.8,2,0,0,2
24,61,10,0,0.7,0.3,4.8,0,0,3
24,68,9,1.1,0.6,1.4,1,0,0,1
24,69,4,0.2,0.2,1,0.2,0,0.2,2
24,77,4,0.1,0.3,0.4,0.8,0,0,1
24,78,5,0,0.5,0.5,1.4,0,0,3
24,79,19,0,2.1,2.1,5.6,0,0,3
24,80,4,0,0.4,0.5,1.2,0,0,1
24,81,9,0,0.4,1.8,0.9,0,0,2
24,83,27,0,1.3,5.3,2.7,0,0,3
24,88,22,0,1.3,2,6.6,0,0,3
24,89,2,0,0.2,0.2,0.6,0,0,2
24,90,10,0,0.6,0.9,3,0,0,1
24,97,1,0,0,0.1,0.3,0,0,1
24,99,7,0.2,0,0.5,1.8,0,0,1
24,102,3,0,0.1,0,1.2,0,0,1
24,114,4,0,0.1,0,2.2,0,0,1
24,116,5,0,0.2,0,1.7,0,0,1
24,117,2,0,0.1,0,0.7,0,0,1
24,118,1,0,0,0.1,0.4,0,0,1
24,119,10,0,0,0.8,4.6,0,0,1
25,0,35,1,7,4,2,0,0,3
25,1,32,0.4,1.3,4.4,5.7,0,0,4
25,2,15,0.2,0.7,2,2.7,0,0,2
25,6,8,0,0.7,0.8,1.7,0,0,2
25,8,2,0,0.2,0.2,0.4,0,0,1
25,9,24.5,0.5,1.8,1,5.1,0,0,3
25,12,2,0,0.3,0.1,0.5,0,0,1
25,13,28,0,3.6,2,6.7,0,0,2
25,16,1,0,0,0.1,0.4,0,0,1
25,19,3,0.1,0.1,0.1,1.1,0,0,1
25,21,2,0.1,0,0.3,0.4,0,0,1
25,23,2,0.1,0,0.3,0.4,0,0,1
25,25,11,0.5,0.6,0.6,4.6,0,0,4
25,26,11,0,0.6,1.3,2.5,0,0,1
25,28,7,0,0.5,0.3,1.6,0,0,1
25,29,4,0,0.3,0.2,0.9,0,0,1
25,31,10,0.3,0.4,1.7,2.2,0,0,2
25,33,4,0.1,0.1,0.7,0.9,0,0,1
25,35,9,0.3,0.4,1.5,1.9,0,0,3
25,36,18,1.2,2.7,1.7,1.5,0,0,2
25,39,6,0.4,0.9,0.6,0.5,0,0,1
25,41,51,2.8,8.6,2.9,7.7,0,0,3
25,42,14,0.8,2.3,0.8,2.2,0,0,3
25,43,3,0.1,0.6,0.2,0.4,0,0,2
25,46,23,1.5,1.6,1.2,6.4,0,0,2
25,47,30,2.1,2.1,1.5,8.3,0,0,3
25,56,6,0.2,0.4,0.4,1.2,0,0,2
25,57,7,0.3,0.5,0.4,1.4,0,0,2
25,61,4,0,0,0.4,1.4,0,0,1
25,70,6,0,0.4,0.8,1.7,0,0,2
25,71,3,0,0.1,0.6,0.5,0,0,1
25,72,22,0.3,0.5,4.7,3.6,0,0,2
25,76,6,0,0.5,0.2,2.1,0.1,0,2
25,77,11.5,0,1.1,0.4,3.9,0.2,0,2
25,79,2,0,0.2,0.1,0.7,0,0,1
25,80,5,0,0.4,0.1,1.8,0.1,0,2
25,81,5,0,0.1,0,2,0,0,1
25,83,4,0,0.1,0,1.6,0,0,1
25,84,16,1.3,2.7,1.4,3.3,0,0,1
25,88,6,0.2,0.7,0.8,1.2,0,0,2
25,90,10,0.4,1.2,1.3,1.9,0,0,2
25,98,21,0,1.4,1.4,4.9,0,0,4
25,99,6,0,0.4,0.4,1.4,0,0,1
25,110,5,0.1,0.2,0.3,1.3,0,0,1
25,111,2,0.1,0,0.2,0.6,0,0,1
25,112,2,0.1,0,0.2,0.6,0,0,1
25,117,5,0,0.2,0,1.7,0,0,1
26,1,26,0.4,1.1,3.6,4.5,0,0,3
26,6,35,0,3.1,3.3,7.8,0,0,4
26,7,2,0,0.2,0.2,0.4,0,0,1
26,8,4,0.1,0.3,0.2,0.8,0,0,1
26,9,12,0.3,0.8,0.5,2.5,0,0,1
26,11,6,0,0.8,0.4,1.4,0,0,1
26,15,3,0,0.4,0.2,0.7,0,0,1
26,20,1,0,0,0.1,0.4,0,0,1
26,21,6,0.3,0.1,0.9,1.1,0,0,1
26,22,2,0.1,0,0.3,0.4,0,0,1
26,24,8,0.3,0.3,0.5,3.5,0,0,2
26,26,10,0,0.5,1.2,2.3,0,0,2
26,27,30,0,1.6,3.6,6.7,0,0,3
26,28,33,0,2.4,2,7.4,0,0,3
26,29,1,0,0.1,0.1,0.2,0,0,1
26,31,1,0,0.1,0.2,0.2,0,0,1
26,40,3,0.2,0.5,0.3,0.2,0,0,1
26,42,17,1,2.9,1,2.5,0,0,4
26,48,3,0,0.4,0.2,0.8,0,0,1
26,49,2,0,0.3,0.1,0.5,0,0,1
26,51,2,0,0,0.3,0.4,0,0,1
26,52,41,0,1,5.7,7.6,0,0,4
26,53,33,1.1,1.1,0.2,10.6,0,0,1
26,54,1,0,0.1,0.1,0.3,0,0,1
26,55,5,0.2,0.4,0.5,1.4,0,0,2
26,56,6,0.3,0.4,0.3,1.2,0,0,1
26,57,2,0.1,0.2,0.1,0.4,0,0,1
26,68,1,0,0.1,0.1,0.3,0,0,1
26,72,3,0,0.1,0.6,0.5,0,0,1
26,77,21,0,1.8,0.8,7.2,0.4,0,2
26,78,2,0,0.2,0.1,0.7,0,0,1
26,86,3,0.3,0.4,0.3,0.1,0,0,1
26,87,10,1.2,1.2,1,0.2,0,0,2
26,88,87,4.1,8.2,4.7,25.5,0,4,2
26,89,58,2.6,5.4,7.4,12.9,0,0,3
26,90,18,0.7,2.2,2.2,3.5,0,0,3
26,91,3,0,0.3,0.1,1,0,0,1
26,92,1,0,0.1,0.1,0.3,0,0,1
26,93,17,0,1.7,0.7,5.5,0,0,3
26,96,5,0,0.3,0.3,1.2,0,0,1
26,98,3,0,0.2,0.2,0.7,0,0,2
26,100,1,0,0.1,0.1,0.2,0,0,1
26,102,18,0.9,1.4,1.7,2.8,0,0,2
26,108,2,0.1,0.1,0.1,0.5,0,0,1
26,110,4,0.1,0.1,0.3,1,0,0,1
26,111,16,0.3,0,1.6,4.9,0,0,2
26,112,13,0.2,0,1.3,4,0,0,2
26,113,3,0.1,0,0.3,0.9,0,0,1
27,1,4,0.3,0.6,0.4,0.3,0,0,1
27,4,3,0.1,0.2,0.4,0.6,0,0,1
27,6,7,0,0.6,0.7,1.5,0,0,2
27,10,7,0.1,0.6,0.5,2.3,0,0,2
27,11,6,0,0.1,1.2,1.2,0,0,1
27,12,8,0,0.4,1.3,1.7,0,0,3
27,13,6,0,0.8,0.4,1.4,0,0,1
27,23,5,0.2,0.2,0.5,1.4,0,0,2
27,24,4,0.2,0.1,0.6,0.7,0,0,1
27,27,8,0,0.4,0.6,2.3,0,0,3
27,28,2,0,0.1,0.1,0.6,0,0,1
27,33,10,0.3,0.3,1.7,2.3,0,0,1
27,40,2,0.2,0.3,0.2,0.1,0,0,1
27,41,12,0.7,2,0.7,1.8,0,0,1
27,42,5,0.3,0.8,0.3,0.8,0,0,1
27,43,9,0.3,1.6,1.5,0.2,0,0,2
27,44,10,0.6,1.7,0.6,1.4,0,0,2
27,45,12,0.7,2.1,0.7,1.7,0,0,3
27,47,43,1.2,1.2,7.2,2.8,1,0,1
27,48,5,0.1,0.5,0.3,1.4,0,0,2
27,49,5,0,0.7,0.3,1.3,0,0,1
27,55,12,0.4,0.9,1.3,3.4,0,0,3
27,61,16,0,1.6,0,5.3,0,0,1
27,62,10,0,0.8,0.2,3.4,0,0,3
27,63,2,0,0.2,0,0.7,0,0,1
27,64,20,0,0,2,7,0,0,4
27,67,3,0,0.2,0.4,0.8,0,0,1
27,68,4,0,0.3,0.5,1.1,0,0,1
27,70,20,0,1.4,2.7,5.5,0,0,3
27,72,31,0.3,0.9,6.5,5,0,0,4
27,73,21,0.2,0.6,4.4,3.4,0,0,2
27,82,3,0,0.1,0,1.2,0,0,1
27,84,4,0.3,0.7,0.4,0.8,0,0,1
27,85,4,0.3,0.7,0.4,0.8,0,0,1
27,86,1,0,0.1,0,0.4,0,0,1
27,87,14,0.4,1.6,0.4,5.2,0,0,1
27,88,3,0.1,0.3,0.4,0.6,0,0,1
27,99,8,0,0.5,0.5,1.9,0,0,1
27,100,7,0.4,0.6,0.7,1,0,0.2,2
27,102,2,0.1,0.2,0.2,0.3,0,0,1
27,103,4,0.2,0.3,0.4,0.6,0,0,1
27,106,5,0.1,0.2,0.3,1.3,0,0,1
27,107,2,0.1,0.1,0.1,0.5,0,0,1
27,108,1,0,0,0.1,0.3,0,0,1
27,109,10,0.3,0.3,0.7,2.6,0,0,1
27,111,7,0.1,0,0.7,2.2,0,0,1
27,112,23,0.4,0,2.4,6.8,0,0,3
27,115,29,0.7,0,3.3,7.2,0,0,4
27,127,19,0.5,0.9,1.4,3.7,0,0,2
28,1,1,0.1,0.1,0.1,0.1,0,0,1
28,2,21,1.5,3.3,2.1,1.4,0,0,3
28,3,27,1.1,2.9,3.2,4.4,0,0,3
28,4,32,0.9,2.8,4.1,6.4,0,0,3
28,6,2,0,0.2,0.2,0.8,0,0,1
28,9,7,0,0.7,0.7,2.9,0,0,3
28,10,6,0,0.6,0.6,2.5,0,0,1
28,11,28.5,0,0.5,5.7,5.7,0,0,4
28,13,6,0,0.1,1.2,1.2,0,0,2
28,15,8,0,1,0.6,1.9,0,0,1
28,17,18,0.4,0.5,0.6,7,0,0,2
28,26,13,0,0.5,1,3.9,0,0,2
28,27,19,0,0.7,1.5,5.7,0,0,3
28,33,2,0,0.3,0.2,0.4,0,0,2
28,34,2,0,0.5,0,0.4,0,0,1
28,35,6,0,1.4,0,1.2,0,0,2
28,37,14,0.9,2.1,1.4,1.1,0,0,3
28,38,47,3.2,5.7,3.9,2.7,0,0,2
28,39,39,4.1,5.6,3,2.2,0,0,2
28,40,73,3.1,7.3,12.3,1.7,0,0,1
28,41,3,0.1,0.5,0.5,0.1,0,0,1
28,42,7,0.2,1.2,1.3,0.1,0,0,3
28,43,12,0.5,2.1,2.1,0.2,0,0,1
28,47,20,0,1.5,2.2,3.7,0,0,2
28,48,5,0,0.4,0.5,0.9,0,0,1
28,55,6,0.2,0.4,0.7,1.7,0,0,1
28,61,2,0,0.2,0,0.7,0,0,1
28,64,3,0,0,0.3,1,0,0,1
28,66,2,0,0.1,0.3,0.6,0,0,1
28,69,3,0,0.2,0.4,0.9,0,0,2
28,70,5,0,0.3,0.7,1.4,0,0,2
28,85,6,0,0.1,0,2.4,0,0,2
28,86,1,0,0.1,0,0.4,0,0,1
28,96,11,0,1.4,0.9,1.4,0,0,1
28,97,12,0,1.6,0.9,1.5,0,0,2
28,98,18,1.7,1.8,2.2,1.2,0.2,0.8,1
28,99,11,1.1,1.1,1.4,0.7,0.1,0.5,2
28,100,2,0.2,0.2,0.3,0.1,0,0.1,1
28,102,2,0.1,0.2,0.2,0.3,0,0,1
28,105,12,0.6,1,1.2,1.8,0,0,3
28,106,2,0.1,0.1,0.1,0.5,0,0,1
28,109,16,0.6,1.6,1,3.2,0,0,2
28,110,14,0.5,1.4,0.9,2.8,0,0,1
28,121,4,0,0.1,0,1.4,0,0,1
28,122,12,0,0.4,0,4.1,0,0,1
28,127,14,0.4,0.7,1,2.7,0,0,2
29,0,11,0,0.6,0.9,1.8,0,0,2
29,2,57,3.9,9.2,5.7,3.7,0,0,4
29,3,73,0.4,15.2,9.8,13.8,0,0,1
29,4,11,0.3,0.9,1.4,2.2,0,0,2
29,9,2,0,0.2,0.2,0.8,0,0,1
29,13,4,0,0.1,0.8,0.8,0,0,1
29,16,1,0,0,0.1,0.4,0,0,1
29,18,2,0,0,0.1,0.8,0,0,1
29,19,10,0.3,0.3,0.3,3.8,0,0,3
29,21,5,0.2,0.1,0.7,1,0,0,2
29,22,2,0.1,0,0.3,0.4,0,0,1
29,24,4,0.2,0.1,0.6,0.7,0,0,1
29,25,17,0.7,0.3,2.6,3.3,0,0,2
29,26,13,0,0.5,1,3.9,0,0,2
29,34,16,0,3.8,0,3.2,0,0,2
29,35,5,0,1.2,0,1,0,0,1
29,36,11,0.7,1.7,1.1,0.9,0,0,3
29,37,149,9.1,18.4,14.5,25.3,0,0,1
29,38,60,3,5.8,3.1,15.8,0,0,2
29,39,223,12.1,9.1,37.1,61.1,0,18,1
29,40,145.5,15.6,26.1,14.1,19.9,0,3,1
29,41,78,6.8,9.7,13.7,1.3,0,0,2
29,42,18,0.8,3.1,3.1,0.3,0,0,1
29,46,38,0,2.9,4.1,7,0,0,3
29,47,75,1,5.3,8.1,7.3,0,0,2
29,50,18,0,2.3,1.2,4.6,0,0,2
29,55,2,0.1,0.1,0.2,0.6,0,0,1
29,56,9,0.4,0.7,0.5,1.8,0,0,2
29,60,10,0.5,0.8,0.5,2,0,0,1
29,63,2,0,0.2,0,0.7,0,0,1
29,78,8,0,0.7,0.3,2.8,0.1,0,2
29,81,17,0,0.4,0,6.8,0,0,2
29,82,3,0,0.1,0,1.2,0,0,1
29,87,3,0.1,0.3,0.1,1.1,0,0,1
29,88,16,0.5,1.8,0.5,5.9,0,0,2
29,90,2,0.2,0.2,0.2,0.1,0,0,1
29,94,25,0,2.7,1.1,7.9,0,0,2
29,95,1,0,0.1,0.1,0.3,0,0,1
29,97,7,0,0.9,0.5,0.9,0,0,1
29,98,153,13.2,7.6,9.3,44,0.1,0.6,2
29,99,54,5.1,5.6,6.7,3.5,0.5,2.6,4
29,100,4,0.4,0.4,0.5,0.3,0,0.2,1
29,102,2,0.1,0.2,0.2,0.3,0,0,1
29,104,6,0.3,0.5,0.6,0.9,0,0,1
29,105,17,0.7,1.4,1.7,2.7,0,0,4
29,111,10,0.3,0,1.1,2.5,0,0,2
29,123,2,0,0.1,0,0.7,0,0,1
29,126,35,0.2,0.4,5.6,9.5,0,0,1
30,1,12,0.5,1.2,1.1,1.2,0,0,2
30,2,28,1.4,2.8,2.4,2.8,0,0,3
30,3,82,1.8,8.8,4.4,22,0,0,2
30,4,8,0.2,0.6,0.9,1.5,0,0,2
30,7,2,0,0.2,0.1,0.5,0,0,1
30,8,7,0.2,0.7,0.7,1.2,0,0,2
30,9,5,0.4,0.6,0.8,0.3,0,0,1
30,10,4,0.3,0.5,0.6,0.3,0,0,1
30,11,2,0.1,0.2,0.2,0.4,0,0,1
30,15,2,0.1,0.2,0.2,0.4,0,0,1
30,16,5,0,0.3,0.4,1.3,0,0,1
30,24,37.5,1.6,3.3,5.2,4.5,0,0,2
30,25,27,1.1,2.5,3.8,3.2,0,0,3
30,27,3,0.1,0.1,0.2,0.9,0,0,2
30,29,2,0.1,0.1,0.1,0.6,0,0,1
30,30,1,0,0,0.1,0.3,0,0,1
30,35,2,0.1,0.1,0.1,0.4,0,0,1
30,37,63.5,8,6,0,17,0,0,0
30,38,121.5,2.7,17.8,9.8,31.8,0,12,2
30,39,319,21.3,26.5,44.6,68.8,0,13,1
30,40,123,29.2,23.2,6.5,0.8,0,29,2
30,41,9,0.1,1,0.9,1.7,0,0,2
30,45,23,1.2,1.9,2.9,3.4,0,0,4
30,46,3,0.1,0.3,0.2,0.6,0,0,1
30,47,9,0.4,0.9,0.7,1.6,0,0,2
30,51,5,0.1,0.2,0.8,0.8,0,0,2
30,52,28,0.4,1.5,4.5,4.4,0,0,3
30,53,29,0.3,1.5,4.3,5.2,0,0,2
30,56,2,0,0.1,0,0.9,0,0,1
30,60,10,0,0.4,0,4.8,0,0,1
30,77,19,0,1,1,5.8,0,0,2
30,86,21,0,1.5,2,6.6,0,0,2
30,87,30,1,2.5,1.5,9.9,0,0,2
30,88,1,0,0.1,0.1,0.3,0,0,1
30,90,6,0,0.4,0.6,1.8,0,0,2
30,91,9,0,0.6,0.6,2.4,0,0,2
30,92,23.5,0,1.3,1.6,6.5,0,0,3
30,93,5,0,0.3,0.3,1.4,0,0,1
30,97,1,0.1,0.1,0.1,0.1,0,0,1
30,98,20,1.4,2.1,1.8,2.7,0.3,0.6,2
30,99,54,1.7,5.4,6.1,9.1,0.3,0.6,3
30,100,5,0.4,0.5,0.4,0.7,0.1,0.1,1
30,106,7,0.2,0.5,0.2,2.5,0,0,2
30,110,6,0.2,0.4,0.2,2.1,0,0,2
30,119,6,0,0,0.5,2.2,0,0,1
30,122,6,0.3,0.4,0.2,1.3,0,0,2
30,123,12,0.4,0.8,0.3,3.2,0,0,3
30,124,13,0.3,0.7,0.3,4.5,0,0,2
31,1,17,0.8,1.7,1.5,1.7,0,0,4
31,3,8,0.2,0.6,0.9,1.5,0,0,1
31,4,12,0.3,0.9,1.4,2.2,0,0,1
31,7,9,0,0.8,0.5,2.3,0,0,1
31,8,72,1.1,9.3,10.1,9.3,0,0,3
31,9,47,0.5,2,12.3,0.5,0,0,1
31,11,2,0.1,0.2,0.2,0.4,0,0,1
31,16,6,0,0.4,0.4,1.6,0,0,2
31,22,7,0.2,0.3,0.4,2.5,0,0,2
31,24,13,0.6,1.1,1.8,1.5,0,0,2
31,25,3,0.1,0.3,0.4,0.4,0,0,1
31,26,5,0.2,0.3,0.3,1.4,0,0,1
31,28,12,0.6,0.6,0.6,3.6,0,0,3
31,34,2,0.1,0.1,0.1,0.4,0,0,1
31,35,7,0.5,0.5,0.2,1.4,0,0,2
31,37,15,0.8,3,0.9,3,0,0,2
31,38,87,23,1,8,8,0,19,0
31,39,91,12.1,10.9,8.4,11.2,0,3,1
31,44,23,1.1,1.9,3,3.4,0,0,2
31,45,43,3.7,1.2,4.8,8,1,0,2
31,47,10,0.5,0.9,0.7,1.9,0,0,1
31,48,26,1,2.1,2.1,5.5,0,0,4
31,49,15,0.3,0.3,1.6,4.2,0,0,2
31,52,12,0.2,0.6,1.9,1.9,0,0,1
31,53,30,0.1,1.5,2.1,9.9,0,0,2
31,60,7,0,0.2,0,3.4,0,0,1
31,61,25,0,2.6,2.7,7.2,0,0,3
31,73,7,0.1,0.5,0.8,1.5,0,0,1
31,74,10,0.1,0.8,1.1,2.1,0,0,2
31,81,2,0,0.2,0.2,0.5,0,0,1
31,82,4,0,0.4,0.4,1,0,0,2
31,83,11,0.1,1.5,1.1,2.4,0,0,3
31,86,3,0,0.2,0.3,0.9,0,0,1
31,87,2,0,0.2,0.2,0.6,0,0,1
31,88,7,0,0.5,0.7,2.2,0,0,1
31,90,8,0,0.6,0.8,2.5,0,0,1
31,91,2,0,0.1,0.1,0.6,0,0,1
31,92,13,0,0.8,0.8,3.6,0,0,2
31,93,2,0,0.1,0.1,0.6,0,0,1
31,94,1,0,0,0.1,0.3,0,0,1
31,97,12,0.9,1.2,1.1,1.6,0.2,0.4,2
31,99,2,0.1,0.2,0.2,0.3,0,0.1,1
31,102,2,0,0.2,0.2,0.4,0,0,1
31,106,3,0.1,0.2,0.1,1.1,0,0,2
31,120,12,0,0,0.9,4.4,0,0,1
31,121,3,0.1,0.2,0.1,0.7,0,0,1
31,122,2,0.1,0.1,0.1,0.4,0,0,1
31,123,1,0,0.1,0,0.3,0,0,1
31,125,3,0.1,0.1,0.1,1,0,0,1
31,126,7,0,0.2,0.5,2.8,0,0,2
32,1,6,0.1,0.7,0.4,1.1,0,0,2
32,3,4,0.1,0.2,0.2,1,0,0,1
32,4,20,0.6,1.3,2,4,0,0,2
32,5,7,0.2,0.5,0.8,1.3,0,0,2
32,6,3,0,0.3,0.1,0.8,0,0,1
32,7,1,0,0.1,0,0.3,0,0,1
32,8,17,1.3,2.1,2.1,1.8,0,0,2
32,9,116,6.9,11.5,11.2,24.8,0,4,1
32,16,3,0,0.2,0.3,0.7,0,0,2
32,17,10,0,0.7,0.8,2.6,0,0,1
32,18,7,0,0.4,0.6,1.8,0,0,3
32,19,5,0,0.3,0.8,0.8,0,0,2
32,21,2,0,0.2,0.3,0.4,0,0,1
32,22,17,0.5,1.2,2,4,0,0,4
32,23,32.5,1.1,2.4,3.9,6.7,0,0,4
32,28,8.5,0.2,0.6,0.5,2.5,0,0,3
32,29,44,0.7,2.1,2.2,14.5,0,0,3
32,33,8,0.6,0.5,0.2,1.6,0,0,1
32,37,5,0.2,1,0.3,1,0,0,1
32,39,23,0.4,5.3,2.5,1.2,0,0,1
32,40,16,0.8,3.2,0.9,3.2,0,0,1
32,41,23,0.3,1.6,3,3.7,0,0,4
32,42,16,0.3,1.1,2.2,2.4,0,0,1
32,45,5,0.2,0.5,0.5,0.9,0,0,2
32,50,8,0.1,0.2,0.9,2.3,0,0,2
32,55,2,0,0.1,0.1,0.7,0,0,1
32,73,8,0.1,0.6,0.9,1.7,0,0,2
32,74,21,0.4,1.6,2.4,4.3,0,0,3
32,81,19,0,2.4,2,4.3,0,0,2
32,82,1,0,0.1,0.1,0.3,0,0,1
32,83,13,0,1.6,1.4,3,0,0,1
32,91,3,0,0.3,0.4,0.7,0,0,1
32,92,40,1,1.5,5.5,7.2,0,0,1
32,93,3,0,0.3,0.4,0.7,0,0,1
32,99,29,0.5,5.2,2.6,4.1,0,0,2
32,100,36,0,1.4,5.2,6.3,0,0,1
32,106,1,0,0.1,0,0.4,0,0,1
32,108,3,0.1,0.2,0.2,0.8,0,0,2
32,119,4,0,0,0.3,1.5,0,0,1
32,120,12,0,0,0.9,4.4,0,0,1
32,121,8,0.3,0.5,0.3,2,0,0,2
32,123,12,0.3,0.4,0.6,3.9,0,0,2
32,124,17.5,0.6,0.9,0.5,5.3,0,0,2
32,126,3,0,0.1,0.2,1.2,0,0,2
33,0,2,0.1,0.1,0.3,0.3,0,0,1
33,1,20,0.4,2.3,1.4,3.6,0,0,3
33,2,4,0.1,0.5,0.2,0.7,0,0,1
33,3,4,0,0.4,0.2,0.9,0,0,2
33,7,11,0,1,0.6,2.8,0,0,1
33,9,4,0.3,0.6,0.2,0.7,0,0,1
33,10,20,1.6,2.9,1.1,3.5,0,0,4
33,11,13,0,0.3,0.4,3.5,0,0,2
33,12,17,0,0.4,0.4,4.6,0,0,2
33,13,4,0.1,0.4,0.5,0.8,0,0,1
33,16,3,0.1,0.2,0.2,0.7,0,0,1
33,17,14,0.3,0.8,1.3,3.3,0,0,3
33,18,29,0,1.2,4.7,4.7,0,0,2
33,19,5,0,0.2,0.8,0.8,0,0,1
33,20,1,0,0,0.2,0.2,0,0,1
33,21,26,0.5,2.1,4.1,4.5,0,0,2
33,27,11,0.5,1.9,1.6,0.8,0,0,2
33,28,6,0.3,1,0.9,0.5,0,0,1
33,29,7,0,0.3,0.3,2.5,0,0,1
33,33,4,0.3,0.3,0.1,0.8,0,0,1
33,34,4,0.3,0.3,0.1,0.8,0,0,1
33,35,21,1.5,1.3,0.7,4.1,0,0,2
33,38,1,0,0.2,0.1,0.2,0,0,1
33,39,4,0.2,0.8,0.2,0.8,0,0,1
33,41,10,0.1,0.6,1.4,1.6,0,0,3
33,42,9,0.1,0.6,1.2,1.4,0,0,2
33,43,4,0.1,0.4,0.4,0.8,0,0,1
33,44,9,0.1,1,0.9,1.7,0,0,2
33,50,2,0,0.1,0.2,0.6,0,0,1
33,51,5.5,0,0.3,0.3,2,0,0,1
33,55,3,0,0.1,0.2,1.1,0,0,1
33,57,1,0,0,0,0.5,0,0,1
33,69,11,0.2,0.9,2.2,1.1,0,0,2
33,75,7,0.1,0.6,0.8,1.4,0,0,2
33,76,15,0,0.7,0.8,4.6,0,0,4
33,78,11,0.2,0.1,1.2,2.2,0,0,2
33,79,6,0.2,0,0.8,1,0,0,1
33,81,6,0.2,0.9,0.5,1,0,0,1
33,83,4,0.1,0.6,0.3,0.7,0,0,1
33,91,1,0,0.1,0.2,0.2,0,0,1
33,93,16,0,1.4,1.8,3.8,0,0,4
33,94,4,0,0.2,0.3,1.1,0,0,1
33,98,2,0,0.4,0.2,0.3,0,0,1
33,99,15,0.3,2.7,1.3,2.2,0,0,3
33,100,5,0.1,0.9,0.4,0.7,0,0,1
33,106,5,0.1,0.4,0.3,0.7,0,0,1
33,107,5,0.1,0.4,0.3,0.7,0,0,1
33,108,15,0.4,1.3,0.8,2.1,0,0,1
33,114,9,0.3,0.6,0.3,3.2,0,0,1
33,117,2,0,0,0.2,0.7,0,0,1
33,118,9,0,0,0.7,3.3,0,0,1
33,119,2,0,0,0.2,0.7,0,0,1
33,122,2,0,0.1,0.1,0.6,0,0,1
33,125,10,0.5,0.7,0.3,2.2,0,0,2
33,127,2,0,0.1,0.1,0.8,0,0,1
34,0,9,0.3,0.5,1.3,1.3,0,0,1
34,1,15,0.3,1.8,0.9,2.7,0,0,2
34,2,11,0.1,1.4,0.7,2,0,0,2
34,3,29,0.9,1.7,1.5,6.8,0,0,3
34,4,21,0.7,1,1.1,5,0,0,2
34,10,21,1.7,2.9,1.2,3.7,0,0,2
34,11,4,0,0.1,0.1,1.1,0,0,1
34,12,7,0,0.1,0.2,1.9,0,0,2
34,13,10,0.4,1.1,1.2,1.9,0,0,1
34,14,6,0.2,0.6,0.7,1.2,0,0,2
34,17,3,0.1,0.2,0.2,0.7,0,0,1
34,18,9,0.3,0.6,0.7,2.1,0,0,2
34,19,8,0,0.3,1.3,1.3,0,0,1
34,20,2,0,0.1,0.3,0.3,0,0,1
34,21,1,0,0.1,0.1,0.2,0,0,1
34,26,6,0.3,1,0.9,0.5,0,0,1
34,27,16,0.8,2.8,2.3,1.2,0,0,3
34,33,6,0.4,0.4,0.2,1.2,0,0,1
34,35,12,0.9,0.8,0.3,2.4,0,0,2
34,41,4,0.1,0.3,0.5,0.6,0,0,1
34,43,3,0,0.3,0.3,0.6,0,0,1
34,44,31,0.5,3.5,3,5.8,0,0,2
34,47,4,0,0.1,0.4,1.2,0,0,2
34,48,21,0.4,0.4,2.2,6,0,0,1
34,56,4,0,0.2,0,1.9,0,0,1
34,63,1,0,0.1,0.1,0.3,0,0,1
34,64,2,0,0.2,0.2,0.6,0,0,1
34,68,65,2.8,6.1,8.7,9.4,0,0,3
34,69,133,3.6,4.1,11.6,45.3,1,1,2
34,70,13,0.3,1.1,2.5,1.3,0,0,1
34,78,16,0.3,0.1,1.8,3.2,0,0,2
34,79,12,0.3,0,1.5,2.1,0,0,1
34,81,3,0.1,0.5,0.2,0.5,0,0,1
34,83,6,0.2,0.9,0.5,1,0,0,1
34,84,11,0.4,1.7,0.8,1.9,0,0,1
34,85,21,0.8,3.2,1.6,3.5,0,0,3
34,91,13,0,1.3,1.7,2.9,0,0,2
34,94,12,0,0.7,0.8,3.3,0,0,1
34,96,4,0.3,0.4,0.4,0.5,0.1,0.1,1
34,99,3,0.1,0.5,0.3,0.4,0,0,1
34,103,12,0.4,1.2,1.2,2.3,0,0,2
34,104,17,0.5,1.7,1.7,3.3,0,0,2
34,106,4,0.1,0.3,0.2,0.6,0,0,1
34,107,6,0.2,0.5,0.3,0.8,0,0,1
34,115,3,0.1,0.2,0.1,1.1,0,0,1
34,116,7,0,0,0.5,2.6,0,0,1
34,122,45,0.8,1.4,3.5,13.3,0,0,3
34,123,9,0.1,0.3,0.7,2.7,0,0,1
34,125,2,0.1,0.1,0.1,0.4,0,0,1
34,127,5.5,0,0.1,0.4,2.2,0,0,2
35,0,4,0.3,0.5,0.5,0.5,0,0,1
35,1,18.5,0,0.5,2.4,5.8,0,0,3
35,4,13,0,0.3,1.7,4.1,0,0,1
35,9,3,0.1,0.2,0.1,0.8,0,0,1
35,10,1,0,0.1,0,0.3,0,0,1
35,11,7,0,0.3,1,1.6,0,0,2
35,13,2,0,0.1,0.3,0.4,0,0,1
35,14,13,0,0.5,1.8,3.1,0,0,2
35,15,4.5,0,0.2,0.6,1.1,0,0,1
35,16,18,0.4,0.5,2.8,4,0,0,4
35,17,22,0.4,0.7,3.4,4.9,0,0,4
35,18,8,0.1,0.3,1.3,1.8,0,0,2
35,26,17,0.4,1.8,2.2,1.7,0,0,3
35,27,45,1.1,5.1,1.3,8,0,0,2
35,29,2,0.1,0.2,0.1,0.4,0.1,0,1
35,32,2,0.1,0,0.2,0.6,0,0,1
35,33,3,0.2,0.1,0.2,0.9,0,0,1
35,41,3,0.1,0.4,0.5,0.3,0,0,1
35,53,16,1,1.4,0.7,3.8,0,0,3
35,55,4,0.3,0.3,0.2,0.9,0,0,1
35,58,14,0.5,2.4,0.5,2.2,0,0,2
35,63,4,0,0.2,0,1.9,0,0,1
35,64,1,0,0,0,0.5,0,0,1
35,66,2,0,0.1,0.2,0.4,0,0,1
35,68,5,0,0.2,0.5,1.1,0,0,1
35,69,6,0,0.2,0.6,1.4,0,0,1
35,75,12,0.3,1.1,2.7,0.9,0,0,2
35,76,1,0,0.1,0.1,0.4,0,0,1
35,79,2,0,0.1,0.2,0.9,0,0,1
35,80,6,0.2,0.4,0.5,2.6,0,0,2
35,84,41,0,1.4,3.4,15.5,0,0,2
35,85,47,0,3,10.8,4,0,0,3
35,87,17,0,1.3,0.8,6.7,0,0,3
35,95,5,0.3,0.5,0.1,1.5,0,0,1
35,97,4,0.1,0.5,0.3,0.9,0,0,1
35,100,6,0.3,0.2,0.6,1.3,0,0,2
35,101,1,0,0.1,0.1,0.2,0,0,1
35,112,11,0,0.5,2.5,1.4,0,0.8,1
35,118,17,0.5,0,1.8,4.7,0,0,2
35,121,6,0.1,0.5,0.9,0.8,0,0,1
35,122,19,0.3,1.6,3,2.5,0,0,2
35,123,17,0.1,3.2,2.8,0.6,0,1,2
35,124,3,0,0.6,0.5,0.1,0,0.2,1
35,125,11,0,2.3,1.8,0.2,0,0.8,1
35,126,30,0,1.7,2.3,6.8,0,0,2
35,127,20.5,0,1.3,1.6,4.6,0,0,3
36,0,1,0.1,0.1,0.1,0.1,0,0,1
36,9,9,0.2,0.6,0.4,2.4,0,0,1
36,10,2,0.1,0.1,0.1,0.5,0,0,1
36,11,2,0,0.2,0.2,0.4,0,0,2
36,15,1,0,0.1,0.1,0.2,0,0,1
36,16,1,0,0,0.2,0.2,0,0,1
36,17,6,0.1,0.2,0.9,1.4,0,0,2
36,19,3,0.2,0.4,0.3,0.3,0,0,1
36,20,16,0.7,2,1.8,1.7,0,0,2
36,21,99,5.4,3.6,6.4,24.8,0,0,2
36,22,5,0.4,0.2,0.6,0.5,0,0,1
36,25,13,0.5,1,1.3,2.1,0,0,1
36,26,42,1.1,4.6,4.6,4.5,0,0,1
36,27,4,0.1,0.4,0.5,0.4,0,0,1
36,29,15,0.4,1.7,0.8,3.3,0.6,0,1
36,30,37,1,4.1,2,8.1,1.6,0,3
36,31,20,1.1,0.5,1.5,6.1,0,0,2
36,32,5,0.3,0.1,0.4,1.5,0,0,1
36,33,4,0.1,0.4,0.2,0.9,0,0,1
36,34,33,0.6,3,1.7,7.6,0,0,2
36,35,7,0.1,0.6,0.4,1.7,0,0,2
36,36,2.5,0,0.1,0.2,0.7,0,0,1
36,41,3,0.1,0.4,0.5,0.3,0,0,1
36,46,5,0,0.2,0.7,0.7,0,0,1
36,47,2,0,0.1,0.3,0.2,0,0,1
36,55,31,2,2.6,1.4,7.3,0,0,4
36,73,5,0.1,0.4,1.1,0.4,0,0,2
36,76,27,0.7,1.5,2.3,12,0,0,2
36,83,5,0,0.3,1.2,0.4,0,0,1
36,84,5,0,0.3,1.2,0.4,0,0,1
36,85,8,0,0.5,1.9,0.7,0,0,2
36,92,5,0.3,0.5,0.1,1.5,0,0,2
36,93,8,0.4,0.8,0.2,2.4,0,0,2
36,95,1,0.1,0.1,0,0.3,0,0,1
36,99,9,0.5,0.4,0.8,2,0,0,1
36,100,28,1.5,1.1,2.6,6.2,0,0,2
36,107,11,0.3,0.9,0.6,1.7,0,0,2
36,109,2,0,0.2,0.1,0.3,0,0,1
36,115,2,0,0.1,0.5,0.2,0,0.2,1
36,116,17,1.5,1.5,0.5,4,0,0,2
36,119,4,0.2,0,0.4,1.1,0,0,1
36,120,1,0,0,0.1,0.3,0,0,1
36,121,32,0.2,9.7,3.4,2.2,0,0,1
36,122,4,0.1,0.3,0.7,0.5,0,0,1
36,123,79,0.6,9.7,15.1,4.5,0,0.3,3
36,124,14,0,3,2.3,0.2,0,1,1
36,125,2,0,0.4,0.3,0.1,0,0.1,1
37,0,5,0.4,0.6,0.6,0.6,0,0,2
37,1,25,0,2.5,2.2,6,0,0,3
37,2,6,0,0.7,0.4,1.4,0,0,2
37,3,9,0,1,0.7,2.1,0,0,1
37,10,2,0.1,0.1,0.1,0.5,0,0,1
37,11,2,0,0.1,0.3,0.4,0,0,1
37,12,3,0,0.1,0.4,0.7,0,0,1
37,13,8,0,0.4,1.2,1.8,0,0,2
37,15,3,0,0.1,0.4,0.5,0,0,1
37,17,13,0.5,0.4,1.9,2.5,0,0,3
37,18,6,0.3,0.8,0.6,0.6,0,0,1
37,19,1,0.1,0.1,0.1,0.1,0,0,1
37,21,25,1.5,1.5,3.2,2.5,0,0,2
37,22,18,0.8,1.4,2.1,1.9,0,0,3
37,25,28,1.1,2.3,2.8,4.5,0,0,3
37,26,26,0.4,2.9,3.3,2.6,0,0,2
37,27,2,0,0.2,0.3,0.2,0,0,1
37,29,37,1.3,5.3,1.8,7.4,0.4,0,2
37,30,55,4.7,4.6,4.7,12.1,0.4,0,3
37,33,10,0.2,0.9,0.5,2.3,0,0,1
37,34,28,0,1.2,0.1,9.5,1,0,1
37,37,1,0,0,0.1,0.3,0,0,1
37,44,12.5,0.7,1.8,1.8,1.4,0,0,2
37,46,25,0,1,3.7,3.4,0,0,2
37,49,2,0,0.1,0.3,0.2,0,0,1
37,50,30,0,1.3,4.4,4,0,0,3
37,51,6,0.4,0.5,0.2,1.4,0,0,2
37,67,1,0,0.1,0.1,0.2,0,0,1
37,73,45,3.8,4.5,3.6,6.1,0,0,4
37,83,17,0,1.1,3.9,1.4,0,0,1
37,84,11,0.1,0.7,1.8,1.7,0,0,2
37,98,6,0.2,0.7,0.5,1.3,0,0,1
37,100,16,0.7,1.1,1.4,3.5,0,0,3
37,101,3,0,0.3,0.2,0.7,0,0,1
37,104,6,0,0.7,0.4,1.4,0,0,2
37,106,3,0.1,0.3,0.1,0.4,0,0,1
37,115,41,0.6,4,6.3,6.5,0,1.8,4
37,116,39,2.8,3.5,2.9,7.8,0,0,2
37,117,10,0.7,1,0.6,2.1,0,0,2
37,120,17,1.2,0.9,1,4.2,0,0,2
37,121,70,1.5,8.6,12.5,5.7,0,1,4
37,122,114,0.6,5.7,11.3,40.3,0,0,2
37,123,65,2.7,9.8,11.7,2,0,1.1,3
37,124,50,0.3,7.6,9.7,4.5,0,0.5,3
37,125,2,0,0.2,0.3,0.4,0,0,1
37,127,3,0.2,0.4,0.2,0.6,0,0,1
38,1,19,0,2,1.5,4.5,0,0,4
38,2,14,0,1.5,1.1,3.3,0,0,2
38,3,9,0,0.2,1.2,2.8,0,0,2
38,4,1,0,0,0.2,0.3,0,0,1
38,8,6,0.1,0.4,0.3,1.6,0,0,1
38,9,9,0.2,0.6,0.4,2.4,0,0,1
38,10,7,0.2,0.5,0.3,1.8,0,0,2
38,12,2,0,0.1,0.3,0.4,0,0,1
38,14,4,0,0.1,0.5,0.7,0,0,1
38,15,57.5,2.2,5.5,6.8,6.8,0,0,2
38,16,52,1,2.5,11.1,4,0,0,1
38,19,5,0.3,0.6,0.6,0.5,0,0,2
38,20,4,0.2,0.5,0.5,0.4,0,0,1
38,22,4,0,0.5,0.4,0.5,0,0,1
38,23,4,0,0.5,0.4,0.5,0,0,1
38,24,4,0.2,0.3,0.4,0.6,0,0,1
38,25,5,0.2,0.4,0.5,0.8,0,0,1
38,27,2,0,0.2,0.3,0.2,0,0,1
38,30,9,0.2,0.7,1.4,1,0,0,1
38,31,5,0.3,0.1,0.4,1.5,0,0,2
38,32,4,0.2,0.1,0.3,1.2,0,0,1
38,37,1,0,0,0.1,0.3,0,0,1
38,44,49.5,2.7,3,3.6,11.2,0,0,2
38,45,20,1.3,3.3,2.5,2.1,0,0,2
38,49,4,0,0.2,0.6,0.5,0,0,1
38,51,6,0.4,0.5,0.2,1.4,0,0,2
38,57,9,0.4,0.9,0.7,2,0,0,1
38,58,35.5,1.7,3.8,2.6,7.5,0,0,3
38,59,1,0,0.2,0,0.2,0,0,1
38,67,9,0,0.4,0.9,2,0,0,2
38,68,26,0,1.1,2.7,5.8,0,0,1
38,72,6,0.2,0.5,1.3,0.5,0,0,2
38,73,6,0.6,0.6,0.2,1,0,0,1
38,83,4,0.1,0.2,0.2,1.1,0,0,1
38,84,22,0.9,1.3,0.9,6,0,0,1
38,85,7,0.3,0.4,0.3,1.9,0,0,1
38,86,4,0,0.3,0.2,1.6,0,0,1
38,97,2,0.1,0.2,0.4,0.1,0,0,1
38,99,7,0.2,0.8,0.6,1.5,0,0,1
38,102,8,0,0.9,0.5,1.9,0,0,1
38,103,6,0,0.7,0.4,1.4,0,0,1
38,105,3,0,0.3,0.2,0.7,0,0,1
38,106,4,0.1,0.4,0.2,0.6,0,0,1
38,110,5,0.1,0.5,0.2,0.7,0,0,2
38,114,4,0.2,0.7,0.2,0.8,0,0,1
38,115,96,3.7,4.3,2.1,34.1,0,0,3
38,116,2,0.1,0.2,0.2,0.4,0,0,1
38,120,4,0.3,0.4,0.1,0.9,0,0,2
38,121,120.5,5.6,24.7,8.1,19.4,0,8.9,2
38,123,152.5,0.8,7.4,19,36.5,1,1,2
38,124,56.5,1.3,4,16.2,6.4,0,0.3,2
38,125,2,0,0.2,0.3,0.4,0,0,1
38,126,1,0.1,0.1,0.1,0.2,0,0,1
38,127,2,0.1,0.3,0.2,0.4,0,0,1
39,1,1,0,0.1,0.1,0.2,0,0,1
39,2,22,1,2.2,2.1,6.5,0,2,1
39,7,3,0.1,0.2,0.1,0.8,0,0,1
39,8,1,0,0.1,0,0.3,0,0,1
39,10,2,0.1,0.1,0.1,0.5,0,0,1
39,12,2,0,0.1,0.3,0.4,0,0,1
39,13,13,0.1,0.5,1.6,2.5,0,0,2
39,14,23,0.3,0.6,2.7,4,0,0,2
39,15,58,1.3,4.6,3.7,11.3,0,0,1
39,16,9.5,0.6,0.3,1.3,1.3,0,0,1
39,19,3,0.2,0.4,0.3,0.3,0,0,1
39,20,8,0.4,1,1,0.8,0,0,2
39,22,10,0,1.3,0.9,1.2,0,0,1
39,28,3,0.1,0.2,0.5,0.3,0,0,1
39,36,9,0,0.5,0.7,2.4,0,0,2
39,37,11,0,0.6,1,2.8,0,0,3
39,38,10,0,0.6,0.8,2.6,0,0,2
39,41,4,0.2,0.5,0.6,0.5,0,0,1
39,42,8,0.3,1,1.3,1,0,0,1
39,45,10,0.5,1.7,1.3,1,0,0,3
39,46,6,0,0.2,0.9,0.8,0,0,1
39,59,33,1.2,5.6,1.3,5.1,0,0,4
39,81,2,0.1,0.1,0.1,0.5,0,0,1
39,82,1,0,0.1,0,0.3,0,0,1
39,84,1,0,0.1,0,0.3,0,0,1
39,85,10,0.3,0.6,0.4,2.8,0,0,2
39,87,1,0,0.1,0,0.4,0,0,1
39,89,1,0,0.1,0,0.4,0,0,1
39,91,8,0.4,0.8,0.2,2.4,0,0,2
39,95,13,0.7,1.3,0.2,3.9,0,0,3
39,96,32,1.5,3.3,5.8,2.2,0,0,3
39,97,52,2.4,5.4,9.4,3.6,0,0,3
39,98,2,0.1,0.2,0.4,0.1,0,0,1
39,99,11,0.3,1.3,0.9,2.4,0,0,2
39,100,3,0.1,0.3,0.2,0.7,0,0,1
39,105,7,0,0.8,0.4,1.7,0,0,1
39,106,45,1.2,3.9,2.3,6.9,0,0,3
39,107,9,0.2,0.8,0.5,1.4,0,0,2
39,113,3,0,0.1,0.7,0.4,0,0.2,1
39,115,13,0.6,2.2,0.7,2.6,0,0,2
39,116,7,0.5,0.6,0.6,1.4,0,0,2
39,121,16,0.3,3,3.2,0.2,0,0.6,2
39,123,13,0.1,1.2,1.8,2.5,0,0.2,2
39,124,16,0.2,1.4,2.2,3.1,0,0.2,2
39,126,8,0.5,1.1,0.6,1.7,0,0,2
39,127,45,3.2,5.7,3.2,9.5,0,0,4
40,0,4,0.1,0.3,0.3,0.7,0,0,1
40,1,13,1,0.5,1.6,2,0,0,3
40,2,33.5,2.6,1.3,4.1,5,0,0,3
40,3,9,0.7,0.3,1.1,1.4,0,0,2
40,6,1,0,0.1,0,0.3,0,0,1
40,14,4,0.1,0.1,0.3,0.9,0,0,1
40,15,15,0.5,0.5,0.9,3.2,0,0,2
40,18,19,0.4,2.1,2.3,2.6,0.1,0,3
40,19,3,0.1,0.3,0.4,0.3,0,0,1
40,21,4,0.1,0.6,0.3,0.9,0,0,1
40,22,2,0.1,0.3,0.2,0.4,0,0,1
40,23,5,0.2,0.7,0.5,1.1,0,0,2
40,26,20,0.2,1.6,3.7,2.1,0,0,1
40,27,76,0.4,4.8,9.7,10.8,0,0,3
40,28,6,0.1,0.5,1.1,0.6,0,0,1
40,31,1,0,0,0.2,0.2,0,0,1
40,32,2,0,0.1,0.3,0.4,0,0,1
40,33,44,1.3,3.3,7.2,7.2,0,1.3,4
40,34,26,0.6,2.8,4.3,3.8,0,1.2,2
40,35,9,0.2,0.9,1.5,1.4,0,0.4,2
40,36,4,0.2,0.4,0.4,0.6,0,0,1
40,40,1,0.1,0.1,0.1,0.1,0,0,1
40,41,48,1.4,4,4.1,6.9,0,0,2
40,42,21,0.8,3.8,2.1,3.7,0,0,3
40,45,4,0.3,0.3,0.5,0.4,0,0,1
40,46,6,0.3,0.8,0.4,0.5,0,0,1
40,49,2,0.1,0.3,0.1,0.2,0,0,1
40,53,5,0.1,0.6,0.6,0.4,0,0,1
40,54,2,0.1,0.2,0.2,0.2,0,0,1
40,56,18,0.9,0.6,1.4,3.5,0,0,1
40,59,4,0.3,0.1,0.3,0.8,0,0,1
40,60,40.5,0,4,3,6,0,0,0
40,61,12,0.3,0.7,1.7,3.1,0,0,2
40,71,9,0,0.8,0.4,2.3,0,0,2
40,78,10,0,0.7,0.4,3.6,0,0,2
40,80,12,0,0.4,0.9,4.4,0,0,1
40,81,2,0,0.1,0,0.8,0,0,1
40,82,9,0,0.3,0,3.9,0,0,1
40,91,6,0.1,0.2,0.8,1.3,0,0,1
40,95,2,0,0.2,0,0.8,0,0,1
40,98,105.5,2.4,2.6,22.4,11.2,0,0,2
40,99,294,27.4,32.1,18.1,86.7,0,26,1
40,100,83.5,5.3,7,13.9,18.5,0,0,1
40,101,45.5,1,12.3,5.2,2.2,0,0,4
40,103,2,0,0.1,0.2,0.3,0,0,1
40,104,6,0.1,0.2,0.6,0.9,0,0,1
40,105,20,0.3,0.6,2.1,3,0,0,2
40,106,73,0.3,1,18.2,2,0,0,1
40,109,5,0.3,0.7,0.6,0.4,0,0,2
40,110,24,1.3,3.3,2.8,2.1,0,0,4
40,111,27,0.7,3.9,2.4,8.4,0,0,3
40,113,15,0.3,1.7,1.5,3.7,0,0,3
40,121,10,0.3,0.3,0.1,3.2,0,0,1
40,123,20.5,1.2,1.5,1.6,4.9,0,0,1
40,124,45,1.7,1.9,1.9,14.9,0,0,2
40,125,3,0.2,0.2,0.3,0.7,0,0,1
40,126,5,0,0.5,0.9,0.3,0,0,1
40,127,14,0,1.4,2.6,0.8,0,0,2
41,1,3,0.2,0.1,0.4,0.5,0,0,1
41,4,5,0.4,0.2,0.6,0.7,0,0,1
41,7,4,0.1,0.2,0.1,1.3,0,0,1
41,9,3,0,0.2,0.1,1,0,0,2
41,10,2,0,0.1,0.1,0.7,0,0,1
41,12,5,0.1,0.2,0.3,1.1,0,0,1
41,13,3,0.1,0.1,0.2,0.6,0,0,1
41,15,2,0.1,0.1,0.1,0.4,0,0,1
41,16,13,0.2,1.3,0.8,2.9,0.3,0,4
41,18,14,0.3,1.4,0.9,3.1,0.3,0,1
41,19,2,0,0.2,0.3,0.2,0,0,1
41,20,8,0.2,1,1,0.8,0,0,2
41,21,4,0.1,0.6,0.4,0.9,0,0,2
41,22,7,0.2,1,0.6,1.6,0,0,2
41,23,5,0.2,0.7,0.4,1.1,0,0,1
41,26,9,0.1,0.8,1.7,0.9,0,0,3
41,27,53,0.1,4.1,7.4,5.4,0,0,2
41,28,21,0.2,1.6,3.6,2.6,0,0,3
41,29,1,0,0,0.1,0.3,0,0,1
41,33,63,5,5,2.2,20.2,0,0,1
41,34,46,1.1,4.8,7.5,6.8,0,2.2,3
41,38,21,1.1,2.1,2.4,3,0,0,1
41,39,59,3.1,5.9,6.6,8.5,0,0,4
41,40,42.5,2.2,4.2,4.9,6,0,0,4
41,41,7,0.2,1.3,0.7,1.2,0,0,2
41,43,5,0.2,0.9,0.5,0.9,0,0,1
41,45,17,1.2,1.2,2.1,2,0,0,1
41,46,8,0.4,1,0.6,0.7,0,0,1
41,51,4,0.1,0.4,0.5,0.4,0,0,1
41,55,11,0.3,1.2,1.3,1,0,0,2
41,56,41.5,2,1.4,3.3,8.1,0,0,3
41,58,47,3,1,2,9,0,0,0
41,60,36,2.7,0.9,2.7,7.2,0,0,2
41,61,4,0.1,0.2,0.6,1,0,0,1
41,69,4,0,0.4,0.4,0.8,0,0,1
41,70,11,0,1.1,1.1,2.1,0,0,1
41,71,45,0,4.3,1.7,11.6,0,0,3
41,82,8,0,0.3,0,3.4,0,0,2
41,86,3,0,0.3,0.3,0.9,0,0,3
41,87,1,0,0.1,0.1,0.3,0,0,1
41,89,13,0.5,1.1,1.6,3.6,0,0,1
41,92,12,0.3,0.3,1.6,2.5,0,0,1
41,94,10,0,0.9,0,4,0,0,2
41,95,19,0,1.7,0,7.5,0,0,2
41,96,5,0,0.1,0.7,1.3,0,0,1
41,97,4,0,0.1,0.5,1.1,0,0,1
41,98,65,2.2,1.9,13.4,8.7,0,0,2
41,99,461.5,40,29,35,154,0,46,0
41,100,233,19,18,26,37,2,0,0
41,101,90.5,6.1,17.1,11.5,3.5,0,0,3
41,102,70,1,8,15,1,0,0,0
41,103,4,0.1,1.1,0.4,0.2,0,0,1
41,105,5,0.1,0.2,0.5,0.7,0,0,1
41,106,30.5,1,3,3.5,3,0,0,4
41,108,11,0.5,1.3,1.3,1,0,0,2
41,109,2,0.1,0.3,0.2,0.2,0,0,1
41,110,3,0.1,0.4,0.4,0.3,0,0,1
41,114,12,0.2,0.9,1.3,2.1,0,0,2
41,115,20,0.3,1.4,2.3,3.4,0,0,1
41,124,9,0.5,0.7,0.7,2.2,0,0,2
41,125,1,0.1,0.1,0.1,0.2,0,0,1
41,126,23,0,2.4,4.3,1.2,0,0,3
41,127,129,1,11.2,27,9.6,0,0,1
42,10,42.5,1.6,2.2,4.4,5.4,0,0,4
42,12,3,0.1,0.1,0.2,0.6,0,0,1
42,14,8,0.1,1.4,0.7,1.2,0,0,1
42,16,5,0.1,0.5,0.3,1.1,0.1,0,2
42,17,2,0,0.2,0.1,0.5,0.1,0,1
42,18,7,0.1,0.8,0.9,0.8,0,0,2
42,19,10,0.2,1.6,1.3,0.8,0,0,2
42,20,4,0.1,0.5,0.5,0.4,0,0,1
42,21,24,1.7,3.5,2.3,2.1,0,0,2
42,22,26,1.9,3.9,2.6,1.7,0,0,2
42,23,58.5,1.1,5.2,12.5,2.1,0,0,2
42,24,34,0,3,6.8,2.1,0,0,1
42,25,2,0.1,0.3,0.2,0.4,0,0,1
42,30,7,0,0.2,0.4,2.1,0,0,1
42,31,1,0,0,0.2,0.2,0,0,1
42,33,7,0.2,0.2,1.2,1.3,0,0,1
42,34,16,0.4,1.8,2.6,2.3,0,0.7,2
42,43,19,1.2,2.1,2.1,2.6,0,0,3
42,44,4,0.3,0.3,0.5,0.4,0,0,1
42,45,5,0.3,0.4,0.6,0.6,0,0,1
42,46,41,0.5,3.5,3.4,12.9,0.1,0,2
42,47,50,4.3,6.4,3.6,8.4,0.2,0,3
42,48,2,0,0.2,0.3,0.4,0.1,0,1
42,50,4,0.2,0.5,0.3,0.3,0,0,1
42,51,81,2.3,8.6,10.8,9.2,0,0,3
42,52,115,0.2,2.3,28.3,4,0,0,1
42,53,81,4,10,9,9,0,0,0
42,54,34,0.2,10.5,2.5,0.7,0,0,1
42,55,22,0.8,2.2,2.3,2.9,0.2,0,1
42,58,2,0.1,0.1,0.1,0.4,0,0,1
42,67,19,0,1.9,1.9,3.7,0,0,3
42,78,18.5,0.3,0.8,1.5,5.8,0,0,2
42,79,14,0.4,0.8,1.2,3.6,0,0,2
42,86,25,1.2,3.4,2.2,3.6,0,0,4
42,87,3,0.2,0.5,0.2,0.3,0,0,1
42,91,33,0.6,2.6,3.9,5.8,0,0,2
42,92,18,0.4,0.4,2.5,3.8,0,0,1
42,93,2,0.1,0.2,0.2,0.3,0,0,1
42,95,2,0,0.2,0,0.8,0,0,1
42,96,6,0.1,0.2,1.4,0.4,0,0,1
42,97,8,0.2,0.2,1.9,0.5,0,0,1
42,99,53,0.2,8.4,10.6,0.5,0,0,1
42,100,19,1.6,2.5,3.7,3.2,0,0,2
42,101,40,0.7,9.4,4.7,3.2,0,0,3
42,102,50,1.2,9.3,9,3.1,0,0,2
42,103,2,0.1,0.5,0.2,0.1,0,0,1
42,105,38,0.6,1.2,4.5,5.2,0,0,3
42,106,67,4.2,7.6,8.2,3.4,0,0,2
42,107,22,0.7,2.7,2.5,1.8,0,0,3
42,108,34,1.4,4.2,4,3,0,0,3
42,109,4,0.2,0.6,0.5,0.3,0,0,1
42,111,7,0.2,0.7,0.9,1.9,0,0,1
42,112,17,0.6,1.7,2.3,4.5,0,0,1
42,114,5,0.1,0.4,0.6,0.8,0,0,1
42,115,26,0.4,1.9,3,4.4,0,0,1
42,118,9,0.3,0.7,0.7,1.5,0,0,2
42,119,18,0.6,1.6,1.2,2.9,0,0,2
42,120,49.5,1.5,3,4.9,10.9,1,0,2
42,124,21,1.3,1.5,1.7,5,0,0,2
42,126,6,0.1,0.8,1.1,0.3,0,0,2
42,127,13,0.3,2,2.6,0.5,0,0,2
43,1,11,0.9,0.5,1.3,1.6,0,0,2
43,8,45,1.1,2.6,2.1,12.1,0,0,3
43,10,24,0.9,1.3,2.9,1.9,0,0,3
43,11,12,0.4,1.7,1.4,1,0,0,1
43,12,16,0.4,2.4,1.8,1.4,0,0,2
43,13,14,0.2,2.4,1.2,2.2,0,0,1
43,14,37.5,0.6,6.5,3.2,5.8,0,0,3
43,15,19,0.3,3.4,1.6,2.9,0,0,3
43,16,4,0.1,0.4,0.2,0.9,0.1,0,1
43,17,2,0,0.2,0.2,0.4,0,0,2
43,18,2,0,0.6,0.2,0.1,0,0,1
43,20,2,0,0.6,0.2,0.1,0,0,1
43,21,60,3.3,5.4,12,1.8,0,0,2
43,22,74,2.3,19.4,5,1.8,0,0,3
43,23,91.5,3,16.7,10.8,4.9,0,0,3
43,24,12,0,1.1,2.4,0.7,0,0,3
43,38,5,0.3,0.5,0.5,0.7,0,0,2
43,47,15,0.3,1.6,2.2,3.1,0.4,0,2
43,48,2,0,0.2,0.3,0.4,0.1,0,1
43,50,8,0.4,1.1,0.5,0.7,0,0,2
43,51,53,2.6,4.3,6,8.1,0,0,3
43,52,83.5,1.4,17.5,11,1.1,1,7,2
43,53,131,6.2,16.4,18.4,10.5,3,0,1
43,54,180,5.2,30.3,22.4,13.3,0.3,5,1
43,55,19,0.8,1.9,1.9,2.5,0.1,0,3
43,56,31,0,2.2,5.8,4.5,0,0,4
43,57,11,0,0.8,2.1,1.6,0,0,1
43,66,4,0,0.4,0.4,0.8,0,0,1
43,67,6,0,0.6,0.6,1.2,0,0,2
43,76,24,0,2.6,0,8.5,0,0,1
43,79,10,0.3,0.6,0.9,2.5,0,0,2
43,80,2,0.1,0.1,0.2,0.5,0,0,1
43,83,7,0,0.3,0,3,0,0,2
43,86,10,0.4,1.6,0.8,1,0,0,2
43,93,51.5,0.4,3.1,5.3,15.4,0,2,2
43,94,58,2,2,3,18,0,0,0
43,95,8,0.2,1.1,0.8,1,0,0,1
43,96,45.5,1,1.2,10.8,3.2,0,0,2
43,97,126,1.1,17.1,31.9,0.3,0,0,1
43,98,7,0.1,0.2,1.5,0.7,0,0,2
43,100,2,0,0,0.3,0.5,0,0,1
43,101,5,0,0.5,0.7,1,0,0,1
43,102,21,0,2.3,2.7,4.1,0,0,1
43,105,15,0.4,0.4,3.7,0.4,0,0,2
43,106,38.5,1.2,6.7,4.7,1.6,0,0,4
43,107,42,1.3,7.4,5.2,1.6,0,0,3
43,108,13,0.5,1.8,1.5,1.2,0,0,2
43,109,39,1.4,2.8,4.2,7,0,0,4
43,110,11,0.4,0.8,1.2,1.9,0,0,1
43,114,3,0.1,0.3,0.4,0.8,0,0,1
43,115,3,0.1,0.3,0.4,0.8,0,0,2
43,120,16,0.6,1.4,1,2.6,0,0,2
43,124,15,0.4,0.6,0.2,4.8,0,0,3
43,127,116,7.2,3.4,8.9,32.3,0,3,1
44,0,20,0.5,1.4,1.5,3.4,0,0,1
44,10,4,0.2,0.2,0.5,0.3,0,0,1
44,11,2,0,0.3,0.2,0.2,0,0,1
44,13,8,0.2,1.2,0.9,0.9,0,0,2
44,14,18,0.3,3.1,1.6,2.7,0,0,4
44,15,17,0.2,3.1,1.5,2.5,0,0,4
44,16,2,0,0.2,0.1,0.5,0.1,0,1
44,19,10,0,2.8,1,0.6,0,0,2
44,20,94,0,36.2,9.4,1,0,13,2
44,21,126.5,5.9,10.3,26.4,3.8,0,19,3
44,22,75,5.4,9.7,6.2,8,0,0,3
44,23,38,0.6,6,6.7,0.4,0,0,1
44,24,13,0,1.2,2.6,0.8,0,0,2
44,26,34,5,4,1,5,0,0,3
44,31,1,0,0,0.2,0.2,0,0,1
44,32,3,0.1,0.1,0.5,0.5,0,0,1
44,35,2,0,0.1,0.3,0.4,0,0,1
44,46,2,0,0.2,0.3,0.4,0.1,0,1
44,47,11,0.2,1.2,1.6,2.3,0.3,0,2
44,48,2,0,0.2,0.3,0.4,0.1,0,1
44,51,31,1.2,4.8,5.9,0.3,0,0,2
44,52,54,2.6,7.1,7.7,4.1,0,0,1
44,53,199,13,22,29,41,1,6,0
44,54,75,5.6,3.5,10.5,19,0.1,0,3
44,55,10,0.4,1,1,1.3,0.1,0,1
44,60,19,0.5,1.1,2.7,4.9,0,0,1
44,66,7,0,0.7,0.7,1.3,0,0,1
44,82,2,0,0.1,0,0.8,0,0,1
44,86,7,0.4,1.1,0.5,0.7,0,0,1
44,89,2,0.1,0.1,0.2,0.6,0,0,1
44,93,8,0.2,0.7,0.9,1.3,0,0,1
44,94,18,0.5,2.3,1.8,2.3,0,0,1
44,95,10,0.2,1.3,1,1.3,0,0,1
44,96,39.5,0.9,1,9.3,2.8,0,0,2
44,97,92,3.3,8.4,5.3,20,0,0,1
44,98,4,0.1,0.1,0.9,0.3,0,0,1
44,99,2,0,0,0.3,0.5,0,0,1
44,100,2,0,0,0.3,0.5,0,0,1
44,103,3,0,0.3,0.4,0.6,0,0,1
44,105,54,1.5,2.5,12.3,1.5,0,0,2
44,106,134,5.5,11,16.1,23.7,0,0,1
44,107,183,5.1,11.8,29.1,30.2,0,6,2
44,108,5,0.1,0.9,0.6,0.2,0,0,1
44,109,1,0,0.1,0.1,0.2,0,0,1
44,116,83,0.8,6.4,9.5,17.2,0,1,3
44,117,18,0.3,0.6,3.2,2.7,0,0,1
44,120,3,0.1,0.3,0.2,0.5,0,0,1
44,123,3,0.1,0.1,0,1,0,0,1
44,124,38,1.1,1.2,0.6,12.1,0,0,3
44,127,92,0.6,4,22.1,0.9,0,0,3
45,7,2,0,0,0.1,0.7,0,0,1
45,11,7,0.3,0.5,0.3,1.3,0,0,1
45,12,4,0.2,0.2,0.2,0.8,0,0,1
45,15,19,0.4,3.9,0.8,1.5,0,0,2
45,16,13,0.1,1.2,2.9,0.7,0,0,2
45,17,45,0.6,4.1,9.9,2.4,0,0,3
45,18,5,0.1,0.4,1.1,0.1,0,0,1
45,19,71,7,7.5,13.5,0.5,0,0,2
45,20,164.5,1.7,21.3,33,1.9,0,0,2
45,21,341.5,48.4,64.7,35.5,55,0,49,1
45,22,8,0.3,0.8,1.8,1.6,0,0,3
45,23,6,0.6,0.6,0.8,1.1,0,0,2
45,24,10,1.2,1,1,1.8,0,0,4
45,25,4,0.5,0.4,0.4,0.7,0,0,1
45,26,11,0.2,1,1.7,0.9,0,0,2
45,28,5,0.1,0.4,0.8,0.4,0,0,1
45,48,7,0,0.7,0.8,1.5,0,0,1
45,50,5,0,0.5,0.5,1.1,0,0,2
45,52,3,0.1,0.4,0.2,0.7,0,0.1,1
45,53,43,0.7,13.2,2.1,4.1,0,0.7,3
45,54,44,0,0.2,14.5,0,0,6,1
45,55,111,0,8.1,32,0.5,0,9,3
45,56,9,0.4,1.3,0.7,0.8,0,0,1
45,57,17,0.7,2.5,1.3,1.5,0,0,1
45,60,18,0,0.9,2.8,2.4,0,0,1
45,62,18,2,3.5,2.3,0.4,0,0,2
45,65,43,4.4,6,6.3,0.4,0,0,2
45,66,85,5.2,6.8,16.6,1.6,0,0,3
45,67,34,1.6,3.7,5.2,1.2,0,0,2
45,79,19,0,1.3,1.9,3.8,0,0,3
45,86,6,0,0.3,0.8,1.8,0,0,1
45,87,11.5,0,0.6,1.6,3.4,0,0,1
45,89,10,0,0.7,0.2,3.6,0,0,1
45,92,6,0.1,0.4,0.2,1.5,0,0,1
45,93,1,0,0.1,0,0.3,0,0,1
45,95,23,0.9,2.2,1.3,6.2,0,0,2
45,96,6,0.2,0.9,0.5,0.9,0,0,1
45,97,10,0.3,1.4,0.8,1.6,0,0,1
45,100,10,0,1.2,1.2,1.6,0,0,1
45,102,6,0,0,0.7,1.7,0,0,1
45,104,4,0,0,0.5,1.1,0,0,1
45,106,4,0.7,0.3,0.3,0.1,0,0,1
45,107,51,9,4.1,3.3,0.8,0,0,3
45,112,4,0,0.8,0.5,0.4,0,0,1
45,113,28,0,5.6,3.1,3,0,0,2
45,115,60,1.7,4.3,8.6,5.5,0,0,4
45,116,23,0.6,3,2.7,2.6,0,0,2
45,117,63,2.9,7.6,4.3,11.1,0,0,3
45,118,4,0.2,0.4,0.5,0.6,0,0,1
45,123,1,0,0.1,0.2,0.1,0,0,1
45,124,12,0.4,1.6,1.7,0.8,0,0,2
45,127,3,0,0.1,0.2,0.8,0,0,1
46,6,1,0,0,0,0.4,0,0,1
46,7,2,0,0,0.1,0.7,0,0,1
46,10,9,0,0.2,0.2,3.2,0,0,2
46,11,2,0.1,0.1,0.1,0.4,0,0,1
46,13,4,0.1,0.8,0.2,0.3,0,0,1
46,14,3,0,0.6,0.1,0.3,0,0,2
46,16,4,0,0.4,0.9,0.2,0,0,1
46,17,12,0.1,1.1,2.7,0.6,0,0,2
46,18,17,0.5,1.3,3.8,0.4,0,0,2
46,19,169,5.6,14.6,37.8,5.3,0,12,1
46,20,520,21,23,121,121,0,35,0
46,21,479,25,49,81,149,2,13,0
46,22,133,4.1,2.2,56.4,2.4,0,22,1
46,23,8,0.3,0.9,1.8,1.6,0,0,1
46,24,7,0.9,0.7,0.7,1.2,0,0,2
46,25,14,1.7,1.4,1.4,2.4,0,0,2
46,26,4,0.1,0.4,0.6,0.3,0,0,1
46,28,11,0.3,0.9,1.6,0.9,0,0,2
46,29,21,0.5,1.8,3.2,1.6,0,0,2
46,30,3,0.1,0.2,0.5,0.2,0,0,1
46,34,1,0,0,0.1,0.3,0,0,1
46,38,23,0.7,1.5,4.3,1.4,0,0,2
46,43,10,0.1,0.6,2.3,0.4,0,0,1
46,44,127.5,1.3,3.6,20.8,19.1,0,0,2
46,45,31,0.3,1.8,7.2,1.2,0,0,2
46,47,1,0,0.1,0.1,0.2,0,0,1
46,48,28,0,3,3.1,6.1,0,0,1
46,52,3,0.1,0.4,0.2,0.7,0,0.1,1
46,55,17,0,1.3,4,0.3,0,0,2
46,57,17,0.7,2.5,1.3,1.5,0,0,3
46,58,5,0.2,0.7,0.4,0.5,0,0,1
46,61,5,0.6,1,0.6,0.1,0,0,1
46,62,21,2.3,4.1,2.7,0.5,0,0,3
46,63,34,3.7,4.2,5.7,2.1,0,0,1
46,64,2,0.1,0.3,0.3,0,0,0,1
46,65,197.5,6.2,46.9,14.5,9.1,0,0,2
46,66,287,17,19,23,79,0,0,0
46,67,133,5.8,10.1,23.6,4.1,0,0,2
46,68,13,0.2,1.8,2.6,0.2,0,0,2
46,69,3,0,0.5,0.7,0,0,0,1
46,79,9,0,0.6,0.9,1.8,0,0,2
46,85,11,0.3,0.2,0.7,4.3,0,0,1
46,86,2,0,0.1,0.3,0.6,0,0,1
46,87,9,0,0.5,1.2,2.7,0,0,1
46,91,21,0.5,1.5,0.6,5.1,0,0,3
46,93,10,0.3,0.8,0.3,2.4,0,0,2
46,94,18,0.6,1.8,1,4.9,0,0,2
46,96,5,0.2,0.7,0.4,0.8,0,0,1
46,97,9,0.2,1.3,0.7,1.6,0,0,3
46,99,31,0,3.7,3.9,4.8,0,0,4
46,101,6,0,0,0.7,1.7,0,0,1
46,103,3,0,0,0.3,0.9,0,0,2
46,104,1,0,0,0.1,0.3,0,0,1
46,107,7,1.3,0.6,0.4,0.1,0,0,2
46,110,17,0,3.2,2.4,1.9,0,0,4
46,111,50,0,5.6,4,11.9,0,0,2
46,113,35,0.7,4.2,4.6,3.3,0,0,3
46,115,13,0.4,0.9,1.9,1.2,0,0,1
46,119,10,0.5,1.1,1.2,1.4,0,0,2
46,124,26,1,3.6,3.6,1.7,0,0,3
46,125,15,0.5,2.1,2.1,1,0,0,2
46,127,2,0,0.1,0.1,0.5,0,0,1
47,8,5,0,0.1,0.1,1.8,0,0,1
47,12,7,0.3,0.4,0.3,1.4,0,0,2
47,13,20,0.5,2.8,1.6,2.1,0,0,3
47,14,17,0.4,2.9,1,1.6,0,0,2
47,16,15,0,2,2.3,0.4,0,0,2
47,17,74,0,3.5,17.3,0.9,0,0,2
47,18,174,1.6,35.2,25.9,1.5,0,0.1,2
47,19,150,22.4,15.2,17.2,10.6,0,0.1,1
47,20,193,9.7,10,33.1,38.1,0,21.1,1
47,21,252,21.5,54.6,43.5,38.2,1,91,2
47,22,311.5,54,39,37,23,0,54,0
47,23,121,17.9,35.2,4.6,6.4,0,0,2
47,24,10,0.8,2,1.4,0.6,0,0,2
47,25,4,0.4,0.6,0.5,0.5,0,0,2
47,27,8,0.1,0.8,1.1,1.1,0,0,2
47,28,60.5,1,5,6.5,9.8,0,0,4
47,29,85,1.8,6.5,8.4,13.7,0,0,4
47,30,11,0.3,1,1.7,0.8,0,0,2
47,32,1,0,0,0.1,0.3,0,0,1
47,35,2,0,0.1,0.1,0.6,0,0,1
47,36,48,0.3,3.2,6.1,9.1,0,0,3
47,44,37,0.6,2.4,8.3,1.4,0,0,3
47,47,13,0,0.6,2.4,1.5,0,0,2
47,52,21,0.9,2.6,2.2,3.4,0,0.1,2
47,53,39.5,2.1,4.7,5.3,3.6,0.1,0,2
47,54,18,0.2,1.8,3.3,1.9,0.2,0,1
47,55,1,0,0.1,0.2,0,0,0,1
47,56,66,1,4.7,4.9,11.2,0,0,1
47,57,69.5,1.2,6.3,8.6,7.8,0,0,4
47,59,2,0,0.1,0.3,0.3,0,0,1
47,61,90,14.1,7.7,9.5,6.4,0,0,2
47,62,53,2.8,6.9,9.8,1,0,0,4
47,63,58,0.9,8.6,11.7,0.6,0,0,3
47,64,82,2.5,12.8,15.8,0.7,0,0,2
47,65,224,23,33,26,21,0,0,0
47,66,386,22.7,50.2,44.2,99.9,1,23,1
47,67,201,20,26,40,20,0,16,0
47,68,142.5,24.4,10.1,17.3,11.8,0,0,2
47,69,29,0.7,3.1,5.2,1.7,0,0,1
47,70,9,0.1,1.2,1.8,0.3,0,0,3
47,71,2,0.1,0.4,0.2,0.2,0,0,1
47,83,4,0.2,0.7,0.4,0.4,0,0,1
47,84,78,2.9,3,4.5,28.8,0,0,3
47,85,45,1.5,1.4,3,16.3,0,0,2
47,87,10.5,0,0.6,1.2,3.2,0,0,2
47,88,15,0,1,0.3,5.5,0,0,1
47,93,9,0.2,0.8,0.3,2.3,0,0,2
47,94,5,0.2,0.5,0.3,1.3,0,0,1
47,97,8,0.3,1.2,0.5,1.3,0,0,3
47,99,4,0,0.5,0.5,0.6,0,0,1
47,100,17,0.1,2.2,1.9,2.7,0,0,3
47,104,14,0.2,0.2,1.7,2.7,0,0,2
47,105,14,0.1,0.1,1.6,3.4,0,0,2
47,111,2,0,0.4,0.2,0.2,0,0,1
47,115,3,0.1,0.2,0.4,0.3,0,0,1
47,116,2,0.1,0.2,0.2,0.3,0,0,1
47,117,42.5,1.7,5,4.8,5.7,0,0,4
47,118,4,0.1,0.5,0.5,0.4,0,0,1
47,124,11,0.7,1.3,1.2,0.8,0,0,3
48,4,1,0,0,0.2,0.2,0,0,1
48,8,20,0,0.4,0.5,7.1,0,0,3
48,14,46,1.1,3.2,6.5,5.5,0,0,4
48,15,8,0.3,0.5,1.1,0.9,0,0,3
48,16,17,0,2.3,2.6,0.5,0,0,2
48,17,7,0,0.9,1.1,0.2,0,0,1
48,18,52,0.6,8.4,7.2,2.1,0,0.1,4
48,19,41,1.5,9.2,4.7,2.5,0,0.3,2
48,20,28.5,1,6.4,3.3,1.7,0,0.2,2
48,22,154.5,6,16,32,2,1,0,0
48,23,87.5,2.7,7.8,20.3,3.3,0,0,2
48,24,35,2.4,7,4.9,2.3,0,0,4
48,25,10.5,0.8,2.1,1.4,0.7,0,0,3
48,26,19,0.2,1.8,2.7,2.5,0,0,2
48,27,13,0.2,1.3,1.8,1.6,0,0,2
48,28,3,0,0.2,0.2,0.7,0,0,1
48,29,11,0.2,0.8,0.6,2.5,0,0,2
48,33,3,0,0.1,0.1,0.9,0,0,1
48,34,6,0,0.2,0.3,1.8,0,0,1
48,35,2,0,0.1,0.1,0.6,0,0,1
48,36,5,0,0.3,0.6,1.1,0,0,1
48,39,4,0,0.3,0.5,0.6,0,0,1
48,40,11,0,0.8,1.4,1.7,0,0,1
48,42,2,0.2,0.3,0.3,0,0,0,1
48,44,5,0.4,0.7,0.7,0.1,0,0,1
48,47,30,0,1.4,5.5,3.5,0,0,2
48,52,7,0.3,0.9,0.7,1.1,0,0,2
48,53,32,1.3,3.8,3.9,4.5,0.1,0,2
48,54,46,0.6,4.6,8.4,4.8,0.6,0,4
48,59,5,0.2,0.5,0.6,0.4,0,0,1
48,60,16,0.7,1.6,1.9,1.2,0,0,2
48,61,63,1.6,4.2,14.6,0.4,0,0,3
48,62,65,0.5,3.9,17.7,0.3,0,0,1
48,63,54.5,5.3,4.6,8,7.8,0,0,3
48,64,40,5.7,7.2,3.5,2.5,0,0,2
48,65,29.5,3.2,2.1,4.6,1,0,0,2
48,68,37,0.9,4.9,6.4,2.4,0,0,3
48,70,38,0.9,4.1,6.9,2.2,0,0,3
48,71,63,1.9,9.6,7.8,5.8,0,0,3
48,83,8,0.2,0.7,0.8,1.3,0,0,2
48,84,11,0.7,2,1,0.9,0,0,2
48,94,1,0,0.1,0,0.4,0,0,1
48,95,31,0.8,3.6,0.9,10.7,0,0,4
48,98,17,0.6,2.4,1.3,2.7,0,0,2
48,104,5,0.1,0.1,0.6,0.8,0,0,1
48,105,12,0.3,0.3,1.5,1.7,0,0,1
48,106,35,2.1,2.7,0.7,5.5,0,0,1
48,107,1,0.1,0.1,0,0.1,0,0,1
48,116,6,0.3,0.7,0.7,0.8,0,0,1
48,117,6,0.3,0.6,0.7,0.9,0,0,2
48,123,21,0.8,0.9,1.5,3.8,0,0,3
48,124,16.5,1.3,1.9,1.4,1.2,0,0,4
49,1,6,0.3,0,1,1.1,0,0,3
49,2,4,0.2,0,0.6,0.8,0,0,1
49,3,5,0.3,0,0.8,0.9,0,0,1
49,4,14,0.7,0,2.3,2.6,0,0,2
49,5,3,0.2,0,0.5,0.5,0,0,1
49,7,4,0,0.1,0.1,1.4,0,0,2
49,8,2,0,0,0.1,0.7,0,0,1
49,11,4,0.2,0.2,0.2,0.8,0,0,1
49,12,16,0.7,1,0.7,3,0,0,1
49,13,16,0.5,1.1,1.7,2.3,0,0,3
49,14,7,0.2,0.5,1,0.8,0,0,2
49,15,1,0,0.1,0.2,0.1,0,0,1
49,17,66,0,13.2,10.3,1.3,0,0,2
49,18,48,0.5,7.7,6.8,1.7,0,0.1,3
49,19,18,0.7,4,2.1,1.1,0,0.1,2
49,20,5,0.2,1.2,0.5,0.3,0,0,2
49,21,26,0.6,2.2,6.1,1.7,0,0,4
49,22,105,0.7,26.1,12.1,1.7,0,10,2
49,23,22,0.8,2.3,4.8,1.4,0,0,2
49,24,4,0.4,0.8,0.6,0.2,0,0,2
49,25,13,1,2.6,1.8,0.8,0,0,3
49,26,4,0,0.4,0.6,0.5,0,0,1
49,27,12,0.1,1.2,1.7,1.5,0,0,2
49,28,25,0.4,2,1.8,5.2,0,0,2
49,30,8,0.1,0.5,0.4,1.9,0,0,2
49,34,3,0,0.1,0.1,0.9,0,0,1
49,35,6,0,0.2,0.3,1.8,0,0,1
49,37,1,0,0.1,0.1,0.2,0,0,1
49,39,68,0,6.6,10,10.1,0,0,2
49,40,145.5,1,11.3,23.1,15.6,1,0,1
49,41,40,3.1,5.2,5.9,1.2,0,0,4
49,42,93,3,6.9,14.4,5,0,0,3
49,43,5,0.4,0.7,0.7,0.1,0,0,1
49,44,19,1.5,2.5,2.8,0.5,0,0,1
49,45,2,0.2,0.3,0.3,0,0,0,1
49,50,5,0,0.5,0.6,1.1,0,0,1
49,51,21,1,2.5,2.4,3.1,0,0,2
49,52,12,0.5,1.5,1.3,1.8,0,0,1
49,53,6,0.2,0.8,0.8,0.8,0,0,3
49,54,5.5,0.1,0.5,1,0.6,0.1,0,1
49,55,10,0.1,1,1.8,1.1,0.1,0,2
49,56,17,0,0.9,2.6,2.2,0,0,2
49,58,2,0.1,0.2,0.2,0.2,0,0,1
49,59,19,0.9,1.9,2.2,1.4,0,0,2
49,60,90,8.1,6.7,12.1,12.9,0,0,2
49,61,10,0.3,1,2,0.2,0,0,2
49,62,73,2,7.7,15.1,1.3,0,0,3
49,63,120,8.6,2.8,15.6,22.4,0,0,2
49,64,111,16,14,14,3,0,0,0
49,65,133,10.9,13.5,19.2,6.5,0,0,2
49,66,77.5,8.2,7.2,7.7,7.4,1,0,1
49,70,5,0.1,0.5,0.9,0.3,0,0,1
49,76,2,0,0.1,0.2,0.4,0,0,1
49,81,35,0,0,3.2,8.2,0,0,2
49,82,4,0,0,0.4,0.9,0,0,1
49,86,11,0,0.7,0.3,4,0,0,2
49,87,6,0,0.5,0.1,2.2,0,0,2
49,94,3,0,0.3,0.1,1.1,0,0,2
49,98,4,0.1,0.6,0.3,0.7,0,0,1
49,104,13,0.3,0.3,1.6,1.9,0,0,1
49,105,5,0.1,0.1,0.6,0.8,0,0,1
49,107,15,0.9,1.2,0.3,2.3,0,0,2
49,108,39,0,4.9,2.4,8.1,0,0,2
49,116,4,0.2,0.4,0.5,0.6,0,0,1
49,120,3,0.2,0.3,0.3,0.4,0,0,2
49,121,20,0.4,0,1.2,4.9,0,0,2
49,122,15,0.3,0,0.9,3.7,0,0,1
49,123,44,1.5,5.6,6.6,1.4,0,0,2
49,124,26,2.1,2.9,2.2,2,0,0,3
50,0,9,0.7,0.5,0.8,1.6,0,0.1,1
50,1,17,1.4,1.6,2.2,2.2,0,0,3
50,2,27,2.4,2.6,3.4,3.4,0,0,4
50,4,15,0.3,0.9,0.6,4.2,0,0,2
50,5,4,0.1,0.2,0.2,1.1,0,0,1
50,6,3,0,0.2,0,1,0,0,1
50,8,4,0,0.2,0,1.4,0,0,1
50,9,2,0,0.1,0.2,0.5,0,0,1
50,11,1,0.1,0,0.1,0.2,0,0,1
50,12,4,0.3,0.2,0.4,0.6,0,0,1
50,14,2,0.1,0.1,0.2,0.3,0,0,1
50,15,4,0.3,0.2,0.4,0.6,0,0,1
50,16,5,0.1,0.7,0.1,1,0,0,1
50,17,9,0.1,1.3,0.2,1.8,0,0,2
50,19,25,1,3,4.2,1.8,0,0,2
50,20,17,0.7,2.1,2.8,1.2,0,0,2
50,21,3,0.1,0.3,0.4,0.4,0,0,1
50,23,2,0.1,0.2,0.2,0.3,0,0,1
50,24,4,0.2,0.6,0.6,0.4,0,0,2
50,25,23.5,0.8,3,3.7,2.9,0,0,4
50,26,2,0,0.1,0.3,0.3,0,0,1
50,27,2,0,0.1,0.3,0.3,0,0,1
50,29,4,0,0.2,0.4,1,0,0,1
50,30,34,0,1.8,3.4,8.4,0,0,2
50,31,7,0.2,0.2,0.2,2.6,0,0,1
50,34,4,0.1,0.1,0.1,1.5,0,0,1
50,35,2,0,0,0.1,0.8,0,0,1
50,40,6,0.1,0.2,0.5,1.4,0,0,1
50,41,16,2.7,2.5,1.6,0.1,0,0,4
50,42,80,7.3,9.1,15,2.3,0,0,2
50,43,141.5,21,13.8,7.6,23.5,0,0,2
50,44,80,6.1,6.1,12.4,0.5,0,0,3
50,45,12,0.7,0.8,2.1,0.3,0,0,2
50,46,5,0.1,0.5,0.8,0.4,0,0,2
50,47,22.5,0.5,2.3,3.5,1.6,0,0,2
50,48,9,0.2,0.9,1.4,0.7,0,0,2
50,49,5,0.1,0.1,0.9,0.7,0,0,2
50,51,6,0.6,0.4,1.1,1.1,0,0,1
50,52,6,0.6,0.4,1.1,1.1,0,0,1
50,53,17,0.9,0.8,1.2,3.2,0,0,3
50,57,16,0,2.4,2.1,1.4,0,0,1
50,58,75,1.9,6.5,9.3,12.6,0,0,4
50,59,4,0.1,0.2,0.5,0.9,0,0,1
50,62,52,1.3,6.8,8.5,1.7,0,0,2
50,63,10,0.3,1.5,1.5,0.4,0,0,2
50,64,132,3.2,17.6,21,6.5,0,0,1
50,65,43,1.2,7.4,7.8,2.5,0,0,2
50,66,61.5,5,3,5.1,14,0,0,3
50,69,2,0,0.2,0.3,0.3,0,0,1
50,70,39,0.9,3.1,5.2,6.2,0,0,4
50,73,68,0.9,4,14.4,6.8,0,0,3
50,82,19,0.4,0.5,2.5,3.3,0,0,3
50,85,23,0,0,1.9,10.6,0,0,1
50,86,34,0.9,4.3,3.4,7.6,0,0,3
50,92,18,0,1.8,2.8,2.6,0,0,3
50,94,7,0.4,0.3,0.5,1.4,0,0,1
50,97,1,0,0,0.1,0.3,0,0,1
50,100,17,0,0.8,1.3,4.7,0,0,3
50,102,16,0,0.5,0.9,4.8,0,0,4
50,104,7,0,0.7,0.7,1.2,0,0,2
50,105,7,0,0.7,0.7,1.2,0,0,2
50,108,4,0,0.3,0.4,0.8,0,0,2
50,116,6,0.2,1,0.2,1.6,0,0,2
50,121,1,0,0.1,0.2,0.2,0,0,1
50,122,16,1,2.3,2.7,2.7,0,0,2
50,123,93,2.3,7.5,18.2,7.7,0,3,3
50,124,53.5,1.2,1.7,8.4,7.6,0,0,4
50,125,60,0.5,8.8,8.1,3.7,0,0,2
50,126,24,0.7,2.6,2.1,3.5,0,0,2
50,127,61,0.7,2.6,13,3.3,0,0,2
51,0,12,0.9,0.7,1.1,2.1,0,0.1,2
51,1,10,0.9,0.9,1.3,1.3,0,0,1
51,2,1,0.1,0.1,0.1,0.1,0,0,1
51,3,2,0,0.1,0.1,0.6,0,0,1
51,4,1,0,0.1,0,0.3,0,0,1
51,5,2,0,0.1,0.1,0.6,0,0,1
51,6,6,0,0.3,0,2.1,0,0,2
51,8,10,0.2,0.3,0.9,2.8,0,0,3
51,9,9,0.2,0.3,0.9,2.4,0,0,2
51,10,4,0.1,0.1,0.4,1.1,0,0,1
51,12,2,0.1,0.1,0.2,0.3,0,0,1
51,13,6,0.4,0.3,0.6,0.9,0,0,2
51,16,11,0.2,1.7,0.2,2.1,0,0,1
51,17,2,0,0.3,0.1,0.4,0,0,1
51,18,3,0,0.4,0.1,0.6,0,0,1
51,19,24,1,3,3.9,1.7,0,0,4
51,20,7,0.3,0.9,1.1,0.5,0,0,2
51,21,2,0.1,0.2,0.2,0.3,0,0,1
51,24,4,0.1,0.5,0.7,0.5,0,0,1
51,26,1,0,0,0.2,0.1,0,0,1
51,27,2,0,0.1,0.3,0.3,0,0,1
51,28,2,0,0.1,0.2,0.5,0,0,1
51,35,4,0.1,0.1,0.1,1.5,0,0,1
51,38,2,0,0.1,0.2,0.4,0,0,1
51,39,9,0.2,0.4,0.7,2,0,0,2
51,40,3,0.1,0.1,0.2,0.7,0,0,1
51,41,2,0.4,0.3,0.2,0,0,0,1
51,42,89,10.9,4.6,11.7,7.2,0,0,2
51,43,364.5,29,48,39,68,0,42,0
51,44,129.5,4.3,8.3,10.3,23.3,0,0,1
51,45,31,2,2,5.4,0.7,0,0,3
51,46,1,0,0.1,0.2,0.1,0,0,1
51,47,76,2.4,5.3,11.6,8.8,0,0,2
51,48,1,0,0.1,0.2,0.1,0,0,1
51,52,65.5,3.7,1.2,3.1,19.1,0,0,1
51,53,58,2.2,4.9,18.2,6.1,0,0,3
51,61,5,0.1,0.7,0.8,0.2,0,0,1
51,62,36,0.9,4.8,5.9,1.2,0,0,3
51,63,36,1.5,6.3,5,1.1,0,0,4
51,64,17,1.1,4.1,1.7,0.5,0,0,2
51,69,2,0,0.2,0.3,0.3,0,0,1
51,70,33,0.9,2.7,4.3,5.1,0,0,3
51,82,4,0.1,0.1,0.5,0.7,0,0,1
51,85,1,0,0,0.1,0.4,0,0,1
51,91,7.5,0,0.8,1.2,1,0,0,1
51,92,64,0,3.3,9.2,15.6,0,0,3
51,93,12,0,1.2,1.9,1.7,0,0,1
51,94,5,0.3,0.2,0.4,1,0,0,1
51,101,2,0,0.1,0.1,0.6,0,0,1
51,103,3,0,0.3,0.3,0.5,0,0,1
51,105,3,0,0.3,0.3,0.5,0,0,1
51,106,21,0.3,1.2,2.2,4.8,0,0,2
51,108,6,0.1,0.7,0.5,0.8,0,0,1
51,109,82,0.4,7.4,4.3,18.4,0,0,3
51,110,51,0.5,6,4.6,6.9,0,0,4
51,111,42,0,3.9,5.1,5,0.6,0,3
51,112,45,0,4.1,5.5,5.4,0.7,0,3
51,113,6,0,0.6,0.7,0.7,0.1,0,1
51,116,58,0.8,7,2.8,14.4,0,0,1
51,120,28,1,2.1,1.7,5.3,0,0,3
51,122,3,0.2,0.4,0.5,0.5,0,0,1
51,123,4,0,0.2,0.6,0.6,0,0,2
51,124,9,0.2,0.3,1.4,1.3,0,0,1
51,125,15,0.4,0.4,2.3,2.2,0,0,2
51,126,5,0.2,0.6,0.4,0.7,0,0,1
51,127,34,1,3.8,2.9,4.9,0,0,3
52,1,2,0,0.1,0.1,0.6,0,0,1
52,4,3,0.1,0.2,0.4,0.6,0,0,1
52,5,6,0.2,0.5,0.7,1.1,0,0,1
52,6,1,0,0.1,0,0.3,0,0,1
52,7,5,0,0.3,0,1.7,0,0,2
52,9,9,0.3,0.3,0.8,2.4,0,0,2
52,11,5,0.3,0.2,0.6,0.8,0,0,1
52,12,1,0.1,0,0.1,0.2,0,0,1
52,13,25,0.5,1.9,2,4.7,0,0,2
52,14,34.5,1,2.3,3,6.3,0,0,4
52,15,17,0.7,1,1.7,2.9,0,0,2
52,16,6,0,0.3,0.6,1.5,0,0,1
52,19,20,0.6,2.8,1.7,2.7,0,0,2
52,20,19,0.6,2.3,2.8,1.8,0,0,3
52,22,39,1,5.9,3.1,5.2,0,0,4
52,23,15,0.4,2.1,1.3,2,0,0,2
52,26,6,0.1,0.5,0.8,1,0,0,2
52,27,24,0.7,2,3.1,4,0,0,3
52,28,46,0.7,2.9,6.4,7.2,0,0,2
52,29,6,0,0.3,0.9,0.8,0,0,1
52,33,3,0.1,0.1,0.1,1.1,0,0,1
52,34,5,0.1,0.1,0.2,1.9,0,0,1
52,36,24,0,1,3.8,3.4,0,0,2
52,37,10,0,0.4,1.6,1.4,0,0,2
52,38,24,0.5,0.9,1.9,5.5,0,0,1
52,39,19,0.2,1,3.2,2.9,0,0,2
52,40,49,0.9,2,3.9,11.2,0,0,2
52,42,13,2.2,2,1.3,0.1,0,0,1
52,43,73,0.5,22.6,6,2.9,0,1,3
52,44,82,4,10.8,8.9,4.4,0,0,1
52,47,92,2.9,7.5,14.9,13.4,0,0,3
52,48,32,0.6,2,5.5,3.3,0,0,3
52,52,17,1.7,1.2,3.1,3.1,0,0,1
52,53,24,1.9,1.6,3.2,4.4,0,0,2
52,54,4.5,0.2,0.2,0.3,0.9,0,0,2
52,56,4,0,0.4,0.6,0.3,0,0,1
52,61,72.5,7.4,13.6,5.7,6.7,0,0,2
52,62,55,3.9,6,6.5,5.3,0,0,4
52,63,50,3.4,6.4,6.1,3.9,0,0,4
52,64,3,0.3,0.2,0.4,0.3,0,0,1
52,70,29,3,0,1,8,0,0,0
52,72,51,1.7,3.5,8.2,9.1,0,0,2
52,73,10,0.4,0.3,2,1.6,0,0,3
52,81,17,0.4,0.4,2.2,3,0,0,2
52,87,1,0,0.2,0.1,0.2,0,0,1
52,89,8,0.2,0.8,0.8,1.7,0,0,1
52,90,6,0.2,0.6,0.6,1.2,0,0,1
52,91,20,0,2,3.1,2.8,0,0,1
52,93,18,0,1.8,2.8,2.5,0,0,1
52,94,2,0.1,0.1,0.1,0.4,0,0,1
52,96,3,0,0.4,0.3,0.5,0,0,1
52,104,8,0,0.8,0.8,1.4,0,0,2
52,105,10,0,1,1.1,1.6,0,0,1
52,106,34,0.6,1.8,3.6,7.7,0,0,1
52,109,1,0,0.1,0.1,0.2,0,0,1
52,110,4,0,0.5,0.4,0.5,0,0,1
52,112,16,0,1.5,1.9,1.8,0.2,0,4
52,120,5,0.2,0.4,0.3,0.9,0,0,1
52,121,11,0.2,1.4,1.5,1.3,0,0.5,2
52,122,2,0.1,0.3,0.4,0.3,0,0,1
52,127,29,0.5,3.9,2,5,0,0,3
53,0,7,0.3,0.5,0.8,0.9,0,0,1
53,2,2,0,0.1,0.1,0.6,0,0,1
53,3,9,0.2,0.6,0.7,2.2,0,0,2
53,4,3,0.1,0.2,0.4,0.6,0,0,1
53,5,9,0.3,0.7,1.1,1.7,0,0,2
53,7,1,0,0.1,0,0.3,0,0,1
53,8,4,0,0.2,0,1.4,0,0,2
53,14,2,0,0.1,0.2,0.4,0,0,1
53,15,4,0.1,0.3,0.3,0.8,0,0,1
53,21,7.5,0.2,1.3,0.4,1,0,0,1
53,22,3,0.1,0.5,0.2,0.4,0,0,1
53,25,3,0.1,0.3,0.4,0.4,0,0,1
53,26,14,0.5,1.3,1.7,2.5,0,0,1
53,27,28,0.9,2.5,3.6,5,0,0,4
53,28,41,2,2.3,4.2,6.1,0,0,1
53,35,3,0.1,0.1,0.1,1.1,0,0,1
53,36,11,0,0.4,1.8,1.5,0,0,1
53,38,5,0,0.2,0.8,0.7,0,0,1
53,41,3,0,0.2,0.6,0.1,0,0,1
53,42,50,0,3.6,10.7,1.4,0,0,1
53,43,106,0,25.4,13.1,0.1,0,0,1
53,48,4,0.1,0.1,0.7,0.5,0,0,1
53,52,30,3.7,1.8,1.9,5.4,0,0,2
53,53,42,1.5,0.3,17.3,2,0,0,2
53,55,42,2.4,1.6,2.5,9.6,0,0,3
53,57,20,0,2,3.2,1.4,0,0,2
53,61,79.5,3.3,10.6,7.6,8.8,0,0,2
53,62,15,1.4,1.5,1.5,1.7,0,0,3
53,63,23.5,2.3,2,2.6,2.7,0,0,3
53,64,35.5,3.6,2.8,4.1,4,0,0,3
53,67,8,0.2,0.5,0.8,1.8,0,0,1
53,70,4,0.1,0.3,0.9,0.5,0,0,1
53,73,1,0.1,0,0.2,0.2,0,0,1
53,82,17,0,1.9,1.5,4.1,0,0,3
53,89,5.5,0.1,0.6,0.6,1.1,0,0,1
53,90,11,0.3,1.1,1.2,2.3,0,0,2
53,94,13,0.8,0.5,1,2.6,0,0,2
53,95,69,2,2.1,14.1,10.5,0,0,3
53,96,91.5,2,4.8,7.1,20.6,0,0,3
53,99,3,0,0.2,0.2,0.8,0,0,1
53,100,19,0,1,1.5,5.1,0,0,3
53,101,16,0,0.5,0.9,4.7,0,0,1
53,103,26,0.6,2,1.8,4.1,0,0,2
53,117,11,0.4,0.8,0.6,2.1,0,0,1
53,120,11,0.3,1.3,0,2.7,0,0,1
53,121,30,0.6,4,4,3.6,0,1.2,4
53,122,1,0,0.1,0.2,0.1,0,0,1
53,125,1,0,0.1,0.2,0.2,0,0,1
53,127,8,0,1.4,0.2,1.7,0,0,3
54,1,10,0.2,0.6,0.4,2.8,0,0,2
54,2,7,0.1,0.4,0.3,2,0,0,2
54,5,34,1.1,2.8,4.1,6.4,0,0,3
54,6,15,0,0.9,0,5,0,0,3
54,8,7,0,0.4,0,2.4,0,0,2
54,10,9,0,0.5,0,3,0,0,1
54,14,1,0,0.1,0.1,0.2,0,0,1
54,16,21,0,1.1,2.1,5.2,0,0,2
54,17,13,0,0.7,1.3,3.2,0,0,2
54,20,3,0,0.5,0.1,0.6,0,0,2
54,27,2,0.1,0.2,0.2,0.4,0,0,1
54,31,1,0,0,0.1,0.4,0,0,1
54,32,5,0.1,0.1,0.2,1.9,0,0,1
54,35,3,0.1,0.1,0.1,1.1,0,0,1
54,39,49,1,1.5,6.9,7.8,0,0,2
54,40,11,0,0.7,2.6,1.1,0,0,1
54,46,4,0.1,0.1,0.7,0.5,0,0,1
54,50,2,0,0,0.4,0.3,0,0,1
54,52,31,1,0,0,16,0,0,0
54,55,8,0.4,0.3,0.5,1.9,0,0,2
54,56,2,0,0.2,0.3,0.2,0,0,1
54,57,46,0,4.5,7.3,3.3,0,0,4
54,58,70,1,6.3,12.7,4.1,0,0,3
54,59,64.5,0.4,15,9.4,0.6,0,0,2
54,60,49,1.6,3.8,10.3,2.1,0,0,4
54,61,42,1.6,4.7,4.7,5.9,0,0,2
54,62,7,0.5,0.7,0.7,0.9,0,0,2
54,63,13,1.2,1.2,1.4,1.5,0,0,2
54,65,13,1.3,1,1.6,1.4,0,0,2
54,66,57,0.3,2.9,10.5,3.4,1,0,1
54,67,26,0.5,1.7,2.6,5.7,0,0,3
54,70,55,1.9,3.7,12.1,6.5,0,0,3
54,75,5,0.1,0.1,1.2,0.4,0,0,1
54,79,19,0,2.1,1.7,4.7,0,0,2
54,85,8.5,0,0.9,0.8,2.1,0,0,1
54,86,5,0.2,0.7,0.5,1,0,0,2
54,89,8,0.2,0.8,0.8,1.7,0,0,1
54,93,33,2.1,1.2,2.4,6.5,0,0,2
54,94,15,1,0.6,1.1,2.9,0,0,1
54,95,4,0.3,0.1,0.3,0.8,0,0,1
54,96,35,1,0.8,6.6,6.9,0,0,1
54,103,3,0.1,0.2,0.2,0.5,0,0,1
54,104,42,1,3.3,2.8,6.6,0,0,3
54,105,18,0.4,1.4,1.2,2.9,0,0,2
54,117,9,0.3,0.7,0.6,1.7,0,0,2
54,119,18,0.5,2.1,0,4.4,0,0,2
54,120,12,0.3,1.4,0,3,0,0,3
54,121,52.5,1,7.1,7.1,6.1,0,1.9,4
54,122,9,0.2,1.2,1.2,1.1,0,0.3,1
54,127,5,0,0.9,0.2,1,0,0,1
55,0,1,0,0,0.1,0.3,0,0,1
55,2,10,0.4,0.3,0.7,3,0,0,2
55,3,8,0.4,0.3,0.5,2.4,0,0,1
55,5,64,2.6,11.4,2.7,15.6,0,8,1
55,6,14,0.4,0.9,1.6,3.1,0,0,1
55,8,1,0,0.1,0.1,0.2,0,0,1
55,9,1,0,0.1,0.1,0.2,0,0,1
55,10,2,0.1,0.1,0.2,0.5,0,0,1
55,11,6,0,0.2,0.6,1.3,0,0,2
55,15,5,0,0.2,0.5,1.1,0,0,2
55,17,6,0,0.3,0.3,1.4,0,0,2
55,18,38,0,2,1.6,10.6,0,0,3
55,21,6,0.1,0.3,0.3,1.4,0,0,2
55,23,4,0.1,0.2,0.2,0.9,0,0,1
55,24,17,0.3,0.7,1,3.8,0,0,3
55,25,6,0,0.2,0.4,1.4,0,0,2
55,27,1,0,0.1,0.1,0.2,0,0,1
55,31,19,0.4,0.7,3,2.5,0,0,2
55,41,9,0.2,0,0.5,2.7,0,0,2
55,42,5,0.1,0,0.3,1.5,0,0,1
55,49,3,0.1,0.3,0.3,0.3,0,0,1
55,54,27,1,0,1,11,0,0,0
55,55,23,0.6,3.3,3.1,1.3,0,0,2
55,56,18,0,2.9,3.2,0.8,0,0,3
55,57,10,0,1.7,1.8,0.3,0,0,2
55,58,120,0.3,15.4,22.8,2.5,0,0,3
55,59,47,0.8,5.5,5.9,2.4,0,0,2
55,60,20,0.2,2.5,2.5,0.9,0,0,4
55,61,24,0,2.4,4.9,1.2,0.3,0,3
55,62,25,0,2.5,5.1,1.3,0.2,0,3
55,63,59,0,3.4,6.9,9.7,0.1,0,1
55,64,4,0,0.5,0.8,0.2,0,0,1
55,65,1,0,0.1,0.2,0.1,0,0,1
55,66,35,0,5,3.3,1.7,0,0,2
55,68,2,0,0.3,0.2,0.1,0,0,1
55,69,72.5,2,5.5,7.6,9,1,0,2
55,70,8,0.3,0.6,1.1,0.8,0,0,1
55,73,10,0,0.9,1.1,2.2,0,0,2
55,74,1,0,0.1,0.1,0.2,0,0,1
55,75,101.5,5,7.7,8.3,23.8,0,0,2
55,76,10,0,1,1.7,1,0,0,2
55,84,7,0,1,1.6,0.7,0,0,1
55,85,93.5,2,5.1,4.5,31.7,0,0,2
55,86,6,0,0.4,1.6,0,0,0,2
55,87,21,0,1.2,5.7,0,0,0,2
55,89,35.5,0,0,3,9,0,0,2
55,93,5,0,0.2,0.7,1.1,0,0,1
55,96,15,0.6,1.7,1,2.3,0,0,2
55,103,1,0,0.1,0.1,0.2,0,0,1
55,104,1,0,0.1,0.1,0.2,0,0,1
55,108,4,0,0.2,0.7,0.7,0,0,1
55,109,20,0,1.1,3.2,3.6,0.2,0,3
55,110,1,0,0,0.2,0.2,0,0,1
55,111,2,0,0.2,0.4,0.2,0,0,1
55,112,2,0,0.2,0.4,0.2,0,0,1
55,117,33.5,0,1.8,2,8.9,0,0,2
55,119,5,0.4,0.5,0.7,0.5,0,0,2
55,120,1,0.1,0.1,0.1,0.1,0,0,1
55,121,2,0.1,0.2,0.2,0.4,0,0,1
55,122,102.5,2.8,6.9,10,18.8,0,0,3
56,4,13,0.6,0.5,0.8,3.9,0,0,2
56,5,2,0.1,0.1,0.1,0.6,0,0,1
56,9,7,0.2,0.5,0.8,1.5,0,0,2
56,10,4,0.1,0.3,0.4,0.9,0,0,1
56,12,1,0,0.1,0.1,0.2,0,0,1
56,18,1,0,0,0,0.5,0,0,1
56,20,1,0,0,0,0.5,0,0,1
56,21,1,0,0,0.1,0.2,0,0,1
56,22,4,0.1,0.2,0.2,0.9,0,0,1
56,26,11,0.3,1.2,0.6,2.7,0,0,2
56,27,4,0.2,0.4,0.2,1,0,0,2
56,30,31,2,0.7,4.7,3.4,0,0,1
56,31,91,2,3.2,14.4,11.8,0,0,4
56,32,9,0.2,0.4,1.4,1.1,0,0,2
56,48,30.5,0.8,3.1,3.4,3.3,0,0,3
56,52,7,0,0.9,0.4,1.2,0,0,2
56,54,50.5,1.1,7.3,6.9,2.9,0,0,3
56,55,61,1.4,8.7,8.4,3.5,0,0,4
56,56,114,0,13.6,23.8,1.1,1,0,2
56,57,35,0,5.8,6.1,1.3,0,0,4
56,58,15,0.1,2.1,2.4,0.7,0,0,3
56,59,107,5.1,11.1,21.1,2.5,0,0,2
56,60,108,2.2,5.7,24.8,1.6,0,0,2
56,61,316,2,95.9,16.8,0.5,0.1,54,1
56,62,215,0,56,22,2,0,5,0
56,63,16,0,1.7,3.2,0.8,0.1,0,2
56,64,7,0,0.8,1.5,0.3,0,0,2
56,71,8,0.6,0.4,1.3,0.6,0,0,2
56,72,1,0.1,0,0.2,0.1,0,0,1
56,73,4,0,0.4,0.4,0.9,0,0,1
56,85,4,0,0.6,0.9,0.4,0,0,1
56,86,4,0,0.2,1.1,0,0,0,1
56,87,14,0,0.7,3.9,0,0,0,2
56,93,5,0,0.3,0.6,1.1,0,0,2
56,98,3.5,0.1,0.4,0.2,0.6,0,0,2
56,103,6,0,0.4,0.8,1.3,0,0,1
56,105,21,0,1.3,2.7,4.8,0,0,2
56,107,4,0,0.2,0.7,0.7,0,0,1
56,108,28,0,1.5,4.6,5.1,0.3,0,2
56,109,13,0,0.7,2.2,2.3,0.1,0,2
56,110,4,0,0.2,0.7,0.7,0,0,1
56,112,2,0,0.2,0.4,0.2,0,0,1
56,114,35,0.3,1.5,3.4,8,0,0,3
56,115,4,0,0.2,0.4,0.9,0,0,1
56,117,17,0,0.9,1,4.6,0,0,2
56,118,2,0,0.1,0.1,0.6,0,0,1
56,120,10,0.7,1,1.6,1,0,0,1
56,121,62,1,5.2,12.4,5.8,0,8,3
56,123,8,0,1.1,1.3,0.6,0,0,3
56,124,17,0,2.4,3.1,0.7,0,0,2
57,3,1,0,0,0.1,0.3,0,0,1
57,5,5,0.2,0.2,0.3,1.5,0,0,1
57,6,4,0.1,0.3,0.4,0.9,0,0,1
57,7,3,0.1,0.2,0.3,0.7,0,0,1
57,10,11,0.3,0.8,1.2,2.4,0,0,2
57,11,5,0,0.2,0.5,1.1,0,0,1
57,13,2,0,0.1,0.2,0.4,0,0,1
57,14,5,0,0.2,0.5,1.1,0,0,1
57,17,2,0,0.1,0,0.9,0,0,1
57,18,1,0,0,0.1,0.2,0,0,1
57,21,2,0,0.1,0.1,0.5,0,0,1
57,22,6,0.1,0.2,0.4,1.4,0,0,1
57,23,7,0.1,1,1.1,0.8,0,0,2
57,25,3,0,0.1,0.2,0.7,0,0,1
57,26,6,0.2,1,0.6,0.5,0,0,2
57,27,11,0.2,1.3,0.7,2.5,0,0,3
57,30,15,1,0.3,2.3,1.6,0,0,2
57,31,20,0.4,0.7,3.2,2.6,0,0,1
57,41,6,0.1,0.6,0.5,0.9,0,0,1
57,48,5,0.3,0.2,0.9,0.2,0,0,1
57,49,77,1.9,6.1,11.4,4.4,0,0,2
57,50,72,1.5,5.6,12.1,4.8,0,0,2
57,51,1,0,0.1,0.1,0.2,0,0,1
57,55,6.5,0.1,0.9,0.7,0.6,0,0,2
57,56,15,0,2.5,2.7,0.5,0,0,2
57,57,90.5,1,8.1,10.6,14.5,0,0,2
57,58,55,0.2,5.4,9.3,2.1,0,0,3
57,59,254,18.2,20.8,60.6,2,0,0,1
57,60,419,18,38,140,41,0,53,0
57,61,245.5,15.1,14.8,57.4,40.9,0,32,1
57,62,29,0.3,3.1,5.6,1.6,0.2,0,3
57,63,122,11.9,14,19,3,0.1,0,2
57,64,65,0.7,7,12.8,1.7,0.2,0,2
57,65,5,0.1,0.5,0.9,0.1,0,0,1
57,66,11,0,3.5,0.7,0.1,0,0,1
57,67,75.5,0,7.3,15.9,0.4,0,0,2
57,68,253,0,61,25,0,0,1,0
57,69,51,0.7,11.8,4.3,2.2,0,0,1
57,71,18,1.4,0.9,2.8,1.4,0,0,1
57,72,12,0.9,0.6,1.9,0.9,0,0,1
57,78,4,0,0.4,0.7,0.4,0,0,1
57,79,113,1,5.4,14.4,19.4,0,0,2
57,85,62.5,0,4.2,10,11.2,1,0,3
57,86,10,0,0.6,2.7,0,0,0,1
57,87,18,0,1.6,2.2,2.8,0,0,1
57,90,12,0,0,1,3,0,0,1
57,91,101,1.1,3.7,11.3,22.2,0,0,3
57,92,46,0.9,1.8,4.5,10.9,0,0,3
57,93,13,0,0.7,1.7,2.8,0,0,2
57,94,1,0,0.1,0.1,0.2,0,0,1
57,97,31,0.4,2.2,0.5,8,0,0,2
57,101,30,0.3,2.8,5.4,2.7,0,0,2
57,105,2,0,0.1,0.3,0.4,0,0,1
57,106,1,0,0.2,0,0.2,0,0,1
57,107,10,0.3,1.6,0.3,2.2,0,0,1
57,108,56,0.5,5.8,5.8,9.9,0.1,0,2
57,109,7,0,0.4,1.2,1.2,0,0,2
57,110,2,0,0.1,0.3,0.4,0,0,1
57,111,2,0,0.3,0.1,0.3,0,0,1
57,112,10,0,1.3,0.7,1.7,0,0,1
57,113,67.5,1,5.1,8.8,10.4,0,0,4
57,114,30,0.4,1.4,3.2,6.3,0,0,2
57,118,7,0.3,1.9,0.3,0.6,0,0,2
57,119,3,0.2,0.8,0.1,0.3,0,0,1
57,120,48,3.3,7.7,6.6,1.9,0,0,2
57,121,66.5,1.9,3.8,3.6,14.8,0,0,2
57,122,3,0.1,0.3,0.4,0.5,0,0,1
57,123,7,0.2,0.9,0.8,0.9,0,0,3
57,124,59,2.3,5.3,10.5,3.6,0,0,3
58,6,2,0.1,0.1,0.2,0.5,0,0,1
58,7,4,0.1,0.3,0.4,0.9,0,0,1
58,9,2,0.1,0.1,0.2,0.5,0,0,1
58,10,2,0.1,0.1,0.2,0.5,0,0,1
58,17,2,0,0.1,0,0.9,0,0,1
58,19,3,0,0.1,0,1.4,0,0,2
58,22,4,0.1,0.6,0.6,0.4,0,0,1
58,23,77,3.3,5.9,4.5,17,0,0,3
58,24,15,0.5,1.2,1,3.5,0,0,3
58,25,7,0.3,0.5,0.4,1.7,0,0,2
58,26,17,0.7,2.7,1.7,1.5,0,0,2
58,27,25,0.9,4,2.6,2.2,0,0,3
58,28,14,0.6,2.2,1.4,1.2,0,0,2
58,29,3,0.1,0.3,0.2,0.7,0,0,1
58,30,9,0.2,1,0.5,2.2,0,0,2
58,31,17,1,1.3,2.7,1.8,0,0,2
58,32,65.5,5.1,10.5,4.9,11.1,0,6,2
58,33,71,1.9,3.7,12.3,9.6,0,3,2
58,34,2,0,0.2,0.3,0.3,0,0,1
58,35,42,0.7,4.3,6.2,5.5,0,0,4
58,36,20,0,2.3,3.4,0.9,0,0,2
58,40,2,0,0.3,0.3,0.1,0,0,1
58,41,9.5,0.2,1,0.8,1.4,0,0,1
58,46,7,0.3,0.4,1.6,0.3,0,0,1
58,48,53,2.9,2.1,9.3,2.4,0,0,2
58,49,68,3.8,2.6,12,3,0,0,3
58,50,169.5,5.7,7.5,28.3,11.6,0,0,1
58,51,15,0,2.3,1.7,1.3,0,0,2
58,54,3,0,0.4,0.2,0.5,0,0,1
58,55,13,0,1.7,0.8,2.2,0,0,3
58,57,30,0,2.9,4.2,1.3,0,0,1
58,58,15,0,1.5,2,0.7,0,0,2
58,59,36,0.2,3.5,6.9,1.3,0,0,2
58,60,360.5,14.1,26.2,83.3,69.4,0,14,1
58,61,452,15.2,35.9,59.5,131,2,6,1
58,62,315,21.3,39.2,21.1,83.6,0,21,2
58,63,171,7.8,16.8,19.9,31.1,0.1,0,2
58,64,82.5,2,7.8,14.8,0.9,0.6,0,4
58,65,15,0.3,1.4,2.7,0.2,0.1,0,1
58,66,98,0,24.1,11.3,0.3,0,0,3
58,67,104,0,26.2,15.1,1.3,0,0,2
58,68,176,0,65.5,2.6,0.6,0.6,0,1
58,69,11,0,3.7,0.3,0.3,0.3,0,1
58,78,2,0,0.2,0.3,0.2,0,0,1
58,86,28,0,2.5,3.4,4.4,0,0,1
58,87,45,0,1.9,11.3,4.8,0,0,2
58,91,3,0,0.2,0.4,0.6,0,0,1
58,97,9,0,0.5,0,2.7,0,0,2
58,102,23,0.2,2.1,4.2,2.1,0,0,2
58,103,143,4,4,18,44,0,1,0
58,104,52,1,10.4,8,0.8,0,0,3
58,105,36,0.7,7.1,5.5,0.6,0,0,3
58,106,2,0.1,0.3,0.1,0.4,0,0,1
58,107,24,0.8,3.8,0.8,5.3,0,0,3
58,108,108,3.6,10.7,8.5,18.7,0,0,2
58,109,2,0.1,0.2,0.3,0,0,0,1
58,112,1,0,0.1,0.1,0.2,0,0,1
58,116,7,0.2,2,0.3,0.5,0,0,2
58,117,17,0.4,4.8,0.7,1.4,0,0,2
58,118,8,0.5,2.1,0.4,0.8,0,0,3
58,119,2,0.2,0.5,0.1,0.2,0,0,1
58,120,2,0.2,0.5,0.1,0.2,0,0,1
58,122,14,0.7,2.3,0.4,2,0,0,3
58,123,8,0.4,1.2,0.3,1.2,0,0,3
59,1,3,0.1,0.1,0.2,0.9,0,0,1
59,4,2,0.1,0.1,0.1,0.6,0,0,1
59,5,6,0.3,0.2,0.4,1.8,0,0,2
59,8,6,0.2,0.4,0.7,1.3,0,0,1
59,11,2,0,0.1,0.2,0.4,0,0,1
59,13,5,0,0.2,0.5,1.1,0,0,1
59,17,5,0,0.2,0,2.3,0,0,1
59,20,1,0,0,0,0.5,0,0,1
59,23,27,0.7,3.7,3.5,3.6,0,0,2
59,27,2,0.1,0.3,0.2,0.2,0,0,1
59,28,22,0.7,3,1.8,3.5,0,0,2
59,29,5,0.1,0.5,0.3,1.2,0,0,2
59,31,55.5,0.8,3.2,17.4,5.6,0,7,2
59,32,101.5,4.6,8.2,14.6,17.2,0,4,3
59,33,78.5,4,2,6,18,0,0,0
59,34,5,0.1,0.5,0.7,0.7,0,0,1
59,36,4,0,0.5,0.6,0.2,0,0,1
59,40,16,0,2,2.6,0.8,0,0,2
59,41,32,0.6,3.4,2.7,4.8,0,0,2
59,45,25,0.6,0,1.3,7.7,0,0,2
59,46,132,5.4,5.4,16.8,33.4,0,5,1
59,47,107,1.5,10.5,23.1,2.4,0,0,2
59,48,19,0.9,0.9,4.4,0.8,0,0,1
59,50,18,1,0.7,3.2,0.8,0,0,1
59,51,72,1,11.3,8.6,5.4,0,0,3
59,52,13,0,2,1.5,1.1,0,0,1
59,53,6,0,0.8,0.4,0.9,0,0,2
59,54,30,0,3.8,1.9,5.2,0,0,1
59,55,3,0,0.4,0.2,0.5,0,0,1
59,57,13,0,1.3,1.8,0.5,0,0,2
59,59,67,0.2,2.2,19.4,0.8,0,0,1
59,60,143.5,1.3,14.6,29.2,1.3,0,0,2
59,61,634,100,32,114,44,1,108,0
59,62,293,30,17,41,66,1,8,0
59,63,73,1.3,15.8,7.5,1.9,0.1,0,2
59,65,2,0,0.2,0.4,0,0,0,1
59,66,14,0,4.4,1,0.1,0,0,2
59,67,7,0,2.2,0.5,0,0,0,1
59,69,5,0,1.7,0.1,0.1,0.2,0,1
59,91,3,0,0.2,0.4,0.6,0,0,1
59,92,2,0,0.1,0.3,0.4,0,0,1
59,98,2,0,0.1,0,0.6,0,0,1
59,99,19,0.8,2.1,1.3,2.9,0,0,1
59,101,7,0,0.7,1.2,0.7,0,0,2
59,102,68.5,3.2,3.7,6.5,15.7,0,0,1
59,103,51.5,3.3,4.2,5.5,9,0,0,3
59,104,11,0.3,2.2,1.7,0.1,0,0,2
59,106,1,0,0.2,0,0.2,0,0,1
59,107,4,0.1,0.7,0.1,0.9,0,0,1
59,108,81.5,3,8.9,7.6,12.6,0,0,3
59,109,10,0.4,1.2,1.3,0.1,0,0,2
59,113,2,0,0.3,0.1,0.3,0,0,1
59,115,5,0.1,0.4,1,0.4,0,0,1
59,116,2,0,0.6,0.1,0.2,0,0,1
59,117,78.5,0.5,30.2,3.7,1.5,0,0,1
59,118,24,0.6,6.8,1,1.9,0,0,1
59,119,2,0.2,0.5,0.1,0.2,0,0,1
59,120,4,0.3,1,0.2,0.4,0,0,1
59,122,6,0.3,0.9,0.2,0.9,0,0,2
59,124,4,0.2,0.6,0.1,0.6,0,0,1
59,125,2,0.1,0.3,0.1,0.3,0,0,1
60,2,8,0.6,0.3,0.5,1.4,0,0,2
60,3,4,0.3,0.2,0.2,0.7,0,0,1
60,5,1,0.1,0,0.1,0.2,0,0,1
60,6,24,0.9,2.6,3.9,2.2,0,0,3
60,7,13,0.4,1.4,2.2,1.2,0,0,2
60,8,1,0,0.1,0,0.2,0,0,1
60,9,3,0.1,0.2,0.1,0.6,0,0,1
60,13,1,0,0.1,0.1,0.3,0,0,1
60,15,2.5,0.1,0.2,0.2,0.7,0,0,1
60,16,7,0.2,0.2,0.5,2,0,0,1
60,19,1,0,0,0.1,0.3,0,0,1
60,20,7,0,0.4,0.6,2.1,0,0,1
60,26,1,0,0,0.1,0.3,0,0,1
60,29,4,0.1,0,0.3,1.3,0,0,1
60,30,1,0,0,0.1,0.3,0,0,1
60,31,3,0,0.3,0.3,0.5,0,0,1
60,33,2,0,0.2,0.1,0.4,0,0,1
60,40,11,0.4,1.3,0.7,1.8,0,0,2
60,41,6,0,0.2,0.7,1,0,0,1
60,44,6,0.1,0.3,1.4,0,0,0,1
60,45,190,7.6,8.8,21.7,36.2,1,4,1
60,46,81.5,0,2.4,19.6,4.4,0,4,2
60,47,8,0,0.8,1.2,0.5,0,0,1
60,48,10,0,1,1.5,0.6,0,0,1
60,51,2,0,0.2,0.2,0.3,0,0,1
60,55,8,0,0.7,0.7,1.3,0,0,1
60,58,4,0,0.6,0.6,0.2,0,0,1
60,59,68,0,7.3,13.3,2.7,0,0,2
60,60,144.5,3,14.4,26.5,6.3,0,0,2
60,61,112,3.3,15.2,14.1,5.5,0,0.2,2
60,62,297,1.6,21,75.7,0.9,0,50.4,1
60,63,124.5,2.3,25.4,17.1,0.4,0,5.1,2
60,64,34,1.9,7.9,1.9,1.2,0,0,4
60,66,17,0,1.1,1.7,2.8,0,0,1
60,68,3,0.1,0.3,0.5,0.2,0,0,1
60,69,21,0.5,1.9,3.7,1.6,0,0,1
60,74,28,0,1.3,7.2,0,0,0,2
60,75,95.5,2,5.7,17.2,6,0,0,3
60,76,16,0.6,1.5,3.3,1.2,0,0,1
60,78,11.5,0.4,1,2.4,0.9,0,0,2
60,79,1,0,0.1,0.2,0.1,0,0,1
60,90,18.5,1.1,1.1,0.8,4.5,0,0,2
60,91,1,0,0,0.1,0.3,0,0,1
60,94,39.5,2.3,0,1.7,12.8,0,0,2
60,99,19,0,1.2,1.7,3.8,0,0,1
60,100,6,0,0.4,0.5,1.2,0,0,2
60,103,21,0,2.5,2.9,0.9,0,0,2
60,104,17,0,1.9,2.4,0.8,0,0,2
60,108,24,0.5,2.5,0.6,6.1,0,0,2
60,109,49,1.2,5,1.2,12.5,0,0,4
60,113,38,0.6,7.4,4.3,1.2,0,0,2
60,114,2,0,0.4,0.2,0.1,0,0,1
60,116,10,0,0,3.1,0,0,0,1
60,117,230.5,3,39,35,10,0,2,0
60,118,157,1.3,55.6,4.1,6.2,0,0.4,1
60,119,75,3.6,5.5,12.6,4.8,0,4.9,1
60,120,37.5,1,2.7,4.5,5.1,0,1.6,4
60,121,84.5,4.1,9.7,13.5,1.5,0,0,3
60,123,5,0,0.7,0.2,1.1,0,0,1
60,124,1,0,0.1,0.1,0.2,0,0,1
60,126,5,0.2,0.7,0,1.1,0,0,1
60,127,3,0.2,0.4,0,0.6,0,0,1
61,1,2,0.1,0.1,0.1,0.4,0,0,1
61,2,1,0.1,0,0.1,0.2,0,0,1
61,3,1,0.1,0,0.1,0.2,0,0,1
61,5,16,1.2,0.8,0.8,2.8,0,0,2
61,6,83.5,5.8,8.7,9.3,11.8,0,0,3
61,7,76,4.5,9.4,3.1,22.2,0,6,1
61,9,4,0.2,0.3,0.1,0.7,0,0,1
61,10,13,0.6,1,0.3,2.4,0,0,2
61,12,29,0.7,2.6,2.6,6.4,0,0,3
61,15,14,0.4,1.1,1.2,4.2,0,0,2
61,16,17,0.4,0.4,1.3,5,0,0,3
61,17,2,0,0.1,0.1,0.6,0,0,1
61,18,5,0,0.2,0.3,1.5,0,0,2
61,22,8,1.1,0.1,0.7,0.8,0,0,2
61,24,7,0,0.5,0.8,1.6,0,0,1
61,25,14,0,1,1.7,3.2,0,0,2
61,27,8,0.3,0,0.7,2.5,0,0,2
61,28,2,0.1,0,0.2,0.6,0,0,1
61,30,7,0.2,0,0.6,2.2,0,0,1
61,31,18,0,1.8,1.4,3.1,0,0,2
61,32,5,0,0.5,0.4,0.9,0,0,1
61,33,6,0,0.6,0.6,0.9,0,0,2
61,34,29,0.4,3.4,3.9,2.5,0,0,2
61,35,11,0.1,1.3,1.5,1,0,0,2
61,37,8,0.2,1,0.5,1.4,0,0,2
61,38,31,1,3.8,2,5.2,0,0,3
61,39,4,0.1,0.5,0.2,0.7,0,0,1
61,40,2,0.1,0.3,0.1,0.3,0,0,1
61,44,68,1.1,3.5,15.5,0.4,0,0,3
61,45,65,1.1,3.5,14.7,0.3,0,0,3
61,46,23,0,2.3,3.4,1.4,0,0,2
61,48,37,0,1.4,5.5,6,0,0,3
61,49,40,1,3.4,3.7,6.8,0,0,1
61,52,3,0,0.2,0.3,0.5,0,0,1
61,54,17,0,1.4,1.5,2.8,0,0,2
61,55,1,0,0.1,0.1,0.1,0,0,1
61,60,58,0,2.4,12.4,2.7,0,0,2
61,61,93,1,3.7,20.6,1.7,0,0.7,1
61,62,283.5,0,0,83,1,0,0,0
61,63,7,0.4,1.6,0.4,0.2,0,0,1
61,65,11,0.5,2.6,0.6,0.4,0,0,3
61,66,35,0,2.2,3.5,5.8,0,0,3
61,68,2,0,0.2,0.3,0.2,0,0,1
61,70,32,0.7,2.8,5.7,2.5,0,0,1
61,75,111,1,9.1,10.5,26,1,0,1
61,76,6,0.2,0.6,1.2,0.5,0,0,1
61,78,8,0.3,0.8,1.6,0.6,0,0,1
61,88,42,0.3,2.3,5.2,10.2,0,0,2
61,92,20,0.6,0,2.2,5,0,0,2
61,103,5,0,0.6,0.7,0.2,0,0,1
61,104,34,0,0,0,12,0,0,0
61,109,8.5,0.2,0.9,0.2,2.1,0,0,1
61,113,38,0.3,7.4,5,2.2,0,0,4
61,114,3,0.1,0.6,0.3,0.1,0,0,1
61,116,35,0,0,10.9,0,0,0,1
61,117,285,11,19,60,14,0,16,0
61,118,256.5,15,18,31,37,1,0,0
61,119,28,0.8,2,3.4,3.8,0,1.2,3
61,120,26,0.8,1.8,3.2,3.5,0,1.1,3
61,121,63,6.5,4.6,8.4,0.6,0,0,2
61,122,8,0.2,0.8,1.2,0.3,0,0,2
61,123,48,0.7,5.6,4.5,6.3,0,0,2
61,124,10,0,1.3,0.5,2.1,0,0,2
61,125,5,0,0.6,0.3,1.1,0,0,2
61,126,7,0.4,0.9,0,1.5,0,0,2
61,127,7,0.3,1,0,1.5,0,0,1
62,1,22,0.8,1.5,4.1,2.1,0,0,2
62,6,13,0.4,1.4,2,1.3,0,0,2
62,7,4,0.1,0.4,0.7,0.4,0,0,1
62,9,13,0.6,1,0.2,2.5,0,0,1
62,11,2,0,0.2,0.2,0.6,0,0,1
62,12,16,0.3,1.4,1.5,3.5,0,0,2
62,13,6,0.2,0.5,0.5,1.8,0,0,1
62,14,2,0,0.2,0.2,0.6,0,0,1
62,16,10,0.2,0.3,0.8,2.9,0,0,2
62,17,10,0,0.6,0.8,2.9,0,0,2
62,18,1,0,0,0.1,0.3,0,0,1
62,21,3,0.4,0.1,0.2,0.3,0,0,1
62,22,5,0.7,0.1,0.4,0.5,0,0,1
62,24,4,0,0.3,0.5,0.9,0,0,1
62,25,18,0,1.2,2.1,4.2,0,0,1
62,27,3,0.1,0,0.3,0.9,0,0,1
62,29,2,0.1,0,0.2,0.6,0,0,1
62,30,27,0.4,1.6,3,4.8,0,0,2
62,31,9,0,0.9,0.7,1.6,0,0,2
62,33,4,0.1,0.5,0.5,0.3,0,0,1
62,34,11,0.2,1.3,1.4,1,0,0,1
62,35,11,0.2,1.3,1.4,1,0,0,1
62,36,9,0.3,1.1,0.6,1.5,0,0,1
62,44,13,0.2,0.7,2.9,0.1,0,0,2
62,45,3,0,0.2,0.7,0,0,0,1
62,48,2,0,0,0.2,0.5,0,0,1
62,49,2,0,0.1,0.3,0.3,0,0,1
62,52,3,0,0.6,0.2,0.3,0,0,1
62,54,1,0,0.1,0.1,0.1,0,0,1
62,55,1,0,0.1,0.1,0.1,0,0,1
62,58,4,0,0.6,0.6,0.2,0,0,1
62,59,5,0,0.7,0.8,0.2,0,0,2
62,61,18,0.4,1.8,3.2,0.8,0,0.4,2
62,62,25,0.5,2.3,4.2,1.6,0,0.4,2
62,68,22.5,0.3,1.7,3.1,2.7,0,0,2
62,69,14,0.2,1,1.9,1.8,0,0,2
62,70,14,0.4,1.2,2.4,1.2,0,0,2
62,71,8,0,1.1,0.8,1.6,0,0,1
62,77,2,0.1,0.2,0.2,0.3,0,0,1
62,78,35,0.8,3.9,6.5,1.8,0,0,3
62,79,58,2.3,5.3,7,6.6,0,0,2
62,88,17,0.5,1,1.5,3.4,0,0,2
62,89,32,1,2.1,2.7,6.5,0,0,3
62,90,11.5,0,0.7,1.6,1.8,0,0,1
62,91,68.5,0.6,4.2,15.3,1.5,0,0,1
62,92,59,1.3,2.6,13.2,0.7,0,0,1
62,93,4,0.1,0.3,0.6,0.4,0,0,1
62,96,33,0.9,3.3,2.5,6.6,0,0,4
62,97,13,0.5,1.4,1,2.6,0,0,1
62,106,2,0.1,0,0.2,0.7,0,0,1
62,108,5,0.1,0.5,0.1,1.3,0,0,1
62,112,13,0.1,1.4,1.5,1.9,0,0,3
62,113,1,0,0.2,0.1,0.1,0,0,1
62,116,113.5,0.7,3.5,30.7,0,0,0,1
62,117,225,0.7,40.5,35.7,17,0,10,1
62,118,637,47,21,82,164,0,69,0
62,119,96.5,7.1,6.1,25.2,1.3,0,23.1,1
62,120,17,0.5,1.2,2.1,2.2,0,0.8,2
62,121,3,0,0.5,0.1,0.8,0,0,2
62,122,19,0.5,2,2.6,1.2,0,0,2
62,126,8,0.4,1.1,0,1.7,0,0,1
62,127,29.5,0.2,3.8,1.3,7.3,0,0,3
63,0,5,0.5,0.3,0.6,1,0,0,1
63,1,64.5,3.2,4.5,8.7,10.3,0,0,3
63,5,7,0.5,0.3,0.4,1.2,0,0,1
63,6,9,0.4,0.7,0.2,1.6,0,0,2
63,11,6,0.1,0.5,0.6,1.8,0,0,2
63,13,1,0,0.1,0.1,0.3,0,0,1
63,16,1,0,0,0.1,0.3,0,0,1
63,17,3,0,0.1,0.3,0.9,0,0,2
63,19,2,0,0.1,0.2,0.6,0,0,1
63,20,4,0,0.2,0.4,1.2,0,0,1
63,22,8,1.1,0.2,0.6,0.8,0,0,1
63,24,2,0.1,0.2,0.2,0.3,0,0,1
63,25,5,0.3,0.5,0.5,0.7,0,0,2
63,27,2,0,0.2,0.2,0.2,0,0,1
63,28,19,0.2,1.7,2.1,2.3,0,0,2
63,29,21,0.4,1.6,2.5,2.7,0,0,4
63,30,12,0.2,1,1.4,1.6,0,0,3
63,33,2,0.1,0.2,0.1,0.4,0,0,1
63,44,15,0,0.6,1.7,2.4,0,0,2
63,45,56,2,3.7,2.9,10.8,0,0,1
63,47,4,0,0,0.4,0.9,0,0,1
63,51,12,0,2.3,0.9,1.2,0,0,2
63,52,27.5,0,5.4,2.1,2.6,0,0,3
63,53,9,0,1.2,0.6,1.3,0,0,3
63,54,13,0,1.1,1.1,2.1,0,0,2
63,55,6,0,0.5,0.5,1,0,0,1
63,61,14,0,1.2,2,1.9,0,0,1
63,62,36,0,3,5.2,4.8,0,0,2
63,63,12,0,1,1.8,1.5,0,0,2
63,64,4,0,0.3,0.6,0.5,0,0,1
63,65,1,0,0.1,0.2,0.1,0,0,1
63,66,7,0,0.8,0.9,1.2,0,0,1
63,67,14,0,1.6,1.8,2.4,0,0,1
63,68,27,0,3.1,3.6,4.6,0,0,2
63,72,1,0,0.1,0.1,0.2,0,0,1
63,73,6,0,0.8,0.6,1.2,0,0,2
63,75,1,0,0.1,0.1,0.2,0,0,1
63,78,27,0.3,3.1,5.5,0.7,0,0,1
63,79,16,0.2,1.9,3.2,0.4,0,0,4
63,80,105.5,1.4,14.6,21.2,0.8,0,0,2
63,81,111,3,11.8,21,4,0,0,2
63,82,66.5,1.5,8.1,13.8,0,0,10,1
63,83,23,0.5,4.5,3.1,0,0,0,1
63,84,4,0.1,0.8,0.5,0,0,0,1
63,89,60,1,3,4.5,14.2,0,0,3
63,90,14,0,0.9,1.9,2.2,0,0,2
63,91,185,7,17,37,15,0,10,0
63,92,196.5,11,19,22,45,0,21,0
63,93,6,0.2,0.4,0.9,0.6,0,0,1
63,95,34,1.6,3.3,2.7,4.8,0,0,3
63,102,4,0.1,0.3,0.2,1,0,0,1
63,103,12,0.2,0.9,0.7,3,0,0,2
63,105,17,0.3,1.2,1,4.3,0,0,3
63,106,6,0.2,0,0.7,2,0,0,1
63,107,2,0.1,0,0.2,0.7,0,0,1
63,117,106,5.1,18.3,17.5,2,0,0,2
63,118,308.5,10.9,27.9,68.7,25.7,0,46,1
63,119,113,1.3,14,31.2,3.2,0,10,1
63,120,82.5,2.6,5.1,18.2,1.2,0,5,1
63,121,8,0,1.3,0.3,2.1,0,0,2
63,122,4,0,0.7,0.1,1.1,0,0,2
63,127,2,0,0.3,0.1,0.5,0,0,1
64,0,11,1,0.9,1.2,2.3,0,0,3
64,1,27,0.9,1.9,5.1,2.6,0,0,2
64,2,1,0,0.1,0.2,0.1,0,0,1
64,6,7,0.3,0.6,0.1,1.3,0,0,1
64,8,1,0,0.1,0,0.2,0,0,1
64,9,12,0.6,0.9,0.2,2.2,0,0,1
64,11,2,0,0.2,0.2,0.6,0,0,1
64,16,5,0,0.3,0.4,1.5,0,0,1
64,21,5,0.7,0.1,0.4,0.5,0,0,1
64,22,10,1.3,0.2,0.8,1,0,0,1
64,24,1,0.1,0.1,0.1,0.1,0,0,1
64,25,40,2.6,4.1,3.3,5.9,0,0,3
64,26,4,0,0.5,0.3,0.4,0,0,1
64,27,13,0,1.5,1.1,1.4,0,0,3
64,28,12.5,0,1.4,1.1,1.4,0,0,2
64,29,7,0.1,0.6,0.8,0.9,0,0,2
64,30,1,0,0.1,0.1,0.1,0,0,1
64,31,18,0.5,1.7,1.1,3.8,0,0,2
64,33,3,0.1,0.3,0.2,0.6,0,0,2
64,34,9,0.3,0.8,0.5,1.9,0,0,1
64,41,2,0,0.1,0.2,0.3,0,0,1
64,42,2,0,0.1,0.2,0.3,0,0,1
64,43,29,0,1,3.4,4.8,0,0,3
64,44,2,0,0.1,0.2,0.3,0,0,1
64,45,6,0,0.2,0.7,1,0,0,2
64,46,5,0,0,0.5,1.1,0,0,1
64,47,60,0,0,5.8,13.7,0,0,2
64,48,15,0,0.1,1.7,3.2,0,0,2
64,50,9.5,0,0.3,1.4,1.6,0,0,2
64,51,3,0,0.6,0.2,0.3,0,0,2
64,53,2,0,0.4,0.1,0.2,0,0,1
64,54,3,0,0.2,0.3,0.5,0,0,1
64,57,2,0,0.3,0.3,0.1,0,0,1
64,58,1,0,0.1,0.2,0,0,0,1
64,59,7,0,1,1.1,0.3,0,0,2
64,60,4,0,0.6,0.6,0.2,0,0,1
64,61,7,0,0.6,1,0.9,0,0,1
64,63,1,0,0.1,0.2,0.1,0,0,1
64,64,3,0,0.3,0.4,0.4,0,0,1
64,66,5,0,0.6,0.6,0.9,0,0,2
64,68,3,0,0.2,0.3,0.5,0,0,1
64,70,6,0,0.3,0.6,1.1,0,0,3
64,71,9,0,1.2,0.9,1.8,0,0,1
64,72,5,0,0.7,0.5,1,0,0,2
64,76,80.5,4.5,6.6,4.6,14.3,1,0,2
64,77,6,0.3,0.6,0.6,0.8,0,0,1
64,79,6,0,0.7,1.2,0.2,0,0,2
64,80,98,4.5,7.1,21,1.1,0,0,3
64,81,176,12,14,21,14,0,0,0
64,82,231,12,26,31,26,0,0,0
64,83,35.5,0.8,6.9,4.8,0,0,0,3
64,91,3,0.1,0.2,0.5,0.3,0,0,1
64,92,70,0.6,7.3,13.5,3.6,0,0,2
64,94,24,1.1,2.3,1.9,3.5,0,0,3
64,95,5,0.2,0.5,0.4,0.7,0,0,1
64,98,29,0.6,2.6,2.3,5.9,0,0,2
64,102,33,0.5,2.5,1.9,8.2,0,0,2
64,103,2,0,0.2,0.1,0.5,0,0,1
64,108,8,0.2,0,0.9,2.7,0,0,1
64,111,21,0.3,1.5,2.4,3.3,0,0,4
64,112,14,0.2,1,1.5,2.4,0,0,2
64,113,28,0.4,1.9,3.1,4.7,0,0,1
64,115,10.5,0,2.1,1.5,1,0,0,2
64,116,6,0.1,0.3,1.5,0,0,0,1
64,117,166,5,20.2,29.8,6,0,0,2
64,118,48.5,2.4,4.1,12.8,1.2,0,0,2
64,119,2,0.2,0.5,0.1,0.1,0,0,1
64,120,11,0.9,2.7,0.6,0.5,0,0,3
64,121,1,0,0.2,0,0.3,0,0,1
64,122,5,0,0.8,0.2,1.3,0,0,1
64,125,3,0,0.5,0.1,0.8,0,0,2
64,126,8,0,1.1,0.4,2,0,0,3
65,0,2,0.2,0.2,0.2,0.6,0,0,1
65,2,6,0.4,0.7,0.6,1.1,0,0,2
65,5,2,0.1,0.2,0.2,0.4,0,0,1
65,6,7,0.1,0.4,0.8,1.5,0,0,2
65,8,10,0.2,0.5,1.2,2.1,0,0,2
65,11,3,0.1,0.1,0.3,0.6,0,0,1
65,13,5,0.1,0.2,0.5,1,0,0,1
65,15,3,0.1,0.1,0.3,0.6,0,0,1
65,16,14,0.5,0.6,1.7,2.5,0,0,1
65,17,4,0.1,0.2,0.5,0.7,0,0,1
65,19,5,0.7,0.5,0.5,0.5,0,0,2
65,20,16,2.4,1.9,1.4,1.4,0,0,1
65,22,16.5,1.2,0.7,4.1,1.1,0,0,3
65,23,21,1.5,1,5.3,1.3,0,0,2
65,26,4,0,0.4,0.6,0.6,0,0,2
65,28,7,0.3,0.4,1.4,0.7,0,0,1
65,29,22,0.9,1.2,4.4,2.3,0,0,1
65,30,75,2.4,6,14.2,4.8,0,0,2
65,31,155,8.5,18,11.6,46.5,0,10,2
65,32,43,3.6,5.5,4.1,6.8,0,0,2
65,33,4,0.2,0.4,0.5,1.1,0,0,1
65,34,19,1.1,2,2,5.2,0,0,3
65,35,4,0.2,0.4,0.4,1.2,0,0,2
65,39,8,0.4,0.8,0,3,0,0,1
65,40,2,0.1,0.2,0,0.7,0,0,1
65,41,5,0.1,0.1,0.7,1,0,0,1
65,42,1,0,0,0.2,0.2,0,0,1
65,43,2,0,0.2,0.2,0.3,0,0,1
65,44,25,0,3.1,2.5,3.3,0,0,3
65,45,6,0,0.7,0.6,0.8,0,0,2
65,47,10,0.1,1.7,1.1,0.8,0,0,1
65,51,5,0,0.7,0.8,0.2,0,0,2
65,52,3,0,0.4,0.5,0.1,0,0,1
65,58,2,0,0.1,0.1,0.5,0,0,1
65,59,4,0.1,0.1,0.3,0.9,0,0,1
65,60,10,0.2,0.3,0.6,2.3,0,0,1
65,61,2,0.1,0.2,0.2,0.2,0,0,1
65,62,32,0.7,2.3,3.7,3.7,0,0,4
65,66,14,0.6,1,1.2,1.7,0,0,3
65,68,2,0.1,0.1,0.2,0.2,0,0,1
65,71,2,0.1,0.2,0.3,0.2,0,0,1
65,73,4,0.3,0.3,0.9,0.2,0,0,1
65,76,10,0.3,2.2,0.7,0.5,0,0,1
65,78,31.5,0.2,2.3,7.4,4.3,0,0,1
65,80,116,1,6,25,3,0,0,0
65,81,121,53,4,16,4,0,45,0
65,82,186.5,6,1.1,27.6,50.1,1,0,1
65,83,100.5,2.8,4.5,26.5,9.9,2,0,2
65,92,3,0.2,0.2,0.2,0.4,0,0,1
65,93,8,0.4,0.7,0.5,1.1,0,0,1
65,94,1,0,0.1,0.1,0.1,0,0,1
65,98,14,0.2,0,2.6,2.2,0,0,3
65,99,3,0.1,0,0.5,0.5,0,0,1
65,102,7,0.1,0.7,0.6,0.8,0,0,1
65,111,18,0.9,2.9,0.4,3.3,0,0,2
65,112,4,0.1,0.7,0.1,0.7,0,0,2
65,114,1,0,0.1,0.1,0.2,0,0,1
65,115,1,0,0.1,0.1,0.2,0,0,1
65,117,118,3.3,8,17.5,11.5,0,0,2
65,118,172,6.6,22.6,20.5,19.8,0,0,1
65,119,53,0.6,5.6,9.5,2.8,0,4,1
65,120,24,0.7,1.8,4,2,0,0,2
65,121,7,0.1,0.6,0.4,0.9,0,0,1
65,123,5,0.1,0.4,0.3,0.6,0,0,1
65,124,10,0.6,1,1.3,0.7,0,0,2
65,125,46,2.5,4.9,5.8,3.2,0,0,2
65,127,53,1,2.5,6.8,9.3,0,0,2
66,3,3,0.2,0.3,0.3,0.6,0,0,2
66,4,3,0.2,0.3,0.3,0.6,0,0,1
66,5,2,0.1,0.2,0.2,0.4,0,0,1
66,8,8,0.2,0.4,0.9,1.7,0,0,2
66,9,9,0.2,0.4,1.1,1.9,0,0,1
66,10,6,0.2,0.3,0.7,1.2,0,0,2
66,11,10,0.2,0.4,0.9,2,0,0,1
66,13,4,0.1,0.2,0.3,0.8,0,0,1
66,15,22,0.4,1,1.9,4.4,0,0,3
66,16,27,1,1.1,3.3,4.8,0,0,3
66,18,2,0.1,0.2,0.2,0.3,0,0,2
66,19,1,0.1,0.1,0.1,0.1,0,0,1
66,23,7,0.5,0.3,0.6,1.3,0,0,2
66,24,9,0.6,0.4,0.7,1.8,0,0,2
66,25,27,1.9,1.3,2,5.4,0,0,3
66,26,20,0,1.3,3.2,3.1,0,0,2
66,27,7,0,0.5,1.1,1.1,0,0,2
66,28,6,0,0.4,1,0.9,0,0,1
66,29,29,1.2,1.7,5.8,2.9,0,0,3
66,30,59,1,2.3,13.6,4.3,0,0,3
66,31,66,6.9,10.1,5.6,7.2,0,0,3
66,32,8,0.6,1.3,0.8,0.7,0,0,2
66,34,2,0.1,0.2,0.2,0.6,0,0,1
66,35,6,0.3,0.6,0.7,1.7,0,0,2
66,36,1,0,0.1,0,0.4,0,0,1
66,38,1,0,0.1,0,0.4,0,0,1
66,41,4,0.1,0,0.6,0.8,0,0,1
66,42,51,1.7,0.9,7.3,9.8,0,0,3
66,44,2,0,0.2,0.2,0.4,0,0,2
66,45,11,0,1.3,1.1,1.5,0,0,1
66,46,25.5,0.3,4.2,3,2,0,0,3
66,47,15.5,0.2,2.5,1.8,1.3,0,0,1
66,48,5,0.1,0.8,0.6,0.4,0,0,1
66,49,15,1.3,1.3,1.6,0.8,0,0,2
66,50,6,0.5,0.5,0.7,0.3,0,0,2
66,51,73,0,9.2,12.1,5.8,0,0,3
66,53,4,0,0.1,0.3,1.2,0,0,1
66,54,4,0,0,0.4,1.2,0,0,2
66,60,63,0.4,3.6,5.3,10.9,0,0,2
66,61,9,0.2,0.6,1.1,1,0,0,1
66,63,21,1.1,1.1,1.7,4,0,0,2
66,64,6,0.3,0.3,0.5,1.2,0,0,1
66,67,3,0.2,0.2,0.2,0.4,0,0,1
66,68,4,0.2,0.3,0.3,0.5,0,0,1
66,71,3,0.1,0.3,0.5,0.3,0,0,2
66,72,50,1.1,5.3,7.5,5.8,0,0,3
66,73,150,2.4,8.7,26.2,24.2,0,16,2
66,80,153,13.2,25.4,12.9,3.2,0,0,1
66,81,329.5,101,22,12,14,0,23,0
66,82,593,27,39,131,100,2,34,0
66,83,378,17.7,75.3,72.9,18.8,0,68,1
66,84,20,2.7,2.4,1,1,0,0,4
66,85,12,1.7,1.4,0.7,0.5,0,0,3
66,92,77,2.4,9.7,8.5,7.1,0,0,1
66,93,68.5,2.4,2.1,3.3,16.5,0,0,2
66,94,2,0,0.2,0.3,0.1,0,0,1
66,99,11,0.2,0,2,1.8,0,0,2
66,112,15.5,0.8,2.5,0.4,2.8,0,0,2
66,113,5,0.2,0.7,0.2,1.1,0,0,2
66,114,2,0.1,0.3,0.1,0.4,0,0,1
66,116,11,0.2,0,1.2,4,0,0,1
66,117,8,0.1,0,0.8,3,0,0,1
66,118,55,5.5,2,5.6,9.9,0,0,2
66,119,70,2,3.6,13.8,4.8,0,0,3
66,120,88,1.4,12,19.2,1.1,0,0,2
66,121,16,0.3,1.2,1,1.9,0,0,2
66,123,2,0.1,0.2,0.1,0.2,0,0,1
66,126,14,0,1.5,1.8,1.3,0,0,2
66,127,281.5,10,25.9,44,16.7,0,1,1
67,0,4,0,0.2,0.2,1.4,0,0,1
67,1,9,0.6,1.1,0.9,1.6,0,0,2
67,2,1,0.1,0.1,0.1,0.2,0,0,1
67,8,19,0.5,1,2.4,3.8,0,0,3
67,9,33,1,1.6,4.4,6.3,0,0,4
67,11,1,0,0.1,0.1,0.2,0,0,1
67,15,1,0,0.1,0.1,0.2,0,0,1
67,16,4,0.1,0.2,0.5,0.7,0,0,1
67,23,4,0.3,0.2,0.3,0.8,0,0,1
67,24,42,2.9,2.2,2.9,8.4,0,0,2
67,25,12,0.8,0.6,0.9,2.4,0,0,2
67,26,65,1.8,3.9,11.9,4.5,0,0,1
67,27,35,0.3,2.4,5.1,5.5,0,0,4
67,29,3,0.1,0.2,0.6,0.3,0,0,1
67,30,5,0.2,0.3,1,0.5,0,0,1
67,31,18,1.2,2.9,1.8,1.8,0,0,2
67,32,9,0.2,1.3,0.9,1.3,0,0,3
67,33,4,0.2,0.6,0.4,0.5,0,0,2
67,34,11,0.2,1.5,1.1,2,0,0,2
67,36,2,0,0.2,0,0.8,0,0,2
67,40,2,0.1,0.2,0,0.7,0,0,1
67,42,1,0,0,0.2,0.2,0,0,1
67,43,3,0.2,0.4,0.4,0.1,0,0,1
67,44,68,0.7,1.8,14.8,1.4,0,0,1
67,45,44.5,0.9,5.8,4.8,4.3,0,0,3
67,46,44,1,6.5,5.7,2.8,0,0,4
67,47,182,1.2,7.5,40.7,6.2,0,0,1
67,48,100,3.8,8.4,10.8,11.6,0,0,3
67,49,10,0.2,2.4,0.8,0.7,0,0,1
67,51,65,0,12.2,4.9,8.6,0,0,1
67,52,4,0,0.5,0.7,0.2,0,0,1
67,56,3,0,0.1,0.4,0.6,0,0,1
67,57,2,0,0,0.3,0.4,0,0,1
67,60,37,0.4,1.2,3,8.4,0,0,3
67,63,33,1.5,1.6,3.2,4.8,0,0,2
67,64,5,0.1,0.6,0.2,1.1,0,0,2
67,65,6,0.3,0.3,0.5,1.2,0,0,1
67,66,2,0.1,0.1,0.2,0.2,0,0,1
67,69,40,0.7,3.6,4.3,5,0,0,1
67,70,4,0.1,0.4,0.4,0.5,0,0,1
67,71,3,0,0.2,0.6,0.1,0,0,1
67,72,133,0.3,17.3,26,2.5,0,0,1
67,73,169.5,1.7,8.6,36,3.5,0,0,2
67,74,9,0.2,0.5,1.8,0.8,0,0,3
67,77,20,0.6,4.3,1.4,1.1,0,0,2
67,79,14,0.6,1.1,2.9,0.9,0,0,2
67,80,246.5,5.3,12.9,54.1,5.3,0,0,1
67,81,83,6.4,17.6,8,2.6,0,0,3
67,82,276,112,11,23,7,0,108,0
67,83,550,129,58,38,11,0,167,0
67,84,29,2.6,2.9,2.3,3.2,0,0,2
67,85,45,5,4.9,2.9,3.8,0,0,4
67,92,6,0.3,0.5,0.4,0.8,0,0,1
67,93,15,0.3,1.5,1.9,1.4,0,0,3
67,94,20,0.1,2.1,3,1.7,0,0,3
67,95,28,0.4,3.8,3.4,3,0,0,2
67,96,16,0.4,0,2.9,2.5,0,0,1
67,99,19,0,1.7,2.3,3.5,0,0,2
67,103,31,0.3,3.2,2.8,3.5,0,0,1
67,106,4.5,0.2,0,0.5,1.5,0,0,1
67,109,1,0,0,0.1,0.4,0,0,1
67,112,2,0.1,0.3,0.1,0.4,0,0,1
67,113,5,0.2,0.6,0.3,1.1,0,0,2
67,114,2,0.1,0.3,0.1,0.4,0,0,1
67,118,4,0.1,0,0.4,1.5,0,0,1
67,119,54,4.4,1,7.5,7.2,0,0,2
67,120,4,0.1,0.3,0.7,0.3,0,0,1
67,121,5,0.1,0.4,0.3,0.6,0,0,1
67,126,14,0.2,1.5,1.7,1.3,0,0,2
67,127,306.5,14,39,51,1,0,0,0
68,0,14,0,0.6,0.7,4.9,0,0,3
68,4,5.5,0,0.1,1,1.1,0,0,3
68,5,14,0,0.3,2.4,2.8,0,0,2
68,9,30,1.2,1.3,4.9,4.5,0,0,4
68,11,1,0,0.1,0.1,0.2,0,0,1
68,12,4,0.1,0.2,0.3,0.8,0,0,1
68,13,7,0.1,0.3,0.7,1.4,0,0,2
68,14,4,0.1,0.2,0.3,0.8,0,0,1
68,16,8,1.2,0.9,0.7,0.7,0,0,2
68,19,21,0.7,0.7,0.9,6,0,0,3
68,25,4,0.3,0.2,1,0.2,0,0,1
68,26,38,1.4,3.4,3.5,6.3,0,0,3
68,28,36,0.8,4.5,4.6,4.6,0,0,4
68,29,17,0.2,2.4,2.5,1.9,0,0,2
68,30,23,0.3,3.2,3.3,2.6,0,0,1
68,31,8,0.1,1.1,0.8,1.3,0,0,2
68,32,14,0.2,2,1.3,2.2,0,0,2
68,33,10,0.1,1.4,1,1.6,0,0,2
68,34,5,0.1,0.7,0.5,0.8,0,0,1
68,43,2,0.1,0.3,0.3,0,0,0,1
68,44,71,1.1,12.2,9,0.7,0,0,2
68,45,37,1.1,8.3,4.3,0,0,0,1
68,47,238.5,46.3,17.5,19.1,13.9,0,34,2
68,48,228,15.8,64.7,3.7,4.5,0,43,2
68,49,37,0.9,8.9,2.7,2.5,0,0,2
68,50,22,0.5,5.3,1.7,1.5,0,0,2
68,53,15,0,0.4,1.2,4.6,0,0,1
68,57,4,0,0.1,0.5,0.9,0,0,1
68,60,10,0,0.2,1.3,2.2,0,0,2
68,63,2,0.1,0.1,0.2,0.3,0,0,1
68,65,5,0,1,0,1.2,0,0,1
68,66,4,0.2,0.3,0.3,0.5,0,0,1
68,67,19,0.8,1.5,1.5,2.3,0,0,2
68,69,1,0,0.1,0.1,0.1,0,0,1
68,70,3,0,0.3,0.3,0.4,0,0,1
68,71,55,0.4,3.5,11.3,1.3,0,0,2
68,72,79,0.3,6.4,18.8,0.9,0,0,2
68,73,56,0.2,3.2,11,3.9,0,0,3
68,74,18,0,0.9,3.5,1.9,0,0,3
68,76,4,0.1,0.9,0.3,0.2,0,0,1
68,77,2,0.1,0.4,0.1,0.1,0,0,1
68,79,2,0,0.1,0.4,0.2,0,0,1
68,80,95.5,0.2,1.1,26,1.4,0,0,1
68,81,30,1.3,11.7,1,0.3,0,0,1
68,82,18,0.6,3.9,2.4,0.6,0,0,2
68,83,108,2.5,16.7,13.5,8.2,0,0,1
68,84,92,4,6,16,10,0,0,0
68,85,48,2.8,4.1,2.9,10.7,0,0,3
68,86,3,0.6,0.1,0.2,0.6,0,0,1
68,92,19,0,1.7,3.1,1.3,0,0,1
68,93,26,0.2,2.8,3.7,2.3,0,0,3
68,94,43,0.1,6.7,6.6,0.5,0,0,1
68,99,42,0,0.9,2.2,13.8,0,0,1
68,103,30,0.3,3,2.8,3.3,0,0,2
68,104,15,0.2,1.5,1.3,1.7,0,0,2
68,109,7,0.2,0,0.8,2.4,0,0,1
68,110,3,0.1,0,0.3,1,0,0,1
68,113,30,1.1,2.2,3.7,4.7,0,0,3
68,114,34,0,1,5,5,0,0,0
68,122,2,0.1,0.2,0.1,0.2,0,0,1
68,126,3,0.1,0.3,0.4,0.3,0,0,1
68,127,102,3,11.9,15.4,6.5,0,0,3
69,0,2,0,0.1,0.1,0.7,0,0,1
69,1,6,0.4,0.7,0.6,1.1,0,0,2
69,2,11,0.8,1.3,1.1,2,0,0,2
69,4,13,0,0.4,2.2,2.6,0,0,4
69,5,3,0,0.1,0.5,0.6,0,0,1
69,7,1,0,0.1,0.1,0.2,0,0,1
69,9,21,0.8,1,3.4,3.1,0,0,3
69,10,6,0.3,0.3,0.9,0.9,0,0,2
69,11,3,0.1,0.1,0.3,0.6,0,0,1
69,12,9,0.2,0.4,0.8,1.8,0,0,2
69,14,17,0.4,0.7,1.5,3.4,0,0,2
69,16,3,0.4,0.3,0.3,0.3,0,0,1
69,19,3,0.1,0.1,0.1,0.9,0,0,1
69,20,4,0.1,0.2,0.2,1.1,0,0,1
69,25,1,0.1,0,0.2,0.1,0,0,1
69,29,5,0,0.7,0.8,0.5,0,0,2
69,32,5,0.1,0.7,0.5,0.8,0,0,1
69,37,5,0.3,0.5,0,1.8,0,0,2
69,43,5,0.3,0.7,0.7,0.1,0,0,1
69,44,71,1.4,11.9,11.7,0.8,0,0,2
69,45,176.5,15.2,17,18.6,16.3,0,0,2
69,46,226,15,29,42,23,0,42,0
69,47,205.5,14,11.8,24.4,41.8,0,2,2
69,48,37,1.2,7.1,4,2,0,0,4
69,49,148,1.7,23.7,25.1,2.9,0,0,2
69,50,10,0.2,2.3,0.8,0.7,0,0,3
69,52,7,0,0.2,0.5,2.2,0,0,1
69,53,9,0,0.2,0.7,2.8,0,0,1
69,57,9,0,0.2,1.2,1.9,0,0,2
69,63,8,0.4,0.4,0.8,1,0,0,2
69,64,9,0,1.8,0,2.1,0,0,2
69,65,14,0,2.8,0,3.3,0,0,4
69,66,15,0.7,1.1,1.2,1.9,0,0,2
69,67,2,0.1,0.1,0.2,0.2,0,0,1
69,70,8,0.1,0.8,0.8,1,0,0,2
69,72,5,0.1,0.3,1,0.1,0,0,1
69,73,33.5,0,1.7,6.4,3.7,0,0,2
69,74,45,0,1.6,6.3,7.3,0,0,2
69,76,16,0.5,3.5,1.1,0.8,0,0,2
69,77,2,0.1,0.4,0.1,0.1,0,0,1
69,79,24,0.3,1.6,4.2,2,0,0,2
69,80,116.5,1.3,6.7,11.7,25.1,0,0,3
69,84,51,4.2,4.9,4.4,6.2,0,0,3
69,85,40,3.3,3.7,3.3,5,0,0,3
69,86,21,4.3,0.9,1,4.3,0,0,2
69,92,29,0,2.5,4.8,2,0,0,2
69,93,29,0.2,3.2,4.1,2.6,0,0,2
69,94,69,0.4,4,14.6,3.3,0,0,2
69,95,74,1.5,7.2,9.6,9,0,0,2
69,99,4,0,0.4,0.5,0.7,0,0,1
69,104,3,0,0.3,0.3,0.3,0,0,1
69,105,40,0.1,3.2,4.1,6.4,1,0,1
69,106,2,0,0,0.2,0.8,0,0,2
69,111,6,0.3,0.8,0.3,1.3,0,0,1
69,113,66,1,6,13,7,0,0,0
69,114,29,0.7,0,6.2,2.1,0,0,2
69,118,3,0.1,0,0.3,1.1,0,0,1
69,121,4,0.1,0.3,0.2,0.5,0,0,1
69,122,2,0.1,0.2,0.1,0.2,0,0,1
69,123,5,0.1,0.4,0.3,0.6,0,0,1
69,125,2,0.1,0.2,0.1,0.2,0,0,1
69,126,21,1,2.2,2.3,2,0,0,2
69,127,31,1.4,3.2,3.4,3,0,0,3
70,3,9,0.5,0.5,0,2.6,0,0,1
70,4,8,0.4,0.5,0,2.3,0,0,1
70,5,10,0.5,0.6,0,2.9,0,0,3
70,6,6,0.3,0.9,0.2,1.6,0,0,2
70,10,3,0.2,0.4,0.1,0.8,0,0,1
70,11,2,0.1,0,0.1,0.6,0,0,1
70,14,2,0.1,0,0.1,0.6,0,0,1
70,15,4,0.2,0,0.2,1.2,0,0,2
70,16,2,0.2,0.2,0.2,0.2,0,0,1
70,17,4,0.4,0.4,0.4,0.4,0,0,2
70,18,8,0.8,0.7,1,0.6,0,0,2
70,19,4,0,0.8,0.1,0.9,0,0,1
70,20,8,0,1.6,0.2,1.7,0,0,2
70,22,3,0.1,0.4,0.3,0.4,0,0,1
70,23,3,0.1,0.4,0.3,0.4,0,0,1
70,24,5,0.1,0.8,0.5,0.6,0,0,1
70,25,13,0.4,2,1.4,1.5,0,0,3
70,26,12,1.3,0.6,1.2,1.1,0,0,2
70,27,6,0.6,0.3,0.6,0.6,0,0,2
70,28,9,0.9,0.8,0.6,0.9,0,0,2
70,33,4,0.2,0.2,0.1,1,0,0,1
70,34,3,0.1,0.2,0.1,0.7,0,0,1
70,36,5,0.4,0.1,0.3,1,0,0,1
70,37,3,0.3,0,0.2,0.6,0,0,2
70,38,8,0.6,0.2,0.4,1.7,0,0,1
70,42,11,0.4,1.2,1.5,0.2,0,0,2
70,43,176.5,20.6,15.4,20.9,5.6,0,0,1
70,44,86,0.8,2.1,21.8,2.6,0,0.5,3
70,45,58,1.3,8.6,7.1,3.7,0,0.1,2
70,46,298.5,17,35,33,53,0,12,0
70,47,661,31,23,119,155,2,32,0
70,48,234,10,7,38,33,0,0,0
70,49,187,2.4,36.2,29.4,3.6,0,0,1
70,50,87,9.7,9.1,9.3,4.3,0,0,2
70,51,31,0,4.1,2.8,2.2,0,0,2
70,52,25,0,3.3,2.2,1.9,0,0,2
70,54,5,0,0.1,0.7,0.9,0,0,1
70,55,4,0,0.1,0.5,0.7,0,0,1
70,61,5,0.1,0.2,0.7,0.9,0,0,1
70,62,2.5,0.1,0.1,0.4,0.4,0,0,1
70,64,1,0,0.1,0.1,0.1,0,0,1
70,65,26,0.4,1.8,3.4,2.6,0,0,2
70,66,21,0,3.9,1.6,2.8,0,0,1
70,67,6,0,1.2,0.4,0.8,0,0,2
70,68,12,0,1.8,0.9,2,0,0,3
70,69,6,0,0.1,0.4,1.7,0,0,1
70,70,2,0,0,0.1,0.6,0,0,1
70,71,1,0,0,0.2,0.2,0,0,1
70,72,6,0.1,0.2,1,1.3,0,0,2
70,74,9,0.2,0.4,1.4,1.9,0,0,2
70,75,1,0,0,0.2,0.2,0,0,1
70,76,25,0.4,4.2,1.8,3.1,0,0,2
70,77,5,0.1,0.8,0.4,0.6,0,0,1
70,79,27,0.8,0.8,6.6,1.6,0,0,1
70,80,2,0,0.1,0.5,0.1,0,0,1
70,81,2,0,0.2,0.2,0.4,0,0,1
70,82,23,0.2,1.9,2.7,4.2,0,0,4
70,84,4,0.2,0.7,0,0.6,0,0,1
70,85,75,11.1,11,2,7,0,0,3
70,86,10.5,0.9,0.5,1.2,1.3,0,0,2
70,90,2,0.1,0.3,0.2,0.1,0,0,1
70,95,30,3.4,1,5.6,3.8,0,0,1
70,106,1,0,0.1,0.1,0.2,0,0,1
70,110,4,0.1,0.3,0.4,0.9,0,0,1
70,111,24,0.6,4.8,3.1,1.5,0,0,4
70,112,16,0.3,3.2,2.1,1.1,0,0,3
70,113,5,0.4,0.7,0.5,0.3,0,0,1
70,118,12,0.5,0.6,0.9,2.7,0,0,2
70,119,5,0.2,0.3,0.3,1.1,0,0,1
70,120,5,0.2,0.3,0.4,1.1,0,0,2
70,122,4,0.4,1.2,0,0,0,0,2
70,123,38,3.1,8,1.3,1.9,0,0,2
70,124,40.5,3.8,3.9,4.6,0.7,1,0,1
70,125,7,0.6,0.7,0.5,0.5,0,0,2
70,126,175.5,17,34,6,6,1,0,0
70,127,56,4.3,11.5,2.7,4.6,0,0,1
71,0,1,0.1,0,0,0.3,0,0,1
71,1,22,0,1,0.6,8.1,0,0,3
71,2,6,0,0.3,0.1,2.2,0,0,2
71,3,2,0.1,0.1,0,0.6,0,0,1
71,4,2,0.1,0.1,0,0.6,0,0,1
71,5,2,0.1,0.1,0,0.6,0,0,1
71,6,10,0.6,1.4,0.3,2.7,0,0,3
71,13,4,0.3,0,0.2,1.1,0,0,1
71,15,10,0.8,0,0.4,2.8,0,0,3
71,16,45,4.7,2.1,6.2,9.1,0,0,2
71,17,9,0.9,0.8,1,0.8,0,0,2
71,24,5,0.1,0.8,0.5,0.6,0,0,1
71,25,18,0.5,2.7,2,2.2,0,0,2
71,26,28,3.1,1.5,2.8,2.5,0,0,3
71,27,7,0.8,0.4,0.7,0.6,0,0,1
71,28,17,1.1,2.7,0.2,2.3,0,0,2
71,29,5,0.3,0.9,0,0.7,0,0,1
71,34,2,0.1,0.1,0,0.5,0,0,1
71,35,4,0.2,0.2,0,1,0,0,2
71,37,5,0.4,0.1,0.3,1,0,0,1
71,43,13,0.3,0.7,2.4,0.9,0,0.1,1
71,44,7,0.1,0.4,1.3,0.5,0,0.1,1
71,45,49,0.3,7.7,5.2,3.8,0,0.1,1
71,46,125,15,12.7,12,2.1,1,1.1,2
71,47,235,17,13,30,32,0,0,0
71,48,322,20,55.6,19.2,7.6,0,18.6,1
71,49,109,1.9,7.7,22.1,3.5,0,0,3
71,50,82,6,7.9,9.1,7.8,0,0,1
71,51,2,0,0.3,0.2,0.1,0,0,1
71,56,4,0.1,0.2,0.4,0.7,0,0,1
71,60,1,0,0.1,0.1,0.2,0,0,1
71,63,26,0.4,1.7,3.5,2.6,0,0,1
71,64,4,0.1,0.3,0.5,0.4,0,0,1
71,65,3,0.1,0.2,0.4,0.3,0,0,1
71,66,1,0,0.2,0.1,0.1,0,0,1
71,67,1,0,0.2,0.1,0.1,0,0,1
71,71,4,0.1,0.2,0.6,0.8,0,0,1
71,77,19,0.3,3.1,1.4,2.4,0,0,3
71,81,22,0.2,1.7,2.7,3.9,0,0,2
71,82,30,0.3,2.4,3.5,5.3,0,0,2
71,85,142.5,4.1,19.6,19,5.4,0,0,1
71,86,231.5,18.8,13.9,28.1,43.5,0,0,1
71,87,94,7.6,2.9,6.2,16.8,0,0,3
71,89,43.5,3,4,4,13,0,0,0
71,90,194.5,5.5,29.4,8.2,38.5,0,0,2
71,91,43,0,4.9,7.8,0.9,0,0,2
71,95,30,2.2,0,3.6,5,0,0,3
71,106,18.5,0.5,1.5,2,3.9,0,0,2
71,107,41,0.3,7.9,4.2,6.3,0,0,1
71,112,7,0.2,1.4,0.9,0.4,0,0,1
71,113,2,0,0.4,0.3,0.1,0,0,1
71,114,7,0.5,0.9,0.7,0.5,0,0,2
71,115,2,0.2,0.3,0.2,0.1,0,0,1
71,118,7,0.3,0.4,0.5,1.5,0,0,1
71,120,4,0.2,0.2,0.3,0.9,0,0,1
71,121,18,1.4,5.1,0.2,0.5,0,0,2
71,122,27,2.2,7.6,0.4,0.6,0,0,2
71,123,256.5,14,64,24,3,0,5,0
71,124,278,12.4,36.6,61.1,9.3,3,5,1
71,125,117.5,7.2,5.5,11.8,13.1,0,0,1
71,126,226.5,0,86,1,5,0,0,0
71,127,4,0.2,1.2,0.1,0.1,0,0,1
72,1,1,0,0,0,0.4,0,0,1
72,3,2,0,0.1,0.1,0.7,0,0,1
72,4,5,0.1,0.2,0.1,1.7,0,0,2
72,8,16,0.3,0.8,0.9,4.7,0,0,2
72,9,5,0,0,0.3,1.5,0,0,1
72,10,4,0,0,0.3,1.2,0,0,1
72,15,6,0.2,0.4,0.6,0.9,0,0,2
72,16,3,0,0.6,0.1,0.6,0,0,1
72,18,2,0,0.4,0.1,0.4,0,0,1
72,19,5,0,1,0.2,1,0,0,2
72,22,3,0.1,0.4,0.3,0.4,0,0,1
72,23,5,0.1,0.8,0.5,0.6,0,0,1
72,24,15,0.3,1.1,2.6,1.3,0,0,1
72,25,3,0,0.4,0.4,0.3,0,0,2
72,26,92,8.8,7.3,8.4,12.1,0,1,3
72,27,12,1.4,0.6,1.2,1.6,0,0,2
72,28,2,0.1,0.3,0,0.3,0,0,1
72,31,21,1,1.1,0.6,5,0,0,3
72,32,2,0.2,0.2,0,0.4,0,0,2
72,35,5,0.2,0.2,0.2,1.2,0,0,1
72,44,7,0.2,0.4,0.9,0.9,0,0,2
72,45,180,5.1,14.3,19.9,25.4,0,6.1,1
72,47,10,0.1,1,1.3,0.7,0,0.2,2
72,48,52,0,5.2,8.3,0.1,0,0.1,1
72,49,17,0.7,2,2.1,1.2,0,0,2
72,50,40,0.9,5.1,6.4,2.8,0,0,3
72,51,18,0,1.4,2,2.2,0,0,2
72,52,2,0,0,0.3,0.4,0,0,1
72,53,33,0.2,1.9,3.3,6.5,0,0,2
72,55,8,0.1,0.7,0.6,1.6,0,0,2
72,60,10,0.4,0.4,1,1.7,0,0,1
72,62,4,0.1,0.1,0.6,0.7,0,0,1
72,63,61,1.1,1.2,11.7,6.9,0,0,1
72,65,2,0.1,0.1,0.3,0.3,0,0,1
72,69,1,0,0,0.1,0.3,0,0,1
72,71,3,0.1,0.1,0.5,0.6,0,0,1
72,73,9,0.1,0.4,1.4,1.7,0,0,2
72,74,13,0.2,0.7,2,2.1,0,0,3
72,75,105,0.2,22.3,13.3,3.7,0,0,2
72,76,202.5,0.3,64.7,6.6,2.8,0,0,1
72,82,4,0,0.3,0.5,0.7,0,0,1
72,84,3,0,0.3,0.4,0.5,0,0,1
72,85,14,0.6,2.7,0,2,0,0,1
72,86,50.5,6.4,5.4,3.1,6.5,0,0,2
72,87,81,9,5.8,5.9,5.4,0,0,3
72,88,50,2.5,2.7,3.7,12,0,0,1
72,89,40.5,2.9,4.1,5.2,2.3,0,0,3
72,90,104,8.1,6.2,16.3,12.1,0,12,1
72,91,1,0,0.1,0.2,0,0,0,1
72,94,7,0.5,0,0.8,1.2,0,0,1
72,99,45,3,7.8,1.3,7.2,0,0,4
72,100,1,0.1,0.1,0.1,0.1,0,0,1
72,104,1,0.1,0.1,0.2,0,0,0,1
72,106,3,0.1,0.2,0.3,0.7,0,0,1
72,109,27,0.6,2.9,4,2.3,0,0,2
72,112,81,2.9,12.7,8.8,10.1,0,0,3
72,113,37,1.1,7.7,4.2,2.5,0,0,3
72,119,4,0.2,0.2,0.3,0.9,0,0,1
72,120,44,2.4,3.3,5.1,5.5,0.3,0,4
72,121,3,0.3,0.4,0.1,0.3,0,0,1
72,122,2,0.2,0.6,0,0,0,0,1
72,123,94,1.7,29.2,2.7,2,0,0,2
72,124,366.5,7,25,125,17,0,62,0
72,125,417.5,13,66,78,16,0,66,0
72,126,391,10,102,28,0,0,48,0
72,127,13,0.5,3,1.1,0.4,0,0,2
73,1,1,0,0,0,0.4,0,0,1
73,3,1,0,0,0,0.4,0,0,1
73,6,1,0.1,0.1,0,0.3,0,0,1
73,7,4,0.2,0.6,0.1,1.1,0,0,1
73,9,2,0,0,0.1,0.6,0,0,1
73,12,4,0.2,0,0.2,1.2,0,0,2
73,15,15,0.3,1.4,1.9,1.3,0,0,2
73,16,17,0,3.4,0.3,3.7,0,0,3
73,17,1,0,0.2,0,0.2,0,0,1
73,22,2,0.1,0.3,0.2,0.2,0,0,1
73,23,17,0.4,1.6,2.6,1.6,0,0,3
73,24,22,0.5,1.6,3.7,1.9,0,0,3
73,25,29,0.6,2.2,4.9,2.5,0,0,2
73,26,3,0.3,0.2,0.3,0.6,0,0,1
73,27,11,1.2,0.6,1.1,2.1,0,0,2
73,28,6,0.3,1,0,0.9,0,0,1
73,31,1,0.1,0.1,0,0.2,0,0,1
73,32,14,0.6,0.6,0.5,3.4,0,0,3
73,35,2,0.1,0.1,0,0.5,0,0,1
73,45,58,0.9,3.7,6.4,9.2,0,0,3
73,47,21,0.4,2.2,2.2,1.9,0,0,2
73,49,5,0.1,0.6,0.9,0.3,0,0,1
73,50,152.5,2.2,32.3,17.7,4.7,0,0,1
73,51,10,0,0.1,1.4,1.8,0,0,1
73,53,14.5,0.2,1.4,1,2.9,0,0,2
73,54,7,0.1,0.9,0.3,1.5,0,0,1
73,56,4,0.1,0.3,0.4,0.7,0,0,2
73,57,4,0.1,0.2,0.4,0.7,0,0,1
73,59,23,0.8,1,2.4,3.9,0,0,3
73,60,36,1.4,4.4,2.9,6.5,0,0,1
73,61,21,0.2,0.3,2.4,3.7,0,0,3
73,62,31,0.3,0.4,3.6,5.5,0,0,3
73,63,10,0.1,0.1,1.2,1.8,0,0,1
73,65,8,0.3,0.3,1.1,1.4,0,0,1
73,66,2,0,0,0.1,0.6,0,0,1
73,67,16,0,0.4,1,4.5,0,0,3
73,68,1,0,0,0.1,0.3,0,0,1
73,69,9,0,1.5,1.2,0.4,0,0,3
73,70,31,0,4.9,4,1.7,0,0,2
73,71,8,0.1,0.4,1.6,0.3,0,0,2
73,72,68,9,2,9,6,0,0,0
73,73,47,0.3,2.8,7.4,4.1,0,0,3
73,74,104.5,2,12.5,10.2,25.8,0,14,1
73,75,82,0.2,21,5.6,5.3,0,1,3
73,76,38,0,8,3,1,0,0,0
73,77,25,0.5,0,1.4,6.6,0,0,3
73,79,2,0,0.1,0.5,0.1,0,0,1
73,82,7,0.1,0.6,0.8,1.2,0,0,1
73,86,1,0.1,0.2,0.1,0,0,0,1
73,87,32,1.8,4.9,3.8,0.8,0,0,4
73,88,129,3.5,14.2,23.4,5.9,0,0,2
73,89,15,1,1.2,2.4,0.8,0,0,2
73,90,39,2.7,3,6.3,2,0,0,4
73,91,85,3.3,3.6,15.6,11.7,0,0,3
73,100,6,0.3,0.7,0.6,0.9,0,0,2
73,103,7,0.6,0.8,1.1,0.1,0,0,2
73,104,65,1.2,6.4,13.9,3.6,0,0,3
73,105,5,0.2,0.6,0.9,0.1,0,0,1
73,109,14,0.3,1.5,2.1,1.2,0,0,2
73,112,4,0.1,1,0.4,0.3,0,0,1
73,113,7,0.1,1.8,0.7,0.5,0,0,1
73,114,5,0.4,0.7,0.5,0.3,0,0,1
73,115,3,0.2,0.4,0.3,0.2,0,0,1
73,117,19,0,1.3,4.1,0,0,0,4
73,118,44,0.4,0.5,14.9,0.4,0,0,2
73,120,7,0.5,0.6,1,0.5,0,0,2
73,121,49,4.9,6,1.8,5.3,0,0,4
73,122,7,0.7,0.8,0.3,0.7,0,0,2
73,123,101,4.1,10.1,14.8,11.7,0,0,2
73,124,80,2.9,23.4,4.1,2.7,0,0,2
73,125,382,5,110,6,27,0,30,0
73,126,136,0,44,6,5,0,14,0
73,127,5,0,0.6,0.9,0.2,0,0,1
74,1,5,0,0.3,0.1,1.8,0,0,1
74,6,6,0.4,0.8,0.2,1.6,0,0,2
74,8,2,0,0,0.1,0.6,0,0,1
74,10,7,0,0,0.5,2.1,0,0,2
74,14,30,0.6,2.8,3.8,2.6,0,0,3
74,15,6,0.1,0.6,0.8,0.5,0,0,1
74,16,1,0,0.2,0,0.2,0,0,1
74,21,4,0.1,0.6,0.4,0.5,0,0,1
74,24,1,0,0.1,0.2,0.1,0,0,1
74,25,12,0.2,0.9,2,1.1,0,0,2
74,26,32,3.6,1.7,3.3,6,0,0,4
74,27,7,0.8,0.4,0.7,1.3,0,0,2
74,30,4,0.2,0.7,0,0.6,0,0,1
74,33,4,0.2,0.2,0.1,1,0,0,1
74,34,1,0.1,0.1,0,0.2,0,0,1
74,41,4,0.1,0.4,0.6,0.1,0,0,1
74,46,7,0.2,0.7,0.7,0.7,0,0,2
74,47,7,0.1,0.7,0.7,0.7,0,0,2
74,48,31,0.5,3.7,4.4,2.4,0,0,2
74,50,68,1.1,2,9.4,10.6,0,0,1
74,51,4,0,0.1,0.5,0.7,0,0,1
74,53,8,0,0.4,0.9,1.5,0,0,2
74,54,6,0.1,0.7,0.3,1.3,0,0,1
74,55,22,0.4,2.7,1,4.6,0,0,2
74,59,4,0.1,0.2,0.4,0.7,0,0,1
74,60,178,2.7,6.7,33.8,12,0,0,1
74,61,364.5,45,15,19,99,0,5,0
74,62,136,4.2,30.2,7,11,0,0,1
74,65,2,0.1,0.1,0.3,0.3,0,0,1
74,67,14,0,0.3,0.9,3.9,0,0,2
74,68,4,0,0.1,0.3,1.1,0,0,1
74,69,22,0,3.5,2.8,1.2,0,0,3
74,70,82,2,20.3,2,8.4,0,0,1
74,71,34,0.5,1.7,6.4,1.6,0,0,3
74,72,218,6.2,2.8,38.3,47.8,0,15,1
74,73,173.5,21.1,45.1,4.5,23.4,0,58,2
74,74,178,23.1,10.3,14,45.2,0,37,2
74,75,63,0.3,4,9.1,6.5,0,0,3
74,76,6,0.1,0,0.3,1.6,0,0,1
74,77,15,0.3,0,0.8,4,0,0,1
74,78,10,0.2,0,0.5,2.7,0,0,1
74,79,2,0,0.1,0.5,0.1,0,0,1
74,81,9,0.1,0.7,1.1,1.6,0,0,1
74,82,1,0,0.1,0.1,0.2,0,0,1
74,87,5,0.3,0.8,0.6,0.1,0,0,1
74,88,120,3.3,13.4,16.2,9.6,0,0,2
74,89,135.5,10.6,8.9,10,30.9,0,0,2
74,90,51.5,2.8,2.8,3.9,10.2,0,0,3
74,91,27,1.9,1.6,4.4,5.1,0,0,2
74,92,12,0.8,0.8,2,2.2,0,0,2
74,96,7,0.4,0.9,0.6,1.1,0,0,1
74,98,4,0.2,0.5,0.4,0.6,0,0,1
74,101,4,0.5,0.5,0.5,0,0,0,1
74,102,151,14.3,16.7,16.4,4,1,0,2
74,103,108,12.3,15.5,12.5,0.3,0,0,2
74,104,56,2.1,5.9,10.1,5.5,0,0,2
74,105,74,0.9,3.4,16.5,1.4,0,0,1
74,109,74.5,1.8,8.1,10.9,6.3,0,0,4
74,110,14,0.3,1.5,2.1,1.2,0,0,2
74,112,2,0,0.5,0.2,0.2,0,0,1
74,113,47,0.6,1,4.8,12.6,0,0,2
74,114,5,0.4,0.7,0.5,0.3,0,0,1
74,115,7,0.6,0.9,0.7,0.4,0,0,1
74,117,37,0,2.7,7.9,0,0,0,2
74,118,221,7,29.7,43.7,6,0.4,11,1
74,119,107.5,0,28,10,0,0,0,0
74,120,23,1.5,1.9,3.4,1.4,0.2,0,4
74,121,9,0.9,1,0.4,1,0,0,2
74,122,3,0.3,0.4,0.1,0.3,0,0,1
74,123,63,3.2,5,3.5,10.7,0,0,2
74,124,75,1.6,23.3,3.3,1,0,0,1
74,125,200,11.2,34.6,13.8,24.2,0,8,1
74,126,84,0,20,7.7,1.4,0,0,2
74,127,38,0,4.2,7.1,1.8,0,0,1
75,2,6,0.4,0.1,0.5,1.3,0,0,2
75,5,2,0.1,0.1,0.2,0.4,0,0,1
75,6,1,0,0.1,0.2,0.3,0,0,1
75,7,1,0,0.1,0.2,0.3,0,0,1
75,8,1,0,0.1,0.1,0.2,0,0,1
75,9,17.5,0.3,0.7,2.1,3.1,0,0,3
75,10,4,0,0.2,0.4,0.8,0,0,2
75,11,26,2,1.8,4.9,1.6,0,0,4
75,13,17,0.8,1.7,2.7,1.4,0,0,2
75,14,26,1.1,2.7,4,2.1,0,0,4
75,15,58.5,2.3,6.1,9.1,4.8,0,0,4
75,16,6.5,0,0.6,0.9,1.1,0,0,2
75,23,1,0,0.1,0.2,0.2,0,0,1
75,24,14,0,1.9,2.1,2.4,0,0,2
75,26,8,0,1.1,0.3,1.3,0,0,1
75,29,2,0,0.2,0.2,0.4,0,0,1
75,30,34,0.5,2.9,3.8,5.9,0,0,3
75,31,8,0.3,0.8,0.9,1.4,0,0,1
75,32,2,0,0.2,0.2,0.4,0,0,2
75,33,4,0.2,0.4,0.4,0.7,0,0,1
75,34,1,0,0.1,0.1,0.1,0,0,1
75,35,1,0,0.1,0.1,0.1,0,0,1
75,37,2,0.2,0,0.1,0.4,0,0,1
75,41,24,0,0,2.7,5.7,0,0,2
75,42,10,0,0,1.1,2.4,0,0,2
75,46,10,0.3,0.8,1.7,1.1,0,0,3
75,47,72.5,2.3,5.1,12.2,8.4,0,0,4
75,48,34,0.8,5,5,1.6,0,0,4
75,50,29,0.5,5.2,4,0.7,0,0,1
75,51,2,0,0,0,0.9,0,0,1
75,53,4,0,0.1,0,1.7,0,0,1
75,57,10.5,0,0.5,0.5,2.4,0,0,2
75,60,9,0.5,0.7,0.9,1.5,0,0,2
75,61,195,7,21,23,31,0,0,0
75,62,168.5,13.1,39.7,8.4,4.9,0,28,2
75,63,24,3,1.6,2.6,1.7,0,0,1
75,65,2,0,0.5,0.2,0,0,0,1
75,66,66,4,1,0,21,0,0,0
75,70,2,0.1,0.2,0.1,0.4,0,0,1
75,71,2,0,0.2,0.2,0.3,0,0,1
75,72,6,0.1,0.6,0.7,0.7,0.1,0,1
75,73,77,2.7,8.1,9.5,7.5,0.8,0,3
75,74,178.5,9,3,36,20,0,0,0
75,75,127,4.5,7.8,25.7,3.7,0,0,2
75,76,33,1.7,6.2,3.1,1.2,0,0,2
75,77,75,3.1,14.8,6.8,2.4,0,0,2
75,78,14,0.7,2.5,1.4,0.5,0,0,2
75,80,26,1.6,3.3,3,1.3,0,0,2
75,81,106,1,18.8,13.5,4.9,0,0,1
75,82,12,0,1.9,1.7,1,0,0,2
75,84,18,0.1,3.5,0.9,2.7,0,0,3
75,88,38,0.2,7.1,4.1,3.9,0,0,4
75,89,82.5,2.8,18.5,7.5,4.1,0,0,3
75,90,26,0.6,5.6,2.3,1.5,0,0,4
75,91,79,6.1,2.3,4.5,18.9,0,0,2
75,92,24,1.3,0.8,1.6,6.3,0,0,2
75,95,53,5.2,6.8,2.7,6,0,0,2
75,96,34,2.2,3.2,4.6,2.2,0,0,4
75,97,57,3.8,5.3,7.5,3.8,0,0,4
75,98,8,0.5,0.8,1.1,0.5,0,0,1
75,101,3,0.3,0.1,0,0.7,0,0,1
75,102,69,3.7,5.9,2,16.3,1,0,2
75,104,5,0,0.9,0.7,0.4,0,0,1
75,105,23,0,4.1,3.3,1.6,0,0,1
75,110,42,2.2,6.1,5,1.2,0,0,3
75,115,25,1.9,4.7,3.2,0,0,0,2
75,116,108,0,1.8,38.9,0,0,19.9,1
75,117,178.5,6,43.2,15.1,3,0,0.1,1
75,118,299,21,16,54,18,0,0,0
75,119,258.5,3,28,58,2,1,0,0
75,120,80.5,4.2,4.7,20,0.1,0,0,2
75,121,2,0.1,0.2,0.3,0.2,0,0,1
75,123,4,0.1,0.4,0.7,0.4,0,0,1
75,124,90,7.3,18.9,3.2,5.7,0,0,2
75,125,47.5,2.5,13,2.2,1.5,0,0,4
75,126,389.5,25,43,87,5,0,34,0
75,127,229,1,34,43,6,1,0,0
76,0,3,0.2,0.5,0.2,0.5,0,0,1
76,1,2,0.1,0.1,0.2,0.4,0,0,1
76,2,8,0.4,0.2,0.7,1.7,0,0,1
76,6,3,0,0.3,0.4,0.9,0,0,1
76,7,3,0,0.3,0.4,0.9,0,0,1
76,8,3,0.1,0.1,0.4,0.5,0,0,1
76,9,5,0.1,0.2,0.6,0.9,0,0,2
76,10,11,0.2,0.4,1.4,1.9,0,0,1
76,11,50,4,3.5,9.1,3.1,0,0,4
76,12,2,0.2,0.1,0.4,0.1,0,0,1
76,13,43,2,4.3,6.9,3.4,0,0,3
76,14,25,1,2.6,3.9,2.1,0,0,3
76,15,22,0.9,2.4,3.3,1.8,0,0,2
76,16,2,0,0.2,0.3,0.3,0,0,1
76,19,12,0,1,1.7,2.1,0,0,2
76,23,2,0,0.3,0.3,0.3,0,0,1
76,24,2,0,0.3,0.3,0.3,0,0,1
76,27,5,0,0.7,0.2,0.8,0,0,1
76,29,4,0.1,0.3,0.4,0.7,0,0,1
76,30,8,0.1,0.7,0.8,1.5,0,0,3
76,31,2,0.1,0.2,0.2,0.4,0,0,1
76,32,4,0.2,0.4,0.4,0.7,0,0,1
76,41,23,0,0,2.6,5.5,0,0,2
76,42,1,0,0,0.1,0.3,0,0,1
76,44,6,0,0.8,0.8,0.3,0,0,1
76,45,1,0,0.1,0.1,0.1,0,0,1
76,46,11,0.4,0.7,1.8,1.3,0,0,2
76,48,50.5,1.3,5.7,7.9,4.1,0,0,4
76,49,56,0.3,19,4.4,0.4,0,0,1
76,50,2,0,0.4,0.3,0,0,0,1
76,51,1,0,0,0,0.5,0,0,1
76,52,6,0,0.1,0,2.6,0,0,2
76,53,7,0,0.2,0,3,0,0,1
76,57,4,0,0.2,0.2,0.9,0,0,1
76,58,12,0.6,0.9,1.3,2,0,0,2
76,59,6,0.3,0.5,0.6,1,0,0,1
76,60,9,0.5,0.7,1,1.4,0,0,1
76,61,38,4.7,2.5,4.1,2.7,0,0,3
76,62,45,5.7,2.9,4.8,3.2,0,0,3
76,63,90,1.6,21.3,5.9,2.6,0,0,2
76,64,14.5,0,3.4,1.5,0.5,0,0,2
76,69,4,0.1,0.5,0.1,0.9,0,0,1
76,74,7,0.6,0.7,1.1,0.2,0,0,1
76,75,36.5,3.1,3.5,5.6,1.3,0,0,2
76,76,178.5,13.9,26.2,24.5,1.3,0,0,2
76,77,308.5,20,32,34,50,0,14,0
76,78,268.5,20.4,22.3,70.7,23.8,1,4,2
76,79,44,1.8,11.9,3.7,0.6,0,0,2
76,80,19,1.1,2.4,2.2,1,0,0,2
76,81,24,0,3.9,3.3,2,0,0,3
76,83,13.5,0.1,2.6,0.9,1.8,0,0,2
76,84,10,0,2,0.5,1.5,0,0,2
76,85,28,0.3,5.5,1.4,4.1,0,0,1
76,88,16,0.1,2.9,1.8,1.7,0,0,2
76,89,30.5,0.7,6.6,2.8,1.8,0,0,3
76,90,31,0.7,6.8,2.7,1.8,0,0,3
76,91,43,4,6,4,2,0,0,0
76,92,7,0.4,0.2,0.5,1.8,0,0,1
76,93,49,3,0,2,14,0,0,0
76,96,5,0.3,0.5,0.7,0.3,0,0,1
76,97,2,0.1,0.2,0.3,0.1,0,0,1
76,107,2,0.1,0.3,0.2,0.1,0,0,1
76,109,1,0.1,0.1,0.1,0,0,0,1
76,110,18,1,2.6,2.1,0.5,0,0,3
76,112,10,0.6,3,0.3,1,0,0,3
76,113,24,1.6,5.2,2.5,0.6,0,0,4
76,114,73,8.2,16.6,7.4,0,0,0,1
76,115,316.5,2,67,45,0,0,0,0
76,116,427.5,2,47,127,0,0,7,0
76,117,212.5,19,21,23,24,0,8,0
76,118,824.5,27,23,162,202,0,53,0
76,119,279,4.9,11,93.4,8.1,0,78,1
76,120,120,3.6,15.2,20.5,2.5,1,0,2
76,121,20.5,0.7,2.1,3.3,2,0,0,4
76,123,50,2.4,12.2,3.3,2.2,0,0,4
76,124,104,3.5,28.9,7.4,2.9,0,0,2
76,125,35,1.8,9.6,1.6,1.1,0,0,3
76,126,50,1,13.4,4.2,1.6,0,0,2
76,127,93.5,1,7,16,10,0,0,0
77,2,5,0.3,0.1,0.4,1.1,0,0,1
77,3,6,0.3,0.2,0.5,1.3,0,0,1
77,4,5,0.3,0.1,0.4,1.1,0,0,1
77,6,1,0,0.1,0.2,0.3,0,0,1
77,7,3,0,0.3,0.5,0.9,0,0,2
77,8,23,0.3,1.8,3.4,4.5,0,0,4
77,10,7,0.1,0.3,0.8,1.3,0,0,2
77,11,16,1,2.4,2.7,1.1,0,0.9,2
77,12,5,0.4,0.4,0.9,0.3,0,0,1
77,14,10,0.4,1,1.6,1,0,0,2
77,15,7,0.2,0.7,1.1,0.8,0,0,2
77,18,8,0.5,0.6,0.6,1.9,0,0,1
77,19,17,1.1,1.2,1.4,4,0,0,2
77,23,15,0.9,0,2.1,3.9,0,0,1
77,25,1,0,0.1,0.2,0.2,0,0,1
77,26,11,0,1.3,0.7,1.7,0,0,2
77,27,8,0,1.1,0.3,1.3,0,0,1
77,29,12,0.2,1,1.4,2,0,0,1
77,30,10,0.2,0.9,1.1,1.7,0,0,1
77,31,8,0.2,0.8,0.8,1.3,0,0,2
77,32,4,0.2,0.4,0.4,0.7,0,0,1
77,40,2,0.2,0,0.1,0.4,0,0,1
77,41,2,0,0,0.2,0.5,0,0,1
77,43,9,0,1.2,1.2,0.5,0,0,1
77,44,84,0,6.8,12.4,10.4,0,0,3
77,46,30,1,2,6.1,1.8,0,0,2
77,47,124.5,7.1,10.3,22.7,24.5,0,18,2
77,48,94.5,1.3,8.1,15.6,9.6,0,0,3
77,49,36,0.5,5.8,5.2,1.6,0,0,3
77,50,25,0.2,2.1,4.1,3.2,0,0,2
77,51,5.5,0,0.1,0,2.5,0,0,3
77,57,2,0,0.1,0.1,0.5,0,0,1
77,58,13,0,0.6,0.6,3.1,0,0,1
77,60,5,0,0.2,0.2,1.6,0,0,2
77,61,10,1.1,0.6,1.3,0.7,0,0,2
77,62,262,4,15,55,3,0,0,0
77,63,170,17,34.8,16.7,0.8,0,0,1
77,66,4,0.1,0.5,0.1,0.9,0,0,1
77,71,23,0.1,2.2,2.3,3,0.1,0,2
77,74,53,1,3.8,9.8,2.9,0,0,1
77,75,132,0,10,30,0,0,0,0
77,76,93,0.5,22.9,5.9,0.4,1,0,1
77,77,6,0.3,1.1,0.6,0.2,0,0,1
77,78,94,0.5,24.1,9,2.4,0,0,1
77,79,85,0.5,20.7,8.5,0.3,0,0,2
77,80,2,0,0.3,0.3,0,0,0,1
77,81,1,0.1,0.1,0.2,0.1,0,0,1
77,82,1,0.1,0.1,0.2,0.1,0,0,1
77,83,3,0.1,0.3,0.6,0.1,0,0,1
77,84,2,0,0.4,0.1,0.3,0,0,1
77,85,15,0.2,2.8,1,2,0,0,3
77,86,15,0.5,0.5,2,2.1,0.1,0,1
77,87,34,1.1,1.3,4.4,4.7,0.3,0,2
77,88,154.5,14,7,18,14,0,0,0
77,89,55.5,3.3,8.1,5.6,6.9,0,0,4
77,91,56.5,3.8,13.7,2.8,1.2,0,0,1
77,92,71,6.7,9.6,3,9.1,0,0,3
77,96,2,0.2,0.2,0,0.4,0,0,2
77,109,4,0.2,0.6,0.5,0.1,0,0,1
77,111,3,0.2,0.9,0.1,0.3,0,0,1
77,113,12,0.8,3.1,0.8,0.8,0,0,2
77,114,155.5,4.3,16.8,35.5,1,0,0,1
77,115,273,12,56,31,2,0,0,0
77,116,195.5,10,51,18,2,0,0,0
77,117,220.5,38,40.7,13.5,17.2,0,61,1
77,118,369,27,21,26,109,0,17,0
77,119,23,0.2,1.9,3.4,3.4,0,0,2
77,120,140.5,6.6,22.8,16.2,5.2,1,0,2
77,121,40,1.1,4,6.6,3.8,0,0,3
77,123,3,0.2,0.8,0.1,0.1,0,0,1
77,125,15,0.8,4.1,0.6,0.5,0,0,2
77,126,137,6,38.7,2.5,10,0,0,2
77,127,122,1.4,44.2,0.5,1.2,0,0,1
78,0,3,0.2,0.5,0.2,0.5,0,0,1
78,2,1,0.1,0.1,0.1,0.3,0,0,1
78,7,9,0,0.9,1.7,0.7,0,0,2
78,8,2,0,0.2,0.4,0.1,0,0,1
78,9,72,7.4,9.3,14.6,2.6,0,0,1
78,10,201,16.2,12.2,10.3,79.3,0,2,1
78,11,150.5,5,2,23,63,0,8,0
78,12,59,2.4,5.2,5.2,13.5,0,0.5,1
78,13,32,1.7,4.7,5.2,2.7,0,1.5,4
78,14,22,0.9,2.2,3.4,2.4,0,0,2
78,16,4,0,0.4,0.6,0.6,0,0,2
78,17,2,0,0.2,0.3,0.3,0,0,1
78,18,5,0.3,0.4,0.4,1.2,0,0,1
78,19,5,0.4,0.4,0.4,1.1,0,0,2
78,21,9,0.5,0,1.3,2.3,0,0,2
78,22,3,0.2,0,0.4,0.8,0,0,2
78,23,8,0.5,0,1.1,2.1,0,0,1
78,25,5,0,0.7,0.7,0.9,0,0,1
78,26,27,1,1.5,4.5,2,0,0,3
78,29,4,0,0.5,0.2,0.7,0,0,1
78,35,1,0,0.1,0.1,0.1,0,0,1
78,44,26,0,0.8,5.3,2.7,0,0,3
78,45,9,0,0.3,1.8,0.9,0,0,1
78,46,57.5,3.2,8.4,8.2,0.4,0,8,1
78,47,341,28,24,45,72,0,14,0
78,48,84.5,3.9,4.4,12.7,12.7,0,0,3
78,49,39,0.3,3.4,6.2,5.2,0,0,3
78,50,15,0.1,1.3,2.4,2,0,0,3
78,53,5,0,0.1,0,2.2,0,0,2
78,55,2,0,0,0,0.9,0,0,1
78,56,12,0,0.5,0.6,2.8,0,0,2
78,57,3,0,0.1,0.2,0.7,0,0,1
78,59,7,0,0.2,0.2,2.4,0,0,1
78,60,2,0,0,0.1,0.7,0,0,1
78,61,54.5,1.7,0.4,10.5,2,1,0,2
78,62,241.5,19,31,26,30,0,5,0
78,63,151,9.6,30.7,7.6,12.2,0,0,1
78,64,5,0.1,0.8,0.6,0.2,0,0,2
78,67,17,0.5,2.2,0.5,3.7,0,0,3
78,68,3,0.1,0.4,0.1,0.6,0,0,1
78,73,13,0,1.3,1.8,1.2,0,0,2
78,74,161,1,12.8,32.8,5.9,0,0,1
78,75,6,0,0.7,1,0.4,0,0,1
78,77,23,2,2,0,7,0,0,2
78,78,8,0.1,1.4,1.1,0,0,0,1
78,79,226,0.2,68.2,19.7,2.1,0,0,1
78,80,65,0.7,11.1,8.7,0.3,0,0,3
78,81,6,0.5,0.9,0.9,0.7,0,0,2
78,82,53,2.6,6.3,9.3,1.9,0,0,1
78,83,131.5,2.5,16.1,26.2,2.8,0,0,1
78,84,17,0.8,1.5,3.1,0.8,0,0,1
78,85,80,1.3,24.5,4.1,3.3,0,0,1
78,86,66.5,1.1,14.1,7.2,4.3,0.3,0,3
78,87,268,10.7,10.7,28.9,55.1,0.2,0,2
78,88,197,11.1,20,10,37.1,0,0,2
78,89,251.5,63,4.9,41.9,22,0,11,2
78,90,477.5,133,19,26,66,0,83,0
78,91,675.5,72,101,78,64,0,74,0
78,92,249,32,96,8,6,0,66,0
78,93,12,0.8,1.7,0.4,0.9,0,0,3
78,103,20,3.3,3.5,0.5,1.5,0,0,3
78,114,4,0.3,0.5,0.2,0.9,0,0,2
78,115,2,0.1,0.2,0.1,0.5,0,0,1
78,116,84,5.3,10.8,6.3,4.9,0,0,2
78,117,260,6.3,76.8,8.3,6.9,0,36,1
78,118,193,21.7,28.6,15.7,11,0,0,2
78,119,315,19,25,9,82,1,0,0
78,120,75,1.1,3.8,14.5,8.5,0,0,1
78,121,1,0,0.1,0.1,0.1,0,0,1
78,122,4,0.1,0.5,0.5,0.3,0,0,1
78,123,7,0.2,0.6,0.6,1.3,0,0,2
78,124,7,0.4,0.1,0.2,2.4,0,0,2
78,126,72,3.1,4.8,0,24.7,0,0,3
78,127,17,1.4,1.7,0,3.9,0,0,3
79,0,13,0.9,2,0.9,2.3,0,0,1
79,1,27,2.2,2.3,2.3,8.3,0,0,3
79,2,8,0.6,0.7,0.7,2.5,0,0,2
79,5,3,0.2,0.1,0.2,0.6,0,0,1
79,6,11,0,1.2,2,0.9,0,0,2
79,7,11,0,1.1,2.1,0.9,0,0,2
79,9,125,3.5,21.1,22.3,7.7,0,25,1
79,10,227,39.7,11.3,22.6,52,0,15,1
79,11,72,5.5,10.2,15.7,2.9,0,3,3
79,12,15,0.9,2.6,2.5,1.1,0,1.1,2
79,13,62,3.3,8.4,8.1,4.4,0,0.2,2
79,14,20,0.8,2,3,2.2,0,0,3
79,15,2,0.1,0.2,0.3,0.2,0,0,1
79,16,13,0,1.1,1.8,2.3,0,0,3
79,17,16,0,1.3,2.3,2.8,0,0,3
79,18,2,0,0.2,0.3,0.3,0,0,1
79,19,13,0.8,1.1,1.1,3,0,0,3
79,20,16,1,1.3,1.3,3.7,0,0,2
79,25,10,0,1.4,1.5,1.7,0,0,1
79,26,18,0.7,1.1,2.9,1.4,0,0,3
79,27,8,0.2,0.4,1.4,0.6,0,0,2
79,29,6,0,0.8,0.2,1,0,0,2
79,30,27,0,3.6,1.2,4.4,0,0,2
79,31,7,0,0.6,0.7,1.1,0,0,1
79,32,26,0,2.4,2.4,4.2,0,0,3
79,34,3,0,0.2,0.3,0.5,0,0,1
79,36,14,1.1,0.3,0.8,2.9,0,0,2
79,43,11,0,0,1.3,2.6,0,0,1
79,44,1,0,0,0.2,0.1,0,0,1
79,46,3,0.1,0.2,0.6,0.2,0,0,1
79,47,46,1.5,3.2,9.3,2.8,0,0,3
79,48,121.5,1.8,20.3,17.6,7.5,0,0,2
79,49,4,0,0.3,0.7,0.5,0,0,1
79,50,3,0,0.3,0.5,0.4,0,0,1
79,56,1,0,0,0.1,0.2,0,0,1
79,59,19,0,0.6,0.6,6.5,0,0,1
79,61,62,2.1,1.6,12,2.7,0,0,1
79,62,337.5,56,28,23,74,1,29,0
79,63,644,11,65,82,188,0,31,0
79,64,15,0.3,2.5,1.8,0.6,0,0,2
79,66,2,0.1,0.2,0.1,0.4,0,0,1
79,72,24,0,2.1,2.1,3.1,0,0,2
79,73,4,0,0.3,0.4,0.5,0,0,1
79,74,6,0,0.7,1,0.4,0,0,1
79,79,54.5,0.1,2.7,12.3,1.1,0,0,1
79,80,234.5,0.4,12.9,60.7,0.2,0,0,1
79,81,6,0.4,1,1,0.7,0,0,1
79,82,70,2,20,4,0,0,0,0
79,83,189,15,23.3,21.3,13.6,0,0,1
79,84,170.5,3.2,2.4,46.7,1.2,0,0,1
79,85,210,12.6,35.1,19.2,6.5,1,0,1
79,86,621,180,64,3,72,0,194,0
79,87,499.5,26.4,59.5,71.7,83.8,0.1,33,1
79,88,377.5,7.2,30.2,100.9,43,0.1,105,1
79,89,663,31,90,64,115,0,44,0
79,90,427,52,70,57,11,0,33,0
79,91,335,24,43,24,40,0,2,0
79,92,683.5,33.2,240.8,25.2,3.3,0,213,1
79,93,148.5,1,0,40,2,0,0,0
79,94,2,0.4,0.2,0,0.2,0,0,1
79,95,6,1.1,0.7,0.2,0.5,0,0,1
79,97,8,0.4,1.2,0,1.8,0,0,2
79,98,22,1.1,3.2,0,4.8,0,0,1
79,99,7,0.3,1,0,1.6,0,0,2
79,100,2,0.1,0.3,0,0.4,0,0,1
79,101,47,7.6,6,0,5.2,0,0,4
79,102,66,5.2,5.6,0,13.2,0,0,2
79,103,50,7.5,7.3,0.9,8.9,0,0,3
79,104,2,0.3,0.5,0.1,0.1,0,0,1
79,105,144.5,1.3,44,4.5,3.2,0,0,1
79,106,8,0.4,1.2,1,0.2,0,0,1
79,111,4,0.2,1.2,0.1,0.4,0,0,1
79,114,11,0.7,1.4,0.4,2.5,0,0,1
79,115,31,1.9,3.9,1.3,7.1,0,0,1
79,116,127.5,7.4,2.8,4.5,31,0,0,2
79,117,364,16,5,40,75,0,32,0
79,118,226,11.2,11.4,4.8,73.9,0,0,1
79,119,152.5,11.4,8.4,4.2,37.2,0,0,2
79,120,181.5,2,22,55,10,0,0,0
79,121,80,1,17,9,5,0,0,0
79,122,140.5,9.6,11.4,16.4,10.1,0,0,2
79,123,306.5,16,49,15,42,2,0,0
79,124,151.5,2.1,7.6,11.6,35,0,0,2
79,125,301,9.3,14.1,54.1,54.7,0,0,1
79,126,82,2.1,8.3,3,26,0,0,2
80,0,24,1,3.6,3.7,2.8,0,0,3
80,1,19,0,1.8,3,4.1,0,0,3
80,3,3,0.1,0.2,0,0.9,0,0,1
80,4,11,0.3,0.6,0,3.5,0,0,2
80,5,14,0.4,0.7,0,4.4,0,0,2
80,6,8,0.4,1.3,1.1,0.9,0,0,2
80,7,14,0.8,2.1,2,1.7,0,0,4
80,8,24,1.1,4,3.1,2.3,0,0,4
80,9,72,0.9,17.8,9.1,1.1,0,7,3
80,10,126,18.4,10.4,11.1,23.5,0,0,2
80,11,9,0.3,0.9,1.4,0.7,0,0,2
80,13,57,1.6,4.9,8,4.9,0,0,4
80,14,16,0.2,1,2.1,1.6,0,0,4
80,15,5,0.1,0.3,0.6,0.5,0,0,1
80,16,1,0,0,0.1,0.3,0,0,1
80,18,8,0.3,0.3,0.9,1.5,0,0,2
80,19,23,0.9,0.9,2.6,4.2,0,0,2
80,20,2,0.1,0.1,0.2,0.3,0,0,1
80,22,8,0.4,0.4,0.8,1.2,0,0,2
80,23,2,0.1,0.4,0.2,0.1,0.1,0,1
80,24,2,0.1,0.4,0.2,0.1,0.1,0,1
80,25,47,2.6,8.4,4.9,3.3,1.7,0,4
80,26,30,1.5,3.8,3.5,2,0,0,2
80,27,7,0.4,0.9,0.7,0.5,0,0,2
80,28,7.5,0.2,0.5,1.3,0.5,0,0.2,1
80,29,42.5,0.5,11,5.1,1,0,0.3,3
80,30,34,0.8,2.3,6.3,2.1,0,0.8,2
80,31,72,2.1,5.7,8.5,11.1,0,0,2
80,32,19,0.7,1.8,3.2,0.7,0,0,2
80,34,12,0.4,0.7,0.8,3,0,0,3
80,35,4,0.2,0.2,0.2,1,0,0,2
80,38,1,0,0,0.1,0.2,0,0,1
80,39,5,0,0.2,0.3,1,0,0,1
80,40,64,0.7,2.5,3.6,12.4,0,0,3
80,42,12,0,0.6,1.3,2.3,0,0,3
80,43,8,0,0.4,0.8,1.5,0,0,1
80,45,16,0,1.3,1.7,1.6,0,0,3
80,46,3,0,0.2,0.4,0.4,0,0,1
80,47,3,0,0.2,0.4,0.4,0,0,1
80,48,8,0,0.4,1.1,1,0,0,1
80,49,32,0,4.3,4.9,4.7,0,0,2
80,50,11,0,1.5,1.7,1.6,0,0,2
80,51,9,0,0.4,0,3.2,0,0,1
80,52,2,0,0.1,0,0.7,0,0,1
80,54,2,0,0.1,0,0.7,0,0,1
80,55,5,0,0.2,0,1.8,0,0,2
80,56,12,0,0.2,0.4,3.2,0,0,3
80,57,8,0,0.2,0.2,2.2,0,0,2
80,59,3,0,0,0.6,0.3,0,0,1
80,60,60,0.8,0,12.5,5.6,0,0,4
80,61,7,0.2,0,1.2,0.9,0,0,2
80,62,91,0.5,12,7.7,20.3,0,0,2
80,63,233,8,13,45,17,0,0,0
80,64,178,8.1,19,29.1,4,0,0,1
80,65,2,0.3,0.1,0.3,0,0,0,1
80,66,41,0,1,5.4,5.9,0,0,3
80,67,5,0,0.1,0.7,0.7,0,0,1
80,69,8,0,0.3,0.5,2.2,0,0,2
80,72,5,0,0.4,0.4,1.1,0,0,2
80,77,21,0,4.5,0.6,3.2,0,0,1
80,80,105.5,3.5,3.7,19.7,5.1,0,0,3
80,81,69,1.9,3.5,7.3,13.9,0,0,2
80,82,7,0.4,0.4,1,0.8,0,0,2
80,83,18,0.8,3.3,0.6,2.6,0,0,3
80,84,58,1.3,7.6,9.2,4.2,0,0,1
80,85,231,44.9,17.6,11.5,21.5,0,0,1
80,86,573.5,89,64,28,94,0,66,0
80,87,36,0.3,0,1.5,11.5,0,2,1
80,88,70,0.2,9,7.2,14.3,0,7,1
80,89,87,1.2,5.1,20.6,0.8,0,0,2
80,90,88,19.1,9.6,6.5,0.7,0,0,1
80,91,313.5,28,32,41,1,0,0,0
80,92,247,14,24,42,8,0,1,0
80,93,48.5,4.9,2.3,6.4,4.4,0,0,4
80,94,4,0.4,0,0,1.2,0,0,1
80,96,12,0,0.9,0.6,2.4,0,0,3
80,97,13,0,1,0.6,2.6,0,0,2
80,100,4,0,0.8,0.2,1.4,0,0,2
80,102,4,1.7,0,0.1,0,0,0,1
80,105,12,0.2,4.1,0,0,0,0,2
80,106,8,0,1.5,0.2,1.6,0,0,1
80,109,2,0,0.4,0,0.4,0,0,1
80,110,20,0,3.8,0.5,4.1,0,0,2
80,111,33,0.4,6,3.2,2.8,0.5,0,3
80,114,60,0.5,3.8,12.4,3.4,0,0,1
80,115,113,2.6,7.2,18.5,9.6,1,0,2
80,116,133.5,0,6,11.4,36.5,0,0,1
80,117,54,2,0,15.4,10.8,0,0,3
80,118,269,10,3,20,103.1,1,10,1
80,119,352,12.9,29.4,15.4,90.8,0,0,1
80,120,317.5,62,25,35,13,0,38,0
80,121,361,35,31,63,6,0,0,0
80,122,212,0,35.5,37.2,8.4,0,0,1
80,123,85.5,4,16,4,9,0,0,0
80,124,381,24,30,81,66,0,4,0
80,125,592,36,87,91,82,1,75,0
80,126,289,18.5,35.1,37.3,35.9,0,0,1
80,127,23,1.8,3.7,1.6,3.5,0,0,3
81,3,3,0.1,0.2,0,0.9,0,0,1
81,4,2,0,0.2,0,0.6,0,0,2
81,5,3,0.1,0.2,0,0.9,0,0,1
81,6,2,0.1,0.3,0.3,0.2,0,0,1
81,7,16,0.9,2.5,2.2,1.9,0,0,4
81,8,50,1.9,8.8,6.5,3.8,0,0,4
81,9,29,0.8,5.8,3.5,0.9,0,0,4
81,10,118,1.9,30.8,11.7,2.3,0,0,2
81,11,10,0.3,1,1.6,0.8,0,0,3
81,12,14,0.5,1.3,2.1,1.2,0,0,2
81,13,7,0.1,0.5,1,0.7,0,0,2
81,14,9,0.1,0.6,1.2,0.9,0,0,1
81,17,24,0.5,0.6,2.2,6.7,0,0,4
81,19,11,0.4,0.5,1.2,2,0,0,2
81,20,4,0.2,0.2,0.4,0.6,0,0,2
81,25,5,0.2,0.9,0.5,0.4,0.2,0,2
81,28,42,1.5,4.4,6,2.7,0,0.4,4
81,29,27,0.7,1.8,4.9,1.6,0,0.6,4
81,30,55,3.4,3,8.7,7.9,0,0.4,2
81,31,62,2.3,4.9,7.5,12.3,0,3,2
81,32,9,0.3,0.9,1.5,0.3,0,0,1
81,34,3,0.1,0.2,0.2,0.8,0,0,1
81,36,7,0,0.3,0.4,1.4,0,0,2
81,38,9,0,0.4,0.5,1.8,0,0,2
81,46,38,0,2.1,5,5,0,0,2
81,47,21,0,1.1,2.9,2.7,0,0,2
81,49,7,0,0.9,1.1,1,0,0,1
81,50,32,0,4.3,5,4.6,0,0,3
81,51,13,0,0.6,0,4.6,0,0,2
81,54,13,0,0.5,0,4.7,0,0,1
81,55,2,0,0.1,0,0.7,0,0,1
81,58,29,0.2,0.2,3.9,4.8,0,0,3
81,60,6,0.1,0,1.2,0.6,0,0,2
81,62,9,0.2,0,1.5,1.2,0,0,1
81,63,22,2.7,0.9,3.6,0,0,0,1
81,64,74,2,7,14,2,0,0,0
81,65,39,2,3,7,1,0,0,0
81,68,2,0,0.1,0.1,0.5,0,0,1
81,69,58.5,1,3.3,5.5,11.8,0,0,2
81,73,6,0,0.4,0.5,1.4,0,0,1
81,77,3,0,0.6,0.1,0.5,0,0,1
81,80,136,5.1,38.6,7.2,8.5,0,0,2
81,81,273.5,7,22,35,45,0,0,0
81,82,149,10.1,11.8,13.9,24.6,0,0,2
81,83,78.5,1.5,9.7,5.5,15.4,0,0,1
81,84,43,1.8,8.6,0.9,6.5,0,0,4
81,85,442,82,3,49,35,0,57,0
81,86,402,34,42,27,70,0,4,0
81,87,70,2.5,0,3.5,23.3,0,0,1
81,88,362,11,16,25,90,0,0,0
81,89,380.5,47,23,46,16,0,43,0
81,90,168,18.7,10.3,15.9,22.4,0,0,1
81,91,108.5,10,15,19,0,0,0,0
81,92,106,9.5,6.5,19.3,1.5,0,0,3
81,93,42,0,0,11,0,0,0,0
81,94,1,0.1,0,0,0.3,0,0,1
81,96,8,0,0.6,0.4,1.6,0,0,2
81,97,31,0,2.4,1.5,6.2,0,0,3
81,100,7,0,1.3,0.3,2.5,0,0,1
81,103,319,0,107,2,2,0,0,0
81,110,16,0,3,0.3,3.3,0,0,2
81,111,15,0.1,2.7,1.5,1.3,0.2,0,3
81,115,101,1,13,12,13,0,0,0
81,116,230,4,15,43,23,0,20,0
81,117,298.5,6,67,29,36,0,11,0
81,118,637,29,11,121,144,1,37,0
81,119,317.5,8,73,43,37,0,10,0
81,120,208.5,24.1,9.6,16.6,37.2,0,0,1
81,121,7,0,0.2,2.3,0.1,0,0,1
81,122,68.5,6,8.2,10.4,1,0,0,2
81,123,69,0.3,25.3,0,0.7,0,0,1
81,124,351,9,49,76,21,0,4,0
81,125,630,26.5,171.5,72,31.9,0,157,1
81,126,58.5,6.3,6.6,3.9,7.3,0,0,3
81,127,1,0.1,0.2,0.1,0.1,0,0,1
82,3,2,0.1,0.1,0,0.6,0,0,1
82,7,3,0.2,0.5,0.4,0.3,0,0,2
82,8,16,0.9,2.4,2.2,1.9,0,0,2
82,9,1,0,0.1,0.1,0.1,0,0,1
82,10,58,0.5,8.9,7.8,3.4,0,0,4
82,11,16,0.3,0.9,2,2.4,0,0,2
82,13,30,0.4,1.9,3.8,3.3,0,0,2
82,17,3,0.1,0.1,0.3,0.8,0,0,1
82,20,8,0.2,0.2,0.9,1.7,0,0,2
82,23,6,0.2,0.4,0.8,1,0,0,2
82,24,2,0.1,0.1,0.2,0.3,0,0,1
82,27,2,0.1,0.4,0.3,0.1,0,0,1
82,29,2,0.3,0.3,0.1,0.2,0,0,1
82,30,12,0.9,1.2,1.7,0.8,0,0.2,3
82,31,7,0,0.6,1.1,0.6,0,0,2
82,32,37,1.1,3.5,5.9,2,0,0,4
82,33,18,0.5,1.6,2.3,2.2,0,0,2
82,34,9,0.2,0.6,0.7,2.3,0,0,2
82,37,4,0,0.2,0.2,0.8,0,0,1
82,38,1,0,0,0.1,0.2,0,0,1
82,41,5,0,0.3,0.5,0.9,0,0,1
82,42,8,0,0.4,0.8,1.5,0,0,1
82,43,7,0,0.5,0.7,0.9,0,0,2
82,44,16,0.1,1.2,1.7,1.6,0,0,2
82,45,54,1.1,1.8,7.4,6.3,0,0,3
82,46,16,0,1,2.1,2.1,0,0,3
82,50,42,1.4,3.3,4.4,5.7,0,0,3
82,51,4,0.1,0.2,0.6,0.2,0,0,1
82,52,10,0.2,0.5,0.9,1.6,0,0,2
82,57,3,0,0,0.5,0.4,0.1,0,1
82,61,8,0.1,0.2,0.9,1.5,0,0,2
82,62,4,0,0.2,0.2,1,0,0,1
82,63,2,0,0.1,0.1,0.5,0,0,1
82,64,5,0,0,0.5,1.2,0,0,1
82,65,6,0,0,0.6,1.5,0,0,1
82,66,4,0,0.5,0.2,0.8,0,0,1
82,67,1,0,0.1,0.1,0.2,0,0,1
82,68,2,0,0.1,0.1,0.5,0,0,1
82,71,19,0.2,1,2.3,2.8,0,0,2
82,72,11,0,0.7,1.1,2.4,0,0,2
82,79,2,0,0.4,0.1,0.3,0,0,1
82,80,30,3.4,3.9,1.2,6.5,0,0,2
82,81,23,1.1,1.7,2.5,3.5,0,0,2
82,82,27,1.5,2.2,2.5,4.4,0,0,3
82,83,457.5,232.5,0.3,0,0.2,0,171.9,1
82,84,310,125.4,3.8,8.2,2.6,0,107,2
82,85,978.5,252,33,87,106,0,209,0
82,86,1023.5,145.5,92,59.2,165.6,0,133,1
82,87,262.5,2.1,117,9,20.6,0,105,2
82,88,116,6.4,18,4.6,21.7,0,20,1
82,89,593,176,28,39,50,0,165,0
82,90,223.5,7,21,34,17,0,0,0
82,91,13,1.3,0.9,1.3,1.3,0,0,1
82,92,34,3.4,2.2,4.3,2.6,0,0,4
82,93,16,1.6,0.7,1.6,2.2,0,0,4
82,94,9,1,0.1,0,2.7,0,0,2
82,99,3,0.1,0.5,0.3,0.2,0,0,1
82,100,46,3,6.4,5.7,5.1,0,0,2
82,101,48,21.3,0,0.9,0,0,0,1
82,103,319.5,0.7,115,0,0,0,6,1
82,110,26,0,11,0,0,0,0,0
82,111,10,0.1,1.8,1,0.9,0.1,0,2
82,115,44,0,0.4,13.2,0.2,0,0,1
82,116,20.5,0,0,4.2,4.6,0,0,1
82,117,178.5,1,37,27,2,1,0,0
82,118,174,11,41,11,8,0,0,0
82,119,212,4,62,15,13,0,0,0
82,120,194.5,12,37,16,15,0,0,0
82,121,164,15.4,26.6,8.9,11.1,0.1,0,1
82,122,61,2,7.5,3.5,10.4,0,0,3
82,123,2,0.2,0.2,0,0.5,0,0,1
82,124,325.5,3.2,64.1,30.8,8.9,1,0,1
82,125,1675,3,634,52,9,0,555,0
82,126,173,6,30.9,16.8,2.8,0,3,1
82,127,124,9.2,15.5,16.2,0.5,3,0,1
83,0,1,0,0.2,0.2,0.1,0,0,1
83,2,2,0,0.2,0.3,0.4,0,0,1
83,3,4,0,0.4,0.6,0.9,0,0,1
83,6,2,0.2,0.4,0.2,0.2,0,0,2
83,7,2,0.1,0.3,0.3,0.2,0,0,1
83,10,77,2,7.1,8.4,15.3,0,0,1
83,11,17,0.2,0.6,1.9,3.2,0,0,2
83,12,16,0.2,0.5,1.8,3,0,0,2
83,13,1,0,0.1,0.1,0.2,0,0,1
83,22,1,0,0.1,0.1,0.2,0,0,1
83,23,31,1,2.3,3.8,4.7,0,0,4
83,24,31,1.8,1.3,3.1,4.9,0,0,3
83,25,7,0.4,0.3,0.7,1.1,0,0,1
83,27,11,0.7,2.2,1.3,0.6,0,0,3
83,28,7,0.5,1.4,0.8,0.4,0,0,1
83,29,11,1.7,1.7,0.7,0.8,0,0,2
83,31,22,0,2.1,3.2,2.2,0,0,2
83,32,17,0,1.6,2.5,1.7,0,0,2
83,33,2,0.1,0.1,0.1,0.5,0,0,1
83,37,2,0,0.1,0.1,0.4,0,0,1
83,42,3,0,0.2,0.3,0.5,0,0,1
83,45,29,0.8,0.4,4.3,3.6,0,0,1
83,50,112.5,7.3,6.9,13.4,18.2,0,0,3
83,51,51,1.2,2.7,7.4,2.1,0,0,3
83,53,19,0.5,1.1,2.1,1.9,0,0,2
83,55,2,0.1,0.1,0.1,0.4,0,0,1
83,56,31,0.5,0,4.7,4.2,0.5,0,2
83,59,4,0,0.1,0.1,1.1,0,0,1
83,61,4,0,0.2,0.2,1,0,0,1
83,64,24,0,0,2.6,5.8,0,0,2
83,65,10,0,0,1,2.5,0,0,3
83,66,3,0,0.4,0.1,0.6,0,0,1
83,67,13,0,1.5,0.6,2.7,0,0,2
83,68,6,0,0.7,0.3,1.2,0,0,1
83,72,6,0.1,0.3,0.7,0.9,0,0,1
83,73,8,0.1,0.5,0.9,1.1,0,0,2
83,74,1,0,0.1,0.1,0.2,0,0,1
83,81,10,0.5,1,0.7,1.8,0,0,2
83,82,25,1.3,2.4,1.6,4.7,0,0,3
83,83,314,26,37,40,13,0,13,0
83,84,877,231,109,8,114,0,290,0
83,85,533,184,46,73,34,0,171,0
83,86,1795.5,223,286,96,353,0,353,0
83,87,971,223,219,49,55,0,195,0
83,89,425.5,27,8.1,40.4,122.3,0,131,1
83,90,293,15,23,50,11,0,6,0
83,91,114,6.5,3.7,20.8,5.4,0,0,3
83,92,8,0.8,0.5,0.9,0.8,0,0,1
83,93,20,1.8,0.9,0.9,4.5,0,0,3
83,94,7,0.6,0.2,0,2.2,0,0,2
83,97,7,0,0.7,1.7,0.2,0,0,2
83,98,5,0.1,0.5,1.1,0.1,0,0,1
83,99,27,0.3,4.6,3.1,1.8,0,0,2
83,100,88,0.4,28.3,5.2,2.5,0,0,2
83,103,114.5,0,22.1,9.8,8.2,0,5.1,2
83,104,2,0,0.3,0.2,0.3,0,0,1
83,105,15,0,2.3,1.3,2.1,0,0.2,3
83,109,28,0,4,2,5,0,0,0
83,110,30,0.5,4,4,3.5,0,0,3
83,111,5,0.1,0.9,0.5,0.4,0.1,0,1
83,112,7,0.1,1.2,0.7,0.6,0.1,0,1
83,117,189,1,55,15,1,1,0,0
83,118,211.5,8,66.5,9.9,0,0,0,1
83,119,48,0,12.2,3.2,3,0,0,3
83,120,10,0,3.5,0.2,0.5,0,0,2
83,121,16,0.3,1.4,2.4,1,0,0,3
83,122,40,0.1,0.5,5.9,7.4,0,0,2
83,123,10,0.1,1,0.9,1.7,0,0,3
83,124,163,8,26.1,16.1,5.2,3,2,1
83,125,959,6.2,360,0.8,4.8,0,106,2
83,126,60.5,0.5,1.7,20.8,1.7,0,4,2
83,127,327.5,8,28,52,12,0,0,0
84,0,1,0,0.2,0.2,0.1,0,0,1
84,1,7,0,0.7,1.1,1.5,0,0,2
84,7,5,0.3,0.8,0.7,0.6,0,0,2
84,10,39,0,4.8,5.6,2.9,0,0,3
84,11,17,0.3,0.5,1.9,3.2,0,0,2
84,13,4,0.1,0.1,0.4,0.9,0,0,1
84,15,28,0.8,0.9,2.6,5.9,0,0,3
84,16,4,0.1,0.1,0.4,1.1,0,0,1
84,19,3,0.1,0.1,0.3,0.8,0,0,1
84,20,6,0.1,0.1,0.6,1.7,0,0,1
84,21,27,0.5,2.3,3.8,4.1,0,0,3
84,22,6,0.1,0.5,0.9,0.9,0,0,2
84,24,6,0.3,0.3,0.6,0.9,0,0,1
84,25,3,0.2,0.1,0.3,0.5,0,0,1
84,26,3,0.2,0.6,0.4,0.1,0,0,2
84,27,121,2.9,13,28.5,1.8,0,0,2
84,28,46,4.6,8.3,4.2,3.1,0,0,3
84,29,148,15,20,8,40,0,0,0
84,30,171.5,18.3,23.3,9.9,41.1,1,7,1
84,31,72,1,8.2,14.7,4.7,0,0,3
84,32,12,0,1.1,1.8,1.2,0,0,3
84,33,6,0,0.6,0.8,0.7,0,0,2
84,34,5,0.1,0.3,0.4,1.3,0,0,1
84,39,5,0,0.2,0.3,1,0,0,1
84,40,5,0,0.2,0.3,1,0,0,1
84,44,2,0.1,0,0.3,0.2,0,0,1
84,48,12,0.4,0.7,1.3,1.5,0,0,2
84,49,17,0.7,1.1,1.6,2.3,0,0,2
84,50,51,2.1,3.2,4.9,6.7,0,0,3
84,52,3,0.1,0.2,0.4,0.1,0,0,1
84,53,22,0.8,1.5,0.8,4.3,0,0,2
84,54,8,0.3,0.6,0.3,1.5,0,0,1
84,55,17.5,0.6,1.2,0.6,3.5,0,0,3
84,56,24,0.3,0,3.7,3.3,0.4,0,2
84,57,14,0.2,0,2.1,1.9,0.3,0,2
84,59,1,0,0,0,0.3,0,0,1
84,61,13,0,0.5,0.8,3.4,0,0,2
84,62,12,0,0.5,0.7,3.1,0,0,1
84,63,13,0,0.4,0.9,3.4,0,0,2
84,64,4.5,0,0,0.4,1.1,0,0,2
84,65,6,0,0,0.6,1.5,0,0,2
84,66,16,0,1.8,0.7,3.4,0,0,2
84,68,1,0,0,0.1,0.2,0,0,1
84,69,37,0,0.8,4.9,5.3,0,0,2
84,71,25,0.3,1.3,3,3.7,0,0,3
84,72,2,0,0.1,0.3,0.3,0,0,1
84,73,32,0.2,1.9,3.4,6.1,0,0,2
84,75,5,0,0.3,0.5,1.1,0,0,1
84,76,122,0,41.4,1.1,0.3,0,0,1
84,77,4,0,0.9,0.1,0.6,0,0,1
84,82,13,0.7,1.3,0.8,2.4,0,0,3
84,83,434,5,127,34,3,0,0,0
84,84,349.5,15,59,39,1,2,12,0
84,85,110.5,49.5,9.7,1,0.5,0,39.2,2
84,86,581,26,82,30,133,0,1,0
84,87,992.5,27,140,35,262,1,21,0
84,88,801,15,241,54,88,0,64,0
84,89,592,151,38.7,31.3,10.7,0,175,1
84,90,216,75,29.2,3.2,3.1,0,73,1
84,91,276.5,2.2,2.8,67.3,4.2,0,6,1
84,92,47,1,0,10,2,0,0,0
84,93,17,1.5,1,1,3.3,0,0,4
84,94,8,0.6,0.2,0,2.6,0,0,2
84,96,33,0.4,3.1,7.5,0.9,0,0,4
84,97,30,0.2,2.8,6.9,0.9,0,0,3
84,98,49,0.5,6,9.1,2.2,0,0,4
84,99,39,0.5,6.6,4.4,2.6,0,0,4
84,100,76,0.4,13.7,12.7,2.1,0,0,3
84,103,32,0,6.1,2.8,2.4,0,1.4,2
84,104,40,0,6.2,3.4,5.5,0,0.6,4
84,105,40.5,0,6.2,3.5,5.5,0,0.5,3
84,107,2,0,0.4,0,0.4,0,0,1
84,109,5,0,0.7,0.7,0.6,0,0,2
84,110,32.5,0.5,4.3,4.4,3.8,0,0,4
84,112,1,0,0.2,0.1,0.1,0,0,1
84,113,9,0.1,1.6,0.9,0.8,0.1,0,1
84,117,102,0,24.6,16.8,0,0,0,3
84,118,121.5,2,17.1,17.5,8.7,0,0,2
84,119,10,0,3.4,0.2,0.6,0,0,2
84,120,7.5,0,2.6,0.1,0.4,0,0,2
84,121,20,0.4,1.6,3,1.3,0.1,0,2
84,122,131.5,2.6,11,19.9,7.8,0.7,0,4
84,123,8,0.2,0.7,1.2,0.5,0,0,1
84,124,59.5,7.4,8,2.6,6.5,0,0,2
85,7,2,0.1,0.1,0.1,0.6,0.1,0,1
85,8,5,0.1,0.4,0.1,1.6,0.4,0,3
85,10,3,0.1,0.2,0.1,1,0.2,0,1
85,11,5,0.2,0,0.4,1.2,0,0,1
85,20,2,0,0.1,0.1,0.8,0,0,1
85,21,3,0.1,0.2,0.2,0.7,0,0,1
85,23,10,0.3,0.5,0.7,2.4,0,0,2
85,26,2,0,0,0.5,0.4,0,0,1
85,27,5,0,0,1.3,1,0,0,1
85,28,73,1,11,17,2.1,0,0,1
85,29,96,4.6,17.6,11.8,3.5,0,1,3
85,30,108,14.4,11.4,14.6,18.3,0,7,3
85,31,27,1.2,4,5.6,1,0,0,3
85,32,5,0.2,0.8,1,0.2,0,0,2
85,33,4,0.2,0.6,0.8,0.2,0,0,1
85,36,8,0.2,0.9,1.8,1.4,0,0,1
85,37,15,0.4,1.7,3.4,2.6,0,0,2
85,39,9,0.6,0.9,0.9,1.2,0,0,2
85,42,3,0,0.1,0.5,0.5,0,0,1
85,43,29,0,1.3,3.8,5.4,0,0,3
85,44,16,0,1,1.8,3.1,0,0,3
85,48,1,0,0,0.2,0.2,0,0,1
85,49,5,0,0.1,0.7,1.2,0,0,2
85,50,6,0,0.1,0.9,1.5,0,0,1
85,54,6,0,0.6,0.3,1.5,0,0,2
85,59,17,0.4,1.5,2.7,1.2,0,0,1
85,62,6,0.4,0.6,1.3,0.1,0,0,2
85,63,2,0.1,0.2,0.4,0.1,0,0,1
85,69,30,0,1.3,1.9,5.7,0,0,1
85,71,12,0.2,1.2,1.6,1.2,0,0,1
85,72,18,0.3,1.8,2.5,1.8,0,0,3
85,73,158,2,17,15.8,30.7,0,0,1
85,74,23.5,0,5.5,2.6,1.6,0,0,3
85,75,133,1,34,6,8,0,0,0
85,76,158,0,54,3.1,0.2,0,0,1
85,77,2,0,0.2,0.5,0,0,0,1
85,81,10,0.5,1.2,0,2.3,0,0,3
85,82,19,0.8,2.2,0.2,4.4,0,0,3
85,83,92,0.1,2,22.1,1.1,0,0,1
85,84,362.5,9,93,31,4,0,0,0
85,85,688.5,171,80,56,32,0,26,0
85,86,706.5,182,6,30,86,2,171,0
85,87,549,3.5,9,45.7,155.4,0,18.1,1
85,88,326,5.2,6.2,6.4,113.1,0,9,1
85,89,21,1.2,1.2,1.9,5.6,0,0,1
85,90,2,0.1,0.1,0.2,0.5,0,0,1
85,91,12,1.3,0.4,0.5,2.3,0,0,2
85,92,157,7.8,9.7,20.7,17.1,0,0,2
85,93,113,18.4,3.8,7.6,14.5,0,0,2
85,94,67,0.3,3.9,13.4,2.8,0,0,2
85,95,143.5,4,23,14,18,0,0,0
85,96,159,1.5,13.1,33.6,1.4,0,0,1
85,97,97,0.1,2.7,34.1,0.3,0,0,1
85,98,94,0.4,29.3,3.9,0.9,0,0,2
85,99,263.5,0.4,51.1,39.7,0.7,0,0,1
85,100,160,0.1,27.8,18.9,12.2,0,0,1
85,101,2,0.1,0.4,0.1,0.2,0,0,1
85,103,10,0.2,2.1,0.7,1.4,0,0,3
85,104,1,0,0.2,0.1,0.2,0,0,1
85,107,6,0.3,0.3,0.4,1.1,0,0,2
85,111,17.5,0.2,1.3,2.8,0.8,0,0,2
85,113,5,0,0.4,0.3,0.9,0,0,1
85,115,7,0,0.6,0.4,1.2,0,0,1
85,116,2,0,0.2,0.3,0.3,0,0,1
85,117,179,0,26,31,1,0,0,0
85,118,6,0.1,0.7,0.9,0.8,0,0,1
85,119,18,0.8,3,0.8,3,0,0,2
85,120,2,0.1,0.4,0.1,0.3,0,0,1
85,121,43,2,11.4,2,1,0,0,4
85,122,21,0.9,5.6,1.1,0.4,0,0,4
85,123,12,0.6,1.5,0.1,3.5,0,0,2
85,124,6,0.2,0.8,0,1.8,0,0,2
85,126,1,0.1,0.1,0.1,0.1,0,0.1,1
86,0,2,0.2,0.4,0.1,0.2,0,0,1
86,3,3,0.1,0,0.2,1,0,0,1
86,4,3,0.1,0,0.2,1,0,0,1
86,7,2,0.1,0.1,0.1,0.6,0.1,0,1
86,13,14,0.6,0,1.2,3.2,0,0,2
86,14,2,0.1,0,0.2,0.4,0,0,1
86,17,5,0.1,0.2,0.3,1.9,0,0,2
86,18,2,0,0.1,0.1,0.8,0,0,1
86,20,2,0,0.1,0.1,0.8,0,0,1
86,26,1,0,0,0.3,0.2,0,0,1
86,27,5,0,0,1.3,1,0,0,1
86,28,1,0,0,0.3,0.2,0,0,1
86,29,16,1.1,1.8,1.9,1.1,0,0,3
86,30,93,6.7,10,16.2,4.7,0,0,3
86,31,47,2,6.9,9.7,2,0,0,4
86,34,1,0,0,0,0.4,0,0,1
86,35,2,0,0,0.1,0.7,0,0,1
86,36,2,0.1,0.2,0.5,0.3,0,0,1
86,37,5,0.2,0.5,1.2,0.8,0,0,2
86,38,5,0.1,0.6,1.1,0.9,0,0,1
86,42,6,0,0.2,1,1,0,0,1
86,44,2,0,0.1,0.2,0.4,0,0,1
86,46,9,0,0.1,0.8,1.6,0,0,2
86,47,15,0,0.3,1.4,2.5,0,0,2
86,48,9,0,0.2,0.8,1.5,0,0,1
86,49,6,0,0.1,0.9,1.5,0,0,1
86,50,2,0,0,0.3,0.5,0,0,1
86,51,9,0.2,0,1.3,1.8,0,0,2
86,55,10,0,0.9,0.6,2.5,0,0,2
86,56,5,0.1,0.1,0.5,1.3,0,0,2
86,57,26.5,0.6,0.6,2.6,6.5,0,0,3
86,59,167,6.4,24.8,14.2,24.4,0,13,1
86,60,42,0.9,3.7,6.8,2.9,0,0,3
86,68,9,0,0.4,0.6,1.7,0,0,1
86,69,4,0,0.2,0.2,0.8,0,0,1
86,70,4,0,0.2,0.2,0.8,0,0,1
86,71,36,0.6,3.7,4.8,3.7,0,0,3
86,72,101,1.4,16.3,11.3,6.3,0,0,2
86,73,189,2,42,20,6,0,0,0
86,74,48,1,21,1.4,0.9,0,0,2
86,75,49,1,6.6,0.8,12.5,0,0,1
86,76,22.5,0,2.3,5.3,0.6,0,0,2
86,77,5,0,0.5,1.2,0.1,0,0,1
86,82,8,0.3,1,0.1,1.8,0,0,2
86,83,121.5,4,20.1,6.8,17.2,0,0,2
86,84,311.5,11,47,19,45,0,21,0
86,85,144.5,5.9,17.5,12.8,14.8,0,0,1
86,87,110,1.3,6,4,29.6,0,6.2,2
86,88,129,1,4,25,10,0,25,0
86,89,6,0.3,0.4,0.5,1.6,0,0,1
86,90,1,0,0.1,0.1,0.3,0,0,1
86,91,12,1.3,0.5,0.5,2.1,0,0,3
86,92,2,0.2,0.1,0.1,0.3,0,0,1
86,93,48,0.8,15.8,0.9,3.9,0,0,3
86,94,58,0.4,8.3,9.6,1.2,0,0,1
86,95,41,2.3,5.8,2.7,5.2,0,0,4
86,96,20,0.7,4.4,0.9,2,0,0,3
86,98,7,0.3,1.5,0.3,0.7,0,0,2
86,99,168.5,4,24.9,20.3,8.6,0,0,2
86,100,54,0.8,7.2,8.3,1.5,0,0,4
86,109,3,0.2,0.2,0.2,0.5,0,0,1
86,112,12,0.2,0.9,1.9,0.5,0,0,2
86,114,13,0,1,0.8,2.2,0,0,2
86,116,11,0.1,1.3,1.6,1.5,0,0,1
86,117,112.5,1.7,12.3,17.7,12,0,0,3
86,118,13,0.2,1.7,1.7,1.8,0,0,2
86,119,3,0.1,0.5,0.2,0.5,0,0,1
86,122,9,0.4,2.4,0.4,0.2,0,0,2
86,123,8,0.4,1.8,0.3,0.7,0,0,2
86,126,44,4.9,1.4,8.6,1.2,0,0.9,2
86,127,12,0.8,1.2,1.4,1,0,0.8,3
87,2,12,0.2,0,0.9,4,0,0,2
87,3,2,0,0,0.2,0.7,0,0,1
87,5,5,0.1,0,0.4,1.7,0,0,1
87,6,6,0.2,0.4,0.2,1.9,0.4,0,3
87,9,4,0.1,0.3,0.1,1.3,0.3,0,1
87,11,7,0.2,0.2,0.5,1.7,0,0,2
87,12,6,0,0.5,0.2,1.6,0,0,1
87,13,8,0.3,0,0.7,1.8,0,0,1
87,15,1,0.1,0,0.1,0.2,0,0,1
87,16,3,0.1,0.1,0.2,1.1,0,0,1
87,17,2,0,0.1,0.1,0.8,0,0,1
87,18,13,0.2,0.6,0.8,4.9,0,0,2
87,19,4,0.1,0.2,0.2,1.5,0,0,1
87,21,3,0.1,0.2,0.2,0.7,0,0,1
87,22,14,0.4,1.7,1.3,2,0,0,2
87,23,5,0.1,0.3,0.4,1.2,0,0,1
87,24,6,0.1,0.4,0.5,1.4,0,0,3
87,26,3,0.1,0.1,0,1,0,0,1
87,28,1,0,0,0.3,0.2,0,0,1
87,29,4,0.3,0.4,0.5,0.3,0,0,1
87,30,45,3,5,5,3.7,0,0,3
87,31,10,0.4,1.5,2.1,0.4,0,0,1
87,32,5,0.1,0.5,0.7,0.8,0,0,2
87,33,1,0,0,0,0.4,0,0,1
87,34,6,0.1,0.2,1,0.5,0,0,1
87,35,2,0,0,0.1,0.7,0,0,1
87,37,4,0.3,0.4,0.4,0.5,0,0,1
87,39,46.5,0.7,5.9,10,1.4,0,0,2
87,40,1,0.1,0.1,0.1,0.1,0,0,1
87,48,42,0,0.8,4.6,7.4,0,0,4
87,49,4,0,0.1,0.6,1,0,0,1
87,50,30,0,1,4.6,5,0,0,4
87,51,42,1,0.4,6.2,7.5,0,0,3
87,52,7,0.2,0.6,1.1,0.5,0,0,1
87,53,13,0.3,1.1,2,1.1,0,0,1
87,55,3,0,0.3,0.2,0.7,0,0,1
87,56,3,0.1,0.1,0.3,0.7,0,0,1
87,57,6.5,0.1,0.2,0.6,1.6,0,0,1
87,59,2,0,0.2,0.3,0.2,0,0,1
87,60,95.5,0.4,2.7,21.4,2.7,0,0,2
87,61,44,1.9,3.7,7.7,4.1,0,0,4
87,62,10,0.6,1.1,2.1,0.2,0,0,1
87,63,14,0,0.7,1.3,3.3,0,0,1
87,69,3,0,0.2,0.6,0.1,0,0,1
87,70,173,1,38,25,1,0,0,0
87,71,153,1.5,6.9,24.1,26.9,0,0,2
87,72,678.5,79,61,46,137,1,71,0
87,73,309.5,16,22,33,65,1,11,0
87,74,89,4,15.9,12.3,5.4,0,0,1
87,80,2,0.1,0.1,0.5,0.1,0,0,1
87,81,25,0.5,3.4,0.2,6.1,0,0,3
87,82,4,0,0.6,0,1.1,0,0,1
87,83,21,1.1,1.5,1.6,3.4,0,0,2
87,84,344.5,4.9,37.4,58.7,8.1,0,1,1
87,85,730,61,130,58,28,0,165,0
87,86,25,0.4,4.9,1.1,2.1,0,0,1
87,87,89.5,0,0,16,17,0,8,0
87,88,11,0.3,0.1,0.7,2.2,0,0.6,2
87,92,7,0.7,0.3,0.3,1.3,0,0,2
87,93,40,0.8,0.6,8.1,4.2,0,6.9,3
87,94,49,1,1,6,16,0,4,0
87,95,4,0.2,0.6,0.3,0.5,0,0,1
87,96,3,0.2,0.8,0.3,0.1,0,0,1
87,97,2,0.1,0.4,0.1,0.2,0,0,1
87,98,11,0,1.1,2,0.6,0,0,2
87,99,17,0,1.5,3.3,1,0,0,1
87,100,17,0.3,2.2,2.6,0.5,0,0,2
87,101,30,0.7,6.3,2.1,3.5,0,0,2
87,102,4,0.1,0.8,0.3,0.5,0,0,1
87,103,2,0.1,0.4,0.1,0.4,0,0,1
87,104,4,0.1,0.3,0.1,1.1,0,0,2
87,105,13,0.4,2,0.5,3.1,0,0,3
87,111,10,0.3,1.5,0.3,2,0,0,2
87,112,50,0.9,4.4,6.6,3.7,0,0,3
87,113,33,1.1,3.7,1.7,6.7,0,0,2
87,114,2,0.1,0.3,0.1,0.4,0,0,1
87,119,8,0.3,1.1,0.6,1.2,0,0,2
87,121,13,0.9,2.6,0.4,0.7,0,0,2
87,122,10,0.4,2.7,0.4,0.3,0,0,2
87,123,4,0.3,0.8,0.1,0.2,0,0,1
87,124,40,2.3,5.5,0.8,9.3,0,0,3
87,125,11,0.6,1.5,0.2,2.7,0,0,2
87,126,25,1.7,2.4,2.8,2.2,0,1.7,1
87,127,31,1.6,2.8,3.4,3.8,0,1.7,2
88,0,1,0.1,0.2,0,0.1,0,0,1
88,2,11,0.2,0,0.8,3.7,0,0,1
88,3,12,0.2,0,0.9,4.1,0,0,2
88,4,1,0,0,0.1,0.3,0,0,1
88,9,7,0.2,0.5,0.2,2.3,0.5,0,2
88,12,21,0,1.7,0.7,5.8,0,0,3
88,16,2,0,0.1,0.1,0.8,0,0,1
88,20,5,0.1,0.2,0.3,1.9,0,0,2
88,21,13,0.3,2.1,1.3,1.2,0,0,2
88,22,3,0.1,0.4,0.3,0.3,0,0,1
88,24,7,0.2,0.3,0.5,1.7,0,0,1
88,26,2,0,0.1,0,0.7,0,0,1
88,29,3,0.1,0.1,0,1,0,0,1
88,31,2,0,0,0.1,0.7,0,0,1
88,33,3,0,0.1,0.1,1.1,0,0,1
88,34,9,0.1,0.3,1.4,0.8,0,0,1
88,35,4,0.1,0.1,0.6,0.4,0,0,1
88,37,5,0.3,0.5,0.5,0.7,0,0,2
88,38,9,0.2,1.1,1.6,1,0,0,1
88,39,52,1.5,9,7.4,3.9,0,0,1
88,41,15,0,0.4,2.4,2.7,0,0,2
88,43,9,0,0.2,1.5,1.6,0,0,2
88,44,2,0,0.1,0.3,0.3,0,0,1
88,48,3,0,0.1,0.5,0.4,0,0,1
88,51,3,0,0.3,0.4,0.3,0,0,2
88,52,42,1,3.6,6.4,3.4,0,0,4
88,55,6,0,0.5,0.4,1.5,0,0,1
88,56,1,0,0,0.1,0.2,0,0,1
88,57,21,0,0.5,2.8,3.9,0,0,2
88,59,13,0,0.3,1.7,2.4,0,0,2
88,61,7,0,0.3,0.7,1.7,0,0,1
88,64,7,0.1,0.5,1.2,0.5,0,0,1
88,65,35,0.6,2.5,6.2,2.4,0,0,4
88,69,7,0,0.5,1.3,0.3,0,0,1
88,71,147,1,15.8,27.5,3.6,0,0,1
88,72,325.5,16,12.2,80.9,29.4,0,0,1
88,73,22,0,3.7,3,1.2,0,0,1
88,74,9,0,0.3,0.9,2.3,0,0,1
88,75,14,0,0.6,1.4,3.5,0,0,2
88,80,1,0,0.1,0.2,0,0,0,1
88,84,36.5,3,1,8,1,0,0,0
88,85,186,5.2,4.7,33,12.7,0,0,2
88,86,95,0.2,5.2,16.7,1.3,0,0,2
88,87,209.5,0.1,2.4,1.3,89.6,0,48,2
88,88,61.5,0,0,3,20,0,0,0
88,93,143,0,0,6,45,0,16,0
88,94,635.5,5,1,43,205,1,49,0
88,95,301.5,31,2,48,28,0,5,0
88,96,145,0,3,44,2,0,0,0
88,97,19,1.1,4.9,2.2,0.5,0,0,1
88,98,4,0,0.4,0.8,0.2,0,0,1
88,99,29,0,2.6,5.6,1.7,0,0,2
88,101,3,0.1,0.6,0.2,0.6,0,0,2
88,102,3,0.1,0.7,0.1,0.6,0,0,1
88,103,13,0.4,2.3,0.5,3,0,0,2
88,104,5,0.2,0.4,0.2,1.2,0,0,1
88,110,8,0.5,0.4,0.5,1.4,0,0,1
88,111,20,0.6,2.9,0.6,4,0,0,4
88,115,1,0,0.1,0.1,0.2,0,0,1
88,116,7,0.3,1.3,0.3,1.1,0,0,2
88,118,7,0.2,0.7,0.7,0.9,0,0,1
88,119,10,0.4,1,1,1.2,0,0,3
88,120,14,0.6,1.4,1.4,1.7,0,0,2
88,121,12,0.8,2.4,0.4,0.6,0,0,3
88,123,4,0.3,0.8,0.1,0.2,0,0,1
88,125,2,0.1,0.4,0.1,0.1,0,0,1
88,126,3,0,0.2,0.3,0.7,0,0,1
89,1,2,0,0,0.2,0.7,0,0,1
89,2,6,0.1,0,0.5,2,0,0,2
89,4,3,0.1,0,0.2,1,0,0,1
89,5,5,0.1,0,0.4,1.7,0,0,1
89,8,22,0,0,1,10,0,0,0
89,11,2,0,0.2,0.1,0.5,0,0,1
89,12,5,0,0.4,0.1,1.4,0,0,1
89,13,4,0.2,0,0.3,0.9,0,0,1
89,14,8,0.3,0,0.7,1.8,0,0,1
89,15,1,0.1,0,0.1,0.2,0,0,1
89,16,13,0.2,0.6,0.9,4.8,0,0,2
89,19,8,0.1,0.4,0.5,3,0,0,2
89,20,1,0,0,0.1,0.4,0,0,1
89,23,7,0.2,1.1,0.7,0.6,0,0,1
89,25,2,0.1,0.1,0.1,0.5,0,0,1
89,26,4,0,0.2,0,1.4,0,0,2
89,28,8,0.2,0.3,0,2.7,0,0,3
89,29,14,0.3,0.7,0,4.8,0,0,2
89,30,5,0.1,0.3,0,1.7,0,0,1
89,31,3,0,0.1,0.1,1.1,0,0,1
89,32,2,0,0,0.1,0.7,0,0,1
89,33,21,0.2,0.8,2.3,3.9,0,0,2
89,34,26,0.4,0.9,4,2.3,0,0,3
89,37,8,0.6,0.8,0.8,1,0,0,2
89,38,6,0.3,0.6,0.7,0.8,0,0,2
89,39,86,0.4,22.9,2.8,1.8,0,21,2
89,41,5,0,0.1,0.8,0.9,0,0,1
89,42,7,0,0.2,1.1,1.3,0,0,1
89,43,2,0,0.1,0.3,0.3,0,0,1
89,44,6,0,0.2,1,1,0,0,1
89,45,2,0,0.1,0.3,0.3,0,0,1
89,47,2,0,0,0.2,0.4,0,0,1
89,49,15,0,0.7,2.2,2,0,0,2
89,50,3,0,0.1,0.5,0.4,0,0,2
89,51,12,0.3,1,1.9,0.9,0,0,3
89,52,75,3.9,4.4,13.6,7.4,0,0,3
89,54,1,0,0.1,0.1,0.2,0,0,1
89,55,7,0,0.6,0.5,1.7,0,0,2
89,58,1,0,0,0.1,0.2,0,0,1
89,61,6,0,0.2,0.6,1.4,0,0,2
89,64,9,0.2,0.6,1.6,0.6,0,0,1
89,65,6,0.1,0.4,1.1,0.4,0,0,1
89,68,8,0,0.5,1.5,0.4,0,0,2
89,69,38.5,0,2.7,7.2,1.8,0,0,4
89,70,87.5,0,4.1,19.5,2.3,0,0,2
89,71,74,0,8.4,14.5,1.4,0,0,2
89,72,46,0,10.7,5.2,1.8,0,0,1
89,73,28,0,2.8,3.3,4.5,0,0,3
89,75,13,0,0.5,1.3,3.3,0,0,2
89,76,13,0.4,0.8,3.5,0.4,0,0,2
89,78,163,1.6,17.8,29.1,5.4,0,0,2
89,79,41,0,4.2,7.6,2.1,0,0,2
89,82,3,0,0.4,0,0.8,0,0,1
89,83,7.5,0,1.1,0,2,0,0,1
89,85,35,1.8,2.8,3.4,4.2,0,0,3
89,86,80.5,15.2,3.4,3.7,6.5,0,0,3
89,87,218,10.1,12.2,19.2,36.5,0,12,1
89,88,334.5,51,3.8,43.6,59.3,0,59,2
89,89,40,0,2.8,6.2,4.9,0,0,3
89,90,5,0,0.3,0.8,0.6,0,0,1
89,92,5,0.5,0.2,0.2,0.9,0,0,2
89,94,129,0,1,2.8,53.2,0,7.7,1
89,95,504,189,3,34.5,14.2,0,190.4,1
89,96,255,35.7,49.3,18.5,2.4,0,0,1
89,97,410,3,117,24,10,0,3,0
89,98,319,0,4,96,8,0,0,0
89,99,194.5,0,0.8,58.7,1.5,0,0,1
89,100,1,0,0.1,0.2,0,0,0,1
89,102,3,0.1,0.7,0.1,0.6,0,0,1
89,105,9,0.3,0.6,0.3,2.3,0,0,2
89,109,8,0.5,0.4,0.5,1.4,0,0,1
89,110,20,1.2,0.9,1.4,3.6,0,0,3
89,111,12,0.3,1.9,0.3,2.4,0,0,2
89,112,14,0.4,2.1,0.4,2.8,0,0,2
89,113,9,0.3,1.3,0.3,1.9,0,0,2
89,114,30,1.4,3.7,1.5,6.5,0,0,3
89,115,4,0.2,0.5,0.2,0.9,0,0,1
89,116,7,0.3,1.2,0.3,1.2,0,0,1
89,117,4,0.2,0.8,0.2,0.6,0,0,2
89,118,27.5,5.1,4.2,1.2,3.2,0,0,1
89,119,143,5.4,36.1,9.1,9.4,0,0,1
89,120,152.5,3.2,8.2,35.2,8,0,0,1
89,121,23,1.7,4.6,0.6,1.3,0,0,2
90,0,1,0,0,0,0.4,0,0,1
90,2,5,0,0.1,0.2,1.8,0.1,0,1
90,8,11,0.4,0.4,1.7,2.7,0,0,2
90,13,4,0.1,0.3,0.2,1.1,0,0,1
90,14,5,0.2,0.4,0.2,1.3,0,0,1
90,19,4,0.2,0,0.1,1.6,0,0,1
90,21,48,0.9,3.1,9.9,5,0,4.5,1
90,22,59,2.6,2.9,7.8,11.5,0,2.5,3
90,23,4,0.2,0.2,0.8,0.4,0,0.3,1
90,26,6,0.4,0.1,0.7,1.4,0,0,2
90,31,17,0.4,1.8,1.7,2.7,0,0,4
90,32,3,0.1,0.3,0.3,0.5,0,0,1
90,33,24,0.4,2.4,2.8,3.4,0,0,3
90,34,35,0.8,1.5,7.3,1.8,0,0,2
90,35,113,0.5,20.9,18.6,2.1,0,0,2
90,36,95,3.3,23.4,9.3,0.2,0,0,2
90,37,87.5,1.7,5.1,16.1,9.7,0,0,1
90,38,151,15,21,26,22,0,18,0
90,39,64,5.5,2,12.8,3.1,0,0,3
90,40,7,0.4,0.3,1.4,0.7,0,0,1
90,41,5,0.1,0.2,0.6,0.8,0,0,1
90,43,6,0,0.2,0.9,0.9,0,0,1
90,44,32,0,1,4.8,4.7,0,0,2
90,45,14,0,0.4,2.1,2.1,0,0,1
90,47,3,0,0.2,0.4,0.4,0,0,1
90,48,3,0,0.2,0.4,0.4,0,0,1
90,51,19,0.3,1.2,4.4,0.4,0,0,3
90,52,145,6.2,23,14.6,24.4,0,5,2
90,53,3,0.1,0.2,0.3,0.5,0,0,1
90,56,2,0,0.2,0.2,0.4,0,0,2
90,57,17,0.7,2.2,1.5,2.5,0,0,2
90,58,27,1,3.6,2.3,4,0,0,2
90,60,4,0.2,0.1,0.6,0.5,0,0,1
90,64,30,0,2.4,3.1,7.1,0,0,3
90,65,8,0,0.6,0.9,1.9,0,0,1
90,69,5,0,0.4,0.6,0.8,0,0,1
90,70,8,0,0.6,0.9,1.3,0,0,1
90,71,74,4,11.9,8,2.6,0,0,1
90,72,34,0,7.7,2.6,1.5,0,0,3
90,75,13,0,0.7,0.8,2.9,0,0,2
90,76,17,0.5,1,0,6.8,0,0,1
90,78,125,4.8,6.8,13.1,23.1,0,0,1
90,79,22,1.9,1.9,4.3,1.2,0,0,2
90,82,7,0.1,0.2,0,2.3,0,0,2
90,84,25,3.9,1.2,0.4,4.5,0,0,3
90,85,81,5,0,16,1,0,16,0
90,86,411,20.3,77,22.7,27.5,0,118.1,1
90,87,512,36.6,57,59.2,21,0,119.6,1
90,88,895.5,124.8,93.8,125.9,112.8,0,205,1
90,89,103,4,7,3,20,1,4,0
90,90,3,0.6,0.3,0.1,0.3,0,0.6,2
90,92,4,0.3,0.4,0.3,0.5,0,0,1
90,93,7,0,0.3,0.6,1.7,0,0,1
90,94,24,0,1,2,6,0,0,1
90,95,148,0,23.3,24.7,2,0,0,1
90,96,176,65.5,3.4,13.6,1.7,0,51,2
90,97,370,55,74,1,34,0,22,0
90,98,592,23,172,58,5,0,128,0
90,99,249,2.1,49.1,39.4,5.8,0,36,3
90,100,154.5,3.3,8.4,19,32.9,0,3,1
90,101,11,0,0.4,2.5,1.2,0,0,1
90,107,23.5,0,2.4,0.6,6.7,0,0,2
90,109,2,0.1,0.2,0.3,0.2,0,0,1
90,111,3,0,0.6,0.1,0.5,0,0,1
90,112,5,0,1,0.2,0.8,0,0,2
90,113,5,0,1,0.2,0.8,0,0,2
90,115,22,0.8,0.9,1.8,4.4,0,0,4
90,116,6,0.5,0.9,0.4,0.4,0,0,2
90,117,28,2.2,4.3,1.6,2.1,0,0,3
90,118,373.5,49,74,22,20,2,30,0
90,119,109,4,16.5,8.6,12.8,0,0,1
90,120,145,1,42.5,15.6,0.8,0,0,1
90,122,3,0.1,0.2,0.6,0.3,0,0,1
90,127,8,0.2,0.3,1.8,0.4,0,0,1
91,0,2,0,0,0.1,0.7,0.1,0,1
91,2,1,0,0,0,0.4,0,0,1
91,8,8,0.3,0.3,1.3,1.9,0,0,2
91,11,2,0,0.1,0.2,0.6,0,0,1
91,12,8,0,0.5,0.8,2.4,0,0,2
91,13,1,0,0.1,0,0.3,0,0,1
91,14,8,0.2,0.6,0.4,2.2,0,0,2
91,19,6,0.3,0,0.2,2.4,0,0,1
91,21,9,0.4,0.5,1.8,0.9,0,0.7,2
91,22,24.5,1.1,1.4,4.7,2.4,0,1.8,2
91,23,1,0,0.1,0.2,0.1,0,0.1,1
91,24,2,0.1,0.1,0.4,0.2,0,0.1,1
91,27,10,0.6,0.3,1.2,2.3,0,0,1
91,33,24,0.5,1.7,3.8,2.4,0,0,4
91,35,17,0.4,0.7,3.5,0.9,0,0,2
91,36,240.5,6.1,44.1,39.4,2.1,0,4,1
91,37,344,19,38,37,85,0,9,0
91,38,361,47,11,24,96,1,8,0
91,39,98,3.3,9.2,3.2,31.7,0,0,1
91,40,1,0.1,0,0.2,0.1,0,0,1
91,41,2,0,0.1,0.3,0.3,0,0,1
91,43,5,0.1,0.2,0.6,0.8,0,0,1
91,44,15,0,0.5,2.3,2.2,0,0,2
91,51,39,0.6,2.4,9,0.8,0,0,3
91,52,156,3.6,9.4,29.9,5.9,0,2,2
91,53,4,0.1,0.2,0.4,0.7,0,0,1
91,54,52,1.4,3.4,4.9,9,0,0,3
91,55,29,0,2,1,8,0,0,0
91,56,2,0.1,0.2,0.2,0.3,0,0,1
91,57,1,0,0.1,0.1,0.2,0,0,1
91,58,13,0.5,1.8,1.1,1.9,0,0,1
91,59,5,0.2,0.2,0.7,0.6,0,0,1
91,60,4,0.2,0.1,0.5,0.5,0,0,2
91,61,11,0,1.4,1.1,2.7,0,0,2
91,62,1,0,0.1,0.1,0.3,0,0,1
91,70,9,0,0.8,1,1.5,0,0,3
91,72,2,0,0.5,0.1,0.1,0,0,1
91,73,14,0,3.2,1.1,0.6,0,0,1
91,79,14,1.2,1.2,2.7,0.8,0,0,2
91,81,5.5,0.1,0.2,0,1.8,0,0,1
91,82,1,0,0.1,0,0.3,0,0,1
91,84,3,0.5,0.1,0,0.6,0,0,2
91,85,133.5,24.5,5,6.5,7.6,0,5,2
91,86,621.5,234,8,16,2,0,171,0
91,87,547,39,47,43,71,0,45,0
91,88,1648.5,154,447,82,159,0,542,0
91,89,12,2.1,1.3,0.6,1.2,0,2.2,3
91,91,2,0.1,0.2,0.1,0.3,0,0,1
91,92,2,0.1,0.2,0.1,0.3,0,0,1
91,94,4,0,0.2,0.3,1,0,0,1
91,95,186,80,0.9,6.8,6.5,0,80,1
91,96,236.5,63,0,31,2,0,59,0
91,97,498.5,12.3,90.3,62.4,44.2,0,10,1
91,98,956,37,63,193,222,0,76,0
91,99,750.5,6,121,121,160,1,194,0
91,100,311.5,1.7,86,17.1,28.9,0,14,1
91,101,115,0,7.1,26,7,0,0,3
91,102,9,0,0.3,2,1,0,0,2
91,103,7,0.4,1.9,0,0.1,0,0,1
91,105,159,0,16,36,0,0,0,0
91,106,60,0,0,24,0,0,22,0
91,107,43,1,6,6,5,1,0,0
91,108,17,0.2,1.9,1,3.8,0,0,2
91,109,2,0.1,0.2,0.3,0.2,0,0,1
91,113,4,0.1,0.2,0.3,0.8,0,0,1
91,114,1,0,0.1,0.1,0.2,0,0,1
91,115,6,0.3,0.3,0.3,1.2,0,0,3
91,116,73,5.4,2.7,10.1,17.4,0,0,2
91,117,667,7,35,93,210,0,13,0
91,118,161.5,4.9,14.9,21.3,10.6,1,0,1
91,119,154,6,19,19,13,0,0,0
91,120,50,5.8,4.5,6.2,1.5,0,0,1
91,121,3,0.1,0.2,0.6,0.3,0,0,1
92,11,65,0,2,6.2,18.9,0,0,4
92,12,7,0,0.4,0.7,2.1,0,0,2
92,21,2,0.1,0.1,0.4,0.2,0,0.1,1
92,22,2,0.1,0.1,0.4,0.2,0,0.1,1
92,23,2,0.1,0.1,0.4,0.2,0,0.1,1
92,24,2,0.1,0.1,0.4,0.2,0,0.1,1
92,25,5,0.2,0.3,1,0.5,0,0.4,1
92,26,8,0.2,0.1,0.7,2.6,0,0,2
92,27,9,0.5,0.3,1.1,2.1,0,0,1
92,28,5,0.3,0.1,0.6,1.2,0,0,1
92,31,2,0.1,0.2,0.2,0.4,0,0,2
92,33,10,0.2,1.1,1,1.6,0,0,1
92,34,4,0.1,0.2,0.8,0.2,0,0,1
92,35,22,1.1,1.7,2.8,5.1,0,0,2
92,36,45,0.8,11.4,2.1,4.8,0,0,2
92,37,88,10.8,10.5,7.3,6,0,4,2
92,38,27,1.4,3.2,3.7,3.1,0,0,3
92,39,4,0.2,0.2,0.8,0.4,0,0,1
92,40,9,0.5,0.3,1.8,0.9,0,0,1
92,41,11,0.2,0.5,1.4,1.6,0,0,1
92,42,12,0.2,0.5,1.6,1.8,0,0,2
92,43,4,0.1,0.2,0.5,0.6,0,0,1
92,44,6,0,0.8,0,1.7,0,0,2
92,46,27,0,1.1,3.8,3.7,0,0,1
92,47,3,0,0.2,0.4,0.4,0,0,1
92,50,5,0,0.2,0.7,0.7,0,0,1
92,52,19,0.2,1.2,4.2,0.7,0,0,3
92,53,3,0.1,0.2,0.3,0.5,0,0,1
92,55,11,0.3,0.7,1.1,1.9,0,0,2
92,56,9,0.4,1.1,0.8,1.3,0,0,2
92,57,10.5,0.4,1.4,0.9,1.5,0,0,2
92,58,1,0,0.1,0.1,0.2,0,0,1
92,60,8,0.3,0.3,1.1,1,0,0,2
92,61,20,0,2.4,1.9,5,0,0,2
92,68,33.5,0,1.4,6.4,3.4,0,0,2
92,69,4,0,0.3,0.4,0.7,0,0,1
92,70,14,0,0.8,2.2,1.7,0,0,2
92,73,60,0.9,6.1,3.3,9.7,0,0,4
92,80,3,0.1,0.2,0,1.2,0,0,1
92,81,1,0,0.1,0,0.3,0,0,1
92,84,13,1.6,0.6,0.1,2.8,0,0,2
92,85,15.5,0.7,0.6,0,4.6,0,0,3
92,86,144,9,26,5.1,12.5,0,0.3,1
92,87,283,17.3,22.5,18.4,49,0,17.1,1
92,88,890.5,101,179,85,65,0,295,0
92,89,25,3.8,2.9,1.3,2.7,0,4.3,2
92,90,4,0,1,0,0.4,0,0,1
92,91,26,1.7,2.8,1.7,3.4,0,0,2
92,92,12,0.8,1.3,0.8,1.5,0,0,1
92,93,11,0.1,0.2,0.6,2.8,0,0,2
92,94,2,0,0.1,0.2,0.5,0,0,1
92,96,2,0.1,0.1,0.3,0,0,0,1
92,97,71.5,0.1,12.8,20,0.2,0,0,2
92,98,361,15.2,34.2,28.7,89.4,0,11.5,1
92,99,33,1.5,6.7,0.5,4.7,0,0.2,3
92,100,42,1.6,3.2,3.8,9.1,0,2.9,3
92,101,6.5,0,0.2,1.5,0.7,0,0,1
92,102,2,0.1,0.4,0.1,0.2,0,0,1
92,103,59,0.4,19,4.3,0.7,0,0,2
92,104,32,2.4,8.6,1.4,0.2,0,0,2
92,105,84,3.7,19.1,8.2,0.8,0,0,2
92,106,121,1.5,9.5,24.5,11.5,0,0,1
92,107,65,2.1,1.5,10.7,10.2,0,0,2
92,109,3,0.1,0.3,0.4,0.3,0,0,1
92,112,10,0,1.8,0.4,1.8,0,0,2
92,113,12,0.3,1,0.9,2.3,0,0,2
92,114,24,0.9,2,2.6,3.3,0,0,4
92,115,269.5,13,47,15,29,0,40,0
92,116,206.5,14.1,0.2,28.1,61,0,20,1
92,117,231,28,28,20,22,0,0,0
92,118,109.5,4.7,11,17.7,4.8,0,0,3
92,119,116,4.7,5.7,23.7,2.9,0,0,3
92,120,39,2.4,6.3,3.9,2,0,0,3
92,121,2,0.1,0.1,0.4,0.2,0,0,1
92,122,6,0.3,0.3,1.2,0.6,0,0,2
92,125,27,1.3,1.4,5.3,2.5,0,0,3
92,126,50,0.9,2,11.3,2.4,0,0,3
92,127,24.5,0.4,1,5.5,1.2,0,0,2
93,0,3,0,0,0.1,1.1,0.1,0,2
93,1,2,0,0,0.1,0.7,0.1,0,1
93,5,1,0,0,0,0.4,0,0,1
93,6,6,0.1,0.3,0.9,1.5,0,0,2
93,18,4,0.2,0,0.1,1.6,0,0,1
93,20,1,0.1,0,0,0.4,0,0,1
93,33,3,0.2,0.2,0.4,0.7,0,0,1
93,36,4,0.2,0.4,0.6,0.5,0,0,1
93,37,43,1.8,4.8,6.2,5.4,0,0,3
93,38,13,0.6,1.4,1.9,1.6,0,0,2
93,44,9,0,1.3,0,2.4,0,0,3
93,46,11,0,0.5,1.5,1.5,0,0,2
93,53,1,0,0.1,0.1,0.2,0,0,1
93,56,1,0,0.1,0.1,0.2,0,0,1
93,57,5,0,0.6,0.4,1.2,0,0,2
93,58,29,0,3.5,2.4,6.6,0,0,2
93,59,26,1.2,0.8,3.6,3.3,0,0,3
93,60,17,0.8,0.6,2.4,2.1,0,0,2
93,62,4,0,0.3,0.9,0.7,0,0,2
93,63,4,0.1,0.3,0.7,0.7,0,0,2
93,64,61,4.2,2.2,3.4,16.6,0,0,2
93,65,18,1.2,2.1,1.5,3.6,0,0,4
93,66,32,0,6.5,4.5,5.1,0,0,3
93,68,5,0,0.2,1,0.5,0,0,1
93,70,1,0,0,0.2,0.1,0,0,1
93,72,11,0.4,1.6,0.4,1.2,0,0,1
93,73,23.5,0.6,2.9,1.1,3.2,0,0,3
93,75,9.5,0,0.5,0.6,2.1,0,0,1
93,78,3,0.1,0.2,0,1.2,0,0,2
93,83,5,0.1,0.2,0,1.6,0,0,2
93,84,9,0.1,0.4,0,3,0,0,2
93,85,1,0,0.1,0,0.3,0,0,1
93,86,174,0.1,77.5,5,1,0,0.2,1
93,87,72,0.8,6.8,15,0,0,3.1,4
93,88,94,4.3,9.1,11.6,9.4,0,6.4,2
93,89,79,0,31.3,0,1,0,0,1
93,91,10,0.1,0,0.4,2.6,0,0,1
93,92,5,0,0,0.2,1.3,0,0,1
93,94,13,0.2,0,0.5,3.3,0,0,1
93,96,7,0,1.4,0.7,0.3,0,0,1
93,97,17,0,3.3,1.8,0.7,0,0,2
93,98,411,0,58,100,19,0,35,0
93,99,274.5,0.5,64.7,31.9,6.1,0,73.5,2
93,100,34.5,0.1,0.1,3.4,11.7,0,0.3,1
93,101,154,1.4,7.1,24.8,40.4,0,14,1
93,102,235,6.4,22.7,74,21.8,0,45,2
93,103,405,135,20,40,3,0,99,0
93,104,139,4.2,40,3.8,1.1,0,0,1
93,105,123.5,8.4,24,13.1,1.4,0,0,3
93,106,130,1.1,16.1,15.2,19.1,0,0,1
93,107,4,0.1,0.1,1.2,0.1,0,0,1
93,108,8,0.2,0.6,1.7,0.5,0,0,2
93,109,6,0.2,0.7,0.7,0.7,0,0,1
93,110,15,0.5,1.7,2,1.6,0,0,4
93,112,18,0,3.3,0.8,3.1,0,0,3
93,113,51.5,1,4,2,15,0,0,0
93,114,43,0,11,4,0,0,0,0
93,115,27,1,3,3.3,2.7,0,0,3
93,116,14,1.1,2.5,1.2,0.6,0,0,2
93,117,169,0.5,53.1,19.5,0.2,0,0,2
93,118,33,2.4,5.3,3.2,1.8,0,0,4
93,119,78,3.4,11,11.2,4.6,0,0,2
93,120,37,1.5,5.6,6.9,0.5,0,0,1
93,125,50,2.6,2.6,9.6,4.6,0,0,2
93,126,69,0.6,2.4,15.4,3.6,0,0,2
93,127,122.5,0.7,1.6,22,17,1,0,2
94,3,2,0,0,0.1,0.7,0.1,0,1
94,14,8,0.3,0.7,0.3,2.1,0,0,2
94,20,9,0.5,0,0.3,3.6,0,0,2
94,22,1,0,0.1,0.2,0.1,0,0.1,1
94,34,6,0.4,0.4,0.8,1.4,0,0,2
94,35,7,0.4,0.5,0.9,1.6,0,0,2
94,36,4,0.2,0.4,0.6,0.5,0,0,1
94,37,7,0.3,0.8,1,0.9,0,0,1
94,38,21,0.9,2.3,3,2.6,0,0,4
94,39,1,0,0.1,0.2,0.1,0,0,1
94,42,8,0.2,0.3,1.1,1.1,0,0,3
94,44,2,0,0.3,0,0.5,0,0,1
94,45,12,0,1.7,0,3.3,0,0,2
94,46,11,0,0.5,1.5,1.5,0,0,1
94,47,9,0,0.4,1.3,1.2,0,0,2
94,58,13,0,1.6,1.1,2.9,0,0,1
94,61,2,0,0.1,0.5,0.3,0,0,1
94,62,17.5,0,1.3,4.2,2.7,0,0,2
94,64,9,0.6,1.1,0.8,1.8,0,0,2
94,65,2,0.1,0.2,0.2,0.4,0,0,1
94,66,17.5,0,3.5,2.5,2.9,0,0,2
94,70,12,0,0.5,2.4,1.1,0,0,1
94,76,23,0.6,3.6,2.8,2.7,0,0,3
94,77,10,0.3,1.5,1.2,1.2,0,0,2
94,79,12,0.4,0.6,0,4.8,0,0,2
94,82,9,0.1,0.4,0,3,0,0,3
94,83,1,0,0.1,0,0.3,0,0,1
94,84,3,0,0.1,0,1,0,0,1
94,86,141,0.5,37.1,15,0,0,2.2,3
94,87,423.5,62,88,21,13,0,45,0
94,88,89,4,2,0,26,0,0,0
94,89,27,0,6.9,0,2.9,0,0,2
94,90,2,0,0.5,0,0.2,0,0,1
94,91,2,0,0,0.1,0.5,0,0,1
94,93,32.5,0.4,0,1.2,8.3,0,0,3
94,94,2,0,0,0.1,0.5,0,0,1
94,95,8,0.1,0,0.3,2,0,0,1
94,96,21,0,4.1,2.1,0.9,0,0,2
94,97,50,0,9.7,5.1,2.1,0,0,2
94,98,316.5,36.5,7.6,27.7,70.6,0,37.3,1
94,99,20,0.6,0.8,2.3,4.8,0,1.8,2
94,100,141,2.8,11.1,9,42.3,0,2.4,1
94,101,1023.5,26,87,169,234,0,86,0
94,102,346,3.2,98.3,20.5,43.8,0,4,1
94,103,259,11.9,93.9,3.2,10.4,0,0,2
94,104,256,13,44,29,5,0,0,0
94,105,97.5,2.4,18.1,11.7,5.1,0,0,2
94,106,29,0.1,3.1,4.6,4,0,0,1
94,109,4,0.1,0.5,0.5,0.4,0,0,1
94,111,2,0,0.4,0.1,0.3,0,0,1
94,113,3,0,0.6,0.1,0.5,0,0,1
94,114,17,0.7,1.8,2.1,1.7,0,0,4
94,115,78,3,8.5,9.7,7.9,0,0,4
94,116,34,2.6,6.1,2.8,1.7,0,0,2
94,117,30,2.3,5.4,2.6,1.4,0,0,4
94,118,13,1,2.1,1.2,0.7,0,0,2
94,119,3,0.2,0.3,0.4,0.2,0,0,1
94,120,9,0.7,0.8,1.1,0.7,0,0,2
94,121,1,0,0.1,0.2,0.1,0,0,1
94,124,6,0.3,0.3,1.2,0.5,0,0,1
94,127,33,0.5,1.3,7.5,1.7,0,0,4
95,0,2,0.1,0.3,0.1,0.4,0,0.1,1
95,3,4,0,0.1,0.2,1.4,0.1,0,1
95,5,2,0,0,0.1,0.7,0.1,0,1
95,7,2,0,0.1,0.3,0.5,0,0,1
95,13,2,0,0.1,0.3,0.4,0,0,1
95,15,16,0,1.1,2.4,3.2,0,0,3
95,18,2,0,0,0.1,0.6,0,0,1
95,19,6,0,0,0.3,1.8,0,0,1
95,20,16,0,0,0.8,4.8,0,0,2
95,24,3,0.2,0,0.1,1.2,0,0,1
95,30,11,0,0,0.4,4.6,0,0,1
95,34,6,0.2,0.2,0.3,2.2,0,0,1
95,35,38,1.6,1.6,1.7,13.7,0,0,4
95,36,10,0.3,0.3,0.7,2.6,0,0,2
95,37,7,0.1,0.2,0.6,1.8,0,0,2
95,41,17,0.4,0,1.6,5.1,0,0,3
95,45,13,0.3,0,1.2,3.9,0,0,2
95,46,13,0,0.6,0.8,4,0,0,3
95,48,5,0,0.2,0.4,1.5,0,0,1
95,50,10,0,0.5,0.6,3,0,0,3
95,52,2,0.1,0.1,0.1,0.6,0,0,1
95,54,3,0.1,0.3,0.1,0.9,0,0,1
95,58,5,0.3,0.1,0.5,1,0,0,2
95,62,26,0.7,2.4,1.1,6.3,0,0,3
95,64,4,0.5,0.7,0.4,0,0,0,1
95,65,3,0.4,0.5,0.3,0,0,0,2
95,66,5,0.1,1.2,0.1,0.6,0,0,1
95,67,9,0.2,2.2,0.2,1,0,0,1
95,68,6,0.1,0.8,0.2,1,0,0,1
95,69,9,0.2,1.2,0.4,1.4,0,0,1
95,70,6,0.1,0.8,0.2,1,0,0,1
95,81,3,0,0.2,0,1.1,0,0,1
95,85,2,0,0.2,0,0.7,0,0,1
95,86,60,1.9,0.8,3.2,20.7,0,0,2
95,87,519.5,22,146,6,34,0,70,0
95,88,379.5,8.6,10.7,41.9,64.2,0,20,1
95,89,29,1,0,0.1,13.3,0,0,1
95,90,37,0,1,2.7,11.1,0,0,3
95,92,2,0,0.1,0,0.7,0,0,1
95,93,7,0,0.5,0,2.2,0,0,1
95,94,7,0,0.4,0,2.3,0,0,2
95,96,3,0,0.5,0.3,0.4,0,0,1
95,97,108.5,0,25.5,6.5,6,0,0,1
95,98,71,23,11.5,0.3,0.4,0,13,1
95,99,151.5,28,22.1,10.1,2.2,0,0,1
95,100,199,6,34,23.5,25.6,0,0,1
95,101,179.5,0.2,51.3,17.5,9.1,0,40,1
95,102,28,0,11,0,0,0,0,0
95,103,5,0,0.7,0.3,0.6,0,0,1
95,104,9,0,1.3,0.5,1.1,0,0,2
95,106,15,0,1.9,2.1,1.8,0,0,2
95,107,9,0,1.2,1.2,1.1,0,0,1
95,108,4,0.3,0.8,0.1,0.4,0,0,1
95,114,6,0.1,0.5,0.9,0.5,0,0,1
95,115,157,0.1,8.8,24.2,23.6,0,0,1
95,116,2,0,0.2,0.3,0.2,0,0,1
95,117,19,0,1.9,2.4,2.2,0,0,2
95,120,2,0.1,0.4,0.1,0.1,0,0,1
95,121,4,0.1,0.5,0.1,0.8,0,0,1
95,123,17,0.6,2.6,1.6,1.3,0,0,1
95,124,31,1,4.7,3,2.4,0,0,4
95,125,1,0,0.2,0.1,0.1,0,0,1
95,127,33,1.4,5.9,4.1,1.3,0,0,3
96,8,2,0,0.1,0.3,0.5,0,0,1
96,10,9,0.3,0.4,1.4,2.2,0,0,2
96,11,1,0,0.1,0.1,0.2,0,0,1
96,12,3,0,0.2,0.4,0.6,0,0,1
96,13,3,0,0.2,0.4,0.6,0,0,1
96,15,14,0,0.9,2,2.9,0,0,2
96,20,6,0,0,0.3,1.8,0,0,2
96,23,1,0.1,0,0,0.4,0,0,1
96,36,10,0.3,0.3,0.7,2.6,0,0,2
96,39,5,0.1,0.2,0.4,1.3,0,0,2
96,41,2,0,0,0.2,0.6,0,0,1
96,48,2,0,0.1,0.1,0.6,0,0,1
96,52,1,0,0.1,0.1,0.3,0,0,1
96,53,1,0,0.1,0.1,0.3,0,0,1
96,54,1,0,0.1,0.1,0.3,0,0,1
96,57,4,0.2,0.1,0.4,0.8,0,0,1
96,60,4,0.2,0.1,0.4,0.8,0,0,1
96,61,4,0.1,0.3,0.2,1,0,0,1
96,62,3,0.1,0.3,0.1,0.7,0,0,1
96,63,50,2.7,9.9,6.9,0.5,0,0,2
96,64,131.5,12.8,25,6.5,12,0,5,1
96,65,345.5,17.6,11.1,23,105,1,0,1
96,66,12,0.3,2.9,0.3,1.3,0,0,1
96,67,13,0.3,3.2,0.3,1.4,0,0,2
96,68,12,0.2,1.9,0.5,1.7,0,0,2
96,69,6,0.1,0.8,0.3,0.9,0,0,2
96,70,11,0.3,1.5,0.4,1.7,0,0,2
96,74,6,0,0.4,0.4,1.5,0,0,1
96,75,5,0,0.4,0.3,1.2,0,0,1
96,77,4,0.1,0.5,0.4,0.4,0,0,1
96,79,9,0.2,1.2,0.8,1,0,0,2
96,86,20,1.7,0.7,2,3.5,0,0,2
96,87,193,5.4,37.6,21.7,6.9,0,0,1
96,88,526,30,7,24,156,0,42,0
96,89,248,28,6,19,27,0,26,0
96,90,82,0,1,2.2,26.6,0,0,1
96,91,18,0,1.1,0,5.8,0,0,1
96,92,6,0,0.4,0,1.9,0,0,2
96,93,1,0,0.1,0,0.3,0,0,1
96,94,3,0,0.2,0,1,0,0,1
96,95,11.5,0,0.7,0,3.7,0,0,1
96,96,2,0,0.3,0.2,0.3,0,0,1
96,97,1,0,0.2,0.1,0.1,0,0,1
96,98,89,4,6.7,7.3,14.2,0,0,2
96,99,103.5,13,8,15,2,0,0,0
96,100,275.5,3,0,102,0,0,44,0
96,101,76,0.4,2.5,17.9,8.1,0,12,3
96,102,3,0.1,0.2,0.3,0.7,0,0,1
96,104,5,0,0.7,0.3,0.6,0,0,1
96,105,54,0,15.5,4.5,1.2,0,0,2
96,106,206.5,1,18.8,55.9,4.8,0,0,1
96,107,153,0,35.3,10.3,13.8,2,0,2
96,108,5,0,0.6,0.7,0.6,0,0,1
96,110,15,0.9,3.1,0.2,1.7,0,0,1
96,112,16,1.4,0.5,1.9,2.4,0,0,2
96,113,3,0,0.3,0.5,0.2,0,0,1
96,115,72,6.6,5.5,8.9,3,0,0,2
96,116,16,0,1.6,2,1.9,0,0,1
96,122,9,0.1,1.3,0.2,1.8,0,0,3
96,123,56,1.5,7.7,3.4,7.7,0,0,4
96,124,17,0.6,2.5,1.7,1.2,0,0,3
96,125,13,0.5,1.9,1.3,0.9,0,0,3
96,126,19,0.8,3.5,2.4,0.7,0,0,3
96,127,12,0.6,2.2,1.4,0.4,0,0,2
97,9,2,0,0.1,0.3,0.5,0,0,1
97,10,2,0,0.1,0.3,0.5,0,0,1
97,13,4,0,0.3,0.6,0.8,0,0,1
97,14,1,0,0.1,0.1,0.2,0,0,1
97,17,1,0,0,0,0.3,0,0,1
97,25,1,0.1,0,0,0.4,0,0,1
97,30,2,0,0,0.1,0.8,0,0,1
97,33,4,0.3,0.4,0.1,0.8,0,0,1
97,35,3,0.1,0.1,0.2,1.1,0,0,1
97,36,8,0.3,0.6,0.7,1.7,0,0,2
97,47,7.5,0,0.4,0.5,2.3,0,0,1
97,53,1,0,0.1,0.1,0.3,0,0,1
97,57,26,0.8,4.7,1.5,3,0,0,2
97,58,6,0.3,0.2,0.5,1.2,0,0,1
97,59,13,0.8,0.4,1.1,2.6,0,0,2
97,60,2,0.1,0,0.2,0.4,0,0,1
97,61,4,0.1,0.3,0.2,1,0,0,1
97,62,7,0.1,0.7,0.3,1.7,0,0,2
97,63,34,0,13,2,0,0,0,0
97,64,118,0.9,13.8,19.5,10.4,0,4,2
97,65,63,0,0,18,0,0,0,0
97,66,4,0.1,1,0.1,0.4,0,0,2
97,67,2,0.1,0.1,0.2,0.4,0,0,1
97,70,5,0.2,0.5,0.3,0.9,0,0,2
97,71,5,0,0.4,0.3,1.2,0,0,1
97,72,14,0,1,0.9,3.5,0,0,3
97,73,4,0,0.3,0.3,1,0,0,1
97,74,7,0,0.6,0.4,1.7,0,0,2
97,77,5,0.1,0.7,0.4,0.6,0,0,1
97,78,1,0,0.2,0.1,0.1,0,0,1
97,79,4,0.1,0.5,0.4,0.4,0,0,1
97,82,5,0,1,0,0.9,0,0,1
97,83,1,0,0.1,0,0.3,0,0,1
97,84,2,0,0.2,0,0.7,0,0,1
97,85,3,0,0.2,0,1.1,0,0,1
97,86,2,0.2,0.1,0.2,0.3,0,0,1
97,87,41,0.2,0.1,5.4,5.4,0,0,2
97,88,748.5,266,9,29,19,0,250,0
97,89,578,31,116,36,70,1,70,0
97,90,2,0,0.2,0.2,0.5,0,0.2,1
97,93,4,0,0.2,0,1.4,0,0,2
97,94,4,0,0,1,0.2,0,0.9,1
97,95,3,0,0.2,0,1,0,0,1
97,96,7,0.1,0.6,0.6,1.5,0,0,2
97,97,7,0.1,0.3,0.5,1.9,0,0,1
97,98,2,0,0.3,0.2,0.3,0,0,1
97,100,23,0.4,0.7,3.3,4.2,0,0,2
97,101,157,6.2,11.1,26.2,13.4,0,0,1
97,102,107.5,0.7,8,25.2,4.2,0,0,2
97,103,28,0.7,2.5,4.9,1.5,0,0,2
97,105,10,0.1,1.4,1,0.9,0,0,2
97,106,186,3,47.4,13.1,2.6,0,0,2
97,107,411.5,7,94,69,10,0,84,0
97,108,86,2,14,14,24,0,0,0
97,109,133,3.4,22.2,6.1,22.6,1,0,1
97,110,101,7.4,21.9,4.6,4.3,0,0,1
97,112,22,3,1.5,1.6,2.4,0,0,3
97,113,21.5,1.2,1.6,2.1,3.2,0,0,3
97,114,7,0,0.9,0.7,0.8,0,0,2
97,115,5,0,0.6,0.6,0.5,0,0,2
97,116,17,0.6,2.9,1.6,1.1,0,0,2
97,123,11,0.3,1.7,0.8,1.1,0,0,2
97,124,71.5,1.8,11.6,5.4,5.8,0,0,4
97,125,50.5,1.3,8,4.3,3.9,0,0,4
97,126,3,0.1,0.6,0.4,0.1,0,0,1
97,127,2,0.1,0.1,0.2,0.4,0,0,1
98,1,1,0,0,0,0.4,0,0,1
98,6,2,0,0.1,0.3,0.5,0,0,1
98,13,4,0,0.3,0.6,0.8,0,0,1
98,15,4,0,0.3,0.6,0.8,0,0,1
98,16,3,0,0,0.1,0.9,0,0,1
98,20,3,0,0,0.1,0.9,0,0,1
98,21,1,0.1,0,0,0.4,0,0,1
98,23,2,0.2,0,0,0.8,0,0,2
98,24,5,0.3,0,0.1,2,0,0,1
98,36,2,0.2,0.4,0.2,0.2,0,0,2
98,37,7,0.5,1.1,0.7,0.9,0,0,1
98,41,3,0.1,0,0.3,0.9,0,0,1
98,44,1,0,0,0.2,0.3,0,0,1
98,45,8,0,0.3,1.4,2.5,0,0,2
98,49,5,0,0.2,0.4,1.5,0,0,1
98,53,16,0.5,1.3,0.7,4.8,0,0,3
98,59,1,0.1,0,0.1,0.2,0,0,1
98,61,8,0.3,0.7,0.4,1.9,0,0,1
98,62,2,0,0.2,0.1,0.5,0,0,1
98,63,22,0.6,1.6,1.9,4.2,0,0,2
98,64,4,0.1,0.3,0.5,0.6,0,0,2
98,65,9,0.3,0.5,1,1.4,0,0,3
98,69,6,0.4,0.4,0.4,1.1,0,0,1
98,70,3,0.2,0.2,0.2,0.6,0,0,1
98,71,5,0,0.4,0.3,1.2,0,0,1
98,73,9,0,0.7,0.5,2.3,0,0,1
98,75,2,0,0.2,0.1,0.5,0,0,1
98,76,5,0,1.3,0.2,0.4,0,0,1
98,79,9,0.2,1.2,0.8,1,0,0,1
98,82,12,0,2.4,0,2.2,0,0,2
98,86,9,0,0,1.2,1.2,0,0,1
98,87,123.5,0,26,12.3,5.3,0,0,1
98,88,345.5,20,72,16,8,0,0,0
98,89,1064.5,111,83,50,171,0,62,0
98,90,83,0,6.7,5,18.5,0,3.8,3
98,91,168,0.4,47,3.6,0.6,0,44,1
98,92,4,0.1,0.2,0.7,0.1,0,0,1
98,93,4,0.1,0.2,0.7,0.1,0,0,1
98,94,117,0,0.9,28.7,5.1,0,26,2
98,96,3,0.1,0.1,0.2,0.8,0,0,1
98,97,4,0.1,0.1,0.3,1.1,0,0,1
98,98,8,0.3,0.3,1.1,1.3,0,0,2
98,99,9,0.4,0.3,1.4,1.2,0,0,2
98,100,29,1.5,0.8,4.4,4.1,0,0,3
98,101,429,6.2,26.8,46.7,100.6,0,42,2
98,102,412,36.5,103.5,20.9,4.1,0,72,1
98,103,275,22,14,48,15,1,0,0
98,104,10,0.2,1.4,1.4,0.6,0,0,3
98,105,458.5,1,32,104,0,0,24,0
98,106,438,1,59.6,98.9,0.4,0,0,1
98,107,714.5,113,89,117,70,0,111,0
98,108,300.5,21.5,13.1,73.2,50.5,0,34,1
98,109,267.5,13.7,9.2,44.3,42.3,0,43,2
98,111,16,2.2,1.3,1,1.6,0,0,2
98,112,20,2.8,1.7,1.2,2,0,0,2
98,113,19,2,1.9,1.1,2.2,0,0,2
98,114,19,0,3.3,0.5,3.1,0,0,3
98,116,16,0.7,3.2,1.3,0.7,0,0,2
98,117,4,0.2,0.8,0.3,0.2,0,0,1
98,118,3,0.2,0.6,0.2,0.1,0,0,2
98,119,8,0.4,1.6,0.7,0.3,0,0,1
98,125,7,0.1,1.2,0.4,0.6,0,0,2
98,127,2,0.1,0.1,0.2,0.4,0,0,1
99,6,9,0.3,0.3,1.4,2.3,0,0,3
99,13,5,0,0.3,0.7,1.1,0,0,1
99,14,6,0,0.4,0.9,1.2,0,0,2
99,17,3,0,0,0.1,0.9,0,0,1
99,20,6,0,0,0.2,1.8,0,0,2
99,28,1,0,0,0.1,0.4,0,0,1
99,29,6,0,0,0.3,2.5,0,0,1
99,31,2,0.2,0.2,0,0.4,0,0,1
99,32,2,0.2,0.2,0,0.4,0,0,1
99,33,15,1.3,1.4,0.4,3,0,0,3
99,34,1,0.1,0.1,0,0.2,0,0,1
99,35,10,0.8,1,0.4,2,0,0,2
99,36,7,0.5,1.1,0.7,0.9,0,0,2
99,37,12,0.8,1.9,1.2,1.6,0,0,2
99,40,2,0,0.1,0.2,0.5,0,0,1
99,41,3,0.1,0,0.3,0.9,0,0,1
99,43,19,0.1,0.6,2.9,5.8,0,0,3
99,51,5,0.2,0.4,0.2,1.5,0,0,1
99,53,2,0.1,0.1,0.1,0.6,0,0,1
99,54,17,0.6,1.3,0.7,5.1,0,0,2
99,55,4,0.1,0.4,0.2,1.2,0,0,2
99,56,8,0.2,1.4,0.5,1,0,0,1
99,65,13,0.4,0.8,1.5,1.9,0,0,1
99,66,29,2.3,2.3,3.5,5.2,0,0,2
99,68,4,0.2,0.2,0.3,0.8,0,0,1
99,69,8,0.5,0.5,0.5,1.6,0,0,1
99,73,6,0,0.5,0.4,1.4,0,0,2
99,74,4,0,0.3,0.3,1,0,0,1
99,76,21,0,5.6,0.6,1.9,0,0,2
99,77,5,0,1.3,0.2,0.4,0,0,1
99,78,27,0,6.8,2.1,3.2,0,0,1
99,79,39,2.2,9.9,0.6,0.8,0,0,1
99,80,6,0.1,0.8,0.5,0.7,0,0,1
99,81,37,0,7.3,0,6.5,0,0,2
99,83,2,0,0.4,0,0.4,0,0,1
99,85,19,0,1.3,0,6.9,0,0,2
99,86,8,0,0,1.2,1,0,0,2
99,87,166,2,6,42.3,0.2,0,0,1
99,88,222.5,7,38,13,32,0,0,0
99,89,1169.5,40,139,114,182,0,108,0
99,90,1312,148,259,39,111,0,411,0
99,91,419.5,53.8,58.9,37,12.2,0,87,1
99,92,86.5,0.6,9.3,15.9,4.8,0,0,2
99,93,7,0.2,0.3,1.2,0.2,0,0,1
99,94,2,0,0,0.5,0.1,0,0.4,1
99,95,12,0,0.1,3,0.5,0,2.7,1
99,98,54,1.6,1.8,5.3,12.1,0,0,4
99,99,152.5,72,2,3,11,0,66,0
99,100,483.5,29.4,32.2,50.3,136.1,0,6,1
99,101,706,21.2,20.6,61.5,186.4,0,26,1
99,102,190.5,6.7,8.3,27.9,35.6,0,0,1
99,103,101,0.5,19.9,20.7,2,0,0,3
99,104,90,0,8,21,0,0,0,0
99,105,181,0.5,19.1,32.1,1.4,0,0,1
99,106,719,0,268,38,1,0,0,0
99,107,711.5,1,268,34,0,0,0,0
99,108,1199,115,315,28,52,0,6,0
99,109,782,175.1,178,3.1,1.1,0,0,1
99,110,49,3.7,2.5,2.7,13,0,0,2
99,111,13,1.9,1,0.8,1.3,0,0,2
99,112,97,21.3,8.5,4.3,6.6,0,0,3
99,113,24,3.3,2,1.5,2.4,0,0,1
99,114,2,0,0.3,0.1,0.3,0,0,1
99,121,8,0.1,1,0.2,1.6,0,0,1
99,123,4,0.1,0.7,0.2,0.3,0,0,1
99,124,20,0.4,3.4,1.2,1.7,0,0,3
99,125,15.5,0.3,2.6,1,1.3,0,0,3
99,126,5,0.2,0.2,0.5,1.1,0,0,2
99,127,22,0.8,0.9,2,5,0,0,2
100,3,4,0,0.1,0.1,1.6,0,0,1
100,10,4,0,0.1,0.6,0.9,0,0,1
100,11,2,0.1,0.2,0.4,0.4,0,0,1
100,18,11,0,0,0.9,3.3,0,0,1
100,19,1,0,0,0.1,0.3,0,0,1
100,31,2,0.1,0,0.1,0.9,0,0,1
100,32,3,0.1,0,0.2,1.3,0,0,1
100,39,2,0.1,0.3,0.2,0.1,0,0,1
100,41,3,0.2,0.5,0.1,0.6,0,0,1
100,44,4,0.1,0.2,0.7,0.5,0,0,1
100,47,2,0,0.1,0.2,0.3,0,0,1
100,48,2,0,0.1,0.2,0.3,0,0,1
100,51,1,0,0.1,0.1,0.2,0,0,1
100,54,12,0.6,0.9,1.2,2.4,0,0,4
100,56,16,0,2.9,1.5,3.4,0,0,1
100,59,1,0,0,0.1,0.5,0,0,1
100,64,4,0.4,0.1,0.1,1,0,0,1
100,65,10,0.9,0.3,0.2,2.5,0,0,2
100,66,9.5,0,0.6,0,3.1,0,0,1
100,67,7,0,0.5,0,2.3,0,0,1
100,69,3,0,0.2,0,1,0,0,1
100,70,4,0,0.3,0,1.3,0,0,1
100,71,5,0.2,0.3,0.2,0.9,0,0,1
100,72,2,0.1,0.1,0.1,0.3,0,0,1
100,73,4,0.1,0.3,0.1,0.7,0,0,1
100,74,10,0.4,1.4,1.3,0.6,0,0,2
100,75,44,1.8,6.2,5.8,2.6,0,0,2
100,76,158,3.8,13.3,23.8,20.7,0,12,1
100,77,42,1.6,6.3,3.4,3.1,0,0,3
100,78,28,1.3,4.2,2.1,2.2,0,0,3
100,79,53,3.1,8.3,3.3,4.9,0,0,4
100,80,5,0.3,0.8,0.3,0.4,0,0,1
100,81,8,0,1.2,0.9,1.2,0,0,1
100,84,11,0,0.3,0.8,2.1,0,0,2
100,85,9,0,0.3,0.6,1.7,0,0,2
100,86,17,0.6,3.8,1.8,1.3,0,0,2
100,87,17,0.6,3.8,1.8,1.3,0,0,2
100,88,196.5,14.1,16.9,5.5,35.2,0,5,1
100,89,275,115,1.7,4.8,15.3,0,108,2
100,90,218,63,1,13,20,0,75,0
100,91,39,14.1,0.1,0.5,0.2,0,4,1
100,92,15,0.3,0.5,2.6,0.9,0,0,2
100,93,69,0.2,0.3,21.6,0.5,0,0,1
100,94,95,0,0.6,28.9,0.8,0,0,2
100,95,17,0,1.8,2.7,2.1,0,0,2
100,96,9,0.8,0.2,0.3,2.5,0,0.7,2
100,97,79,3.2,5.3,2.5,15,0,1.1,1
100,98,13,1,1.4,0.6,2.1,0,0.4,2
100,99,172,10.1,16.2,33,20.1,0,27,1
100,100,411.5,0.7,114.6,34.6,7.9,0,4,1
100,101,1446.5,174,444,0,53,0,532,0
100,102,310,22.9,33.9,2.9,70.4,0,23,1
100,103,106,0.1,1,11.2,35.2,0,2,1
100,104,54.5,0.4,1,10.1,7,0,0,1
100,105,78,0.8,1.9,29.9,1.9,0,0,1
100,106,495.5,46,107,11,21,0,6,0
100,107,179.5,11,31,3.1,30.6,0,0,2
100,108,6,0,0.6,0.6,1.2,0,0,1
100,109,5,0,0.7,1.2,0.3,0,0,1
100,110,117,3,15.3,27.8,10.7,0,0,1
100,111,6,0.1,1.2,0.6,0.3,0,0,1
100,112,109,11.2,14.1,7.6,4.7,0,0,2
100,113,120.5,1.3,35.3,8.6,1.9,0,0,2
100,114,8,0.6,1.3,0.3,0.9,0,0,1
100,115,9,0.8,1.4,0.4,0.9,0,0,2
100,116,10,0.5,1.3,0.4,1.1,0,0,2
100,119,2,0.2,0.2,0,0.4,0,0,2
100,120,20,1.3,1.4,0,5.3,0,0,2
100,121,4,0,0.8,0.5,0,0,0,1
100,122,69,0,5,15.7,0,0,0,1
100,124,4,0,0.5,0.1,0.7,0,0,1
100,125,14,0,1.7,0.5,2.3,0,0,1
100,126,11,0.5,0.6,0.4,2,0,0,2
100,127,15,0.7,0.9,0.5,2.7,0,0,2
101,2,3,0,0.1,0.1,1.1,0,0,1
101,3,9,0,0.3,0.3,3.4,0,0,1
101,9,1,0,0,0.2,0.2,0,0,1
101,10,4,0,0.2,0.6,0.8,0,0,2
101,11,16,0.9,1.5,3.2,3.6,0,0,3
101,29,1,0,0.1,0.1,0.3,0,0,1
101,39,6,0.3,0.9,0.5,0.5,0,0,1
101,40,41,1.8,6.2,3.7,3.2,0,0,3
101,41,18,1.1,3.2,0.5,3.7,0,0,1
101,42,5,0.3,0.9,0.2,1,0,0,1
101,46,11,0.2,0.3,1.3,1.4,0,0,1
101,47,51,2.4,1.7,5.6,7.8,0,0,2
101,48,6,0.1,0.3,0.7,0.7,0,0,2
101,55,18,0.9,1.4,1.9,3.4,0,0,3
101,56,95,1,16.5,13.3,9,0,7,1
101,58,2,0,0,0.2,1,0,0,2
101,59,8,0,0.3,0.3,3.9,0,0,2
101,61,19.5,1.7,0.7,0.4,4.8,0,0,3
101,63,9,0.8,0.3,0.2,2.2,0,0,1
101,70,1,0,0.1,0,0.3,0,0,1
101,72,3,0.1,0.2,0.1,0.5,0,0,1
101,73,18,0.6,1.4,0.9,2.9,0,0,2
101,74,14,0.6,2,1.8,0.8,0,0,2
101,75,57,1.1,15.9,3.8,1.7,0,0,3
101,76,43,1.4,3.5,6.9,4.7,0,0,3
101,77,126,3.1,28.3,11.4,2.2,0,0,2
101,78,45,2,6.8,3.3,3.7,0,0,3
101,79,11,0.7,1.7,0.7,1,0,0,1
101,80,6,0.3,0.9,0.4,0.6,0,0,2
101,84,7,0,0.2,0.5,1.3,0,0,1
101,85,14,0,0.4,1,2.7,0,0,1
101,87,2,0.1,0.4,0.2,0.2,0,0,1
101,88,72,2.4,11.2,4,10.5,0,0,3
101,89,10,0.9,0.8,0.3,1,0,0,2
101,90,314,99.3,12.2,7.1,41.3,0,105,1
101,91,159,0,8,32,7,0,2,0
101,92,290,1.4,4.8,74.7,6.2,0,25,1
101,93,179,2.1,2.4,57,2.5,0,0,2
101,94,74,0,1.2,22.7,1.3,0,0,1
101,95,32,1,0.5,2.8,8.6,0,0,1
101,96,36.5,3.3,0.7,1.2,10.4,0,2.9,4
101,97,243,38.7,2.6,18.1,41.9,1,36.5,2
101,98,35,2.6,5.1,1.8,3.8,0,0.3,3
101,99,131,2,42,2,17,0,0,0
101,100,1294,157,244,98,83,1,54,0
101,101,162,0.2,74,3.4,0.4,0,0,2
101,102,9,0.4,2.9,0.4,0.7,0,0,1
101,104,26,0.9,2,6.1,2,0,0,2
101,105,195,0,41,12,21,0,21,0
101,106,339,7,59,14,69,0,9,0
101,107,112,6,1.4,13.5,27.7,0,11,1
101,108,35,4,2,4,5,0,0,0
101,109,314,31,33,50,17,0,0,0
101,110,361.5,13,66,37,20,0,20,0
101,111,279,0,66,28,0,0,78,0
101,112,100.5,0.2,39.4,0.7,0.3,0,0,2
101,113,188,0.3,58.7,9.9,0.8,0,0,1
101,114,1,0.1,0.2,0,0.1,0,0,1
101,115,15,1.2,2.3,0.7,1.6,0,0,3
101,116,4,0.2,0.5,0.2,0.4,0,0,1
101,118,1,0.1,0.1,0,0.2,0,0,1
101,119,6,0.4,0.4,0,1.6,0,0,1
101,121,2,0,0.4,0.2,0,0,0,1
101,122,286,1,28,66,0,0,0,0
101,123,96,4,23.1,10.3,1.5,0,0,1
101,124,93,0,32.7,0.9,7.4,0,0,3
101,125,7,0,0.9,0.3,1.1,0,0,1
101,126,1,0,0.1,0,0.2,0,0,1
101,127,6,0.3,0.3,0.2,1.1,0,0,1
102,4,1,0,0,0,0.4,0,0,1
102,9,3,0,0.1,0.4,0.7,0,0,1
102,10,58,0,3.2,6,19.1,0,0,3
102,11,1,0.1,0.1,0.2,0.2,0,0,1
102,12,5,0.3,0.4,1,1.2,0,0,1
102,22,1,0,0,0.1,0.3,0,0,1
102,25,1,0,0,0.1,0.3,0,0,1
102,26,4,0,0.2,0.4,1.2,0,0,2
102,27,7,0,0.5,0.5,2.2,0,0,1
102,30,4,0,0.3,0.3,1.3,0,0,1
102,34,1,0,0,0.1,0.4,0,0,1
102,38,2,0.1,0.3,0.2,0.1,0,0,1
102,39,6,0.2,0.5,1.1,0.3,0,0,2
102,40,94,1.5,21.5,14.9,1.8,0,0,2
102,41,205.5,20.4,15.2,14.2,65.5,0,10,1
102,42,14.5,0.6,1.4,1.6,2,0,0,1
102,43,2,0.2,0.3,0.1,0.3,0,0,2
102,45,13,0.2,0.4,2.4,1.7,0,0,2
102,53,2,0.1,0.1,0.2,0.4,0,0,1
102,54,2,0,0.2,0.3,0.2,0,0.1,2
102,55,168,4,15,14,36,0,1,0
102,56,96,1,2.6,5.3,43.6,0,0,1
102,59,2,0,0,0.2,1,0,0,2
102,61,5,0.4,0.2,0.1,1.2,0,0,1
102,63,1,0.1,0,0,0.3,0,0,1
102,68,10,0.2,0.8,0.5,2,0,0,2
102,72,8,0.3,0.5,0.3,1.4,0,0,2
102,76,2,0.1,0.3,0.2,0.1,0,0,1
102,77,10,0.4,1.5,0.8,0.9,0,0,2
102,78,37,2.2,5.8,2.2,3.5,0,0,2
102,79,10,0.6,1.6,0.6,0.9,0,0,1
102,80,17,1,2.6,1.1,1.6,0,0,2
102,81,11,0,1.7,1.2,1.6,0,0,2
102,83,6,0,0.5,0.3,1.4,0,0,2
102,87,60,2,10.2,4.5,8.2,0.8,0,3
102,88,23,0.8,5.2,2.4,1.8,0,0,1
102,89,13,1.1,1.1,0.6,1.2,0,0,2
102,90,1166.5,279,81,60,118,0,187,0
102,91,1348,212,303,44,65,0,133,0
102,92,166,11.5,12,16,26.4,0,0,1
102,94,427,24,122,4.9,2.1,0,144,3
102,95,439.5,87,17,9,64,0,109,0
102,96,632,81,45,74,87,1,160,0
102,97,2367.5,173,170,103,539,3,130,0
102,98,894.5,41.1,240.2,5.5,42.7,0,177,1
102,99,2086,52.4,295,206.3,398.5,1,257,1
102,100,1519.5,57,243,212,237,0,84,0
102,101,931.5,83,67,17,297,0,10,0
102,102,579,52,125.3,75.1,39.1,0,17,1
102,103,714.5,104.1,161,94.2,52.2,0,79,1
102,104,525.5,113,14,13,76,0,76,0
102,105,624,112,56,88,5,0,47,0
102,106,721.5,79,167,100,48,1,8,0
102,107,284.5,65,5.8,20.8,44.6,1,0,1
102,108,564,23,106,97,41,0,0,0
102,109,594,67,138,47,17,0,7,0
102,110,258,2,50,16,32,1,0,0
102,111,78,2.5,8.8,11.8,3.4,0,8,3
102,112,223.5,1.7,87.8,32.4,1.2,0,0,2
102,113,262.5,2,94,14,1,0,0,0
102,114,23,1.8,3.7,0.9,2.6,0,0,3
102,115,12,1.2,1.7,0.4,1.5,0,0,4
102,116,16,0.9,2.1,0.7,1.7,0,0,4
102,117,4,0.2,0.5,0.2,0.4,0,0,1
102,119,11,0.1,2.7,0.5,1,0,0,3
102,120,6,0,1.5,0.3,0.5,0,0,1
102,122,104,14,14.8,6.6,10,0,0,1
102,123,330.5,33,52,39,20,0,12,0
102,124,209.5,50,22,20,9,0,33,0
102,126,23.5,0.9,1.3,1.5,3.7,0,0,3
103,4,2,0,0,0.1,0.8,0,0,1
103,5,2,0,0,0.1,0.8,0,0,1
103,9,2,0,0.1,0.2,0.8,0,0,1
103,12,2,0.1,0.2,0.4,0.4,0,0,1
103,13,2,0.1,0.2,0.4,0.4,0,0,1
103,27,1,0,0.1,0.1,0.3,0,0,1
103,28,2,0,0.1,0.2,0.6,0,0,1
103,30,9,0,0.6,0.7,2.8,0,0,2
103,31,3,0.1,0,0.2,1.3,0,0,1
103,32,3,0.1,0,0.2,1.3,0,0,1
103,34,1,0,0,0.1,0.4,0,0,1
103,35,2,0.1,0,0.1,0.9,0,0,1
103,37,1,0,0.2,0.1,0.1,0,0,1
103,39,2,0,0.1,0.5,0.1,0,0,1
103,40,44,0.9,2.6,10.5,1.8,0,0,3
103,41,96,2.2,9.7,11.1,22.9,0,0,2
103,42,19,0.8,1.9,2,2.7,0,0,3
103,43,25,0.6,1.3,4,3.3,0,0,2
103,44,12,0.2,0.5,2.2,1.4,0,0,3
103,45,8,0.1,0.3,1.5,1,0,0,1
103,46,2,0,0.1,0.2,0.3,0,0,1
103,47,3,0.1,0.1,0.3,0.4,0,0,1
103,48,9,0.2,0.3,1,1.2,0,0,1
103,52,4,0.2,0.3,0.4,0.8,0,0,1
103,53,7,0,0.7,1.5,0.2,0,0.5,2
103,55,190,6,12.3,35.6,10.3,0,3.3,2
103,56,46,0,15.6,3,3.9,0,0,2
103,57,1,0,0.3,0.1,0.1,0,0,1
103,59,4,0,0.1,0.2,1.9,0,0,1
103,60,1,0,0,0.1,0.5,0,0,1
103,65,17,1.9,1.3,1.3,2.4,0,0,2
103,68,4,0.1,0.3,0.3,0.6,0,0,1
103,69,8,0.3,0.7,0.5,1.2,0,0,2
103,70,3,0.1,0.3,0.2,0.4,0,0,1
103,77,1,0.1,0.1,0.1,0.1,0,0,1
103,79,2,0.1,0.3,0.1,0.2,0,0,1
103,84,1,0,0.1,0,0.3,0,0,1
103,87,5,0.1,0.5,0.2,1,0.2,0,2
103,88,2,0.1,0.3,0.2,0,0,0,1
103,89,5,0.2,0.8,0.5,0.1,0,0,1
103,90,728,62,106,20,177,0,231,0
103,91,1143,263,87,43,146,0,176,0
103,92,399,91.2,10,10,73.2,0,32,1
103,93,378,88,66.7,30.7,3.8,0,19,2
103,94,1518.5,34,564,1,25,3,167,0
103,95,1142,127,250,5,114,0,115,0
103,96,1306,119,48,55,428,3,39,0
103,97,1496.5,216,62,137,306,0,96,0
103,98,2310,43,243,160,645,0,395,0
103,99,2343.5,117,51,122,883,2,101,0
103,100,2877,90,133,195,1029,2,161,0
103,101,1786,223,26,186,524,0,89,0
103,102,2834,544,589,396,82,0,251,0
103,103,2169.5,339,688,124,16,1,454,0
103,104,2345,274,796,47,105,0,310,0
103,105,1396,265,181,243,31,0,94,0
103,106,592,196,48.4,5,58.6,1.4,1,1
103,107,879.5,79,95,185,92,0,77,0
103,108,374.5,14.3,8.7,116,16,0,27.5,1
103,109,857,181.2,74.6,135.9,17.9,0,19.5,1
103,110,760,58,168,59,6,1,6,0
103,111,463.5,22,28,159,17,0,49,0
103,112,613.5,38,16.9,175,83.5,0,77,1
103,113,126.5,20.3,7.5,5.5,16.8,0,0,2
103,114,5,0.6,0.7,0.1,0.7,0,0,1
103,115,11,1.4,1.4,0.3,1.6,0,0,3
103,116,1.5,0.1,0.2,0,0.2,0,0,1
103,117,4,0.2,0.5,0.2,0.4,0,0,1
103,119,15,0,4,0.8,1.1,0,0,3
103,120,86,0,25.5,3.7,4,0,0,3
103,121,41.5,3.1,6.5,1.5,3.6,0,0,3
103,122,117,4.7,5.7,29.4,11,0,13,2
103,123,186,9.9,40.7,9.9,27.5,0,0,1
103,124,615.5,72,61,56,128,0,65,0
103,125,30,2.1,6.4,2.2,1.3,0,0,3
103,126,60,1.3,1.8,9.9,6.4,0,0,3
103,127,59,0.6,6.9,6.8,7.1,0,0,3
104,6,2,0,0.1,0.3,0.4,0,0,1
104,7,4,0,0.1,0.6,0.9,0,0,1
104,8,2,0,0.1,0.2,0.8,0,0,1
104,9,1,0,0,0.1,0.4,0,0,1
104,12,1,0.1,0.1,0.2,0.2,0,0,1
104,13,2,0.2,0.2,0.4,0.4,0,0,2
104,14,1,0.1,0.1,0.2,0.2,0,0,1
104,15,3,0.2,0.2,0.6,0.7,0,0,1
104,22,1,0,0,0.1,0.3,0,0,1
104,24,2,0,0,0.2,0.6,0,0,1
104,36,2,0.1,0.3,0.2,0.1,0,0,1
104,41,2,0.2,0.2,0.2,0.2,0,0,2
104,42,37,1.6,2.3,3.4,10.8,0,0,1
104,43,8,0.3,0.8,0.9,1.1,0,0,1
104,46,4,0.1,0.1,0.5,0.5,0,0,1
104,55,18,0,1.8,3.8,0.5,0,1.1,3
104,60,7,0,0.3,0.3,3.3,0,0,2
104,61,8,0.7,0.3,0.1,2,0,0,2
104,65,10,1,0.7,0.8,1.5,0,0,3
104,66,3,0,0.2,0,1,0,0,2
104,68,2,0.1,0.2,0.1,0.3,0,0,1
104,70,34,1.2,2.9,2.4,4.6,0,0,3
104,71,19,0.6,1.3,0.6,3.4,0,0,2
104,74,5,0.2,0.3,0.2,0.9,0,0,1
104,78,1,0.1,0.1,0.1,0.1,0,0,1
104,83,28,0,2.5,1.4,6.4,0,0,3
104,84,4,0,0.3,0.1,1,0,0,1
104,87,2,0,0.2,0.1,0.4,0.1,0,1
104,90,219.5,12.6,60.8,15.2,2.8,0,0,2
104,91,249.5,4.4,126,1,26.3,0,5,1
104,92,1152,329,138,59,108,0,266,0
104,93,968.5,76,111,170,157,0,87,0
104,94,1896.5,268,261,234,190,2,195,0
104,95,1520.5,182,139,254,323,2,9,0
104,96,2564.5,319,181,233,666,2,102,0
104,97,1807,68,102,77,717,6,63,0
104,98,2044.5,32,13,108,986,2,88,0
104,99,2330,74,95,144,890,13,44,0
104,100,2148,165,85,172,610,1,95,0
104,101,1823,89,134,235,365,13,167,0
104,102,222,0,0,132.3,1,0,0,2
104,103,10,0.1,0,3.9,0,0,0,2
104,104,93,1.9,0,28.8,0,0,0,1
104,106,195.5,0,88,0,0,0,88,0
104,107,24,0,1.5,0,5,0.5,0,2
104,108,25,0.2,2.8,3.1,3.4,0.1,0.6,3
104,109,10,0.1,1.2,1.3,1.3,0,0.2,2
104,110,6,0.1,0.7,0.8,0.8,0,0.1,1
104,111,231,0.2,0.3,104.2,0.1,0,28,1
104,112,222,21.3,49.1,10.4,3.2,0,1,1
104,113,26,2.9,3.6,2.6,1.6,0,0,3
104,114,8,1,1.1,0.2,1.1,0,0,1
104,115,29,3.5,3.9,0.7,4.3,0,0,3
104,116,14,0.8,1.8,0.5,1.6,0,0,1
104,119,83.5,1,24.1,2.8,4.1,0,0,3
104,120,33,0,8.6,1.8,2.5,0,0,3
104,121,7,0.5,1.1,0.3,0.6,0,0,1
104,123,22.5,1.7,3.6,0.8,1.9,0,0,1
104,124,15,1,3.3,1.1,0.6,0,0,2
104,125,13,0.9,2.7,1,0.6,0,0,2
104,126,17,0.3,0.5,2.8,1.8,0,0,4
104,127,27,0.5,0.8,4.4,2.9,0,0,3
105,0,2,0.2,0,0.2,0.7,0,0,1
105,8,3,0,0.1,0.6,0.3,0,0,2
105,9,2,0,0.1,0.4,0.2,0,0,1
105,13,2,0,0.1,0.4,0.2,0,0,1
105,24,2,0,0,0.2,0.6,0,0,1
105,26,2,0,0.1,0.2,0.8,0,0,1
105,29,6,0,0,0.9,2.4,0,0,2
105,30,2,0,0,0.3,0.8,0,0,1
105,32,2,0.1,0,0.1,0.9,0,0,1
105,35,8,0.2,0,0.5,3.5,0,0,3
105,36,6,0.6,0,0,2.3,0,0,1
105,45,12,1.1,0,0,4.6,0,0,1
105,47,2,0,0.1,0,0.8,0,0,1
105,49,14,0.4,1.8,0.9,3.9,0,0,2
105,55,21,0.8,4.1,2.2,1.5,0,0,3
105,56,7,0.4,0.6,0,2.2,0,0,2
105,59,11,0,0,0.7,3.7,0,0,1
105,61,5,0.1,0.6,0.3,0.8,0,0,1
105,66,7,0,1.1,0.3,1.7,0,0,2
105,70,11,1.4,1.1,0,1.9,0,0,2
105,71,11,0,2,0.3,1.3,0,0,1
105,73,6,0,1,0.2,0.7,0,0,1
105,74,4,0.3,0.4,0.1,0.7,0,0,1
105,75,9,0.7,0.9,0.2,1.6,0,0,3
105,77,5,0,0,0,2,0,0,1
105,78,3,0,0,0,1.2,0,0,1
105,79,3,0,0,0,1.2,0,0,1
105,80,5,0,0,0,2,0,0,1
105,84,12,0,2.1,0.9,1.3,0,0,2
105,88,4,0.1,0.3,0.1,1.1,0,0,1
105,89,43.5,1.4,3,1,12.5,0,0,4
105,90,135.5,37,2,0,20,1,0,0
105,91,1718,653,86.3,80.8,57.7,0,100,1
105,92,2373,371,474,276,164,3,156,0
105,93,2276,174,554,191,284,6,271,0
105,94,2194,138,611,85,225,1,217,0
105,95,2172.5,184,207,263,456,1,91,0
105,96,2143,104,151,149,670,2,78,0
105,97,1716.5,93.4,116.5,143.4,556.2,1.2,104,1
105,98,970.5,153,153,86,159,0,38,0
105,99,2345,144,136,168,656,2,181,0
105,100,365.5,31,18.9,24.1,71,0,27,2
105,101,542.5,32.2,126.6,23,30.1,0,69,1
105,102,169.5,27.1,0.1,54,0.8,0,22,1
105,103,5,0.1,0.4,0,1.9,0,0,1
105,105,4,0.1,0.3,0,1.7,0,0.1,1
105,106,57,6,0,1,11,0,0,0
105,107,377,84,51,0,13,0,0,0
105,108,943,12,271,0,0,0,177,0
105,109,74,0.1,4.1,8.1,16.4,1,0,1
105,110,27,1.1,1.1,1.6,5.7,0,0,3
105,111,292,10,13,46,31,0,19,0
105,112,279.5,2.3,28.6,40.1,32.2,0,5,1
105,113,31,1,4.3,2.3,3.9,0,0,3
105,114,14,0.2,1.7,0.3,2.9,0,0,3
105,115,26,0.4,3,0.4,5.7,0,0,2
105,116,9,0,1.4,0,1.9,0,0,1
105,117,4,0,0.6,0,0.8,0,0,1
105,118,9,0.7,1.9,0.2,0.9,0,0,2
105,119,17,1.8,3.8,0.5,1.2,0,0,2
105,120,30,3.2,6.7,0.9,2,0,0,2
105,122,2,0.1,0.1,0.1,0.4,0,0,1
105,123,15,0.4,1.2,0.8,3.7,0,0,3
105,125,4,0,0.6,0.2,2,0,0,2
105,126,2,0.1,0.2,0.1,0.4,0,0,1
105,127,17,1.1,1.3,0.8,3.4,0,0,4
106,0,1,0.1,0,0.1,0.3,0,0,1
106,2,3,0,0.1,0.1,1.1,0,0,1
106,16,1,0,0.1,0.1,0.3,0,0,1
106,18,4,0,0.4,0.4,1.2,0,0,2
106,20,7,0,0.4,0.4,1.7,0,0,1
106,28,40,0.7,0.7,4.8,15.6,0,0,4
106,32,5,0.2,0,0.3,2.2,0,0,2
106,41,12,0.5,1,1.2,2.2,0,0,2
106,43,4,0.4,0,0,1.5,0,0,1
106,46,10.5,0,0.7,0,4,0,0,1
106,47,4,0,0.2,0,1.5,0,0,2
106,48,6,0.1,0.5,0.1,2.1,0,0,2
106,55,49,0.3,3.6,5.8,5.6,0,0,1
106,56,8,0.6,0.6,0,2.5,0,0,1
106,58,12,0.1,0.2,0.7,3.9,0,0,2
106,60,9,0,0,0.6,3,0,0,1
106,61,5,0,0.7,0.3,0.8,0,0,2
106,66,6,0,0.9,0.3,1.5,0,0,2
106,69,6,0.7,0.6,0,1.1,0,0,2
106,70,91,9.9,9.3,4,14,0,0,2
106,71,19,0,3.3,0.6,2.2,0,0,2
106,72,4,0,0.7,0.1,0.5,0,0,2
106,73,2,0.2,0.2,0,0.3,0,0,1
106,74,4,0.3,0.4,0.1,0.7,0,0,1
106,75,2,0.2,0.2,0,0.3,0,0,1
106,78,1,0,0,0,0.4,0,0,1
106,82,5,0,0.9,0.3,0.6,0,0,2
106,83,8,0,1.4,0.6,0.9,0,0,1
106,85,54,2,12.3,1.4,6.2,0,0,2
106,86,28,1.9,9.3,0,1.2,0,0,3
106,88,10,0.4,0.6,0.2,2.9,0,0,2
106,89,133,3.8,8.6,5.6,35.9,0,0,2
106,90,72,2.2,4.4,5.2,17.7,0,0,1
106,91,619,124,130,16,54,2,38,0
106,92,1167,230,125,151,70,0,61,0
106,93,1587.5,572,87,126,89,1,457,0
106,94,1300,291,96,35,273,1,441,0
106,95,1258.5,340,169,3,149,0,0,0
106,96,1391.5,251,69,197,189,0,59,0
106,97,458,58,56,43,59,0,41,0
106,98,645,2.7,238.5,59.7,23,2,70,2
106,99,1463.5,261,76,168,275,0,105,0
106,100,527.5,39,23,42,135,0,35,0
106,101,963.5,37,174,36,193,1,116,0
106,102,125.5,2,4,3,46,0,0,0
106,103,171.5,26.6,6.9,7,38.2,0,0,1
106,104,13,0.4,1.1,0,5.4,0,0.4,1
106,105,51,1.3,16.8,0,4.2,0,3.3,1
106,106,509.5,188,29,9,5,0,183,0
106,107,927.5,194,142,0,2,0,307,0
106,108,579,6,211,0,1,0,210,0
106,109,62.5,4.1,4.2,4.7,10.9,0,0,2
106,110,37,13.4,1.4,0.5,1.9,0,0,3
106,111,39,2.3,6.3,5.5,0.4,0,0,3
106,112,62,2,8.1,7.7,3.2,0,0,2
106,113,37,0,1,10,0,0,0,0
106,116,5,0,0.7,0,1.1,0,0,1
106,118,32,3.2,7,1,2.3,0,0,3
106,119,5,0.5,1.2,0.2,0.3,0,0,2
106,122,4,0.1,0.3,0.2,0.7,0,0,1
106,126,5,0.3,0.4,0.2,1,0,0,2
106,127,3,0.2,0.2,0.2,0.6,0,0,1
107,3,1,0,0,0,0.4,0,0,1
107,15,32,0,0.7,7,3.4,0,0,3
107,16,116.5,0,12.9,21,22.6,0,11.9,2
107,19,1,0,0.1,0.1,0.2,0,0,1
107,21,4,0,0,0.3,1.2,0,0,1
107,28,12,0.1,0.2,1.6,4.6,0,0,3
107,41,51,2.9,3,3.8,12.1,0,0,3
107,43,3,0.3,0,0,1.1,0,0,1
107,46,5,0,0.3,0,1.9,0,0,1
107,47,8,0.1,0.6,0.1,2.9,0,0,2
107,52,1,0,0.2,0.1,0.1,0,0,1
107,56,2,0.1,0.2,0,0.6,0,0,1
107,57,2,0.1,0.2,0,0.6,0,0,1
107,62,12,0.5,0.8,0.4,2.6,0,0,2
107,63,8,0.4,0.3,0.2,1.9,0,0,1
107,64,7,0.1,0.9,0.4,1.1,0,0,1
107,65,7,0.1,0.9,0.4,1.1,0,0,1
107,70,134,12.9,18.5,12,11.7,0,0,1
107,71,153.5,0,3,38,9,0,4,0
107,72,107.5,3,26.9,3.8,11.3,0,0,2
107,73,30,2.9,2.7,1.2,4.5,0,0,2
107,74,31,3,2.8,1.4,4.6,0,0,2
107,79,6,0,0,0,2.5,0,0,1
107,80,17,0,0,0,6.9,0,0,3
107,81,2,0,0.4,0.1,0.2,0,0,1
107,82,10,0,1.7,0.7,1.2,0,0,1
107,85,51.5,0.2,13.8,1.8,5.2,0,0,3
107,86,19,1.1,5.9,0,1.3,0,0,2
107,89,3,0.2,0.2,0.5,0.5,0,0,1
107,90,207,0,87,0,0,0,0,0
107,91,126,10.2,7.5,7.5,26.3,0,0,3
107,92,238.5,86.4,13.1,0.7,1.4,0,80,1
107,93,666,36.7,203.4,29.9,56.9,1,0,1
107,94,1007,194,214,27,77,0,0,0
107,95,1852.5,618,241,133,44,0,444,0
107,96,689.5,95,28,26,131,0,0,0
107,97,546.5,56.9,35.8,55,47.8,3.8,85,1
107,98,1546,155,114,94,403,0,86,0
107,99,1089.5,67,87,122,214,0,134,0
107,100,103.5,0.9,0.3,0.2,23.7,0,23,1
107,101,1068.5,155,99,89,135,0,162,0
107,102,863.5,47,158,9,233,1,110,0
107,103,383,5.1,68.6,13,40.3,0,43,1
107,104,9,0.3,0.8,0,3.7,0,0.2,1
107,106,456,106.4,20.8,45.5,21.4,0,27.4,1
107,107,1352,0,461,22,0,0,137,0
107,108,1292,5,428,21,1,0,308,0
107,109,43,2.3,2.3,1.6,10.4,0,0,3
107,110,12,0.7,0.7,0.3,3.2,0,0,2
107,111,2,0.1,0.3,0.3,0,0,0,1
107,112,9,0.5,1.4,1.3,0.1,0,0,1
107,113,40,1,8.7,2.4,2.1,0,0,2
107,115,6,0,0.3,0.3,1.9,0,0,2
107,118,4,0.4,0.9,0.1,0.3,0,0,1
107,119,3,0.1,0.5,0,0.5,0,0,2
107,121,9,0.3,0.6,0.5,1.6,0,0,1
107,123,3,0,0.4,0.2,1.5,0,0,1
107,124,2,0,0.3,0.1,1,0,0,1
107,125,16,0.4,1.3,0.9,4.2,0,0,2
108,10,6,0,0.1,1.3,0.7,0,0,1
108,16,13,0,1,1.3,1.8,0,0,2
108,18,2,0,0.1,0.1,0.5,0,0,1
108,19,12,0,0.7,0.8,2.9,0,0,1
108,20,3,0,0.2,0.2,0.7,0,0,2
108,24,14,0,0,1.1,4.2,0,0,1
108,27,2,0,0.1,0.2,0.8,0,0,1
108,34,4,0.1,0,0.2,1.8,0,0,1
108,41,1,0.1,0,0,0.4,0,0,1
108,43,2,0.2,0,0,0.8,0,0,1
108,48,4,0.2,0.4,0.2,1.2,0,0,2
108,57,1,0.1,0.1,0,0.3,0,0,1
108,61,15,0.8,0.6,0.4,3.5,0,0,2
108,62,23,1.3,0.9,0.6,5.4,0,0,2
108,63,4,0.2,0.2,0.1,0.9,0,0,1
108,64,10,0.2,1.3,0.7,1.5,0,0,2
108,65,2,0,0.3,0.1,0.3,0,0,1
108,69,103,3.7,35.5,2,2.1,0,0,3
108,70,125,23,22,10,6,0,27,0
108,71,480.5,21.1,51.9,60.6,122.3,0,41,1
108,72,209.5,8,11,35,29,2,7,0
108,73,142,8.8,12.5,20.3,8.3,0,1,1
108,74,12,1.4,1.2,1.1,1.1,0,0,2
108,75,1,0.1,0.1,0.1,0.1,0,0,1
108,79,4,0,0,0,1.6,0,0,1
108,81,2,0,0.4,0.1,0.2,0,0,1
108,84,1,0,0.2,0.1,0.1,0,0,1
108,85,38,0.6,7.3,2.4,5,0,0,4
108,87,6,0,0.5,0,1.5,0,0,1
108,88,18.5,0.1,1.5,0.3,4.5,0,0,3
108,89,13,0.6,1.1,2.2,2.1,0,0,2
108,90,332,6.6,106.8,2.9,18.8,0,0,2
108,91,26,1.9,4.3,2.5,0.9,0,0,2
108,92,1016.5,104,457,11,8,0,23,0
108,93,744.5,199,16,94,78,0,121,0
108,94,1423.5,717,111,12,11,1,42,0
108,95,1264.5,685,29,41,6,0,568,0
108,96,1267,319,170,45,106,1,12,0
108,97,828.5,202,125,26,50,0,65,0
108,98,1361,292,275,15,93,0,195,0
108,99,792.5,99,211,41,35,2,22,0
108,100,160,30.9,15.5,6.8,9.1,0,1,1
108,101,493,66.7,11.5,13,98.7,0,156.2,1
108,102,57,1.6,1.2,1,16.6,0,0.6,2
108,103,1,0.2,0.1,0,0.1,0,0,1
108,104,107.5,53,0,0,4,0,34,0
108,105,337.5,87.8,12.2,8,11.8,0,89,2
108,106,224,11.3,63.8,4.2,0.3,0,1.3,2
108,107,332,23.2,77.9,11.8,1.2,0,0.2,1
108,108,57,0.8,11.5,5.2,2.6,0,0,2
108,109,4,0.3,0.3,0,1.2,0,0,1
108,112,1,0,0,0.1,0.3,0,0,1
108,113,11,0,0.6,0.6,3.4,0,0,2
108,114,6,0,0.3,0.3,1.9,0,0,1
108,115,6,0,0.4,0.4,1.8,0,0,2
108,118,3,0,0.5,0,0.6,0,0,2
108,121,3,0.1,0.2,0.1,0.6,0,0,2
108,122,5,0.2,0.3,0.3,0.9,0,0,1
108,124,3,0.1,0.2,0.2,0.5,0,0,1
108,125,5,0.2,0.3,0.3,0.9,0,0,2
108,126,2,0.1,0,0.1,0.4,0,0,1
108,127,15,1,0.3,0.6,2.6,0,0,2
109,0,4,0.4,0,0.4,1.4,0,0,1
109,7,1,0,0,0.2,0.1,0,0,1
109,16,9,0,0.7,0.9,1.3,0,0,2
109,19,8,0,0.5,0.5,1.9,0,0,1
109,46,10,0.3,1.3,0.6,2.8,0,0,1
109,51,6,0.2,1.2,0.6,0.4,0,0,2
109,53,2,0.1,0.4,0.2,0.1,0,0,1
109,54,18,0.6,3.5,2,1.3,0,0,2
109,59,2,0.2,0.2,0,0.6,0,0,2
109,60,4,0.2,0.4,0,1.2,0,0,2
109,61,3,0.2,0.1,0.1,0.7,0,0,1
109,62,9,0.5,0.4,0.2,2.1,0,0,3
109,63,16,0.3,1.9,0.9,2.7,0,0,2
109,64,11,0.1,1.4,0.7,1.8,0,0,3
109,65,13,0.2,1.6,0.8,2.1,0,0,2
109,66,2,0,0.3,0.1,0.5,0,0,1
109,67,11,0,1.7,0.5,2.7,0,0,3
109,68,16,0.4,2.9,0.6,3.1,0,0,3
109,70,53,5,15,4,5,0,0,0
109,71,59,6.3,6.3,7.4,1.6,0,0,1
109,72,38,2.8,2.3,4.1,5.8,0,0,3
109,73,18,1.8,1.4,1.7,2.2,0,0,2
109,74,19,2.1,1.9,1.9,1.7,0,0,4
109,85,8,0.1,1.6,0.5,1,0,0,1
109,87,14,0,1.2,0,3.6,0,0,3
109,89,14,0.7,1.1,2.4,2.3,0,0,2
109,90,20,1,1.6,3.4,3.2,0,0,2
109,91,8,0.6,1.3,0.8,0.3,0,0,1
109,92,1481,585.3,55,8.7,16.6,1,0,1
109,93,1231.5,336,260,24,3,0,0,0
109,94,1305,424,63,74,13,0,210,0
109,95,749.5,265,0,20,29,0,284,0
109,96,569,132,64,4,33,0,62,0
109,97,1351,324,267,47,93,1,134,0
109,98,1214,533,53,1,19,0,420,0
109,99,936.5,96,128,92,121,2,105,0
109,100,332.5,122.2,13.1,3.1,38.2,0,131,1
109,101,54,0.8,13.7,0,1.1,0,13.3,3
109,102,38,4.9,3.7,0,5.5,0,1.8,2
109,103,87,32.5,0.8,0,0.5,0,6,1
109,104,46,9.9,5.3,0,3,0,0,3
109,105,7,1.4,0.9,0,0.5,0,0,2
109,106,187.5,4,43.6,14.1,9,0,1,1
109,107,206.5,43.1,20.1,4.2,2,0,0.1,1
109,109,8,0.5,0.7,0,2.4,0,0,3
109,110,11,0.7,0.9,0,3.3,0,0,3
109,111,10,0,0.6,0.6,3.1,0,0,3
109,112,1,0,0,0.1,0.3,0,0,1
109,113,6,0,0.3,0.3,1.9,0,0,1
109,115,3,0,0.2,0.2,0.9,0,0,1
109,117,5,0,0.7,0,1.1,0,0,1
109,118,8,0,1.2,0,1.7,0,0,1
109,119,7,0,1,0,1.5,0,0,1
109,123,5,0.2,0.3,0.3,0.9,0,0,1
109,126,6,0.3,0.1,0.3,1.1,0,0,2
110,2,2,0.1,0,0.2,0.7,0,0,1
110,11,1,0,0,0.1,0.3,0,0,1
110,12,2,0.1,0,0.1,0.6,0,0,1
110,24,11,0,0,0.3,5.9,0,0,2
110,29,10,0.3,0.3,0.3,3.8,0,0,1
110,30,1,0,0,0.1,0.4,0,0,1
110,46,2,0,0.1,0.1,0.6,0,0,1
110,48,4,0.1,0.1,0.1,1.2,0,0,1
110,52,4,0.3,0,0.5,0.6,0,0,1
110,53,3,0,0.1,0.6,0.3,0,0,1
110,54,8,0,0.4,1.6,0.7,0,0,1
110,57,3,0,0,0.1,0.9,0,0,1
110,59,6,0,0,0.3,1.7,0,0,1
110,60,2,0,0,0.1,0.6,0,0,1
110,64,9,0.3,0.6,1.2,1.4,0,0,1
110,67,4,0.2,0.6,0.2,0.8,0,0,1
110,68,5,0.1,0.4,0.1,1.4,0,0,1
110,69,22,0.4,1.6,0.4,6.2,0,0,3
110,74,2,0.1,0.1,0.4,0.3,0,0,1
110,75,9,0.4,0.5,1.6,1.4,0,0,3
110,84,43.5,0.7,7.5,0.8,3.7,0,0,3
110,85,9,0.1,1.5,0.2,0.8,0,0,1
110,88,2,0,0.2,0.2,0.4,0,0,1
110,89,6,0.1,0.5,0.5,1.3,0,0,1
110,90,12,0.2,0.9,1.1,2.5,0,0,1
110,92,86.5,3.3,8.9,10.5,7.6,0,0,3
110,93,2092,505,359,155,2,0,360,0
110,94,992.5,313,19,61,8,0,302,0
110,95,313,57.3,33.4,6.8,11.6,0.7,56.4,2
110,96,316,30.6,66.9,22.7,9.5,0,0.8,1
110,97,597.5,165,136,3,28,0,103,0
110,98,796,279,35,13,59,0,37,0
110,99,860.5,372.4,11,10.3,10,0,373.9,1
110,100,10,1.6,1,0.3,2.3,0,1,1
110,102,68,18,2.5,1.6,0.5,0,2.1,3
110,103,49,13,0,0,2,0,0,0
110,104,41,9.3,1.2,3.1,2.3,0,0,1
110,105,109,2.6,5.4,13.2,21.3,0,0,1
110,106,124.5,9.6,8.8,22.9,7.8,0,0,1
110,107,288,11.1,99.6,9.8,2.6,0,0,2
110,108,17,2.3,1.8,1.8,1.7,0,0,2
110,109,29,2.2,6.2,1.3,2.1,0.3,0,4
110,110,19,1.4,4.1,0.9,1.3,0.2,0,2
110,111,50,0.1,14.6,0.3,0.4,0,0,1
110,113,2,0,0.3,0.2,0.2,0,0,1
110,118,9,0,0.9,0.3,1.8,0,0,3
110,119,2,0,0.2,0.1,0.4,0,0,1
110,121,5,0,0.4,0.7,0.7,0,0,1
110,122,4,0,0.3,0.5,0.6,0,0,1
110,123,7,0,0.5,0.9,1.1,0,0,1
110,127,6,0.1,0.4,0.5,1.3,0,0,1
111,2,1,0,0,0.1,0.4,0,0,1
111,3,2,0.1,0,0.2,0.7,0,0,1
111,5,7,0.4,0,0.5,2.6,0,0,2
111,10,1,0,0.1,0.2,0.4,0,0,1
111,12,1,0,0,0.1,0.3,0,0,1
111,14,1,0,0,0.1,0.3,0,0,1
111,16,1,0,0,0,0.6,0,0,1
111,30,4,0.1,0.1,0.2,1.5,0,0,2
111,47,2,0,0.1,0.1,0.6,0,0,1
111,50,8,0.2,0.3,0.3,2.3,0,0,1
111,51,4,0.3,0,0.5,0.6,0,0,1
111,53,26,0,1.4,5,2.4,0,0,2
111,54,11,0,0.6,2.2,1,0,0,2
111,57,3,0,0,0.1,0.9,0,0,2
111,58,3,0,0,0.1,0.9,0,0,1
111,59,8,0,0,0.4,2.3,0,0,2
111,65,1,0,0.1,0.1,0.2,0,0,1
111,66,1,0,0.1,0.1,0.2,0,0,1
111,69,19,0.2,1.5,0.4,5.3,0,0,2
111,71,9,0.4,0,0.6,1.7,0,0,1
111,73,9,0.5,0.2,1,1.5,0,0,2
111,74,1,0,0.1,0.2,0.1,0,0,1
111,84,6,0.1,1,0.1,0.5,0,0,1
111,87,17,0.2,1.4,1.5,3.6,0,0,3
111,89,1,0,0.1,0.1,0.2,0,0,1
111,90,10,0.2,0.8,0.8,2.2,0,0,2
111,92,91,2.4,6.6,15.8,1.9,0,0,1
111,93,441.5,154,8,27,9,0,154,0
111,94,234,115.9,1.7,2,1.1,0.5,115.9,1
111,95,2,0.1,0.2,0.3,0.1,0.1,0.1,1
111,96,103,2.9,17.5,8.8,9.9,0,9.3,1
111,97,167.5,13.4,13.6,10.1,21.3,0,0.5,1
111,98,225,8,33,10,26,1,0,0
111,99,10,1.6,1,0.4,2.3,0,1,2
111,100,56,2.5,3.3,0.1,24.7,0,0.3,1
111,101,96.5,0,2.7,27,1.4,0,0.8,1
111,102,29,0,4.5,2.8,1,0,2.1,2
111,103,137,1,23.8,2.4,9.9,0,2.8,1
111,104,4,0.2,0.1,0.6,0.6,0,0,1
111,105,39,1.6,0.9,5.7,6.2,0,0,3
111,106,16,2.1,1.7,1.7,1.7,0,0,1
111,109,280,4.4,4.1,96.9,2.3,0.2,49,2
111,110,17,1.3,3.6,0.8,1.1,0.2,0,2
111,111,58,0.1,22.1,0.6,0.7,0,0,1
111,112,70,0.3,26.7,1.9,1.1,0,0,1
111,113,7,0.2,1.1,0.5,0.7,0,0,2
111,114,3,0.1,0.5,0.2,0.3,0,0,1
111,115,2,0,0.3,0.2,0.2,0,0,1
111,116,6,0,0.6,0.1,1.3,0,0,1
111,118,18,0,1.7,0.4,3.8,0,0,2
111,119,2,0,0.2,0.1,0.4,0,0,1
111,122,6,0,0.4,0.8,0.9,0,0,1
111,126,3,0.1,0.2,0.2,0.6,0,0,1
111,127,4,0.1,0.2,0.3,0.9,0,0,1
112,0,2,0.1,0.5,0.1,0.2,0,0.2,1
112,1,6,0.3,0,0.4,2.2,0,0,1
112,4,13,0.7,0,0.9,4.8,0,0,2
112,9,2,0,0.2,0.5,0.8,0,0,1
112,10,1,0,0.1,0.2,0.4,0,0,1
112,15,6,0.3,0,0.3,1.8,0,0,1
112,22,2,0,0,0,1.1,0,0,1
112,38,2,0,0.1,0.1,0.8,0,0,1
112,46,15,0.3,0.6,0.6,4.3,0,0,2
112,49,4,0.1,0.1,0.1,1.2,0,0,1
112,50,12,0.3,0.4,0.5,3.5,0,0,2
112,51,10,0.8,0,1.2,1.4,0,0,1
112,54,5,0,0.3,1,0.4,0,0,1
112,55,61,2.4,5.1,6.2,11,2,5,2
112,57,2,0,0,0.1,0.6,0,0,1
112,58,7,0,0,0.3,2,0,0,1
112,59,2,0,0,0.1,0.6,0,0,1
112,69,23,0.4,2.1,0.7,6,0,0,4
112,72,2,0.1,0,0.1,0.4,0,0,1
112,73,18,0.9,0.2,1.5,3.3,0,0,2
112,74,16,0.7,0.4,1.9,2.8,0,0,3
112,75,20,0.9,1.2,3.5,3.1,0,0,2
112,83,4,0,0.2,0.9,0.2,0,0,1
112,86,2,0,0.2,0.2,0.4,0,0,1
112,89,9,0.7,0.8,0.4,1.9,0.1,0,2
112,90,36,4.8,8.4,1.2,3.5,0.1,0,3
112,91,19,1.3,5.7,1.1,0.7,0,0,2
112,93,33,1.6,2.9,4.9,2.1,0.8,1.5,3
112,94,205.5,5.2,2.2,56.7,2.4,1.6,1.2,1
112,95,164,0.9,37.7,14,10.1,0.5,1.9,1
112,96,175.5,27.4,16.4,20.5,15.4,0,13.1,1
112,97,98,3,14.6,3.3,14.7,0.1,1.3,2
112,98,99.5,8.1,15.1,3.6,19.1,0.2,0,1
112,99,11,1.2,1.5,0.8,1.6,0,0.7,3
112,100,498.5,51.9,79.9,62.7,35.2,0,6.9,1
112,101,496,59,94,31,8,0,1,0
112,102,189,3,62.5,3.3,0.1,0,0.2,1
112,103,52,0.1,3.1,8.6,3.6,0,0,2
112,104,60,9.5,0.6,3.2,10.3,0,0,3
112,105,28,2.2,5.5,2.4,4.3,0,0.1,2
112,106,3,0.1,0.1,0.3,0.8,0,0,1
112,107,15,0.7,0.2,1.5,4.1,0,0,1
112,109,467.5,3,3,153,4,0,8,0
112,110,361,2,77,46,7,0,0,0
112,111,109,0.8,24.8,13.5,3,0,0,2
112,112,21.5,0.4,3.2,3.3,0,0,0,2
112,114,112,0.4,26.5,12.3,2.6,0,0,2
112,115,1,0,0.1,0.1,0.1,0,0,1
112,117,6,0,0.6,0.1,1.3,0,0,1
112,118,2,0,0.5,0.1,0.2,0,0,1
112,119,15,0.1,3.4,1,1.3,0,0,1
112,123,13,0,0.9,1.7,2,0,0,2
112,127,4,0.1,0.2,0.3,0.9,0,0,1
113,0,5,0.2,1.2,0.2,0.6,0,0.6,1
113,5,2,0.1,0,0.2,0.7,0,0,1
113,9,5,0,0.5,1.2,2,0,0,3
113,10,4,0,0.3,1,1.6,0,0,1
113,11,3,0.1,0,0.2,0.9,0,0,1
113,27,1,0,0,0.1,0.4,0,0,1
113,28,5,0.1,0.1,0.2,1.9,0,0,2
113,29,6,0.1,0.2,0.2,2.3,0,0,1
113,37,1,0.1,0,0,0.3,0,0,1
113,38,49,3.3,2,1.4,16.8,0,0,2
113,50,2,0,0.1,0.1,0.6,0,0,1
113,52,2,0.2,0,0.2,0.3,0,0,1
113,53,11,1,0,1.3,1.5,0,0,1
113,55,7,0.6,0,0.8,1,0,0,1
113,57,6,0,0,0.3,1.7,0,0,1
113,58,9,0,1.8,0.3,1.3,0,0,3
113,59,3,0,0.7,0.1,0.4,0,0,1
113,60,6,0,1.3,0.2,0.8,0,0,1
113,66,2,0.2,0,0.1,0.5,0,0,1
113,67,20,2.4,0,1,4.9,0,0,2
113,68,2,0.1,0.3,0.1,0.4,0,0,1
113,69,13,0.6,1.8,0.8,2.5,0,0,3
113,70,11,0.6,1.6,0.6,2.1,0,0,2
113,73,8,0.4,0,0.5,1.5,0,0,1
113,74,4,0.2,0,0.3,0.7,0,0,1
113,80,19.5,0.7,1.9,0.7,4.2,0,0,3
113,81,69,2,0.2,2.8,16.2,0,0,2
113,82,232,7,15.7,31.5,42.7,0,6,1
113,83,230.5,8.2,4.7,36.7,28.1,0,0,1
113,84,94,4.8,9.3,14.3,4.8,0,0,3
113,89,13,0.9,1.1,0.6,2.7,0.2,0,1
113,90,114,2.8,22.2,2.1,17.2,0.4,0,1
113,91,41,1.8,15.1,0.5,1.3,0,0,1
113,93,7,0.1,0.7,1.4,0.3,0,0,2
113,94,160,1,25,26.7,5.4,0,0,2
113,95,359.5,13,36,25,76,0,0,0
113,96,289.5,19.4,23.4,34.7,41.3,0.4,13,1
113,97,776,63,133,103,70,1,138,0
113,98,499.5,41,15,17,128,0,9,0
113,99,31,0.7,6.1,4.2,0.3,0,0,3
113,100,280.5,19.2,15.9,33.4,61.1,0,11,1
113,101,221,13.1,51,16.3,8.3,0,4,1
113,102,21,0.2,3.5,1.1,4.7,0,0,3
113,104,137,0.9,9.5,28.3,9.9,0,3.4,3
113,105,43.5,0.1,0.4,10.1,7,0,0.1,1
113,106,7,0.3,0.1,0.7,1.9,0,0,1
113,107,10,0.5,0.1,1,2.7,0,0,2
113,109,1084.5,21,158,284,42,0,216,0
113,110,546,48,104,51,55,0,0,0
113,111,372,63,41,38,10,0,0,0
113,112,213,14,48,17,6,0,0,0
113,113,72,1.1,11.3,6.5,4.8,0,0,2
113,114,342,0,112,12,4,0,0,0
113,115,54.5,0,3.5,8.1,6,0,0,3
113,116,50,0.7,6.3,4.4,6.2,0,0,4
113,117,50,0.3,4.1,4.5,8.1,0,0,2
113,118,4,0,0.9,0.3,0.3,0,0,1
113,119,17,0.2,3.9,1.1,1.4,0,0,2
113,120,14,0.1,3.2,1,1.1,0,0,2
113,122,11,0,0.8,1.4,1.7,0,0,3
113,123,10,0.1,0.6,0.6,1.9,0,0,2
113,124,23,0.4,1.1,0.9,4.5,0,0,4
113,127,4,0.1,0.3,0.4,0.8,0,0,3
114,1,4,0.2,0,0.3,1.5,0,0,1
114,2,1,0,0,0.1,0.4,0,0,1
114,4,3,0.2,0,0.2,1.1,0,0,1
114,7,2,0,0.2,0.5,0.8,0,0,1
114,12,1,0,0,0.1,0.3,0,0,1
114,13,5,0.2,0,0.3,1.5,0,0,1
114,19,3,0,0,0.1,1.6,0,0,1
114,20,6,0,0,0.2,3.2,0,0,2
114,28,5,0.1,0.2,0.2,1.9,0,0,1
114,37,10,1.2,0,0.4,2.8,0,0,2
114,46,3,0.1,0.1,0.1,0.9,0,0,1
114,52,14,1.2,0,1.7,1.9,0,0,2
114,54,1,0.1,0,0.1,0.1,0,0,1
114,58,6,0,0.9,0.3,1.1,0,0,3
114,59,10,0,2.2,0.4,1.3,0,0,3
114,66,5,0.6,0,0.3,1.2,0,0,1
114,67,14,1.7,0,0.7,3.4,0,0,2
114,73,4,0.2,0,0.3,0.7,0,0,1
114,75,3,0.1,0,0.2,0.6,0,0,1
114,76,7,0.2,0.7,0.2,1.6,0,0,2
114,77,2,0,0.2,0.2,0.4,0,0,2
114,79,13,0.5,1.3,0.5,2.8,0,0,3
114,80,18,0.6,1.8,0.7,3.9,0,0,3
114,81,1,0,0.1,0.2,0,0,0,1
114,82,16,0,0.8,3.6,0.8,0,0,1
114,86,2,0,0.2,0.2,0.4,0,0,1
114,87,5,0.1,0.4,0.5,1,0,0,2
114,88,4,0.4,0.4,0.2,0.8,0,0,2
114,89,3,0.3,0.3,0.1,0.6,0,0,2
114,90,191,11.5,6.5,4.3,60.2,0.1,0,1
114,91,14,1,4.8,0.6,0.3,0,0,2
114,93,1,0,0,0.3,0,0,0,1
114,94,46,0,0,15.5,0.1,0,0,1
114,95,487.5,43,99,48,4.1,0,112,1
114,96,857,139,156,31,30,0,207,0
114,97,212.5,4.3,7.3,15.3,46.9,0.4,6,2
114,98,331,77,7,8,27,0,98,0
114,99,193,2.5,55.9,13.3,0.5,0,0,3
114,100,496.5,5.3,94.4,87.6,20.1,0,128,1
114,101,260.5,0.2,89.1,3,4.3,0,4,2
114,102,22,0.2,3.6,1.2,5,0,0,3
114,103,22,0.3,3.3,1.4,4.7,0,0,3
114,104,23,0.4,1.3,3.5,3.3,0,0.2,4
114,105,8,0.1,0.5,1.2,1.1,0,0.1,2
114,106,28,1.2,0.5,2.8,7.7,0,0,2
114,107,6,0.3,0.1,0.6,1.6,0,0,1
114,108,10,0.3,0.7,1.6,1.9,0,0,1
114,109,685.5,205.7,84.3,37.4,28.1,0,192,1
114,110,591,63,72,141,54,1,40,0
114,111,511,22,30,147,40,0,37,0
114,112,175.5,15.4,26,19.1,3,0,0,1
114,113,292.5,5,31,57,28,0,0,0
114,114,318,25,72,24,4,0,0,0
114,115,206.5,8,39,22,14,0,0,0
114,116,273,9.1,53.9,31.6,19.9,0,0,1
114,117,109,8.2,11.1,13.8,6.1,0,0,1
114,118,59,0.8,9.3,4.8,6.5,0,0,3
114,119,14,0.1,3.2,0.9,1.3,0,0,4
114,120,20,0.2,4.5,1.4,1.7,0,0,3
114,123,13,0.1,0.8,1,2.3,0,0,2
114,124,19,0.3,1,0.7,3.7,0,0,2
114,126,1.5,0.1,0.1,0.1,0.3,0,0,1
114,127,3,0.1,0.2,0.2,0.6,0,0,1
115,8,2,0.1,0,0.1,0.6,0,0,1
115,10,4,0.2,0,0.2,1.2,0,0,1
115,12,2,0.1,0,0.1,0.6,0,0,1
115,18,1,0,0,0,0.6,0,0,1
115,20,1,0,0,0,0.6,0,0,1
115,37,10,0.2,0.8,0.2,3.9,0,0,3
115,38,1,0,0.1,0,0.4,0,0,1
115,47,3,0,0.1,0.2,0.9,0,0,1
115,48,7,0.1,0.3,0.8,1.4,0,0,3
115,50,8,0.2,0.4,1.1,1.1,0,0,1
115,52,1,0,0.1,0.1,0.2,0,0,1
115,59,2,0.1,0.1,0.3,0.3,0,0,1
115,60,2,0.1,0.1,0.3,0.3,0,0,1
115,67,14,0.6,0.9,0.7,2.8,0,0,2
115,68,11,0.4,0.8,0.5,2.2,0,0,2
115,70,8,0.3,0.5,0.4,1.6,0,0,1
115,72,5,0.1,0.4,0.2,0.9,0,0,1
115,75,15,1,0.7,0.8,3.8,0,0,2
115,76,10,1,0.7,0.5,1.4,0,0,2
115,77,10,1,0.6,0.6,1.4,0,0,3
115,78,12,1.2,0.7,0.6,1.7,0,0,3
115,79,1,0.1,0.1,0.1,0.1,0,0,1
115,81,1,0,0,0.1,0.3,0,0,1
115,87,14,0.7,0.9,0,3.2,0,0,2
115,88,12,1,0,0,4.7,0,0,1
115,89,14,1.1,0,0,5.5,0,0,1
115,90,64,3.9,0,12,19.3,1,0,1
115,95,30,2.9,3.3,1.5,4.2,0,0,2
115,96,332.5,42,58,11,26,0,12,0
115,97,79.5,2.9,3.2,3.9,15.9,0.2,0,3
115,98,20,1,2.1,1.8,2.5,0,0,3
115,99,36,1.3,4.6,3,4.2,0,0,4
115,100,306,35,33,45,1,0,37,0
115,101,702.5,44,157,73,70,1,176,0
115,102,284.5,3.1,91.6,35.4,9.5,0,23,2
115,103,36,2.5,3.9,0.8,6.1,0,0,4
115,104,60,0.2,7,8,2.1,0,0,2
115,105,70,0.6,5.9,10.2,2.5,0,0,2
115,106,92,0.2,9.5,5,28,0,0,2
115,107,43,0.3,3.2,2.2,10.9,0,0,4
115,108,28,0.6,2.9,1.5,6.6,0,0,2
115,109,181,5.3,19.8,41.3,9.3,0,20,2
115,110,65,11.5,12.8,6.7,2.8,0,0,2
115,111,224,15,31,25,15,0,4,0
115,112,202.5,21.8,17.5,26.1,6.6,1,0,1
115,113,126,14.2,19.2,9,6.5,0,0,2
115,114,89,0,17,11.2,3.7,0,0,3
115,115,102,0,23.2,15.2,1.7,0,0,2
115,116,55,2.2,10.5,4.4,2.7,0,0,4
115,117,23,1,4.4,1.8,1.1,0,0,2
115,118,27,1,5,1.8,1.7,0,0,2
115,119,43,1.4,7.2,2.4,3.5,0,0,3
115,120,12,0.4,2,0.7,1,0,0,2
115,123,10,0,1.7,0.4,1.9,0,0,1
115,124,8,0,1.4,0.3,1.5,0,0,2
115,127,33,2,1.4,2.4,9.7,0,2,1
116,4,1,0,0,0,0.5,0,0,1
116,6,5,0.2,0,0.3,1.5,0,0,1
116,21,4,0,0,0.1,2.2,0,0,1
116,22,2,0,0,0,1.1,0,0,1
116,48,3,0.1,0.2,0.4,0.4,0,0,1
116,50,22,0.6,1.2,3,3,0,0,3
116,51,6,0,0.4,0.6,1.2,0,0,2
116,59,3,0.1,0.2,0.4,0.5,0,0,1
116,63,12,0.7,0,1.3,2.8,0,0,2
116,70,12,0.5,0.7,0.6,2.4,0,0,2
116,71,8,0.2,0.5,0.4,1.4,0,0,1
116,74,4,0.3,0.2,0.2,1,0,0,1
116,75,24,1.7,1.2,1.2,6.1,0,0,2
116,76,45,2.5,5,1.7,8.1,0,0,2
116,84,26,0,1.2,2.9,7.5,0,0,4
116,85,2,0,0.1,0.2,0.6,0,0,1
116,86,5,0.3,0.3,0,1.1,0,0,1
116,88,3,0.1,0.2,0,0.7,0,0,2
116,90,1,0.1,0,0,0.4,0,0,1
116,91,13,1.3,1.4,0.6,1.9,0,0,2
116,93,9,0.9,1,0.4,1.3,0,0,1
116,96,122,3.6,5.6,6.6,30,1.2,0,1
116,97,16,1.3,0.9,1.5,2.2,0.1,0,2
116,98,128,5.1,12.1,11.1,16.1,0.2,0,2
116,99,20.5,0.7,2.7,1.7,2.4,0,0,2
116,100,24,0.9,3.1,2,2.8,0,0,3
116,101,614,7,69,123,60,0,63,0
116,102,370,6,9,115,11,2,28,0
116,103,43,0,0.4,9,2.2,0,0,1
116,104,6,0.1,1.1,0,0.6,0,0,1
116,105,41,0.1,9.9,3,0.5,0,0,2
116,106,148,2.1,20.9,9.7,34.3,0,10,1
116,107,31,0.1,2.3,1.6,8,0,0,3
116,108,25,0.7,2.7,1.3,5.7,0,0,3
116,109,63,2.8,5.9,2.3,15.7,0,0,3
116,110,338.5,31,23,66,22,0,25,0
116,111,466,47,52,107,7,0,0,0
116,112,449,6,61,101,6,0,62,0
116,113,288,7,40.3,46.5,1.3,0,4,1
116,114,83,0,22.5,10.7,2.3,0,0,1
116,115,55,0,11.9,5.1,2.6,0,0,4
116,116,7,0.3,1.3,0.6,0.3,0,0,1
116,117,15,0.6,2.9,1.2,0.7,0,0,1
116,118,2,0.1,0.3,0.1,0.2,0,0,1
116,119,40,1.2,6.8,2.1,3.4,0,0,3
116,120,9,0.3,1.5,0.5,0.8,0,0,2
116,121,4,0,0.7,0.2,0.7,0,0,1
116,124,7,0,1.2,0.3,1.3,0,0,2
116,125,2,0,0.3,0.1,0.4,0,0,1
116,126,7,0,0.8,0.9,1.7,0,0,2
116,127,22.5,0,2.6,2.9,5.5,0,0,3
117,0,3,0.1,0.1,0,1.4,0,0,2
117,13,2,0.1,0,0.1,0.6,0,0,1
117,21,1,0,0,0,0.6,0,0,1
117,24,2,0,0,0,1.1,0,0,1
117,47,4,0,0.2,0.3,1.1,0,0,1
117,48,2,0,0.1,0.1,0.6,0,0,1
117,50,2,0,0.1,0.1,0.6,0,0,1
117,52,3,0,0.2,0.3,0.6,0,0,1
117,64,2,0.1,0,0.2,0.5,0,0,1
117,73,10,0.6,0.4,0.4,1.8,0,0,1
117,75,16,1.1,0.8,0.8,4.1,0,0,1
117,86,8,0.4,0.5,0,1.8,0,0,1
117,88,2,0.1,0.1,0,0.5,0,0,1
117,91,3,0.3,0.3,0.2,0.4,0,0,1
117,94,1,0.1,0.1,0.1,0.1,0,0,1
117,96,39,1,3,4,6,0,0,0
117,97,69.5,2.9,3.2,3.9,13,0.2,0,1
117,98,2,0.1,0.2,0.2,0.2,0,0,1
117,100,11,0.3,1.7,1.2,1.1,0,0,2
117,101,71.5,2.3,2.2,16.8,5,0,0,1
117,102,4,0.4,0.2,0.2,0.9,0,0,1
117,103,40,0.7,7.1,0.4,3.7,0,0,1
117,105,9,0.1,1.3,0.7,1.2,0,0,1
117,106,129.5,1.2,1.7,29.3,4.9,0,0,3
117,107,104,3.4,3.2,15.3,10.6,0,0,3
117,108,92,2.1,5.7,12.3,11.6,0,0,3
117,109,178.5,8.2,17.1,26.5,15.8,1,20,2
117,110,370.5,67,26,30,23,0,0,0
117,111,800.5,139,118,60,43,0,30,0
117,112,442.5,16,19,139,12,0,85,0
117,113,299.5,83,31,10,0,0,0,0
117,114,123,0.7,12.4,22.7,9.1,0,4,2
117,115,71,0,28,1.3,0.7,0,0,2
117,116,15,0.3,2.1,1.5,1.8,0,0,2
117,117,6,0.1,1.1,0.5,0.5,0,0,2
117,119,9,0.3,1.5,0.5,0.7,0,0,1
117,120,41,1.3,5.6,5.1,4.4,0,0,2
117,121,26,1.3,3.9,1.2,3.3,0,0,3
117,122,2,0.1,0.3,0.1,0.2,0,0,1
117,123,8.5,0.5,1.2,0.4,1,0,0,1
117,124,1,0,0.2,0,0.2,0,0,1
117,126,5,0.1,0,0.2,1.2,0,0,1
117,127,23,0.3,1.3,1.9,5.5,0,0,3
118,11,2,0.1,0,0.1,0.6,0,0,1
118,23,2,0,0,0,1.2,0,0,2
118,24,2,0,0,0,1.1,0,0,1
118,25,1,0,0,0,0.6,0,0,1
118,34,2,0,0,0.1,0.8,0,0,1
118,48,9,0,0.3,0.6,2.6,0,0,1
118,49,4,0,0.2,0.3,1.1,0,0,1
118,52,4,0,0.3,0.4,0.8,0,0,1
118,53,8,0,0.5,0.8,1.6,0,0,1
118,55,19,0,1.2,1.9,3.9,0,0,2
118,60,5,0.2,0.3,0.6,0.8,0,0,1
118,61,13,0.7,0,1.5,3,0,0,2
118,62,2,0.1,0,0.2,0.5,0,0,1
118,71,9,0.2,0.6,0.4,1.6,0,0,2
118,72,9,0.2,0.6,0.4,1.6,0,0,1
118,73,16,0.6,0.9,0.7,2.8,0,0,3
118,74,31,1.9,1.4,1.5,5.3,0,0,4
118,85,5,0,0.2,0.6,1.4,0,0,1
118,90,3,0.1,0.2,0,0.7,0,0,1
118,97,26.5,0.9,1.9,3.1,3.4,0,0,2
118,98,20,0.7,1.4,2.4,2.5,0,0,2
118,99,10,0,2,1.4,0.8,0,0,1
118,101,4,0.1,0.6,0.3,0.5,0,0,1
118,104,19,0.3,2.7,1.4,2.5,0,0,2
118,105,24,0.3,3.4,1.8,3.2,0,0,3
118,106,16,0.2,0.9,2.4,1.6,0,0,2
118,107,31,0.1,1.8,4.8,3.1,0,0,4
118,108,6,0.1,0.4,0.7,0.8,0,0,2
118,109,25,0.3,2.7,1.6,4.3,0,0,3
118,110,102.5,0.5,27.9,3,7.9,0,0,3
118,111,148,8.2,22.6,19.9,0.3,0,0,1
118,112,237.5,0.7,70.5,17.5,1.4,0,0,2
118,113,128.5,6.2,8.9,30.6,1.3,0,24,2
118,114,1,0,0.2,0,0.2,0,0,1
118,118,1,0,0.1,0.1,0.2,0,0,1
118,119,32,0.5,3.8,3.5,4.8,0,0,4
118,120,5,0.1,0.6,0.5,0.8,0,0,1
118,121,28,1.6,4.1,1.3,3.3,0,0,4
118,122,7,0.4,1.1,0.3,0.8,0,0,2
118,125,7,0,1.2,0.3,1.3,0,0,1
118,126,6,0.1,0,0.3,1.4,0,0,2
119,2,3,0.1,0.1,0,1.4,0,0,1
119,4,2,0.1,0.1,0,0.9,0,0,1
119,6,4,0.2,0,0.2,1.2,0,0,1
119,10,2,0.1,0,0.1,0.6,0,0,1
119,49,1,0,0,0.1,0.3,0,0,1
119,52,1,0,0.1,0.1,0.2,0,0,1
119,54,3,0,0.2,0.3,0.6,0,0,1
119,55,4,0,0.3,0.4,0.8,0,0,1
119,56,9,0.3,0.6,1.2,1.4,0,0,3
119,61,6,0.3,0,0.7,1.4,0,0,2
119,71,1,0,0.1,0,0.2,0,0,1
119,72,4,0.1,0.2,0.2,0.7,0,0,1
119,73,7,0.4,0.3,0.3,1.3,0,0,1
119,74,13,0.7,0.6,0.6,2.3,0,0,2
119,79,13,1.3,0.8,0.7,1.8,0,0,2
119,80,1,0.1,0.1,0.1,0.1,0,0,1
119,83,2,0,0.1,0.2,0.6,0,0,1
119,85,9,0,0.4,1,2.6,0,0,2
119,95,7,0.7,0.7,0.4,1,0,0,2
119,96,5,0.2,0.4,0.6,0.6,0,0,1
119,97,40,0.3,1.7,5.2,7.3,0,0,1
119,98,137,2.8,13.3,11.2,23.9,0,0,3
119,99,10,0,2,1.4,0.8,0,0,2
119,100,3,0,0.6,0.4,0.2,0,0,1
119,101,6,0.1,0.9,0.4,0.8,0,0,2
119,104,13,0.2,2,0.9,1.7,0,0,4
119,105,7.5,0.2,1,0.5,1,0,0,2
119,106,3,0,0.2,0.4,0.3,0,0,1
119,107,4,0.1,0.2,0.6,0.4,0,0,1
119,108,12,0.1,0.9,1.3,1.7,0,0,3
119,110,4,0,0.4,0.3,0.7,0,0,1
119,114,2,0,0.4,0.1,0.4,0,0,1
119,115,3,0,0.6,0.1,0.6,0,0,1
119,118,1,0,0.1,0.1,0.2,0,0,1
119,119,14,0.2,1.7,1.5,2.1,0,0,2
119,120,1,0,0.1,0.1,0.2,0,0,1
119,125,4,0,0.7,0.2,0.7,0,0,1
119,126,8,0.2,0,0.3,1.9,0,0,2
119,127,2,0,0,0.1,0.5,0,0,1
120,8,3,0,0.3,0.1,1.4,0,0,1
120,23,17,0.5,0.7,1.1,7.1,0,0,1
120,24,21.5,0.7,0.9,1.3,9,0,0,2
120,25,3,0.1,0.2,0.2,1.2,0,0,2
120,48,10,0.3,0.8,0.5,2.7,0,0,3
120,49,15,0.5,1.4,0.6,3.9,0,0,3
120,50,2,0.1,0.2,0.1,0.5,0,0,1
120,52,3,0,0.5,0.3,0.2,0,0.2,1
120,53,2,0,0,0.2,0.4,0,0,1
120,54,4,0,0.1,0.3,0.8,0,0,1
120,57,2,0,0.1,0.1,0.7,0,0,1
120,66,1,0.1,0.1,0.1,0.2,0,0,1
120,72,7,0.1,0.7,0.3,1.7,0,0,2
120,73,20,0.6,1.9,0.6,5,0,0,3
120,79,31,0.5,5.9,3.4,1.8,0,0,3
120,82,3,0.2,0.2,0.5,0.1,0,0,1
120,83,14,0.7,0.8,2.3,0.7,0,0,1
120,96,16,0.3,0.5,1.8,2.3,0,0,2
120,97,9,0.2,0.3,1,1.3,0,0,1
120,98,168.5,4,28,15,17,0,0,0
120,99,125,4.3,13.3,20.6,1.9,0,0,2
120,100,10,0.7,0.1,1.9,1,0,0,3
120,101,60,1.4,4.8,7.7,6.5,0,0,3
120,102,3,0.1,0.3,0.3,0.3,0,0,2
120,104,2,0,0.1,0.2,0.4,0,0,1
120,105,4,0.1,0.1,0.3,0.9,0,0,1
120,106,11,0,1.1,0.3,4.2,0,0,3
120,107,1,0,0.1,0,0.4,0,0,1
120,113,12,0,0.8,0.8,4.2,0,0,3
120,114,5,0,0.3,0.4,1.7,0,0,1
120,115,1,0,0.1,0.1,0.3,0,0,1
120,116,1,0,0,0.2,0.1,0,0,1
120,118,16,0.2,0.4,2.7,1.6,0,0,1
120,120,15,0.2,0.4,2.4,1.5,0,0,3
120,122,16,0.2,2.2,1.6,1.9,0,0,3
120,125,12,0.5,0.7,0.5,2.6,0,0,2
120,126,9,0.2,0.4,1.4,1.2,0,0,2
120,127,6,0.1,0.3,0.9,0.8,0,0,1
121,6,6,0,0.6,0.2,2.8,0,0,1
121,23,4,0.1,0.2,0.2,1.7,0,0,1
121,24,68.5,1.6,3.8,5.2,27.9,0,0,2
121,31,2,0,0,0.2,0.7,0,0,1
121,48,2,0.1,0.2,0.1,0.5,0,0,1
121,49,59,1.1,17.7,2.1,9.5,0,10,3
121,50,197.5,9.1,17.2,7.1,61.5,0,4,1
121,51,100.5,2,11.3,6.8,17.2,0,2.4,1
121,53,8,0,0.1,0.6,1.7,0,0,1
121,54,11,0,0.2,0.8,2.3,0,0,1
121,56,6,0,0.2,0.2,2.3,0,0,1
121,58,4,0,0.1,0.2,1.5,0,0,1
121,61,11,2.2,0.9,0.9,1.3,0,0,3
121,62,5,1,0.4,0.4,0.6,0,0,2
121,63,8,1.5,0.7,0.6,1,0,0,2
121,64,7,0.6,0.7,0.1,1.1,0,0,2
121,65,8,0.6,0.8,0,1.4,0,0,2
121,66,5,0.3,0.4,0.6,1.3,0,0,1
121,75,2,0,0.2,0.1,0.5,0,0,1
121,77,11,0.6,1.1,0.8,2.2,0,0,3
121,78,32,1.1,4.6,3,4.1,0,0,2
121,79,30,0.4,5.7,3.4,1.7,0,0,3
121,81,14,0.7,0.8,2.3,0.7,0,0,1
121,82,2,0.1,0.1,0.3,0.1,0,0,1
121,83,6,0.2,0.7,0.2,1.2,0,0,2
121,84,11,0.3,1.3,0.3,2.3,0,0,3
121,92,6,0,0.4,0,2.1,0,0,2
121,95,15,0,1,0,5.2,0,0,4
121,97,16,0.2,0.6,1.8,2.4,0,0,3
121,98,114,3.4,11.5,14.2,16.5,0,0,2
121,99,61,4.2,1,6.8,5.4,0,0,2
121,100,2,0.1,0,0.4,0.2,0,0,1
121,101,46,2.5,3.2,5.1,4.7,0,0,3
121,102,11,0.6,0.8,1.2,1.1,0,0,1
121,103,2,0.1,0.2,0.2,0.2,0,0,1
121,104,4,0.1,0.1,0.3,0.9,0,0,1
121,105,13,0.3,0.4,1,2.9,0,0,3
121,106,19,0,2.1,0.5,7.2,0,0,3
121,108,3,0,0.3,0.1,1.1,0,0,1
121,111,27,0,3.6,0,9.2,0,0,3
121,120,67,2.3,1.6,12.7,4.1,0,0,2
121,121,40,0.6,5.4,4,4.6,0,0,4
121,122,6,0.1,0.8,0.6,0.7,0,0,1
121,124,3,0.1,0.2,0.1,0.7,0,0,1
121,126,8,0.1,0.4,1.2,1.1,0,0,3
121,127,2,0,0.1,0.3,0.3,0,0,1
122,3,3,0,0.1,0.1,1.1,0,0,1
122,6,6,0,0.6,0.2,2.8,0,0,2
122,17,2,0.1,0.1,0.1,0.8,0,0,1
122,24,12,0.4,0.5,0.8,5,0,0,2
122,27,3,0,0,0.3,1.1,0,0,1
122,31,4,0,0,0.4,1.5,0,0,1
122,37,1,0,0,0,0.4,0,0,1
122,48,2,0.1,0.2,0.1,0.5,0,0,1
122,50,54,0.1,0.5,8.2,18.7,0,7,1
122,51,187,5,15.1,23.6,29.2,0,2,1
122,52,23,0,3.1,2.7,2.2,0,0.3,2
122,53,2,0,0.3,0.2,0.2,0,0.1,1
122,54,4,0,0,0.4,0.8,0,0,2
122,55,5,0,0.1,0.3,1.1,0,0,1
122,56,1,0,0,0,0.4,0,0,1
122,57,2,0,0.1,0.1,0.7,0,0,1
122,61,2,0.4,0.2,0.2,0.2,0,0,1
122,63,4,0.2,0.4,0.1,0.8,0,0,2
122,64,4,0.3,0.4,0,0.7,0,0,1
122,65,4,0.3,0.4,0,0.7,0,0,1
122,75,3,0.1,0.3,0.1,0.7,0,0,1
122,76,17,1.1,1.8,1.3,2.9,0,0,3
122,78,13,0.4,2.6,0.4,2.3,0,0,1
122,79,118,2.4,18.1,12.3,16.1,0,6,3
122,80,7,0.1,1.3,0.8,0.4,0,0,1
122,81,9,0.3,0.8,0.9,1.2,0,0,3
122,82,3,0.1,0.3,0.1,0.6,0,0,1
122,83,2,0.1,0.2,0.1,0.4,0,0,1
122,87,7,0.2,0,0.7,1.9,0,0,1
122,95,5,0,0.4,0,1.7,0,0,1
122,96,7,0.1,0.3,0.8,1,0,0,1
122,97,11,0.2,0.4,1.2,1.6,0,0,1
122,98,18,0.8,1.2,1,2.5,0,0,3
122,99,12.5,0.5,1.1,0.3,1.8,0,0,2
122,100,32.5,1,4,3,5,0,0,0
122,101,10,0.5,0.8,1.1,1,0,0,3
122,102,48.5,2,5,4.7,4.2,0,0,4
122,103,21,1,2.3,1.7,3.6,0,0,3
122,105,14,0.4,0.4,1,3.1,0,0,1
122,106,7,0.2,0.6,0.3,2,0,0,2
122,108,5,0.1,0.1,0.7,0.6,0,0,1
122,109,9,0.2,0.2,1.3,1,0,0,2
122,110,3,0.1,0.1,0.4,0.3,0,0,1
122,112,34,1.6,5.1,1.8,5.8,0,0,3
122,113,18,0.6,2.2,1,2.9,0,0,3
122,114,5,0,0.3,0.4,1.7,0,0,1
122,115,11,0.2,0.9,0.7,3,0,0,4
122,116,5,0,0.2,0.8,0.4,0,0,1
122,119,55,0,8.6,9,1.1,0,0,1
122,120,65.5,1.3,4.7,13.8,3.1,0,0,2
122,121,7,0.1,0.9,0.7,0.8,0,0,2
122,123,38,0.5,2.8,4.6,4.5,0,0,2
122,124,3,0.1,0.2,0.1,0.7,0,0,1
122,125,2,0.1,0.1,0.1,0.4,0,0,1
122,126,2,0,0.1,0.3,0.3,0,0,1
122,127,11,0.2,0.5,1.7,1.5,0,0,1
123,7,3,0,0.3,0.1,1.4,0,0,1
123,12,3,0,0.3,0.1,1.4,0,0,1
123,25,5,0.1,0.3,0.3,2.1,0,0,2
123,26,2,0,0,0.2,0.7,0,0,1
123,28,5,0,0,0.5,1.9,0,0,2
123,31,4,0,0,0.4,1.5,0,0,1
123,39,1,0,0,0,0.4,0,0,1
123,49,3,0,0.3,0.1,0.8,0,0,1
123,50,27,0.4,2.3,1,7.5,0,0,4
123,51,13,0,1.8,1.5,1.3,0,0,2
123,54,15,0,0.3,1,3.2,0,0,2
123,55,3,0,0.1,0.2,0.6,0,0,1
123,56,4,0,0.2,0.2,1.4,0,0,2
123,62,17,0.8,0.8,0.3,5.2,0,0,3
123,63,31,1.5,1.6,0.5,8.9,0,0,3
123,64,9,0.7,0.8,0.2,1.5,0,0,1
123,76,8,0.7,1.1,0.8,0.6,0,0,2
123,77,3,0.3,0.4,0.3,0.2,0,0,1
123,78,21,1.8,2.8,2,1.7,0,0,2
123,79,12,0.4,2.4,0.5,2,0,0,3
123,80,24,0.8,4.8,0.8,4.2,0,0,3
123,81,3,0.1,0.3,0.1,0.6,0,0,1
123,86,3,0.1,0,0.3,0.8,0,0,1
123,87,14,0.3,0,1.5,3.8,0,0,2
123,88,9,0.2,0,1,2.4,0,0,1
123,96,14,0.6,1.1,0.4,2,0,0,2
123,99,4,0.2,0.4,0,0.6,0,0,2
123,100,16,0.7,1.3,0.4,2.3,0,0,2
123,101,63,5.2,11.2,4.1,2.6,0,0,3
123,102,24,0.9,3,2.2,1.8,0,0,3
123,103,45,1.8,5.7,3.9,4.9,0,0,4
123,104,23,1.1,3,1.8,3.9,0,0,2
123,105,30,1.5,3.8,2.4,5.1,0,0,2
123,107,16,0.7,1.4,0.7,3.4,0,0,3
123,108,3,0.1,0.3,0.1,0.7,0,0,1
123,109,3,0.1,0.1,0.4,0.3,0,0,1
123,111,14,0.8,2.2,1.1,1.5,0,0,4
123,113,30,0.8,3.7,2,4.2,0,0,2
123,114,7,0.1,0.8,0.5,1,0,0,1
123,117,5,0,0.2,0.8,0.4,0,0,1
123,120,53,0,2.5,8.2,4.4,0,0,2
123,121,33,0.2,2.6,4.8,3,0,0,3
123,122,27,0.2,2.1,3.9,2.4,0,0,1
123,123,39.5,0.3,3.1,5.5,3.8,0,0,3
123,124,21,0.8,1.2,0.9,4.6,0,0,2
123,125,4,0.1,0.2,0.2,0.9,0,0,1
123,126,7,0,1.1,1.1,0.5,0,0,1
123,127,3,0,0.5,0.5,0.2,0,0,1
124,4,2,0,0,0.1,0.8,0,0,1
124,11,7,0,0.7,0.3,3.2,0,0,2
124,26,9,0,0,0.9,3.2,0,0,2
124,28,4,0,0,0.4,1.5,0,0,1
124,33,8,0,0,0.8,2.9,0,0,1
124,41,3,0,0,0.1,1.1,0,0,1
124,49,10,0.2,0.8,0.5,2.7,0,0,3
124,50,6,0.1,0.5,0.2,1.7,0,0,1
124,51,1,0,0.2,0.1,0.1,0,0,1
124,53,15,0,1.9,1.8,1.6,0,0,1
124,55,4,0,0,0.4,0.8,0,0,2
124,56,2,0,0.1,0.1,0.7,0,0,1
124,57,7,0,0.2,0.2,2.7,0,0,1
124,58,1,0,0,0,0.4,0,0,1
124,63,1,0,0.1,0,0.3,0,0,1
124,64,13,1,1.2,0.3,2.2,0,0,1
124,76,28,2.3,3.7,2.7,2.3,0,0,3
124,77,15,1.3,1.9,1.5,1.2,0,0,3
124,78,7,0.6,1,0.6,0.7,0,0,3
124,79,14.5,0.4,2.9,0.6,2.5,0,0,3
124,83,4,0.1,0.5,0.1,0.8,0,0,1
124,86,4,0.1,0,0.4,1.1,0,0,1
124,99,35.5,1.4,2.9,1.1,5,0,0,2
124,100,2,0.1,0.2,0,0.3,0,0,1
124,101,13,0.4,1.7,1.2,1,0,0,3
124,102,127,6.1,13.6,18.5,5.2,0,0,2
124,103,58,2.8,4.4,7.6,3.5,0,0,2
124,104,251,26,26,5,39,1,1,0
124,105,121,2.2,8.6,19.4,10.9,0,0,2
124,106,15,0.6,1.2,0.6,3.4,0,0,3
124,107,9,0.4,0.8,0.4,1.9,0,0,3
124,108,2,0.1,0.2,0.1,0.4,0,0,1
124,110,17,0.4,0.5,2.3,1.9,0,0,2
124,111,18,1.1,2.8,1.3,2.1,0,0,3
124,112,132.5,3,16.7,12.2,13,0,0,1
124,113,21,1,2.9,1.5,2.7,0,0,3
124,114,2,0.1,0.2,0.1,0.3,0,0,1
124,115,7,0.1,0.8,0.5,1,0,0,1
124,120,3,0,0.1,0.5,0.3,0,0,2
124,121,4,0,0.2,0.6,0.4,0,0,2
124,122,20.5,0.1,1.7,2.9,1.9,0,0,2
124,124,12,0.5,0.7,0.5,2.6,0,0,1
124,125,6,0.2,0.3,0.3,1.3,0,0,2
124,126,31,0,4.8,4.8,2.4,0,0,2
124,127,39,0,6,6,3,0,0,2
125,1,1,0,0,0,0.4,0,0,1
125,2,2,0,0,0.1,0.8,0,0,1
125,8,29,1.6,2.8,6.2,4,0,1.9,2
125,9,15,0.9,1.9,2.3,2.1,0,0.4,2
125,10,12,0.7,1.5,1.9,1.7,0,0.3,2
125,26,2,0,0.3,0,0.5,0,0,1
125,29,1,0.1,0,0.2,0.3,0,0,1
125,30,3,0.4,0,0.5,0.9,0,0,2
125,33,2,0,0,0.1,0.8,0,0,1
125,42,1,0,0,0,0.4,0,0,1
125,49,1,0,0,0,0.3,0,0,1
125,50,13.5,0,0.3,0.5,3.8,0,0,2
125,51,7,0.1,0.4,0.2,2.7,0,0,1
125,52,12,0.2,0.6,0.5,4.6,0,0,2
125,58,2,0,0,0.1,0.6,0,0,1
125,59,3,0,0,0.2,0.9,0,0,2
125,60,3,0,0.1,0.1,0.9,0,0,1
125,63,3,0.1,0.1,0,1.5,0,0,1
125,64,7,0.2,0.3,0,3.5,0,0,2
125,65,4,0.1,0.2,0,2,0,0,1
125,76,8,1.3,1.1,0.4,0.6,0,0,1
125,77,36,5.6,4.9,1.7,2.9,0,0,3
125,78,15,0.8,3.3,1.5,0.8,0,0,2
125,79,4.5,0.2,1,0.5,0.2,0,0,1
125,87,8,0,0.2,1,1.3,0,0,1
125,89,4,0,0,0.6,1.1,0,0,1
125,90,5,0,0,0.7,1.4,0,0,1
125,93,10,0.2,0.3,1.1,1.9,0,0,1
125,94,6,0.2,0.2,0.6,1.1,0,0,1
125,96,17,1.1,0.2,1.5,4.2,0.4,0,3
125,99,5,0.3,0.5,0.4,0.7,0,0.1,1
125,100,24,1.3,2.4,1.9,3.5,0,0.5,3
125,101,9.5,0.4,1,0.5,1.6,0,0,2
125,102,101,3.1,14.8,13.6,8.3,0,0,2
125,103,52,8.2,5.3,4,4.2,0,0,3
125,104,292.5,32,18,9,48,0,9,0
125,105,209,2.4,1.5,56.9,0.8,0,0,1
125,106,187,4,24.3,16.6,18.5,0,0,2
125,107,14,0.6,0.7,0.4,3.2,0,0,3
125,108,12,0.4,0.9,1.2,1.8,0,0,2
125,109,28,0.8,2.5,3.8,2.8,0,0,2
125,110,85,2.2,7.8,11.4,8.8,0,0,4
125,111,62,0.6,13.4,5.6,1.6,0,0,3
125,112,6,0.2,1.2,0.6,0.4,0,0,2
125,114,2,0,0.1,0.1,0.7,0,0,1
125,120,42.5,0,3.9,3.1,7.6,0,0,4
125,121,30,0.8,2.3,3.2,3.1,0,0,2
125,122,24,0.6,1.8,2.6,2.5,0,0,1
125,123,3,0.1,0.2,0.3,0.3,0,0,1
125,124,44,1.9,1.9,7.5,5,0,0,4
125,125,24,1,1.1,4.1,2.7,0,0,2
125,126,256.5,2.6,12.5,55.4,36.6,0,12,1
125,127,208,15.1,14.7,40.3,10.1,0,0,1
126,2,3,0,0.1,0.1,1.1,0,0,1
126,4,6,0.1,0.1,0.2,2.2,0,0,1
126,7,5,0.3,0.1,1.6,0.7,0,0.7,1
126,8,137,11.5,2.3,12.9,42.2,1,1.2,1
126,9,59,7.7,4.6,4.3,13.9,0,0.8,2
126,10,10,0.6,1.2,1.6,1.4,0,0.2,2
126,19,2,0.1,0.1,0.1,0.8,0,0,1
126,26,2,0,0.3,0,0.5,0,0,1
126,27,11,0,1.5,0.3,2.8,0,0,2
126,33,2,0,0,0.1,0.8,0,0,1
126,34,5,0,0.1,0.2,1.9,0,0,2
126,35,6,0,0.1,0.3,2.3,0,0,1
126,36,4,0,0,0.1,1.5,0,0,1
126,38,5,0,0,0.1,1.8,0,0,1
126,39,15,0.9,1.2,1.2,3.3,0,0,4
126,43,3,0,0,0.1,1.1,0,0,1
126,44,8,0,0,0.2,2.9,0,0,2
126,52,1,0,0.1,0,0.4,0,0,1
126,53,2,0,0.1,0.1,0.8,0,0,1
126,54,4,0.1,0.2,0.2,1.5,0,0,1
126,56,6,0,0.1,0.3,1.7,0,0,2
126,57,2,0,0,0.1,0.6,0,0,1
126,63,9,0.2,0.4,0,4.5,0,0,3
126,65,4,0.1,0.2,0,2,0,0,2
126,67,2,0.1,0.2,0.2,0.5,0,0,1
126,76,11,1.7,1.5,0.5,0.9,0,0,1
126,77,2,0.3,0.3,0.1,0.1,0,0,1
126,78,35,2.2,7.5,3.3,2,0,0,3
126,79,6,0.3,1.4,0.6,0.3,0,0,1
126,86,4,0,0.1,0.5,0.7,0,0,1
126,87,7,0,0.2,0.8,1.2,0,0,1
126,98,9,0.5,0.9,0.7,1.3,0,0.2,1
126,99,44,0,0,11,0,0,0,0
126,100,53.5,0.7,3.3,10.1,6.9,0,0.3,1
126,101,36,1.7,3.9,2,5.9,0,0,3
126,102,289,1.8,26.8,15,82.7,0,0,1
126,103,366,29.7,71.5,15.8,47.2,0,0,1
126,104,352,60.5,38.2,6,32,0,36,1
126,105,5,0.9,0.2,0.4,0.3,0,0,1
126,106,196,5.3,11.1,2.1,52.9,0,0,2
126,107,123.5,5.3,10.5,7.3,16.8,0,0,2
126,108,4,0.2,0.2,0.2,0.8,0,0,2
126,109,5,0.1,0.5,0.7,0.5,0,0,1
126,110,29,0.7,2.7,3.9,3,0,0,3
126,111,73,0.7,23.2,2.9,1.9,0,0,2
126,112,4,0.1,0.8,0.4,0.3,0,0,1
126,115,2,0,0.1,0.1,0.7,0,0,1
126,120,124,0,10.2,6.8,32.3,0,4,2
126,121,73.5,1.9,5.7,7.9,7.5,0,0,3
126,122,59,1.4,4.5,6.4,6.1,0,0,4
126,123,4,0.1,0.3,0.5,0.4,0,0,1
126,124,2,0.1,0.1,0.3,0.2,0,0,1
126,126,44,0,12,4,0,0,0,0
126,127,80,0.8,13.7,14.7,0.6,0,0,3
127,4,2,0,0,0.1,0.8,0,0,1
127,7,3,0.2,0.1,0.9,0.4,0,0.4,2
127,8,15,0.8,1.4,3.3,2,0,1,2
127,9,15,0.9,1.8,2.6,2.1,0,0.6,2
127,10,10,0.6,1.3,1.5,1.4,0,0.3,1
127,18,5,0.2,0.2,0.3,2.1,0,0,2
127,28,25,2,1.8,2.6,5.7,0,0,3
127,30,35,4.3,1.3,4.6,7.7,0,0,4
127,33,15,0,0.4,0.6,5.7,0,0,2
127,34,4,0,0.1,0.2,1.5,0,0,1
127,35,8,0,0.1,0.4,3.1,0,0,2
127,38,7,0,0,0.1,2.6,0,0,1
127,39,11,0.5,0.5,0.6,3.1,0,0,2
127,40,5,0.3,0.4,0.4,1.1,0,0,1
127,48,10,0,0.2,0.5,2.8,0,0,2
127,49,25,0,0.5,1,7.1,0,0,1
127,56,6,0.1,0.2,0.2,1.7,0,0,1
127,59,9.5,0.1,0.2,0.4,2.7,0,0,2
127,60,10,0.1,0.3,0.4,2.8,0,0,1
127,61,3,0.1,0.2,0.1,0.9,0,0,1
127,63,8,0.2,0.5,0.8,1.8,0,0,2
127,64,2,0,0.1,0.4,0.3,0,0,1
127,65,25.5,0,1.8,4,4.4,0,0,4
127,66,5,0.3,0.4,0.6,1.3,0,0,1
127,67,6,0.3,0.6,0.7,1.5,0,0,2
127,76,6,0.4,0.8,0.8,0.9,0,0,1
127,77,148.5,17.5,8.4,9.5,22.8,0,7,2
127,78,48,3.6,8.7,4.8,4.3,0,0,3
127,79,3,0.1,0.7,0.3,0.2,0,0,1
127,86,13,0,0.3,1.6,2.2,0,0,1
127,87,9,0,0.2,1.1,1.6,0,0,1
127,88,1,0,0,0.1,0.3,0,0,1
127,89,13,0.1,2,1.6,1.8,0,0,2
127,91,2,0,0.1,0.2,0.4,0,0,1
127,92,7,0.1,0.3,0.9,1,0,0,2
127,93,45,0.4,0.4,4.6,11.9,0,0,1
127,94,6,0.2,0.7,0.4,1,0,0,1
127,95,5,0.1,0.6,0.3,0.9,0,0,1
127,96,14,0.9,0.2,1.2,3.5,0.3,0,2
127,98,21.5,0.5,0.7,0.9,5.9,0.1,0,2
127,99,21,1,1.9,1.6,3.5,0,0.3,3
127,100,72.5,1.6,5.1,6.5,14,0,0.6,2
127,101,194,1.7,28.9,7.1,39.8,0,6,1
127,102,880.5,112,25,80,125,0,141,0
127,103,651,22,24,33,163,0,42,0
127,104,789.5,79,103,27,143,0,166,0
127,105,90.5,1,0,4,28,0,0,0
127,106,322,34.2,4.4,10,89.1,0,30,1
127,107,448.5,74.6,3.9,16.4,100.4,0,109,1
127,108,328,4.8,62.6,20,35.9,0,24,1
127,109,187,6.9,43.9,13.4,9.2,0,0,2
127,110,37,0,14,2,0,0,0,0
127,111,32,0.4,4.9,2.2,3.5,0,0,4
127,112,4,0,0.4,0.2,0.6,0,0,1
127,113,16,0,1.4,0.6,3.1,0,0,2
127,114,5,0.1,0.1,0.3,1.7,0,0,1
127,115,1,0,0,0.1,0.3,0,0,1
127,121,1,0,0.1,0.2,0.1,0,0,1
127,122,1,0,0.1,0.1,0.1,0,0,1
127,127,18.5,0.4,2.1,3.8,0.3,0,0,1
