x,y,Ind,Men,Men_1ind,Men_5ind,Men_coll,Men_fmp,Men_mais,Men_pauv,Men_prop,Men_surf,imputed
0,0,11,4.7,1,0.2,0,0.3,4.7,0.2,4.3,554.7,1
0,2,29.5,12,3,2,0,1,12,2,11,1517,0
0,3,4,1.7,0.4,0.1,0,0.1,1.7,0.1,1.6,201.7,1
0,4,4,1.7,0.4,0.1,0,0.1,1.7,0.1,1.6,201.7,1
0,5,5,2.2,0.5,0.1,0.1,0.3,2.1,0.2,1.5,224.3,1
0,6,13,5.6,1.3,0.2,0.2,0.7,5.4,0.5,3.8,583.2,1
0,7,8,3.4,0.8,0.1,0.1,0.4,3.3,0.3,2.3,358.9,1
0,23,16,5.3,0.9,0.9,0,0,5.3,0.7,4.6,534.4,1
0,25,5,2.1,0.2,0,0,0.2,2.1,0.1,1.5,253,1
0,26,21,8.9,0.9,0.2,0,0.8,8.9,0.6,6.4,1062.6,1
0,27,18,7.6,0.8,0.2,0,0.6,7.6,0.5,5.5,910.8,1
0,42,20,6.9,1.4,0.3,0,0.8,6.9,0.8,5.8,801.7,1
0,43,34,11,1,2,0,0,11,2,10,1192,0
0,44,21,7.2,1.4,0.3,0,0.9,7.2,0.9,6.1,841.7,1
0,45,14,5.2,1,0.2,0,0.2,5.2,0.3,4.7,552.8,1
0,52,14,6.7,2.5,0,0,0.3,6.7,0.3,6.4,773.5,1
0,53,6,2.9,1.1,0,0,0.1,2.9,0.1,2.7,331.5,1
0,57,29,14,3,0,0,1,14,4,14,1644,0
0,58,13,5.3,1.3,0.3,0,0.6,5.3,0.5,4.7,568.2,1
0,113,1,0.5,0.1,0,0,0,0.5,0,0.4,55.4,1
0,114,8,3.8,0.8,0,0.1,0.1,3.7,0.4,3.4,443.5,1
1,0,31,13,0,0,0,0,13,0,13,1557,0
1,1,14.5,6.1,1.3,0.3,0,0.4,6.1,0.3,5.6,731.1,1
1,2,5,2.1,0.5,0.1,0,0.1,2.1,0.1,1.9,252.1,1
1,5,28,12.1,2.8,0.4,0.4,1.4,11.7,1.1,8.2,1256.1,1
1,6,41,15,1,0,0,0,15,2,12,1663,0
1,7,36,12,2,2,0,0,12,1,9,1257,0
1,23,29,9.5,1.6,1.6,0,0,9.5,1.2,8.3,968.5,1
1,24,18,5.9,1,1,0,0,5.9,0.7,5.2,601.2,1
1,27,4,1.7,0.2,0,0,0.1,1.7,0.1,1.2,202.4,1
1,42,4,1.4,0.3,0.1,0,0.2,1.4,0.2,1.2,160.3,1
1,43,4.5,1.6,0.3,0.1,0,0.2,1.6,0.2,1.3,180.4,1
1,52,9,4.3,1.6,0,0,0.2,4.3,0.2,4.1,497.3,1
1,53,15,7.2,2.7,0,0,0.3,7.2,0.3,6.8,828.7,1
1,55,2,0.8,0.2,0,0,0.1,0.8,0.1,0.7,87.4,1
1,56,3,1.2,0.3,0.1,0,0.1,1.2,0.1,1.1,131.1,1
1,57,29,16,7,1,0,3,16,2,14,1788,0
1,58,40,18,4,1,0,2,18,2,14,2206,0
1,96,7,2.7,0.5,0.3,0.3,0.1,2.4,0.4,2,243.9,1
1,97,23,9,1.6,0.9,0.9,0.3,8.1,1.2,6.5,801.3,1
1,113,4,1.9,0.4,0,0.1,0.1,1.8,0.2,1.7,221.7,1
1,114,2,0.9,0.2,0,0,0,0.9,0.1,0.9,110.9,1
1,118,2,0.9,0.2,0,0,0,0.9,0.1,0.9,110.9,1
2,0,17,7.2,1.6,0.4,0,0.5,7.2,0.4,6.6,857.2,1
2,1,11,4.7,1,0.2,0,0.3,4.7,0.2,4.3,554.7,1
2,2,23,13,5,0,0,1,13,1,11,1555,0
2,3,4,1.7,0.4,0.1,0,0.1,1.7,0.1,1.6,201.7,1
2,4,3,1.3,0.3,0.1,0,0.1,1.3,0.1,1.2,151.3,1
2,6,3,1.3,0.3,0,0,0.2,1.3,0.1,0.9,134.6,1
2,23,1,0.3,0.1,0.1,0,0,0.3,0,0.3,33.4,1
2,24,9,3,0.5,0.5,0,0,3,0.4,2.6,300.6,1
2,28,2,0.8,0.1,0,0,0.1,0.8,0.1,0.6,101.2,1
2,29,26,11,1.2,0.2,0,0.9,11,0.7,7.9,1315.6,1
2,45,14,5.2,1,0.2,0,0.2,5.2,0.3,4.7,552.8,1
2,46,20,7.4,1.4,0.2,0,0.2,7.4,0.5,6.7,789.7,1
2,56,20,8.2,1.9,0.5,0,1,8.2,0.7,7.2,874.2,1
2,57,17,7,1.6,0.4,0,0.8,7,0.6,6.1,743.1,1
2,58,39,12,2,2,0,0,12,3,11,1711,0
2,96,22,8.6,1.5,0.9,0.9,0.3,7.7,1.2,6.2,766.4,1
2,97,61.5,28,8,2,0,5,28,9,10,2127,0
2,98,91,31,4,4,0,9,31,7,14,2945,0
2,113,10,4.7,1,0,0.1,0.1,4.6,0.4,4.3,554.3,1
2,114,9,4.2,0.9,0,0.1,0.1,4.1,0.4,3.8,498.9,1
2,122,4,1.9,0.4,0,0,0,1.9,0.1,1.9,227.7,1
3,0,20,8.6,1.8,0,0,0.3,8.6,0,7.3,923.4,1
3,2,31,12,1,1,0,0,12,0,11,1542,0
3,3,25,11,1,0,0,3,11,0,9,1332,0
3,4,41,15,4,2,0,1,15,1,8,1609,0
3,7,6,2.5,0.4,0.1,0,0.1,2.5,0.1,2,309.8,1
3,8,21,8.6,1.3,0.2,0,0.4,8.6,0.2,7.1,1084.1,1
3,20,20.5,8.1,1.2,0.3,0,1.2,8.1,0,6.3,884.6,1
3,21,20.5,8.1,1.2,0.3,0,1.2,8.1,0,6.3,884.6,1
3,25,40.5,19,6,0,0,1,19,3,11,1869,0
3,26,2,0.8,0.2,0.1,0,0.1,0.8,0.2,0.8,97.8,1
3,45,3,1.1,0.1,0.1,0,0,1.1,0.1,1.1,125.4,1
3,46,52,21,5,0,0,2,21,2,15,2082,0
3,57,9,3.1,0.7,0.3,0,0.1,3.1,0.5,2.6,355.8,1
3,58,10,3.5,0.7,0.4,0,0.1,3.5,0.6,2.9,395.3,1
3,70,6,2.4,0.4,0.4,0,0.5,2.4,0.5,1.8,378.3,1
3,81,1,0.4,0.1,0,0,0,0.4,0,0.4,45.3,1
3,82,24,10.2,3,0,0,0.4,10.2,1.1,9.1,1087.3,1
3,96,6,3.1,1.2,0.1,0.1,0.4,3,0.3,2,339,1
3,97,6,3.1,1.2,0.1,0.1,0.4,3,0.3,2,339,1
3,98,8,4.1,1.6,0.2,0.1,0.5,4,0.4,2.7,452,1
3,99,3,1.5,0.6,0.1,0,0.2,1.5,0.1,1,169.5,1
3,100,9,3.5,0.4,0.1,0,0.5,3.5,0.3,2.8,375.8,1
3,101,9,3.5,0.4,0.1,0,0.5,3.5,0.3,2.8,375.8,1
3,109,6,2.6,0.4,0,0,0,2.6,0,2.6,318.4,1
3,113,7,3.1,0.8,0,0.3,0.4,2.8,0.5,2.5,370.4,1
3,114,2,0.9,0.2,0,0.1,0.1,0.8,0.1,0.7,105.8,1
4,3,24,10.3,2.2,0,0,0.3,10.3,0,8.7,1108.1,1
4,4,5,2.1,0.5,0,0,0.1,2.1,0,1.8,230.8,1
4,7,8,3.3,0.5,0.1,0,0.1,3.3,0.1,2.7,413,1
4,8,31,12,4,2,0,3,12,1,11,1439,0
4,19,5,1.9,0.3,0.1,0,0.2,1.9,0,1.5,220.2,1
4,20,37.5,17,6,1,0,0,17,1,10,1845,0
4,21,1.5,0.6,0.1,0,0,0.1,0.6,0,0.5,64.7,1
4,24,8,3.2,0.5,0.1,0,0.5,3.2,0,2.5,345.2,1
4,25,56,24,8,2,0,1,24,5,18,2361,0
4,26,33,11,1,1,0,2,11,2,9,2096,0
4,27,2,0.8,0.2,0.1,0,0.1,0.8,0.2,0.8,97.8,1
4,28,11,4.7,1.2,0.4,0,0.6,4.7,1,4.3,538.1,1
4,45,7,2.5,0.2,0.1,0,0,2.5,0.1,2.5,292.7,1
4,46,39,14.1,1.3,0.7,0,0,14.1,0.7,14.1,1630.6,1
4,47,6,2.2,0.2,0.1,0,0,2.2,0.1,2.2,250.9,1
4,49,3,1.1,0.1,0.1,0,0,1.1,0.1,1.1,125.4,1
4,56,9,3.1,0.7,0.3,0,0.1,3.1,0.5,2.6,355.8,1
4,57,25,8.7,1.8,0.9,0,0.3,8.7,1.5,7.2,988.3,1
4,78,7,2.8,0.5,0.5,0,0.6,2.8,0.6,2,441.4,1
4,81,24,10.2,3,0,0,0.4,10.2,1.1,9.1,1087.3,1
4,82,16,6.8,2,0,0,0.3,6.8,0.7,6.1,724.9,1
4,83,23,9.8,2.9,0,0,0.4,9.8,1,8.7,1042,1
4,84,5,2.1,0.6,0,0,0.1,2.1,0.2,1.9,226.5,1
4,95,2,1,0.4,0,0,0.1,1,0.1,0.7,113,1
4,96,22,11.3,4.5,0.4,0.4,1.5,10.9,1.1,7.5,1242.9,1
4,97,39,24,14,0,8,6,16,7,4,1954,0
4,98,31.5,17,7,1,2,1,15,3,10,1433,0
4,99,7,3.6,1.4,0.1,0.1,0.5,3.5,0.3,2.4,395.5,1
4,100,26,10.2,1.2,0.3,0,1.5,10.2,0.9,8.1,1085.6,1
4,101,7,2.7,0.3,0.1,0,0.4,2.7,0.2,2.2,292.3,1
4,109,18,7.7,1.3,0,0,0,7.7,0,7.7,955.3,1
4,110,7,3.1,0.8,0,0.3,0.4,2.8,0.5,2.5,370.4,1
4,111,3,1.3,0.3,0,0.1,0.2,1.2,0.2,1.1,158.7,1
4,113,3,1.3,0.3,0,0.1,0.2,1.2,0.2,1.1,158.7,1
4,120,10,4.6,1.4,0.3,0,0.3,4.6,1,4.6,480.7,1
4,121,4,1.8,0.5,0.1,0,0.1,1.8,0.4,1.8,192.3,1
5,3,8,3.4,0.7,0,0,0.1,3.4,0,2.9,369.4,1
5,6,6,2.5,0.4,0.1,0,0.1,2.5,0.1,2,309.8,1
5,7,60,21,2,2,0,6,21,5,6,1956,0
5,8,41.5,17,4,0,0,1,17,2,12,1913,0
5,9,31,15,5,0,0,1,15,2,14,1736,0
5,10,23,11,1,0,0,1,11,1,8,1406,0
5,17,6,2.3,0.3,0.1,0,0.2,2.3,0,1.7,264.2,1
5,18,20,7.7,1.1,0.3,0,0.8,7.7,0,5.8,880.8,1
5,19,27,11,1,1,0,1,11,1,7,1075,0
5,20,8,3.2,0.5,0.1,0,0.5,3.2,0,2.5,345.2,1
5,21,6,2.4,0.4,0.1,0,0.4,2.4,0,1.8,258.9,1
5,25,7.5,3.2,0.8,0.3,0,0.4,3.2,0.7,2.9,366.9,1
5,26,4,1.7,0.4,0.1,0,0.2,1.7,0.4,1.6,195.7,1
5,27,15,6.4,1.6,0.5,0,0.8,6.4,1.3,5.8,733.8,1
5,28,34,15,6,1,0,1,15,3,14,1622,0
5,29,10,4.2,1.1,0.4,0,0.5,4.2,0.9,3.9,489.2,1
5,39,16,5.9,0.6,0,0,0,5.9,0.3,5.3,597.6,1
5,40,4,2.1,0.6,0,0,0.1,2.1,0,1.9,209.1,1
5,41,2,1.1,0.3,0,0,0.1,1.1,0,0.9,104.6,1
5,51,3,1.5,0.7,0,0,0,1.5,0.1,1.3,161.3,1
5,52,2,1,0.5,0,0,0,1,0.1,0.9,107.6,1
5,57,7,2.4,0.5,0.3,0,0.1,2.4,0.4,2,276.7,1
5,78,16.5,6.7,1.1,1.1,0,1.5,6.7,1.5,4.8,1040.4,1
5,79,5,2,0.3,0.3,0,0.4,2,0.4,1.5,315.3,1
5,80,2,0.9,0.3,0,0,0,0.9,0.1,0.8,90.6,1
5,81,2,0.9,0.3,0,0,0,0.9,0.1,0.8,90.6,1
5,82,7.5,3.2,1,0,0,0.1,3.2,0.3,2.9,339.8,1
5,83,38,19,8,0,0,0,19,2,16,2069,0
5,84,39,17,4,0,0,1,17,1,17,1595,0
5,85,18,6.5,0.6,0.4,0,0.2,6.5,0.4,6.1,648,1
5,95,4,2.1,0.8,0.1,0.1,0.3,2,0.2,1.4,226,1
5,96,15,7.7,3.1,0.3,0.3,1,7.4,0.7,5.1,847.4,1
5,97,23,12,5,0,0,1,12,1,10,1159,0
5,98,39,23,11,0,1,1,22,2,19,2279,0
5,99,25,11,3,0,0,3,11,2,8,1028,0
5,100,15.5,6.1,0.7,0.2,0,0.9,6.1,0.5,4.8,647.2,1
5,109,25,15,8,1,0,2,15,2,9,1829,0
5,110,15,6.7,1.7,0,0.6,0.8,6.1,1.1,5.3,793.6,1
5,113,3,1.3,0.3,0,0.1,0.2,1.2,0.2,1.1,158.7,1
5,120,19,8.8,2.6,0.6,0,0.6,8.8,1.9,8.8,913.3,1
5,121,18.5,8.5,2.5,0.6,0,0.6,8.5,1.9,8.5,889.3,1
6,0,29,13,2,0,0,1,13,1,12,1413,0
6,6,10,4.1,0.6,0.1,0,0.2,4.1,0.1,3.4,516.3,1
6,7,48,21,5,0,0,2,21,2,13,2658,0
6,8,14,5.8,0.9,0.1,0,0.3,5.8,0.1,4.7,722.8,1
6,9,6,2.5,0.4,0.1,0,0.1,2.5,0.1,2,309.8,1
6,10,13,6.7,1.2,0,0,0.6,6.7,1.8,5.4,838.7,1
6,15,2,0.8,0.1,0,0,0.1,0.8,0,0.6,88.1,1
6,17,20,7.7,1.1,0.3,0,0.8,7.7,0,5.8,880.8,1
6,18,36.5,11,0,1,0,1,11,1,8,1403,0
6,19,30,12,1,1,0,1,12,1,11,1278,0
6,20,4,1.6,0.2,0.1,0,0.2,1.6,0,1.2,172.6,1
6,28,5,2.1,0.5,0.2,0,0.3,2.1,0.4,1.9,244.6,1
6,29,25,11,4,0,0,1,11,1,9,1131,0
6,30,4,1.9,0.8,0,0,0.2,1.9,0.1,1.6,276.6,1
6,36,5,1.9,0.2,0,0,0,1.9,0.1,1.7,186.8,1
6,37,5,1.9,0.2,0,0,0,1.9,0.1,1.7,186.8,1
6,38,2,0.7,0.1,0,0,0,0.7,0,0.7,74.7,1
6,39,26,9.6,1,0,0,0,9.6,0.5,8.7,971.1,1
6,40,24,12.8,3.8,0,0,0.8,12.8,0,11.2,1254.8,1
6,41,35.5,16,4,2,0,4,16,1,10,1588,0
6,50,9,4.4,2.2,0,0,0,4.4,0.4,4,484,1
6,51,70.5,27,6,1,0,2,27,3,24,2418,0
6,52,7,3.5,1.7,0,0,0,3.5,0.3,3.1,376.4,1
6,53,11.5,5.7,2.8,0,0,0,5.7,0.5,5.2,618.4,1
6,54,5,2.5,1.2,0,0,0,2.5,0.2,2.2,268.9,1
6,55,4,1.4,0.3,0.1,0,0,1.4,0.2,1.2,158.1,1
6,78,5,2,0.3,0.3,0,0.4,2,0.4,1.5,315.3,1
6,84,29,11,0,1,0,0,11,0,10,1019,0
6,85,19,6.9,0.6,0.4,0,0.2,6.9,0.4,6.5,684,1
6,86,27,9.8,0.9,0.6,0,0.3,9.8,0.6,9.2,972,1
6,95,10,5.1,2,0.2,0.2,0.7,4.9,0.5,3.4,565,1
6,96,3,1.5,0.6,0.1,0,0.2,1.5,0.1,1,169.5,1
6,97,29,15,5,0,0,4,15,2,10,1389,0
6,98,37,19,7,0,0,2,19,5,11,1841,0
6,99,11,5.7,2.2,0.2,0.2,0.7,5.5,0.5,3.7,621.4,1
6,100,2,0.8,0.1,0,0,0.1,0.8,0.1,0.6,83.5,1
6,104,2,0.8,0.1,0,0,0.1,0.8,0.1,0.6,83.5,1
6,109,4,1.7,0.3,0,0,0,1.7,0,1.7,212.3,1
6,110,25,11,5,1,0,1,11,3,5,940,0
6,111,4,1.8,0.4,0,0.2,0.2,1.6,0.3,1.4,211.6,1
6,119,18,8.5,1.9,0,0.3,0.3,8.2,0.8,7.7,997.8,1
6,120,6,2.8,0.8,0.2,0,0.2,2.8,0.6,2.8,288.4,1
6,121,27.5,14,5,0,0,2,14,2,9,1501,0
6,122,1,0.5,0.1,0,0,0,0.5,0.1,0.5,48.1,1
7,0,16,6.9,1.5,0,0,0.2,6.9,0,5.8,738.7,1
7,4,4,1.7,0.4,0,0,0.1,1.7,0,1.5,184.7,1
7,5,12,4.9,0.8,0.1,0,0.2,4.9,0.1,4.1,619.5,1
7,6,7,2.9,0.4,0.1,0,0.1,2.9,0.1,2.4,361.4,1
7,7,56,29,14,0,0,2,29,4,16,2830,0
7,8,12,4.9,0.8,0.1,0,0.2,4.9,0.1,4.1,619.5,1
7,9,7.5,3.1,0.5,0.1,0,0.1,3.1,0.1,2.5,387.2,1
7,10,8.5,4.3,0.8,0,0,0.4,4.3,1.2,3.6,548.3,1
7,18,22.5,8.6,1.2,0.3,0,0.9,8.6,0,6.6,990.9,1
7,19,36,16,5,0,0,0,16,2,13,1882,0
7,41,2,1.1,0.3,0,0,0.1,1.1,0,0.9,104.6,1
7,51,7,3.5,1.7,0,0,0,3.5,0.3,3.1,376.4,1
7,52,34,13,4,1,1,1,12,2,11,1693,0
7,53,66,32,10,0,1,2,31,2,19,3296,0
7,54,52,22,7,0,0,2,22,4,19,2361,0
7,55,19,6.6,1.4,0.7,0,0.2,6.6,1.1,5.5,751.1,1
7,84,6,2.6,0.8,0,0,0.1,2.6,0.3,2.3,271.8,1
7,85,22,11,4,0,0,1,11,0,6,958,0
7,86,23,8.3,0.8,0.5,0,0.3,8.3,0.5,7.8,828,1
7,88,4,1.5,0.1,0.1,0,0,1.5,0.1,1.4,144,1
7,91,2,0.8,0.1,0.1,0.1,0,0.7,0.1,0.6,69.7,1
7,93,2,0.8,0.1,0.1,0.1,0,0.7,0.1,0.6,69.7,1
7,94,12,4.7,0.8,0.5,0.5,0.2,4.2,0.6,3.4,418.1,1
7,95,3,1.5,0.6,0.1,0,0.2,1.5,0.1,1,169.5,1
7,96,56,28,11,0,6,5,22,6,19,3023,0
7,97,98.5,57,34,2,13,6,44,15,24,4901,0
7,98,119.5,61,26,3,2,11,59,18,22,5181,0
7,99,3,1.5,0.6,0.1,0,0.2,1.5,0.1,1,169.5,1
7,101,4,1.6,0.2,0,0,0.2,1.6,0.1,1.3,167,1
7,102,15,5.9,0.7,0.2,0,0.8,5.9,0.5,4.7,626.3,1
7,103,40,16,4,2,0,3,16,4,11,1769,0
7,104,34,19,11,1,0,1,19,2,14,2049,0
7,112,2,0.9,0.2,0,0.1,0.1,0.8,0.1,0.7,105.8,1
7,113,8,3.6,0.9,0,0.3,0.4,3.3,0.6,2.8,423.3,1
8,0,10,3.8,0,0.2,0,0.4,3.8,0,3.1,371.2,1
8,3,28,10.8,0,0.5,0,1.1,10.8,0,8.6,1039.2,1
8,4,28,14,5,0,0,1,14,0,12,1671,0
8,5,15.5,6.3,1.1,0.3,0,0.3,6.3,0.3,6.1,707.5,1
8,6,14,5.7,1,0.3,0,0.3,5.7,0.3,5.5,639,1
8,7,47,20,4,0,0,2,20,1,14,2388,0
8,8,19,7.7,1.4,0.4,0,0.4,7.7,0.4,7.4,867.2,1
8,19,22.5,11,3,0,0,1,11,1,9,1116,0
8,33,12,5.3,1.1,0.4,0,0.7,5.3,0.7,4.9,866.8,1
8,51,3.5,1.3,0.3,0,0,0.1,1.3,0.1,1.1,146.7,1
8,52,5,1.9,0.4,0.1,0,0.1,1.9,0.1,1.6,209.6,1
8,53,12,4.5,0.9,0.1,0,0.3,4.5,0.3,3.8,503.1,1
8,54,31,11.7,2.3,0.3,0,0.6,11.7,0.6,9.7,1299.7,1
8,55,39,16,3,0,0,3,16,0,14,1645,0
8,56,9,3.7,0.6,0,0,0.6,3.7,0.4,3.1,417.9,1
8,57,7,2.9,0.5,0,0,0.5,2.9,0.3,2.4,325,1
8,76,2,0.8,0.1,0.1,0,0,0.8,0.1,0.6,76.4,1
8,83,1,0.5,0.1,0,0,0.1,0.5,0.1,0.4,52.8,1
8,85,2,1.1,0.3,0,0,0.2,1.1,0.3,0.8,105.6,1
8,86,5,2.6,0.7,0,0,0.4,2.6,0.7,2.1,263.9,1
8,87,6,3.2,0.8,0,0,0.5,3.2,0.8,2.5,316.7,1
8,88,5,2.6,0.7,0,0,0.4,2.6,0.7,2.1,263.9,1
8,90,11,5.5,2,0,0,0.4,5.5,0.3,4.1,583.3,1
8,91,25.5,13,5,0,0,3,13,1,12,1420,0
8,92,34.5,15,5,0,0,0,15,1,12,1421,0
8,93,5,2.5,0.9,0,0,0.2,2.5,0.2,1.9,265.1,1
8,94,38,20,9,1,0,2,20,2,8,1634,0
8,95,29,17,8,0,0,1,17,0,9,1519,0
8,96,10,6,3,0,0.9,0.6,5.1,0.9,3.9,691.9,1
8,97,97,62,37,1,30,10,32,28,19,5032,0
8,98,56,36,21,0,15,4,21,10,10,3259,0
8,101,16.5,7.7,2.3,0.3,0,0.3,7.7,1.3,6.3,843.3,1
8,102,1,0.5,0.1,0,0,0,0.5,0.1,0.4,51.1,1
8,111,4,2.1,0.9,0,0,0.1,2.1,0.1,1.9,242.7,1
8,112,7,3.8,1.5,0,0,0.2,3.8,0.2,3.2,424.8,1
8,121,1,0.5,0.1,0,0,0,0.5,0,0.4,49.9,1
9,0,2,0.8,0,0,0,0.1,0.8,0,0.6,74.2,1
9,3,6,2.3,0,0.1,0,0.2,2.3,0,1.8,222.7,1
9,4,4,1.5,0,0.1,0,0.2,1.5,0,1.2,148.5,1
9,6,15,6.1,1.1,0.3,0,0.3,6.1,0.3,5.9,684.7,1
9,7,23,12,2,0,0,0,12,0,12,1160,0
9,8,2,0.8,0.1,0,0,0,0.8,0,0.8,91.3,1
9,18,6.5,2.8,0.5,0,0,0.3,2.8,0,2.8,292.4,1
9,19,13,5.6,1.1,0,0,0.5,5.6,0,5.6,584.9,1
9,33,2,0.9,0.2,0.1,0,0.1,0.9,0.1,0.8,144.5,1
9,51,33,13,1,0,0,0,13,0,13,1564,0
9,54,4,1.5,0.3,0,0,0.1,1.5,0.1,1.3,167.7,1
9,55,6,2.5,0.4,0,0,0.4,2.5,0.3,2.1,278.6,1
9,66,1.5,0.6,0.1,0.1,0,0,0.6,0.1,0.4,57.3,1
9,92,2,1,0.4,0,0,0.1,1,0.1,0.7,106.1,1
9,93,27,13.6,4.9,0,0,1.1,13.6,0.8,10,1431.7,1
9,94,27,11,4,2,0,0,11,1,8,1117,0
9,95,30,16,5,0,0,1,16,2,13,1657,0
9,96,45,22,10,1,0,1,22,4,16,2295,0
9,97,42,18,6,1,2,4,16,4,10,2428,0
9,98,11,6.6,3.3,0,1,0.7,5.6,1,4.3,761.1,1
9,99,10,6,3,0,0.9,0.6,5.1,0.9,3.9,691.9,1
9,101,17,7.9,2.4,0.3,0,0.3,7.9,1.4,6.5,868.9,1
9,106,36,10.8,0,2.7,0,1.8,10.8,1.8,6.3,1089.9,1
9,107,2,0.6,0,0.2,0,0.1,0.6,0.1,0.4,60.6,1
9,109,2,0.6,0,0.2,0,0.1,0.6,0.1,0.4,60.6,1
9,110,13,7,2.8,0,0,0.5,7,0.5,6,788.8,1
9,111,4,2.1,0.9,0,0,0.1,2.1,0.1,1.9,242.7,1
9,123,6,2.8,0.9,0.3,0,0.1,2.8,0.3,2.2,299.1,1
10,5,8,3.2,0.6,0.2,0,0.2,3.2,0.2,3.1,365.2,1
10,6,42,22,8,0,0,1,22,0,21,2414,0
10,7,22,8.9,1.6,0.5,0,0.5,8.9,0.5,8.6,1004.2,1
10,18,2,0.9,0.2,0,0,0.1,0.9,0,0.9,90,1
10,19,10,4.3,0.8,0,0,0.4,4.3,0,4.3,449.9,1
10,32,2,0.9,0.2,0.1,0,0.1,0.9,0.1,0.8,144.5,1
10,40,9,4,1.1,0,0,0,4,0.4,3.2,500.4,1
10,41,3,1.3,0.4,0,0,0,1.3,0.1,1.1,166.8,1
10,51,35,11,1,0,0,1,11,0,11,1219,0
10,75,1,0.4,0.1,0,0,0,0.4,0,0.3,38.2,1
10,94,7.5,3.8,1.4,0,0,0.3,3.8,0.2,2.8,397.7,1
10,95,30,15,4,0,0,3,15,6,8,1712,0
10,96,49,24,12,2,0,3,24,7,13,2199,0
10,100,28,13,5,0,2,0,11,1,7,1539,0
10,101,10,4.6,1.4,0.2,0,0.2,4.6,0.8,3.8,511.1,1
10,122,2,0.9,0.3,0.1,0,0,0.9,0.1,0.7,99.7,1
10,123,14,6.4,2.1,0.6,0,0.2,6.4,0.6,5.2,697.9,1
10,125,9,3.7,0.8,0.3,0,0,3.7,0.3,3.4,502.1,1
11,4,2,0.8,0,0,0,0.1,0.8,0,0.6,74.2,1
11,6,9,3.7,0.6,0.2,0,0.2,3.7,0.2,3.5,410.8,1
11,7,13,5.3,0.9,0.3,0,0.3,5.3,0.3,5.1,593.4,1
11,8,37.5,15,3,0,0,2,15,0,15,1920,0
11,9,14,5.7,1,0.3,0,0.3,5.7,0.3,5.5,639,1
11,17,10,4.3,0.8,0,0,0.4,4.3,0,4.3,449.9,1
11,26,10,4.2,0.5,0,0,0.5,4.2,0.3,3.9,452.5,1
11,27,5,2.1,0.3,0,0,0.3,2.1,0.1,1.9,226.2,1
11,31,11.5,5.1,1,0.3,0,0.7,5.1,0.7,4.7,830.7,1
11,32,1.5,0.7,0.1,0,0,0.1,0.7,0.1,0.6,108.4,1
11,40,3,1.3,0.4,0,0,0,1.3,0.1,1.1,166.8,1
11,41,5,2.2,0.6,0,0,0,2.2,0.2,1.8,278,1
11,42,5,2.2,0.6,0,0,0,2.2,0.2,1.8,278,1
11,50,1,0.4,0.1,0,0,0,0.4,0,0.3,41.9,1
11,51,8,3,0.6,0.1,0,0.2,3,0.2,2.5,335.4,1
11,63,1.5,0.5,0.1,0,0,0.1,0.5,0.1,0.4,61.6,1
11,64,2,0.7,0.1,0,0,0.1,0.7,0.1,0.5,82.1,1
11,93,2,1,0.4,0,0,0.1,1,0.1,0.7,106.1,1
11,94,1,0.5,0.2,0,0,0,0.5,0,0.4,53,1
11,95,2.5,1.5,0.7,0,0.2,0.1,1.3,0.2,1,173,1
11,101,4,1.9,0.6,0.1,0,0.1,1.9,0.3,1.5,204.4,1
11,102,1,0.5,0.1,0,0,0,0.5,0.1,0.4,51.1,1
11,121,4,1.8,0.6,0.2,0,0.1,1.8,0.2,1.5,199.4,1
11,122,7,3.2,1,0.3,0,0.1,3.2,0.3,2.6,349,1
11,123,23,11,5,1,0,0,11,1,10,1490,0
11,124,9,4.1,1.3,0.4,0,0.1,4.1,0.4,3.3,448.7,1
12,7,9,3.7,0.6,0.2,0,0.2,3.7,0.2,3.5,410.8,1
12,8,48.5,25,7,0,0,3,25,5,18,2580,0
12,9,33,12,1,0,0,0,12,0,9,1426,0
12,13,2,0.7,0.1,0.1,0,0.1,0.7,0,0.6,80.3,1
12,16,2,0.9,0.2,0,0,0.1,0.9,0,0.9,90,1
12,17,59,23,7,2,0,2,23,1,19,2815,0
12,18,2,0.9,0.2,0,0,0.1,0.9,0,0.9,90,1
12,19,3,1.3,0.2,0,0,0.1,1.3,0,1.3,135,1
12,26,32.5,11,2,1,0,0,11,0,11,1355,0
12,27,23.5,9.8,1.2,0,0,1.2,9.8,0.6,9.2,1063.3,1
12,30,2,0.9,0.2,0.1,0,0.1,0.9,0.1,0.8,144.5,1
12,31,3,1.3,0.3,0.1,0,0.2,1.3,0.2,1.2,216.7,1
12,38,3,1.1,0.1,0.1,0,0.2,1.1,0.2,0.7,108.2,1
12,39,34,11.9,0.9,0.9,0,2.8,11.9,1.8,8.3,1226.8,1
12,40,52,24,8,2,0,1,24,2,18,2762,0
12,50,28,11,2,0,0,2,11,0,10,1583,0
12,51,31,11.7,2.3,0.3,0,0.6,11.7,0.6,9.7,1299.7,1
12,63,16,5.7,1,0.3,0,1,5.7,0.8,4.4,657,1
12,64,42.5,15.1,2.7,0.7,0,2.7,15.1,2.1,11.7,1745.2,1
12,65,49,18.5,2.7,2.1,0,0.7,18.5,2.1,14.4,1870.9,1
12,66,8,3,0.4,0.3,0,0.1,3,0.3,2.3,305.5,1
12,93,17,8.5,3.1,0,0,0.7,8.5,0.5,6.3,901.4,1
12,94,13,6.5,2.4,0,0,0.5,6.5,0.4,4.8,689.3,1
12,121,33,17,7,0,0,2,17,2,15,2073,0
12,122,7,3.2,1,0.3,0,0.1,3.2,0.3,2.6,349,1
12,123,7,3.2,1,0.3,0,0.1,3.2,0.3,2.6,349,1
12,124,10.5,4.8,1.6,0.5,0,0.2,4.8,0.5,3.9,523.4,1
13,8,17,6.4,1.4,0,0,0.9,6.4,0,4.6,693.8,1
13,9,4,1.5,0.3,0,0,0.2,1.5,0,1.1,163.2,1
13,17,17.5,6.4,0.9,0.9,0,0.9,6.4,0,5,702.3,1
13,18,14,5.1,0.7,0.7,0,0.7,5.1,0,4,561.8,1
13,19,37.5,13,3,0,0,1,13,0,13,1526,0
13,36,1,0.4,0.1,0,0,0,0.4,0,0.3,45.9,1
13,38,24,9.6,2.5,0.5,0,0.9,9.6,0.7,8.2,1101.6,1
13,39,15,6,1.6,0.3,0,0.6,6,0.5,5.1,688.5,1
13,40,7,2.8,0.9,0.2,0,0.4,2.8,0.2,2,357.9,1
13,50,12,5,0.8,0,0,0.8,5,0.5,4.2,557.2,1
13,51,12,5,0.8,0,0,0.8,5,0.5,4.2,557.2,1
13,64,2,0.8,0.1,0.1,0,0,0.8,0.1,0.6,76.4,1
13,65,8,3,0.4,0.3,0,0.1,3,0.3,2.3,305.5,1
13,94,5,2.5,0.9,0,0,0.2,2.5,0.2,1.9,265.1,1
13,120,4,1.6,0.4,0.1,0,0,1.6,0.1,1.5,223.2,1
13,124,4,1.6,0.4,0.1,0,0,1.6,0.1,1.5,223.2,1
14,29,6,2.6,0.7,0.2,0,0.2,2.6,0.5,2.4,332.7,1
14,44,18,7.3,2.2,0.6,0,1.1,7.3,0.6,5.1,920.2,1
14,45,1,0.4,0.1,0,0,0.1,0.4,0,0.3,51.1,1
14,84,9,4.8,1.2,0,0,0.8,4.8,1.2,3.8,475,1
14,85,34,13,3,2,0,0,13,1,12,1596,0
14,100,7,3,0.8,0.2,0,0,3,0.2,2.8,386.5,1
14,113,5,1.8,0.4,0.2,0,0.2,1.8,0.3,1.6,209.1,1
15,26,10.5,4.5,1.2,0.4,0,0.4,4.5,0.8,4.1,582.2,1
15,28,3,1.3,0.4,0.1,0,0.1,1.3,0.2,1.2,166.4,1
15,29,6,2.6,0.7,0.2,0,0.2,2.6,0.5,2.4,332.7,1
15,36,17,6.8,1.8,0.4,0,0.6,6.8,0.5,5.8,780.3,1
15,37,14,5.6,1.5,0.3,0,0.5,5.6,0.4,4.8,642.6,1
15,40,3,1.2,0.4,0.1,0,0.2,1.2,0.1,0.8,153.4,1
15,45,2,0.8,0.2,0.1,0,0.1,0.8,0.1,0.6,102.2,1
15,84,7,3.7,1,0,0,0.6,3.7,1,2.9,369.4,1
15,85,16,5.6,1.1,0.8,0,0,5.6,0.3,5.1,609.7,1
15,86,3,1.1,0.2,0.2,0,0,1.1,0.1,0.9,114.3,1
15,100,13,5.6,1.4,0.5,0,0,5.6,0.5,5.1,717.8,1
15,101,1,0.4,0.1,0,0,0,0.4,0,0.4,55.2,1
15,106,2,0.9,0.3,0,0,0.1,0.9,0.1,0.7,102.4,1
15,113,16,5.7,1.3,0.7,0,0.7,5.7,0.9,5.1,669.1,1
15,114,15,5.4,1.2,0.6,0,0.6,5.4,0.8,4.8,627.3,1
16,0,54,21,3,2,0,2,21,0,21,2250,0
16,1,10.5,4.2,1.3,0.2,0,0.4,4.2,0.2,3.5,474.4,1
16,36,27,11,3,0,0,0,11,1,10,1429,0
16,37,24,9.6,2.5,0.5,0,0.9,9.6,0.7,8.2,1101.6,1
16,38,3,1.2,0.3,0.1,0,0.1,1.2,0.1,1,137.7,1
16,41,1,0.4,0.1,0,0,0.1,0.4,0,0.3,51.1,1
16,81,1,0.5,0.1,0,0,0.1,0.5,0.1,0.4,52.8,1
16,86,3,1.1,0.2,0.2,0,0,1.1,0.1,0.9,114.3,1
16,100,29,16,8,0,0,2,16,2,14,1923,0
16,101,3,1.3,0.3,0.1,0,0,1.3,0.1,1.2,165.6,1
16,106,8,3.5,1.1,0.1,0,0.3,3.5,0.4,2.9,409.6,1
16,113,11,3.9,0.9,0.5,0,0.5,3.9,0.6,3.5,460,1
16,114,14.5,5.2,1.2,0.6,0,0.6,5.2,0.8,4.6,606.4,1
17,0,37,14.8,4.7,0.8,0,1.6,14.8,0.8,12.5,1671.6,1
17,7,4,1.5,0.3,0,0,0.2,1.5,0,1.1,163.2,1
17,8,12,4.5,1,0,0,0.6,4.5,0,3.2,489.7,1
17,10,5,1.8,0.3,0.3,0,0.3,1.8,0,1.4,200.6,1
17,36,14,5.6,1.5,0.3,0,0.5,5.6,0.4,4.8,642.6,1
17,37,20,8,2.1,0.5,0,0.8,8,0.6,6.8,918,1
17,85,32,11.2,2.2,1.7,0,0,11.2,0.6,10.1,1219.4,1
17,86,26,12,4,1,0,0,12,1,11,1189,0
17,88,3,1.1,0.2,0.2,0,0,1.1,0.1,0.9,114.3,1
17,91,2,1,0.4,0,0,0.1,1,0.1,0.7,106.1,1
17,93,1,0.5,0.2,0,0,0,0.5,0,0.4,53,1
17,94,1,0.5,0.2,0,0,0,0.5,0,0.4,53,1
17,95,5,2.5,0.9,0,0,0.2,2.5,0.2,1.9,265.1,1
17,100,32.5,14,3,1,0,1,14,4,11,1591,0
17,101,4,1.7,0.4,0.1,0,0,1.7,0.1,1.6,220.9,1
17,105,6,2.6,0.8,0.1,0,0.2,2.6,0.3,2.2,307.2,1
17,106,26,11.3,3.5,0.4,0,0.9,11.3,1.3,9.5,1331.2,1
17,107,13,5.6,1.7,0.2,0,0.4,5.6,0.7,4.8,665.6,1
17,108,5,2.2,0.7,0.1,0,0.2,2.2,0.2,1.8,256,1
17,113,9,3.2,0.7,0.4,0,0.4,3.2,0.5,2.9,376.4,1
17,114,2,0.7,0.2,0.1,0,0.1,0.7,0.1,0.6,83.6,1
18,0,52.5,19,2,1,0,0,19,1,16,2011,0
18,1,38,12,1,3,0,1,12,1,10,1348,0
18,8,28,12,4,0,0,0,12,1,9,1213,0
18,9,8,3.8,1.1,0,0,0.1,3.8,0,2.8,407.6,1
18,10,19,7.4,1.1,1.1,0,0.5,7.4,1.6,5.3,867.7,1
18,25,4,1.6,0.2,0.1,0,0,1.6,0.1,1.4,167.3,1
18,37,6.5,2.8,0.7,0,0,0.7,2.8,0.5,1.9,325.9,1
18,40,1,0.4,0.1,0,0,0,0.4,0,0.3,42.8,1
18,41,24.5,8.9,1.3,0.8,0,0.6,8.9,0.6,8.1,1048.4,1
18,58,3,1.4,0.5,0.1,0,0.2,1.4,0.2,1.1,174.5,1
18,60,19.5,7.2,1,0.5,0,0.3,7.2,0.7,6.3,694.8,1
18,61,7,2.6,0.4,0.2,0,0.1,2.6,0.2,2.3,249.4,1
18,62,9,3.3,0.5,0.2,0,0.2,3.3,0.3,2.9,320.7,1
18,63,6,2.2,0.3,0.2,0,0.1,2.2,0.2,1.9,213.8,1
18,85,13,5.6,1.6,0.1,0,0.3,5.6,0.8,4.7,612.4,1
18,86,4,1.7,0.5,0,0,0.1,1.7,0.3,1.4,188.4,1
18,89,2,0.9,0.3,0,0,0,0.9,0.1,0.7,94.2,1
18,95,2,0.9,0.2,0.1,0,0.1,0.9,0.2,0.7,107.9,1
18,99,13,5.6,1.4,0.5,0,0.5,5.6,1.1,4.7,701.4,1
18,100,13,4.3,0.8,0.3,0,0,4.3,0.8,3.8,563.1,1
18,105,2,0.8,0.2,0,0,0,0.8,0.1,0.7,108.3,1
18,106,25,11,3,1,0,0,11,1,11,1683,0
18,107,6,2.5,0.5,0.1,0,0,2.5,0.3,2.1,324.9,1
18,123,1,0.5,0.1,0,0,0.1,0.5,0.1,0.4,50.3,1
19,0,41,17,4,0,0,1,17,0,15,1697,0
19,1,19.5,7.9,1.2,0,0,2,7.9,0.8,4.3,741.4,1
19,7,14,6.6,1.9,0,0,0.2,6.6,0,5,713.3,1
19,8,17,8.1,2.3,0,0,0.3,8.1,0,6.1,866.1,1
19,9,20,9.5,2.7,0,0,0.3,9.5,0,7.1,1019,1
19,10,7,2.7,0.4,0.4,0,0.2,2.7,0.6,1.9,319.7,1
19,24,6.5,2.9,0.5,0,0,0.7,2.9,0.5,2.5,303.9,1
19,25,6,2.4,0.4,0.1,0,0,2.4,0.1,2.1,251,1
19,39,16,6.9,1.7,0,0,1.7,6.9,1.1,4.6,802.3,1
19,40,9,3.3,0.5,0.3,0,0.2,3.3,0.2,3,385.1,1
19,41,4,1.4,0.2,0.1,0,0.1,1.4,0.1,1.3,171.2,1
19,42,26,9.4,1.4,0.8,0,0.6,9.4,0.6,8.6,1112.6,1
19,43,6,2.2,0.3,0.2,0,0.1,2.2,0.1,2,256.8,1
19,44,3,1.1,0.2,0.1,0,0.1,1.1,0.1,1,128.4,1
19,58,23,11.1,4,0.8,0,1.6,11.1,1.6,8.7,1338,1
19,59,3,1.4,0.5,0.1,0,0.2,1.4,0.2,1.1,174.5,1
19,60,12,4.4,0.6,0.3,0,0.2,4.4,0.4,3.9,427.6,1
19,61,12,4.4,0.6,0.3,0,0.2,4.4,0.4,3.9,427.6,1
19,62,42,21,8,0,0,1,21,2,17,2079,0
19,63,5,1.8,0.3,0.1,0,0.1,1.8,0.2,1.6,178.2,1
19,64,7,2.6,0.4,0.2,0,0.1,2.6,0.2,2.3,249.4,1
19,85,17,7.3,2.1,0.2,0,0.4,7.3,1.1,6.1,800.9,1
19,86,28,14,7,0,0,1,14,0,13,1299,0
19,87,30.5,12,3,1,0,5,12,1,11,1075,0
19,88,24,11,3,0,0,2,11,2,8,1155,0
19,94,7,3,0.8,0.3,0,0.3,3,0.6,2.5,377.7,1
19,95,22,9.5,2.4,0.8,0,0.8,9.5,1.9,8,1186.9,1
19,96,2,0.9,0.2,0.1,0,0.1,0.9,0.2,0.7,107.9,1
19,99,2,0.9,0.2,0.1,0,0.1,0.9,0.2,0.7,107.9,1
19,100,8,2.7,0.5,0.2,0,0,2.7,0.5,2.4,346.5,1
19,101,2,0.7,0.1,0,0,0,0.7,0.1,0.6,86.6,1
19,102,3,1,0.2,0.1,0,0,1,0.2,0.9,129.9,1
19,104,3,1,0.2,0.1,0,0,1,0.2,0.9,129.9,1
19,105,21,8.7,1.8,0.5,0,0,8.7,0.9,7.3,1137.2,1
19,106,35,15,4,1,0,0,15,2,13,1536,0
19,107,4,1.7,0.3,0.1,0,0,1.7,0.2,1.4,216.6,1
20,17,10.5,4,0.6,0.2,0,0.2,4,0.7,3.2,416.7,1
20,18,14,5.4,0.8,0.3,0,0.3,5.4,0.9,4.3,555.6,1
20,42,1,0.4,0.1,0,0,0,0.4,0,0.3,42.8,1
20,43,6,2.2,0.3,0.2,0,0.1,2.2,0.1,2,256.8,1
20,44,14,5.1,0.8,0.4,0,0.3,5.1,0.3,4.6,599.1,1
20,62,62.5,28,7,1,0,3,28,4,21,2992,0
20,63,13,4.8,0.7,0.3,0,0.2,4.8,0.5,4.2,463.2,1
20,64,4,1.5,0.2,0.1,0,0.1,1.5,0.1,1.3,142.5,1
20,68,5,2.1,0.6,0,0,0.1,2.1,0.2,1.8,246.9,1
20,78,2,0.8,0.2,0,0,0.1,0.8,0.1,0.7,91.9,1
20,86,32.5,11,2,1,0,2,11,2,7,1050,0
20,87,13,5.6,1.6,0.1,0,0.3,5.6,0.8,4.7,612.4,1
20,88,15,6.5,1.9,0.2,0,0.3,6.5,0.9,5.4,706.7,1
20,95,15,6.5,1.6,0.5,0,0.5,6.5,1.3,5.4,809.3,1
20,104,1,0.3,0.1,0,0,0,0.3,0.1,0.3,43.3,1
20,105,8,3.3,0.7,0.2,0,0,3.3,0.3,2.8,433.2,1
20,106,5,2.1,0.4,0.1,0,0,2.1,0.2,1.7,270.8,1
21,1,5,2,0.3,0,0,0.5,2,0.2,1.1,190.1,1
21,2,35,15,5,1,0,4,15,0,8,1572,0
21,3,6,2.4,0.4,0,0,0.6,2.4,0.2,1.3,228.1,1
21,11,10,3.9,0.6,0.6,0,0.3,3.9,0.8,2.8,456.7,1
21,16,11,4.2,0.6,0.2,0,0.2,4.2,0.7,3.4,436.5,1
21,17,28,13,4,0,0,0,13,2,12,1507,0
21,18,21,8.1,1.2,0.5,0,0.5,8.1,1.4,6.4,833.4,1
21,19,7,2.7,0.4,0.2,0,0.2,2.7,0.5,2.1,277.8,1
21,20,14,6.3,1.1,0,0,1.6,6.3,1.1,5.3,654.6,1
21,21,6,2.7,0.5,0,0,0.7,2.7,0.5,2.3,280.5,1
21,41,3,1.1,0.2,0.1,0,0.1,1.1,0.1,1,128.4,1
21,62,18,6.6,0.9,0.5,0,0.3,6.6,0.6,5.8,641.4,1
21,68,15,6.2,1.9,0,0,0.2,6.2,0.6,5.5,740.6,1
21,69,12,4.9,1.5,0,0,0.2,4.9,0.5,4.4,592.5,1
21,76,24,9.6,2.1,0.3,0,1,9.6,1,8.2,1103.3,1
21,77,32.5,14,4,0,0,1,14,3,13,1899,0
21,78,35,16,4,1,0,1,16,1,14,1864,0
21,79,13,5.2,1.1,0.2,0,0.6,5.2,0.6,4.5,597.6,1
21,86,2,0.9,0.3,0,0,0,0.9,0.1,0.7,94.2,1
21,87,22,9.5,2.8,0.2,0,0.5,9.5,1.4,7.9,1036.4,1
21,91,8,3.5,0.9,0.3,0,0.3,3.5,0.7,2.9,431.6,1
21,95,2,0.9,0.2,0.1,0,0.1,0.9,0.2,0.7,107.9,1
21,101,4,1.3,0.2,0.1,0,0,1.3,0.2,1.2,173.3,1
21,102,7,2.3,0.4,0.1,0,0,2.3,0.4,2.1,303.2,1
21,103,10,3.3,0.6,0.2,0,0,3.3,0.6,2.9,433.1,1
22,0,15,6.1,0.9,0,0,1.5,6.1,0.6,3.3,570.3,1
22,1,55,18,0,1,0,3,18,1,16,1993,0
22,2,48.5,17,3,1,0,2,17,1,13,1983,0
22,3,4,1.6,0.2,0,0,0.4,1.6,0.2,0.9,152.1,1
22,16,29,12,3,0,0,1,12,2,9,1316,0
22,17,26,13,6,1,0,0,13,3,8,1260,0
22,18,59,36,21,0,4,5,32,4,17,3349,0
22,19,25,9.6,1.4,0.6,0,0.6,9.6,1.7,7.6,992.1,1
22,20,26,12,4,0,0,0,12,1,10,1375,0
22,21,39,18,5,0,0,0,18,0,16,1727,0
22,39,1.5,0.6,0.2,0,0,0.2,0.6,0.1,0.4,75.2,1
22,40,17,6.1,0.9,0.5,0,0.4,6.1,0.4,5.6,727.5,1
22,41,15.5,5.6,0.8,0.5,0,0.4,5.6,0.4,5.1,663.3,1
22,61,2,0.7,0.1,0.1,0,0,0.7,0.1,0.6,71.3,1
22,62,29,12,2,1,0,1,12,0,10,1191,0
22,67,5,2.1,0.6,0,0,0.1,2.1,0.2,1.8,246.9,1
22,68,29,13,3,0,0,0,13,3,11,1205,0
22,69,5,2.1,0.6,0,0,0.1,2.1,0.2,1.8,246.9,1
22,75,2,0.8,0.2,0,0,0.1,0.8,0.1,0.7,91.9,1
22,76,28,13,5,0,0,0,13,1,11,1753,0
22,77,20,11,5,0,0,1,11,3,10,1195,0
22,78,24,14,7,0,0,1,14,1,11,1296,0
22,79,5,2,0.4,0.1,0,0.2,2,0.2,1.7,229.9,1
22,86,7,3,0.9,0.1,0,0.1,3,0.4,2.5,329.8,1
23,0,37,14.2,3.6,0.6,0,1.2,14.2,0.6,11.2,1498.9,1
23,1,5,1.9,0.5,0.1,0,0.2,1.9,0.1,1.5,202.6,1
23,6,4,1.5,0.2,0.1,0,0,1.5,0,1.5,173.1,1
23,15,29,12.5,3,0.5,0,0.5,12.5,1.1,10.6,1331.1,1
23,16,59,23,5,1,0,4,23,0,12,2309,0
23,17,65.5,23,4,1,0,1,23,2,20,2134,0
23,18,7,3,0.7,0.1,0,0.1,3,0.3,2.5,321.3,1
23,19,57,26,8,1,0,2,26,3,9,2408,0
23,20,56,18,2,0,0,0,18,1,13,2014,0
23,21,3,1.4,0.2,0,0,0.3,1.4,0,1.3,139.3,1
23,41,12,4.8,1,0.3,0,0.3,4.8,1,4.5,563,1
23,51,3,1.5,0.5,0,0,0.1,1.5,0.2,1.3,163.6,1
23,52,2,1,0.3,0,0,0.1,1,0.1,0.9,109,1
23,62,25.5,10.5,3.3,0,0,0.4,10.5,1.1,9.4,1259.1,1
23,68,3,1.2,0.4,0,0,0,1.2,0.1,1.1,148.1,1
23,77,14,5.6,1.2,0.2,0,0.6,5.6,0.6,4.8,643.6,1
23,79,2,0.8,0.2,0,0,0.1,0.8,0.1,0.7,91.9,1
23,112,2,1,0.3,0,0,0.1,1,0.1,0.8,99.9,1
24,5,6,2.2,0.3,0.2,0,0.1,2.2,0,2.2,259.7,1
24,6,4,1.5,0.2,0.1,0,0,1.5,0,1.5,173.1,1
24,9,2,0.7,0.1,0.1,0,0,0.7,0,0.7,86.6,1
24,10,17.5,7,2.2,0.5,0,0,7,0.5,5.6,732.8,1
24,15,3,1.3,0.3,0.1,0,0.1,1.3,0.1,1.1,137.7,1
24,16,10,4.3,1,0.2,0,0.2,4.3,0.4,3.6,459,1
24,18,11,4.8,1.2,0.2,0,0.2,4.8,0.4,4,504.9,1
24,19,14,6,1.5,0.3,0,0.3,6,0.5,5.1,642.6,1
24,20,35,13,2,0,0,0,13,0,12,1464,0
24,21,5,2.3,0.4,0,0,0.6,2.3,0,2.1,232.1,1
24,30,18,7.7,2.1,0.4,0,0.6,7.7,0.4,6.9,901.6,1
24,31,22,9.4,2.6,0.5,0,0.7,9.4,0.5,8.5,1101.9,1
24,51,28,12,2,0,0,1,12,0,7,1191,0
24,52,23,11.3,4,0.3,0,1,11.3,1.3,10.3,1254,1
24,71,3,1.2,0.3,0,0,0.1,1.2,0.1,1,137.9,1
24,104,5.5,2.4,0.8,0,0,0.3,2.4,0.7,1.4,257.3,1
24,110,2,1,0.3,0,0,0.1,1,0.1,0.8,99.9,1
24,111,24,14,6,0,0,2,14,3,9,1436,0
24,112,10,4.8,1.3,0,0,0.3,4.8,0.3,4.2,499.7,1
25,4,8.5,3.3,0.8,0.1,0,0.3,3.3,0.1,2.6,344.4,1
25,5,16,5.9,0.7,0.5,0,0.2,5.9,0.1,5.9,692.4,1
25,6,5,1.9,0.2,0.2,0,0.1,1.9,0,1.9,216.4,1
25,7,13,4.8,0.6,0.4,0,0.2,4.8,0.1,4.8,562.6,1
25,8,1,0.4,0,0,0,0,0.4,0,0.4,43.3,1
25,9,5,1.9,0.2,0.2,0,0.1,1.9,0,1.9,216.4,1
25,10,25,10,3.1,0.7,0,0,10,0.7,7.9,1046.9,1
25,18,9,3.9,0.9,0.2,0,0.2,3.9,0.3,3.3,413.1,1
25,19,22,9.5,2.3,0.4,0,0.4,9.5,0.8,8,1009.8,1
25,20,1,0.5,0.1,0,0,0.1,0.5,0,0.4,46.4,1
25,25,2,0.8,0.1,0,0,0,0.8,0,0.7,83.7,1
25,29,2,0.8,0.1,0,0,0,0.8,0,0.7,83.7,1
25,30,8,3.4,0.9,0.2,0,0.3,3.4,0.2,3.1,400.7,1
25,31,22,9.4,2.6,0.5,0,0.7,9.4,0.5,8.5,1101.9,1
25,32,3,1.3,0.4,0.1,0,0.1,1.3,0.1,1.2,150.3,1
25,44,16,6.4,1.4,0.5,0,0.5,6.4,1.4,5.9,750.6,1
25,51,8,3.9,1.4,0.1,0,0.3,3.9,0.5,3.6,436.2,1
25,52,4,2,0.7,0.1,0,0.2,2,0.2,1.8,218.1,1
25,73,5,2,0.4,0.1,0,0.2,2,0.2,1.7,229.9,1
25,87,13,5.6,1.2,0.4,0,0.4,5.6,0.8,4.4,659.8,1
25,90,1,0.4,0.1,0,0,0,0.4,0.1,0.4,54,1
25,91,1,0.4,0.1,0,0,0,0.4,0.1,0.4,54,1
25,104,14,6.2,2,0,0,0.7,6.2,1.7,3.5,654.9,1
25,111,13,6.3,1.7,0,0,0.4,6.3,0.4,5.5,649.6,1
25,112,1,0.5,0.1,0,0,0,0.5,0,0.4,50,1
26,4,12,4.6,1.2,0.2,0,0.4,4.6,0.2,3.6,486.1,1
26,5,34,13,1,2,0,1,13,1,12,1525,0
26,6,21,7.8,0.9,0.6,0,0.3,7.8,0.1,7.8,908.8,1
26,7,67.5,27,3,1,0,5,27,3,21,2886,0
26,8,23.5,8.7,1,0.7,0,0.3,8.7,0.1,8.7,1017,1
26,9,15,5.6,0.6,0.5,0,0.2,5.6,0.1,5.6,649.1,1
26,10,19,7.6,2.4,0.5,0,0,7.6,0.5,6,795.6,1
26,18,21,9.1,2.2,0.4,0,0.4,9.1,0.8,7.6,963.9,1
26,19,22,11,2,0,0,0,11,1,10,1087,0
26,24,7,3.2,0.5,0,0,0.8,3.2,0,3,325,1
26,25,7,2.8,0.4,0.1,0,0,2.8,0.1,2.4,292.8,1
26,29,13,5.3,0.8,0.2,0,0,5.3,0.2,4.5,543.8,1
26,30,11,4.7,1.3,0.3,0,0.3,4.7,0.3,4.2,551,1
26,31,4,1.7,0.5,0.1,0,0.1,1.7,0.1,1.5,200.3,1
26,32,31,12,1,0,0,0,12,0,12,1389,0
26,33,8,3.4,0.9,0.2,0,0.3,3.4,0.2,3.1,400.7,1
26,49,3,1.2,0.3,0.1,0,0.1,1.2,0.3,1.1,140.7,1
26,50,19,9.4,3.3,0.3,0,0.8,9.4,1.1,8.5,1035.9,1
26,51,3,1.5,0.5,0,0,0.1,1.5,0.2,1.3,163.6,1
26,87,20,8.6,1.9,0.6,0,0.6,8.6,1.3,6.7,1015,1
26,89,9,3.9,0.9,0.3,0,0.3,3.9,0.6,3,456.8,1
26,91,2,0.9,0.2,0.1,0,0.1,0.9,0.2,0.7,107.9,1
26,102,10,4.4,1.4,0,0,0.5,4.4,1.2,2.5,467.8,1
26,103,6,2.7,0.8,0,0,0.3,2.7,0.7,1.5,280.7,1
26,106,7,3.1,1,0,0,0.4,3.1,0.9,1.7,327.5,1
26,107,3,1.3,0.4,0,0,0.2,1.3,0.4,0.7,140.3,1
27,5,9,3.3,0.4,0.3,0,0.1,3.3,0.1,3.3,389.5,1
27,6,34,13,2,0,0,1,13,2,11,1404,0
27,7,67,20,3,3,0,0,20,1,19,2217,0
27,8,11,4.1,0.5,0.3,0,0.1,4.1,0.1,4.1,476,1
27,9,29,10.8,1.2,0.9,0,0.4,10.8,0.2,10.8,1255,1
27,10,11,4.4,1.4,0.3,0,0,4.4,0.3,3.5,460.6,1
27,18,26,11.2,2.7,0.5,0,0.5,11.2,1,9.5,1193.4,1
27,19,10,4.3,1,0.2,0,0.2,4.3,0.4,3.6,459,1
27,24,10,4.6,0.8,0,0,1.2,4.6,0,4.2,464.2,1
27,25,28,11.4,1.8,0.4,0,0,11.4,0.4,9.6,1171.2,1
27,29,2,0.8,0.1,0,0,0,0.8,0,0.7,83.7,1
27,30,2,0.9,0.2,0,0,0.1,0.9,0,0.8,100.2,1
27,32,18,7.7,2.1,0.4,0,0.6,7.7,0.4,6.9,901.6,1
27,33,11,4.7,1.3,0.3,0,0.3,4.7,0.3,4.2,551,1
27,38,4,1.7,0.4,0,0,0.4,1.7,0.3,1.1,200.6,1
27,49,4,1.6,0.3,0.1,0,0.1,1.6,0.3,1.5,187.7,1
27,50,46,19,6,2,0,2,19,2,18,2556,0
27,51,7,3.4,1.2,0.1,0,0.3,3.4,0.4,3.1,381.7,1
27,85,2,0.9,0.2,0.1,0,0.1,0.9,0.1,0.7,101.5,1
27,89,18.5,8,1.8,0.6,0,0.6,8,1.2,6.2,938.9,1
27,90,6,2.6,0.7,0.2,0,0.2,2.6,0.5,2.2,323.7,1
27,103,4,1.8,0.6,0,0,0.2,1.8,0.5,1,187.1,1
27,106,5,2.2,0.7,0,0,0.3,2.2,0.6,1.2,233.9,1
27,109,2,0.9,0.3,0,0,0.1,0.9,0.2,0.5,93.6,1
27,110,3,1.5,0.4,0,0,0.1,1.5,0.1,1.3,149.9,1
28,6,25,11.9,3.7,0.5,0,0.5,11.9,0.7,10.3,1270.6,1
28,7,12,5.7,1.8,0.2,0,0.2,5.7,0.3,5,609.9,1
28,9,7,3.3,1,0.1,0,0.1,3.3,0.2,2.9,355.8,1
28,10,46,17,3,0,0,0,17,0,16,1911,0
28,11,7,2.3,0.2,0.2,0,0,2.3,0,2.1,264.3,1
28,17,2,0.7,0.1,0.1,0,0.1,0.7,0,0.7,85.9,1
28,18,34,12,1,0,0,1,12,2,11,1330,0
28,25,2,0.8,0.3,0.1,0,0.1,0.8,0.1,0.8,88.1,1
28,26,4,1.6,0.6,0.1,0,0.2,1.6,0.1,1.5,176.1,1
28,27,21,8.6,3,0.6,0,0.9,8.6,0.6,8,924.6,1
28,49,2,1,0.1,0,0,0.1,1,0.1,0.8,101.9,1
28,50,4,1.5,0.3,0,0,0,1.5,0.4,1.2,190,1
28,88,3,1.2,0.3,0,0,0.1,1.2,0.3,1.1,138.5,1
28,89,7,2.9,0.6,0,0,0.2,2.9,0.6,2.6,323.2,1
28,90,7,3.2,1.2,0.3,0,0.2,3.2,0.6,3.1,382.1,1
28,102,16,7.1,1.9,0.2,0,0.5,7.1,1.2,5.6,849.6,1
28,103,8,3.5,0.9,0.1,0,0.2,3.5,0.6,2.8,424.8,1
28,109,3,1.3,0.4,0,0,0.1,1.3,0.2,1.1,159.3,1
28,110,2,1,0.2,0,0,0,1,0.1,0.7,122.3,1
29,6,1,0.5,0.1,0,0,0,0.5,0,0.4,50.8,1
29,7,11,5.2,1.6,0.2,0,0.2,5.2,0.3,4.5,559.1,1
29,8,9,4.3,1.3,0.2,0,0.2,4.3,0.2,3.7,457.4,1
29,9,47.5,18,3,1,0,0,18,0,18,1971,0
29,10,37,15,1,0,0,0,15,0,15,1712,0
29,11,4,1.3,0.1,0.1,0,0,1.3,0,1.2,151,1
29,17,15,5.5,0.6,0.6,0,0.5,5.5,0.2,5.4,644.1,1
29,18,39,15,3,1,0,2,15,0,14,1694,0
29,19,5,1.8,0.2,0.2,0,0.2,1.8,0.1,1.8,214.7,1
29,23,6,2.1,0.2,0.4,0,0,2.1,0.1,2,254.7,1
29,25,1,0.4,0.1,0,0,0,0.4,0,0.4,44,1
29,26,10,4.1,1.4,0.3,0,0.4,4.1,0.3,3.8,440.3,1
29,27,28,12,5,0,0,1,12,1,9,1374,0
29,34,24,11.4,3.6,0,0,0,11.4,0.6,10.2,1398.6,1
29,35,1,0.4,0.1,0,0,0.1,0.4,0,0.4,41.1,1
29,36,3,1.2,0.2,0,0.1,0.2,1.1,0.1,1.1,123.4,1
29,37,24,9.4,1.4,0,0.5,1.9,8.9,0.5,8.9,986.8,1
29,39,7,2.7,0.4,0,0.1,0.5,2.6,0.1,2.6,287.8,1
29,49,2,1,0.1,0,0,0.1,1,0.1,0.8,101.9,1
29,84,1,0.5,0.2,0,0,0.1,0.5,0,0.4,53,1
29,86,2,0.8,0.2,0,0,0,0.8,0.2,0.7,92.3,1
29,102,3,1.3,0.4,0,0,0.1,1.3,0.2,1.1,159.3,1
29,103,1,0.4,0.1,0,0,0,0.4,0.1,0.4,53.1,1
29,120,4,1.5,0.4,0.2,0,0.1,1.5,0.1,1.4,169.7,1
30,7,10,4.8,1.5,0.2,0,0.2,4.8,0.3,4.1,508.3,1
30,9,29,13,4,1,0,0,13,1,11,1473,0
30,10,41,14,2,0,0,1,14,1,9,1496,0
30,11,40,14,0,2,0,0,14,2,14,1452,0
30,12,7,2.3,0.2,0.2,0,0,2.3,0,2.1,264.3,1
30,17,27,9.9,1.1,1.1,0,0.8,9.9,0.3,9.6,1159.3,1
30,18,14,5.1,0.6,0.6,0,0.4,5.1,0.1,5,601.1,1
30,23,10,3.5,0.4,0.6,0,0,3.5,0.2,3.3,424.4,1
30,26,6,2.5,0.8,0.2,0,0.3,2.5,0.2,2.3,264.2,1
30,33,11,5.2,1.7,0,0,0,5.2,0.3,4.7,641,1
30,34,2,1,0.3,0,0,0,1,0,0.9,116.6,1
30,36,4,1.6,0.2,0,0.1,0.3,1.5,0.1,1.5,164.5,1
30,37,25,12,5,0,0,1,12,1,9,1171,0
30,38,2,0.8,0.1,0,0,0.2,0.8,0,0.7,82.2,1
30,39,10,3.9,0.6,0,0.2,0.8,3.7,0.2,3.7,411.2,1
30,79,4,1.8,0.4,0.1,0,0.5,1.8,0.3,1.5,205.3,1
30,112,4,1.9,0.5,0,0,0,1.9,0.2,1.4,244.6,1
30,118,3,1.4,0.5,0.1,0,0.1,1.4,0.2,1.1,167.2,1
30,119,8,3.8,1.3,0.3,0,0.3,3.8,0.6,2.9,445.8,1
30,120,32,11.9,3,1.3,0,0.9,11.9,0.9,11.5,1357.2,1
30,121,3,1.1,0.3,0.1,0,0.1,1.1,0.1,1.1,127.2,1
30,122,1,0.4,0.1,0,0,0,0.4,0,0.4,42.4,1
31,7,32,11,2,1,0,1,11,1,11,1127,0
31,8,8,3.8,1.2,0.1,0,0.1,3.8,0.2,3.3,406.6,1
31,9,3,1.4,0.4,0.1,0,0.1,1.4,0.1,1.2,152.5,1
31,10,6.5,2.1,0.2,0.2,0,0,2.1,0,2,245.4,1
31,11,38,15,1,1,0,1,15,2,14,1423,0
31,17,21,7.7,0.9,0.9,0,0.6,7.7,0.2,7.5,901.7,1
31,18,2,0.7,0.1,0.1,0,0.1,0.7,0,0.7,85.9,1
31,22,10,3.5,0.4,0.6,0,0,3.5,0.2,3.3,424.4,1
31,23,19,6.6,0.7,1.2,0,0,6.6,0.5,6.3,806.4,1
31,24,36.5,16,5,1,0,1,16,0,14,1728,0
31,33,3,1.4,0.4,0,0,0,1.4,0.1,1.3,174.8,1
31,42,4,1.8,0.7,0,0.5,0.2,1.3,0.1,0.9,185.4,1
31,43,8,3.6,1.3,0,0.9,0.4,2.7,0.2,1.7,370.9,1
31,85,9,3.7,0.8,0,0,0.2,3.7,0.8,3.3,415.6,1
31,112,2,1,0.2,0,0,0,1,0.1,0.7,122.3,1
31,113,1,0.5,0.1,0,0,0,0.5,0,0.4,61.2,1
31,119,7,3.3,1.1,0.3,0,0.3,3.3,0.5,2.5,390.1,1
31,120,24,13,5,0,1,2,12,2,10,1536,0
31,121,9,3.4,0.8,0.4,0,0.2,3.4,0.2,3.2,381.7,1
31,122,1,0.4,0.1,0,0,0,0.4,0,0.4,42.4,1
32,6,2,1,0.3,0,0,0,1,0.1,0.8,101.7,1
32,7,42,17,3,2,0,2,17,1,15,1782,0
32,8,21,10,3.1,0.4,0,0.4,10,0.6,8.7,1067.3,1
32,11,12,3.9,0.3,0.3,0,0,3.9,0,3.6,453,1
32,15,8,2.9,0.3,0.3,0,0.2,2.9,0.1,2.9,343.5,1
32,17,4,1.5,0.2,0.2,0,0.1,1.5,0,1.4,171.8,1
32,22,14,4.8,0.5,0.9,0,0,4.8,0.3,4.7,594.2,1
32,23,19,6.6,0.7,1.2,0,0,6.6,0.5,6.3,806.4,1
32,24,3,1,0.1,0.2,0,0,1,0.1,1,127.3,1
32,42,1,0.5,0.2,0,0.1,0,0.4,0,0.2,46.4,1
32,43,37,19,8,0,1,0,18,2,15,1985,0
32,44,29,13.1,4.8,0,3.4,1.4,9.7,0.7,6.2,1344.4,1
32,45,6,2.9,0.4,0,0,0.2,2.9,0.2,2.4,305.8,1
32,84,15,7,2.3,0,0,1,7,0.3,6,795.3,1
32,85,45.5,18,5,2,1,2,17,8,12,1934,0
32,86,25,10.3,2.2,0,0,0.5,10.3,2.2,9.2,1154.3,1
32,102,21,9.3,2.5,0.3,0,0.6,9.3,1.5,7.4,1115.2,1
32,103,5,2.2,0.6,0.1,0,0.1,2.2,0.4,1.8,265.5,1
32,105,6,2.6,0.7,0.1,0,0.2,2.6,0.4,2.1,318.6,1
32,111,16,7.7,1.9,0,0,0,7.7,0.6,5.8,978.6,1
32,112,40,21,7,0,0,3,21,2,19,2219,0
32,120,4,1.5,0.4,0.2,0,0.1,1.5,0.1,1.4,169.7,1
32,121,13,4.9,1.2,0.5,0,0.3,4.9,0.3,4.7,551.4,1
32,122,8,3,0.7,0.3,0,0.2,3,0.2,2.9,339.3,1
33,7,4,1.4,0.3,0.2,0.2,0.3,1.2,0.3,0.8,140.9,1
33,8,17,5.9,1.4,0.8,0.6,1.4,5.3,1.2,3.2,598.8,1
33,11,4,1.3,0.1,0.1,0,0.1,1.3,0,1.1,141.1,1
33,16,12,4.1,0.7,0.4,0,0.4,4.1,0.3,3.7,471.3,1
33,17,32,12,0,2,0,4,12,2,11,1217,0
33,18,32,11,1.9,1,0,1,11,0.7,10,1256.9,1
33,19,2,0.7,0.1,0.1,0,0.1,0.7,0,0.6,78.6,1
33,20,7,2.9,1,0.2,0,0.3,2.9,0.2,2.7,308.2,1
33,22,9,3.7,1.3,0.3,0,0.4,3.7,0.3,3.4,396.3,1
33,42,11,4.3,0.7,0.2,0,1.1,4.3,0,3.6,477,1
33,43,7,2.7,0.4,0.1,0,0.7,2.7,0,2.3,303.6,1
33,44,8,3.1,0.5,0.2,0,0.8,3.1,0,2.6,346.9,1
33,45,2,1,0.1,0,0,0.1,1,0.1,0.8,101.9,1
33,71,1,0.4,0.1,0,0,0,0.4,0,0.4,49.8,1
33,85,7,3.3,1.1,0,0,0.5,3.3,0.2,2.8,371.2,1
33,89,4,1.9,0.6,0,0,0.3,1.9,0.1,1.6,212.1,1
33,102,17,9.4,4,0,0,1.1,9.4,0.5,8.4,1176.5,1
33,103,6,3.3,1.4,0,0,0.4,3.3,0.2,3,415.2,1
33,104,1,0.6,0.2,0,0,0.1,0.6,0,0.5,69.2,1
33,106,2,0.9,0.2,0,0,0.1,0.9,0.1,0.7,106.2,1
33,110,1,0.5,0.2,0,0,0,0.5,0.1,0.4,55.7,1
33,111,16,7.6,2.6,0.6,0,0.6,7.6,1.2,5.8,891.6,1
33,112,10,4.7,1.6,0.4,0,0.4,4.7,0.7,3.6,557.3,1
33,113,2,0.9,0.3,0.1,0,0.1,0.9,0.1,0.7,111.5,1
33,117,5,2.3,0.8,0.1,0,0.3,2.3,0.5,1.7,244.3,1
33,121,6,3,1.2,0.1,0,0.3,3,0.8,2.9,375,1
34,10,12,4,0.2,0.4,0,0.2,4,0,3.4,423.4,1
34,11,46,16,1,0,0,2,16,0,13,1583,0
34,12,35,11.8,0.7,1.1,0,0.7,11.8,0,10,1235,1
34,13,37,16,3,0,0,0,16,0,14,1641,0
34,14,30,14,0,0,0,2,14,1,12,1245,0
34,15,63,19,1,2,0,3,19,0,18,1956,0
34,16,45,16,3,2,0,1,16,1,13,1645,0
34,17,34,15,5,1,0,2,15,1,15,1763,0
34,18,16,5.5,1,0.5,0,0.5,5.5,0.4,5,628.4,1
34,19,15.5,5.3,0.9,0.5,0,0.5,5.3,0.4,4.8,608.8,1
34,20,11,4.5,1.5,0.3,0,0.5,4.5,0.3,4.2,484.3,1
34,42,13,5,0.8,0.3,0,1.3,5,0,4.2,563.8,1
34,43,4,1.6,0.2,0.1,0,0.4,1.6,0,1.3,173.5,1
34,44,2,0.8,0.1,0,0,0.2,0.8,0,0.7,86.7,1
34,70,22,9.8,3.1,0.6,0,0.2,9.8,1,8.7,1096.1,1
34,71,18,8,2.5,0.5,0,0.2,8,0.8,7.1,896.8,1
34,86,2,0.9,0.3,0,0,0.1,0.9,0,0.8,106,1
34,89,5,2.3,0.8,0,0,0.3,2.3,0.1,2,265.1,1
34,90,1,0.5,0.2,0,0,0,0.5,0.1,0.4,54.6,1
34,91,6,2.8,1.1,0.2,0,0.2,2.8,0.5,2.7,327.5,1
34,101,4,2.2,1,0,0,0.3,2.2,0.1,2,276.8,1
34,102,10,5.6,2.4,0,0,0.6,5.6,0.3,4.9,692.1,1
34,103,3,1.7,0.7,0,0,0.2,1.7,0.1,1.5,207.6,1
34,111,4,1.9,0.7,0.1,0,0.1,1.9,0.3,1.5,222.9,1
34,112,4,1.9,0.7,0.1,0,0.1,1.9,0.3,1.5,222.9,1
34,116,2,0.9,0.3,0,0,0.1,0.9,0.2,0.7,97.7,1
34,117,2,0.9,0.3,0,0,0.1,0.9,0.2,0.7,97.7,1
34,118,40,21,11,2,1,0,20,4,9,2308,0
34,126,1,0.5,0.2,0,0,0,0.5,0.1,0.5,62.5,1
35,3,1,0.5,0.2,0,0,0,0.5,0.1,0.3,53.3,1
35,8,15,5.2,1.2,0.7,0.5,1.2,4.7,1.1,2.9,528.4,1
35,9,19,6.6,1.6,0.9,0.7,1.6,5.9,1.4,3.6,669.3,1
35,10,54,17,3,2,0,1,17,1,13,1746,0
35,11,29,9.8,0.6,0.9,0,0.6,9.8,0,8.3,1023.3,1
35,12,32,12,0,0,0,1,12,0,10,1365,0
35,13,28,11,1,0,0,1,11,1,10,1138,0
35,14,39,17,4,0,0,1,17,1,14,1864,0
35,15,29,9.9,1.8,0.9,0,0.9,9.9,0.7,9,1139,1
35,16,8,2.7,0.5,0.2,0,0.2,2.7,0.2,2.5,314.2,1
35,17,15,5.1,0.9,0.5,0,0.5,5.1,0.3,4.7,589.2,1
35,18,2,0.7,0.1,0.1,0,0.1,0.7,0,0.6,78.6,1
35,44,4,1.6,0.2,0.1,0,0.4,1.6,0,1.3,173.5,1
35,45,15,7.2,1.1,0,0,0.6,7.2,0.6,6.1,764.4,1
35,51,2,0.7,0.1,0,0,0,0.7,0.2,0.6,95,1
35,69,2,0.7,0,0.1,0,0.1,0.7,0,0.6,72.4,1
35,70,22,9.8,3.1,0.6,0,0.2,9.8,1,8.7,1096.1,1
35,71,15,6.7,2.1,0.4,0,0.1,6.7,0.7,5.9,747.3,1
35,72,6,2.7,0.8,0.2,0,0.1,2.7,0.3,2.4,298.9,1
35,73,20,8.9,2.8,0.6,0,0.2,8.9,0.9,7.9,996.4,1
35,77,28,12.3,2.7,0.7,0,3.4,12.3,2,10.2,1436.9,1
35,78,9,4,0.9,0.2,0,1.1,4,0.7,3.3,461.9,1
35,89,2,0.9,0.3,0,0,0.1,0.9,0,0.8,106,1
35,102,6.5,3.6,1.5,0,0,0.4,3.6,0.2,3.2,449.8,1
35,103,2,1.1,0.5,0,0,0.1,1.1,0.1,1,138.4,1
35,105,2,0.9,0.2,0,0,0.1,0.9,0.1,0.7,106.2,1
35,116,24.5,11.4,3.9,0.6,0,1.5,11.4,2.4,8.1,1197,1
35,117,42,23,12,2,0,2,23,5,15,2516,0
35,118,4,1.9,0.6,0.1,0,0.2,1.9,0.4,1.3,195.4,1
35,126,2,1,0.4,0,0,0.1,1,0.3,1,125,1
36,0,2,0.9,0.3,0,0,0,0.9,0.1,0.6,106.7,1
36,1,13,6,2,0.2,0.2,0.2,5.8,0.7,4.2,693.5,1
36,2,9,4.1,1.4,0.1,0.1,0.1,4,0.5,2.9,480.1,1
36,3,9,4.1,1.4,0.1,0.1,0.1,4,0.5,2.9,480.1,1
36,8,21,7.2,1.8,1,0.7,1.8,6.5,1.5,4,739.8,1
36,9,41,18,5,0,0,0,18,1,15,1828,0
36,10,28,11,2,0,0,1,11,2,10,1268,0
36,13,18,6.1,0.4,0.6,0,0.4,6.1,0,5.1,635.1,1
36,68,25,8.3,0.6,1.2,0,1.2,8.3,0.6,7.7,904.8,1
36,73,2,0.9,0.3,0.1,0,0,0.9,0.1,0.8,99.6,1
36,90,6,2.8,1.1,0.2,0,0.2,2.8,0.5,2.7,327.5,1
36,101,4,2.2,1,0,0,0.3,2.2,0.1,2,276.8,1
36,102,6,3.3,1.4,0,0,0.4,3.3,0.2,3,415.2,1
36,103,3.5,1.9,0.8,0,0,0.2,1.9,0.1,1.7,242.2,1
36,105,1,0.4,0.1,0,0,0,0.4,0.1,0.4,53.1,1
36,115,2,0.9,0.3,0,0,0.1,0.9,0.2,0.7,97.7,1
36,116,49,16,2,3,0,0,16,1,12,1705,0
36,117,5,2.3,0.8,0.1,0,0.3,2.3,0.5,1.7,244.3,1
37,0,16,7.3,2.4,0.2,0.2,0.2,7.1,0.9,5.1,853.6,1
37,1,42,15,2,2,0,3,15,1,13,1480,0
37,2,45.5,14,1,2,0,1,14,1,9,1527,0
37,3,24,12,4,0,0,0,12,1,10,1241,0
37,4,22,10.1,3.4,0.3,0.3,0.3,9.8,1.2,7,1173.6,1
37,9,8,2.8,0.7,0.4,0.3,0.7,2.5,0.6,1.5,281.8,1
37,37,9,5.2,2.3,0,0,0.3,5.2,0.6,4.6,683.3,1
37,38,7,4.1,1.8,0,0,0.2,4.1,0.5,3.6,531.4,1
37,54,14,5.1,0.9,0,0,0,5.1,1.4,4.2,665,1
37,55,10,3.7,0.7,0,0,0,3.7,1,3,475,1
37,68,15,5,0.4,0.7,0,0.7,5,0.4,4.6,542.9,1
37,83,5,2.3,0.8,0,0,0.3,2.3,0.1,2,265.1,1
37,88,4,1.9,0.6,0,0,0.3,1.9,0.1,1.6,212.1,1
37,115,14,6.5,2.2,0.3,0,0.9,6.5,1.4,4.6,684,1
37,116,18,8.4,2.9,0.4,0,1.1,8.4,1.8,6,879.5,1
37,117,5,2.3,0.8,0.1,0,0.3,2.3,0.5,1.7,244.3,1
37,125,9,4.5,1.8,0.2,0,0.4,4.5,1.2,4.4,562.5,1
37,126,29,11,3,2,0,0,11,1,9,1470,0
37,127,12,6.1,2.4,0.3,0,0.5,6.1,1.6,5.8,750.1,1
38,0,9,3.2,0.4,0.3,0,0.5,3.2,0.1,1.2,307.3,1
38,1,22,7.8,1.1,0.8,0,1.3,7.8,0.3,3,751.2,1
38,2,30,16,3,0,0,1,16,0,13,1663,0
38,3,51.5,24,7,1,0,0,24,1,21,2590,0
38,4,38,18,6,0,0,2,18,2,16,1743,0
38,5,50.5,27,14,2,0,1,27,3,7,2012,0
38,6,23,7.7,0,0,0,0,7.7,0,5.9,767,1
38,36,1,0.6,0.3,0,0,0,0.6,0.1,0.5,75.9,1
38,37,14,8.1,3.6,0,0,0.5,8.1,0.9,7.2,1062.9,1
38,54,12,4.8,1.1,0.1,0,0.5,4.8,1.1,4.1,514.9,1
38,55,2,0.8,0.2,0,0,0.1,0.8,0.2,0.7,85.8,1
38,64,27.5,11,1,0,0,0,11,0,8,1279,0
38,65,23,9.6,2.7,0.8,0,0.4,9.6,1.2,8.4,938.8,1
38,66,2,0.8,0.2,0.1,0,0,0.8,0.1,0.7,81.6,1
38,67,2,0.8,0.2,0.1,0,0,0.8,0.1,0.7,81.6,1
38,68,2,0.8,0.2,0.1,0,0,0.8,0.1,0.7,81.6,1
38,73,1,0.4,0.1,0,0,0,0.4,0.1,0.3,47.3,1
38,74,9,3.5,0.7,0.3,0,0.3,3.5,0.8,3.1,425.6,1
38,81,12,5.5,2.1,0.5,0,0.3,5.5,1.1,5.4,655,1
38,82,5,2.3,0.9,0.2,0,0.1,2.3,0.4,2.2,272.9,1
38,114,3.5,2,0.7,0.1,0,0.2,2,0.4,1.8,272.9,1
38,115,28,13,3,0,0,2,13,5,11,1371.1,0
38,116,5,2.3,0.8,0,0,0.1,2.3,0.6,2.1,262.7,1
38,117,2,0.9,0.3,0,0,0.1,0.9,0.3,0.8,105.1,1
38,123,10,4.3,1.4,0.5,0,0.8,4.3,0.8,4.1,444.6,1
38,126,4,2,1,0.2,0,0.1,2,0.3,1.6,239,1
38,127,14,7,3.4,0.6,0,0.3,7,1.1,5.6,836.6,1
39,1,11,3.9,0.5,0.4,0,0.7,3.9,0.1,1.5,375.6,1
39,2,4,1.4,0.2,0.1,0,0.2,1.4,0,0.5,136.6,1
39,3,34,15,1,0,0,0,15,1,13,1634,0
39,4,69.5,25,3,2,0,2,25,1,19,2739,0
39,5,28,9.3,0,0,0,0,9.3,0,7.2,933.8,1
39,6,31.5,11,0,0,0,1,11,0,10,1138,0
39,7,2,0.7,0,0,0,0,0.7,0,0.5,66.7,1
39,54,1,0.4,0.1,0,0,0,0.4,0.1,0.3,42.9,1
39,64,12,4.8,0.4,0,0,0,4.8,1.6,3.6,540.4,1
39,65,1,0.4,0.1,0,0,0,0.4,0,0.4,40.8,1
39,66,12,5,1.4,0.4,0,0.2,5,0.6,4.4,489.8,1
39,73,4,1.6,0.3,0.1,0,0.1,1.6,0.4,1.4,189.2,1
39,74,10,3.9,0.8,0.4,0,0.4,3.9,0.9,3.4,472.9,1
39,114,12.5,7,2.3,0.4,0,0.8,7,1.6,6.2,974.6,1
39,115,16,7.4,2.5,0,0,0.4,7.4,2.1,6.6,840.6,1
39,116,16,7.4,2.5,0,0,0.4,7.4,2.1,6.6,840.6,1
39,121,6,2.6,0.8,0.3,0,0.5,2.6,0.5,2.4,266.8,1
39,123,2,0.9,0.3,0.1,0,0.2,0.9,0.2,0.8,88.9,1
39,127,17,8.5,4.1,0.7,0,0.3,8.5,1.4,6.8,1015.9,1
40,3,18.5,6.5,0.9,0.7,0,1.1,6.5,0.2,2.5,631.7,1
40,4,17.5,6.2,0.9,0.6,0,1.1,6.2,0.2,2.3,597.6,1
40,5,3,1,0,0,0,0,1,0,0.8,100,1
40,6,6,2,0,0,0,0,2,0,1.5,200.1,1
40,58,4,1.6,0.4,0,0,0.2,1.6,0.4,1.4,171.6,1
40,65,5,2.1,0.6,0.2,0,0.1,2.1,0.2,1.8,204.1,1
40,66,13,5.4,1.5,0.4,0,0.2,5.4,0.7,4.8,530.6,1
40,72,2,0.8,0.2,0.1,0,0.1,0.8,0.2,0.7,94.6,1
40,73,1,0.4,0.1,0,0,0,0.4,0.1,0.3,47.3,1
40,74,2,0.8,0.2,0.1,0,0.1,0.8,0.2,0.7,94.6,1
40,85,9,4.1,1.6,0.3,0,0.2,4.1,0.8,4,491.3,1
40,102,2,1,0.4,0.1,0,0.1,1,0.2,0.8,99.5,1
40,113,2,1.1,0.4,0.1,0,0.1,1.1,0.2,1,155.9,1
40,120,3,1.3,0.4,0.2,0,0.2,1.3,0.2,1.2,133.4,1
40,121,16,6.9,2.2,0.9,0,1.3,6.9,1.3,6.5,711.4,1
40,126,2,1,0.5,0.1,0,0,1,0.2,0.8,119.5,1
40,127,3,1.5,0.7,0.1,0,0.1,1.5,0.2,1.2,179.3,1
41,72,6,2.3,0.5,0.2,0,0.2,2.3,0.6,2,283.8,1
41,73,13,5,1.1,0.5,0,0.5,5,1.2,4.4,614.8,1
41,75,8,3.1,0.7,0.3,0,0.3,3.1,0.8,2.7,378.4,1
41,81,2,0.9,0.4,0.1,0,0.1,0.9,0.2,0.9,109.2,1
41,89,2,0.9,0.4,0.1,0,0.1,0.9,0.2,0.9,109.2,1
41,90,15,6.4,1.9,0.8,0,0,6.4,1.9,5.2,715.9,1
41,91,2,0.9,0.2,0.1,0,0,0.9,0.2,0.7,95.4,1
41,102,1,0.5,0.2,0,0,0,0.5,0.1,0.4,49.8,1
41,103,6,2.9,1.1,0.2,0,0.2,2.9,0.6,2.4,298.5,1
42,60,3,1.2,0.1,0,0,0,1.2,0.4,0.9,135.1,1
42,63,15,6,0.5,0,0,0,6,2,4.5,675.5,1
42,73,3,1.2,0.2,0.1,0,0.1,1.2,0.3,1,141.9,1
42,89,4,1.8,0.7,0.2,0,0.1,1.8,0.4,1.8,218.3,1
42,90,63.5,21,4,5,0,2,21,3,18,2244,0
43,55,11,4.4,0.7,0.3,0,0.9,4.4,0.6,3.1,435.8,1
43,99,4,1.7,0.5,0.2,0,0,1.7,0.5,1.4,190.9,1
43,102,2,1,0.4,0.1,0,0.1,1,0.2,0.8,99.5,1
43,103,3,1.4,0.6,0.1,0,0.1,1.4,0.3,1.2,149.3,1
44,6,4,1.3,0,0,0,0,1.3,0,1,133.4,1
44,51,17,6.8,1.5,0.2,0,0.7,6.8,1.5,5.8,729.5,1
44,52,10,4,0.9,0.1,0,0.4,4,0.9,3.4,429.1,1
44,55,18,7.2,1.1,0.5,0,1.4,7.2,0.9,5,713.1,1
44,56,21,8.4,1.3,0.6,0,1.7,8.4,1.1,5.9,831.9,1
44,57,13,5.2,0.8,0.3,0,1,5.2,0.7,3.6,515,1
44,75,7,2.8,1.1,0.3,0,0.5,2.8,0.5,1.9,304.8,1
44,76,13,5.2,2,0.5,0,1,5.2,1,3.5,566,1
44,100,1,0.5,0.2,0,0,0,0.5,0.1,0.4,49.8,1
45,51,5,2,0.4,0,0,0.2,2,0.4,1.7,214.6,1
45,52,22,8.8,1.9,0.2,0,0.9,8.8,1.9,7.5,944.1,1
45,53,3,1.2,0.3,0,0,0.1,1.2,0.3,1,128.7,1
45,54,16,6.4,1.4,0.2,0,0.6,6.4,1.4,5.5,686.6,1
45,55,50.5,26,10,0,0,3,26,7,12,2481,0
45,56,65.5,29,8,1,0,1,29,2,19,2719,0
45,57,16,6.4,1,0.4,0,1.3,6.4,0.8,4.5,633.9,1
45,75,23,9.3,3.5,0.9,0,1.8,9.3,1.8,6.2,1001.4,1
45,76,35,12,2,2,0,5,12,4,4,1201,0
45,99,5,2.1,0.6,0.2,0,0,2.1,0.6,1.8,238.6,1
45,100,6,2.9,1.1,0.2,0,0.2,2.9,0.6,2.4,298.5,1
45,102,10,4.8,1.9,0.3,0,0.3,4.8,0.9,4,497.5,1
45,114,7,3.9,1.3,0.2,0,0.4,3.9,0.9,3.5,545.8,1
45,115,5,2.8,0.9,0.2,0,0.3,2.8,0.6,2.5,389.8,1
46,53,10,4,0.9,0.1,0,0.4,4,0.9,3.4,429.1,1
46,55,17.5,7,1.1,0.5,0,1.4,7,0.9,4.9,693.3,1
46,56,21,14,7,0,0,2,14,1,12,1603,0
46,57,18,7.2,1.1,0.5,0,1.4,7.2,0.9,5,713.1,1
46,74,15,5.8,1.2,0.5,0,0.5,5.8,1.4,5.1,709.4,1
46,75,33,14,0,0,0,3,14,0,13,1439,0
46,76,24,13,5,0,0,1,13,1,8,1187,0
46,77,9,3.6,1.4,0.3,0,0.7,3.6,0.7,2.4,391.8,1
46,99,7,3,0.9,0.3,0,0,3,0.9,2.4,334.1,1
46,100,9,4.3,1.7,0.3,0,0.3,4.3,0.8,3.6,447.8,1
46,102,7,3.4,1.3,0.2,0,0.2,3.4,0.7,2.8,348.3,1
46,103,2,1,0.4,0.1,0,0.1,1,0.2,0.8,99.5,1
46,114,2,1.1,0.4,0.1,0,0.1,1.1,0.2,1,155.9,1
47,65,17,6.9,1.8,0.4,0,0,6.9,0.7,5.8,916.9,1
47,66,21.5,8.8,2.3,0.5,0,0,8.8,0.9,7.4,1159.6,1
47,67,8,3.3,0.9,0.2,0,0,3.3,0.3,2.8,431.5,1
47,74,11,4.3,0.9,0.4,0,0.4,4.3,1,3.8,520.2,1
47,75,27,13,3,0,0,1,13,2,11,1322,0
47,76,38,13,3,3,0,0,13,3,8,1394,0
47,77,35,20,9,0,0,2,20,5,13,2384,0
47,85,8,3.7,1.4,0.3,0,0.2,3.7,0.7,3.6,436.7,1
47,86,5,2.3,0.9,0.2,0,0.1,2.3,0.4,2.2,272.9,1
47,87,11.5,5.3,2.1,0.4,0,0.3,5.3,1,5.1,627.7,1
47,98,3,1.3,0.4,0.1,0,0,1.3,0.4,1,143.2,1
47,99,4,1.7,0.5,0.2,0,0,1.7,0.5,1.4,190.9,1
47,100,6,2.9,1.1,0.2,0,0.2,2.9,0.6,2.4,298.5,1
47,102,9.5,4.6,1.8,0.3,0,0.3,4.6,0.9,3.8,472.6,1
48,74,9,4.5,1.2,0,0,0,4.5,0.2,4.5,443,1
48,75,40,15,3,2,0,1,15,3,9,1353,0
48,76,38,23,12,0,0,3,23,3,12,2278,0
48,77,38,20,9,0,0,1,20,3,18,2047,0
48,78,4,2.1,0.9,0,0,0.2,2.1,0.1,1.8,248.3,1
48,79,2,1.1,0.5,0,0,0.1,1.1,0.1,0.9,124.1,1
48,80,2,0.6,0.1,0.2,0,0,0.6,0.1,0.6,79.9,1
48,81,12,3.9,0.5,1,0,0.2,3.9,0.5,3.9,479.3,1
48,85,2,0.8,0.2,0,0,0.1,0.8,0,0.8,106.4,1
48,86,5,2,0.6,0.1,0,0.2,2,0,2,265.9,1
48,87,37,15,2,1,0,1,15,4,11,1913,0
48,88,15,6.1,1.8,0.4,0,0.7,6.1,0,6.1,797.7,1
48,89,2,0.8,0.2,0,0,0.1,0.8,0,0.8,106.4,1
48,90,8,2.9,0.5,0.5,0,0.3,2.9,0.4,2.9,320.1,1
48,101,2,0.9,0.1,0,0,0,0.9,0.3,0.7,96.8,1
48,125,3,1.5,0.5,0,0,0.1,1.5,0.5,1.4,163.5,1
48,126,4,2,0.7,0,0,0.2,2,0.7,1.8,218,1
49,5,2,0.9,0.3,0,0,0,0.9,0.1,0.8,108.5,1
49,74,11,5.5,1.5,0,0,0,5.5,0.3,5.5,541.4,1
49,75,30,16,6,0,0,2,16,5,6,1729,0
49,76,10,5.3,2.4,0,0,0.4,5.3,0.3,4.6,620.7,1
49,77,15,7.9,3.5,0,0,0.7,7.9,0.4,6.8,931.1,1
49,79,7,3.7,1.6,0,0,0.3,3.7,0.2,3.2,434.5,1
49,80,15,4.8,0.6,1.3,0,0.2,4.8,0.6,4.8,599.2,1
49,81,14,4.5,0.6,1.2,0,0.2,4.5,0.6,4.5,559.2,1
49,85,8,3.3,1,0.2,0,0.4,3.3,0,3.3,425.4,1
49,86,3.5,1.4,0.4,0.1,0,0.2,1.4,0,1.4,186.1,1
49,93,2,0.7,0.1,0.1,0,0.1,0.7,0.1,0.7,80,1
49,116,3,1.3,0.5,0.1,0,0,1.3,0.2,1.3,158.3,1
49,125,5,2.5,0.8,0,0,0.2,2.5,0.8,2.3,272.5,1
50,5,4,1.8,0.7,0.1,0.1,0,1.7,0.2,1.7,216.9,1
50,65,2,1,0.5,0.1,0,0.1,1,0.3,0.7,126.4,1
50,75,4,2.1,0.9,0,0,0.2,2.1,0.1,1.8,248.3,1
50,77,5,2.6,1.2,0,0,0.2,2.6,0.1,2.3,310.4,1
50,78,6,3.2,1.4,0,0,0.3,3.2,0.2,2.7,372.4,1
50,79,5,2.6,1.2,0,0,0.2,2.6,0.1,2.3,310.4,1
50,85,3,1.2,0.4,0.1,0,0.1,1.2,0,1.2,159.5,1
50,86,2,0.8,0.2,0,0,0.1,0.8,0,0.8,106.4,1
50,87,1,0.4,0.1,0,0,0,0.4,0,0.4,53.2,1
50,95,2,1,0.4,0,0,0,1,0.4,0.9,103.1,1
50,101,22,9.5,1.6,0.3,0,0.3,9.5,3.3,7.5,1064.8,1
50,116,8,3.5,1.3,0.3,0,0,3.5,0.5,3.5,422.1,1
50,118,1,0.4,0.2,0,0,0,0.4,0.1,0.4,52.8,1
50,121,1,0.5,0.2,0,0,0,0.5,0.1,0.3,47.8,1
51,48,1,0.4,0.1,0,0,0,0.4,0,0.3,44.1,1
51,64,16.5,7.9,3.7,0.9,0,0.5,7.9,2.8,6,1042.7,1
51,75,36,16,2,0,0,3,16,2,16,2097,0
51,94,4,1.5,0.3,0.3,0,0.1,1.5,0.2,1.5,160.1,1
51,95,3,1.5,0.6,0.1,0,0,1.5,0.6,1.4,154.7,1
51,101,11,4.7,0.8,0.2,0,0.2,4.7,1.6,3.7,532.4,1
51,102,6,2.6,0.4,0.1,0,0.1,2.6,0.9,2,290.4,1
51,121,2,1,0.3,0,0,0,1,0.2,0.6,95.7,1
51,122,1,0.5,0.2,0,0,0,0.5,0.1,0.3,47.8,1
51,123,2,1,0.3,0,0,0,1,0.2,0.6,95.7,1
52,48,13,5.3,1.3,0.1,0,0.6,5.3,0.6,4.3,572.7,1
52,49,5,2.1,0.5,0,0,0.2,2.1,0.2,1.7,220.3,1
52,63,2,1,0.5,0.1,0,0.1,1,0.3,0.7,126.4,1
52,75,10,5.3,2.4,0,0,0.4,5.3,0.3,4.6,620.7,1
52,93,5,1.8,0.3,0.3,0,0.2,1.8,0.2,1.8,200.1,1
52,94,44,16.1,2.8,2.8,0,1.4,16.1,2.1,16.1,1760.7,1
52,95,5,2.4,1,0.1,0,0,2.4,0.9,2.3,257.8,1
52,99,1,0.5,0.2,0,0,0,0.5,0.2,0.5,51.6,1
52,100,2,0.9,0.1,0,0,0,0.9,0.3,0.7,96.8,1
52,101,1,0.4,0.1,0,0,0,0.4,0.1,0.3,48.4,1
52,102,19,8.2,1.4,0.3,0,0.3,8.2,2.8,6.5,919.6,1
52,103,4.5,1.9,0.3,0.1,0,0.1,1.9,0.7,1.5,217.8,1
52,106,3,1.1,0.2,0.1,0,0.2,1.1,0.1,1.1,141.5,1
52,121,18,8.6,2.9,0,0,0.4,8.6,2,5.7,861.1,1
52,122,18,8.6,2.9,0,0,0.4,8.6,2,5.7,861.1,1
52,123,2,1,0.3,0,0,0,1,0.2,0.6,95.7,1
53,48,7,2.9,0.7,0,0,0.3,2.9,0.3,2.3,308.4,1
53,49,26,12,2,0,0,2,12,1,11,1207,0
53,50,14,5.7,1.1,0.4,0,0.4,5.7,0.4,5.4,651.9,1
53,57,8,3.8,1.6,0,0,0,3.8,1.1,3.1,469.8,1
53,58,16,7.6,3.1,0,0,0,7.6,2.2,6.2,939.6,1
53,63,2,1,0.5,0.1,0,0.1,1,0.3,0.7,126.4,1
53,65,3,1.3,0.5,0,0,0,1.3,0.2,1.1,151.9,1
53,92,2,1,0.5,0,0,0,1,0.2,0.9,147.7,1
53,93,20,9.5,4.5,0.5,0,0,9.5,2.3,8.6,1476.8,1
53,95,12,5.9,2.5,0.3,0,0,5.9,2.2,5.6,618.7,1
53,96,3,1.5,0.6,0.1,0,0,1.5,0.6,1.4,154.7,1
53,98,1,0.5,0.2,0,0,0,0.5,0.2,0.5,51.6,1
53,99,3,1.5,0.6,0.1,0,0,1.5,0.6,1.4,154.7,1
53,106,7,2.7,0.5,0.2,0,0.5,2.7,0.2,2.7,330.2,1
53,107,4,1.5,0.3,0.1,0,0.3,1.5,0.1,1.5,188.7,1
53,121,22,11,5,1,0,0,11,1,11,1076,0
53,122,8,4,1.3,0,0,0.3,4,1.3,3.7,436,1
54,4,1,0.5,0.2,0,0,0,0.5,0,0.4,54.2,1
54,45,2,0.8,0.2,0,0,0.1,0.8,0.1,0.7,88.1,1
54,46,11,4.5,1.1,0.1,0,0.5,4.5,0.5,3.7,484.6,1
54,47,23,11,3,0,0,2,11,3,4,918,0
54,48,6,2.5,0.6,0,0,0.3,2.5,0.3,2,264.3,1
54,49,23,13,6,0,0,1,13,2,11,1642,0
54,50,20,8.2,1.5,0.5,0,0.5,8.2,0.5,7.7,931.3,1
54,57,1,0.5,0.2,0,0,0,0.5,0.1,0.4,58.7,1
54,62,7,3.4,1.6,0.4,0,0.2,3.4,1.2,2.6,442.3,1
54,63,6,2.9,1.4,0.3,0,0.2,2.9,1,2.2,379.2,1
54,71,5,2.5,0.7,0,0,0,2.5,0.1,2.5,246.1,1
54,72,1,0.5,0.1,0,0,0,0.5,0,0.5,49.2,1
54,82,6,1.9,0.3,0.5,0,0.1,1.9,0.3,1.9,239.7,1
54,95,7,3.4,1.5,0.2,0,0,3.4,1.3,3.3,360.9,1
54,99,1,0.5,0.2,0,0,0,0.5,0.2,0.5,51.6,1
54,100,3,1.1,0.2,0.1,0,0.2,1.1,0.1,1.1,141.5,1
54,103,3,1.1,0.2,0.1,0,0.2,1.1,0.1,1.1,141.5,1
54,106,1,0.4,0.1,0,0,0.1,0.4,0,0.4,47.2,1
54,107,5,1.9,0.3,0.2,0,0.3,1.9,0.2,1.9,235.9,1
54,121,4,2,0.7,0,0,0.2,2,0.7,1.8,218,1
55,46,20.5,8.4,2,0.1,0,0.9,8.4,1,6.8,903.2,1
55,47,43,15,2,1,0,0,15,0,14,1554,0
55,48,25,10.3,2.5,0.2,0,1.1,10.3,1.2,8.3,1101.4,1
55,49,43.5,20,6,0,0,3,20,2,11,1688,0
55,50,5,2.1,0.4,0.1,0,0.1,2.1,0.1,1.9,232.8,1
55,56,4,1.9,0.8,0,0,0,1.9,0.6,1.6,234.9,1
55,65,15,6.5,2.4,0,0,0,6.5,0.8,5.3,759.7,1
55,66,8,3.5,1.3,0,0,0,3.5,0.4,2.8,405.2,1
55,71,6,3,0.8,0,0,0,3,0.2,3,295.3,1
55,72,4,2,0.6,0,0,0,2,0.1,2,196.9,1
55,81,12.5,4,0.5,1,0,0.2,4,0.5,4,499.3,1
55,87,2,1,0.3,0,0,0.1,1,0.1,1,128.7,1
55,88,2,1,0.3,0,0,0.1,1,0.1,1,128.7,1
56,3,1,0.5,0.2,0,0,0,0.5,0,0.4,54.2,1
56,47,21.5,8.8,2.1,0.2,0,0.9,8.8,1.1,7.2,947.2,1
56,48,11,4.5,1.1,0.1,0,0.5,4.5,0.5,3.7,484.6,1
56,56,7,3.3,1.4,0,0,0,3.3,1,2.7,411.1,1
56,78,2,0.8,0.2,0,0,0,0.8,0,0.6,88.3,1
56,79,23.5,9.6,2.5,0.5,0,0.5,9.6,0.5,7.6,1038,1
56,80,6,1.9,0.3,0.5,0,0.1,1.9,0.3,1.9,239.7,1
56,81,4,1.3,0.2,0.3,0,0.1,1.3,0.2,1.3,159.8,1
56,86,2,1,0.3,0,0,0.1,1,0.1,1,128.7,1
56,87,17,8.8,2.2,0,0,0.5,8.8,1.1,8.2,1094,1
56,88,4,2.1,0.5,0,0,0.1,2.1,0.3,1.9,257.4,1
56,89,2,1,0.3,0,0,0.1,1,0.1,1,128.7,1
56,90,3,1.4,0.7,0.1,0,0,1.4,0.3,1.3,221.5,1
56,107,3,1.1,0.2,0.1,0,0.2,1.1,0.1,1.1,141.5,1
57,0,5,2.3,0.9,0.1,0.1,0,2.2,0.2,2.1,271.2,1
57,5,2,0.9,0.3,0,0,0,0.9,0.1,0.8,108.5,1
57,26,2,0.8,0.1,0.1,0,0,0.8,0,0.7,74.9,1
57,31,4,1.5,0.3,0.2,0,0.1,1.5,0,1.3,149.8,1
57,32,13,5,0.9,0.6,0,0.3,5,0,4.3,486.9,1
57,35,23,8.8,1.6,1.1,0,0.5,8.8,0,7.7,861.4,1
57,47,4,1.6,0.4,0,0,0.2,1.6,0.2,1.3,176.2,1
57,48,12,4.9,1.2,0.1,0,0.5,4.9,0.6,4,528.7,1
57,49,2,0.8,0.2,0,0,0.1,0.8,0.1,0.7,88.1,1
57,69,11,4.8,1.8,0,0,0,4.8,0.6,3.9,557.1,1
57,75,2,0.8,0.2,0,0,0,0.8,0,0.6,88.3,1
57,76,4,1.6,0.4,0.1,0,0.1,1.6,0.1,1.3,176.7,1
57,78,7,2.9,0.8,0.2,0,0.2,2.9,0.2,2.3,309.2,1
57,79,8,3.3,0.9,0.2,0,0.2,3.3,0.2,2.6,353.4,1
57,87,2,1,0.3,0,0,0.1,1,0.1,1,128.7,1
57,90,16,7.6,3.6,0.4,0,0,7.6,1.8,6.9,1181.5,1
57,91,3,1.4,0.7,0.1,0,0,1.4,0.3,1.3,221.5,1
57,97,5,2.4,1,0.1,0,0,2.4,0.9,2.3,257.8,1
58,10,2,0.9,0.3,0,0,0,0.9,0,0.8,104.4,1
58,12,3,1.3,0.5,0,0,0,1.3,0,1.2,156.6,1
58,13,2,0.9,0.3,0,0,0,0.9,0,0.8,104.4,1
58,32,3,1.2,0.4,0.2,0,0.1,1.2,0.2,1,126,1
58,34,6,2.4,0.7,0.3,0,0.2,2.4,0.3,1.9,252,1
58,35,18,7.5,2.3,0.5,0,0.2,7.5,0.8,6,857,1
58,36,1,0.4,0.1,0,0,0,0.4,0,0.3,47.6,1
58,37,9,3.8,1.1,0.2,0,0.1,3.8,0.4,3,428.5,1
58,44,11,5.1,1.4,0,0,0.8,5.1,0,3.9,599.6,1
58,45,11,4.8,1.3,0.5,0,0.8,4.8,0.8,4,514.6,1
58,46,23,11,3,0,0,0,11,1,10,926,0
58,47,4,1.8,0.5,0.2,0,0.3,1.8,0.3,1.5,187.1,1
58,48,1,0.4,0.1,0,0,0.1,0.4,0.1,0.4,46.8,1
58,66,4,1.8,0.6,0.1,0,0.2,1.8,0.3,1.3,209.6,1
58,67,12,5.4,1.7,0.3,0,0.5,5.4,0.8,3.9,628.9,1
58,68,1,0.4,0.1,0,0,0,0.4,0.1,0.3,52.4,1
58,73,10,4.2,0.6,0,0,0.3,4.2,0.8,4.2,571.1,1
58,76,2,0.8,0.1,0,0,0.1,0.8,0.2,0.8,114.2,1
58,77,2,0.8,0.1,0,0,0.1,0.8,0.2,0.8,114.2,1
58,80,12,5,0.8,0.3,0,0.3,5,0.6,5,552.3,1
58,81,10,4.2,0.7,0.2,0,0.2,4.2,0.5,4.2,460.2,1
58,90,4,1.9,0.3,0,0,0.5,1.9,0.5,1.8,281,1
58,97,10,5.4,3,0.4,0,0,5.4,0.6,4.8,693.2,1
58,98,13,7,3.9,0.5,0,0,7,0.7,6.3,901.1,1
58,99,13,7,3.9,0.5,0,0,7,0.7,6.3,901.1,1
58,100,9,3.9,0.9,0.2,0,0.2,3.9,1.5,3.6,393.9,1
58,101,2,0.9,0.2,0,0,0,0.9,0.3,0.8,87.5,1
58,111,3,1.3,0.5,0.1,0,0,1.3,0.2,1.3,158.3,1
58,117,5,2.2,0.8,0.2,0,0,2.2,0.3,2.2,263.8,1
59,26,5,2.1,0.5,0,0,0,2.1,0,2,223.9,1
59,29,4,1.7,0.4,0,0,0,1.7,0,1.6,179.1,1
59,30,1,0.4,0.1,0.1,0,0,0.4,0.1,0.3,42,1
59,31,2,0.8,0.2,0.1,0,0.1,0.8,0.1,0.6,84,1
59,32,24,9.5,3,1.3,0,0.7,9.5,1.3,7.6,1008,1
59,34,29,11.5,3.6,1.6,0,0.9,11.5,1.6,9.2,1218,1
59,35,5,2.1,0.6,0.1,0,0,2.1,0.2,1.7,238,1
59,37,26,10.8,3.3,0.7,0,0.2,10.8,1.1,8.6,1237.8,1
59,38,16,11,7,0,0,1,11,2,7,922,0
59,43,4,1.9,0.5,0,0,0.3,1.9,0,1.4,218,1
59,44,38.5,18,5,0,0,2.9,18,0,13.7,2098.4,1
59,45,18,7.9,2.2,0.9,0,1.3,7.9,1.3,6.6,842,1
59,50,4,1.8,0.6,0.1,0,0.2,1.8,0.3,1.6,212.7,1
59,51,22,10,3.5,0.3,0,0.9,10,1.5,8.8,1170.1,1
59,66,7,3.1,1,0.2,0,0.3,3.1,0.5,2.3,366.9,1
59,67,12,5.4,1.7,0.3,0,0.5,5.4,0.8,3.9,628.9,1
59,72,6,2.5,0.3,0,0,0.2,2.5,0.5,2.5,342.7,1
59,73,10,4.2,0.6,0,0,0.3,4.2,0.8,4.2,571.1,1
59,95,7,3.8,2.1,0.3,0,0,3.8,0.4,3.4,485.2,1
59,96,1,0.5,0.3,0,0,0,0.5,0.1,0.5,69.3,1
59,98,3,1.6,0.9,0.1,0,0,1.6,0.2,1.4,208,1
59,101,2,0.9,0.2,0,0,0,0.9,0.3,0.8,87.5,1
59,118,1,0.4,0.2,0,0,0,0.4,0.1,0.4,52.8,1
59,119,9,3.9,1.5,0.3,0,0,3.9,0.6,3.9,474.9,1
59,120,1,0.5,0.1,0,0,0,0.5,0.1,0.4,60.7,1
60,5,3,1.4,0.5,0.1,0.1,0,1.3,0.1,1.3,162.7,1
60,20,7,2.9,0.7,0,0,0,2.9,0,2.8,313.4,1
60,21,8,3.3,0.8,0,0,0,3.3,0,3.2,358.2,1
60,29,2,0.8,0.2,0,0,0,0.8,0,0.8,89.5,1
60,30,1,0.4,0.1,0.1,0,0,0.4,0.1,0.3,42,1
60,32,20,7.9,2.5,1.1,0,0.6,7.9,1.1,6.4,840,1
60,33,33,14,3,1,0,2,14,1,12,1372,0
60,34,17,6.7,2.1,0.9,0,0.5,6.7,0.9,5.4,714,1
60,35,20,8.3,2.6,0.5,0,0.2,8.3,0.9,6.6,952.2,1
60,36,3,1.3,0.4,0.1,0,0,1.3,0.1,1,142.8,1
60,37,2,0.8,0.3,0.1,0,0,0.8,0.1,0.7,95.2,1
60,38,11,4.6,1.4,0.3,0,0.1,4.6,0.5,3.7,523.7,1
60,50,7,3.2,1.1,0.1,0,0.3,3.2,0.5,2.8,372.3,1
60,51,4,1.8,0.6,0.1,0,0.2,1.8,0.3,1.6,212.7,1
60,52,4,1.8,0.6,0.1,0,0.2,1.8,0.3,1.6,212.7,1
60,65,2,0.9,0.3,0.1,0,0.1,0.9,0.1,0.7,104.8,1
60,66,6,2.7,0.9,0.2,0,0.2,2.7,0.4,2,314.4,1
60,67,5,2.2,0.7,0.1,0,0.2,2.2,0.3,1.6,262,1
60,72,4,1.7,0.2,0,0,0.1,1.7,0.3,1.7,228.4,1
60,99,1,0.5,0.3,0,0,0,0.5,0.1,0.5,69.3,1
60,102,2,0.9,0.2,0,0,0,0.9,0.3,0.8,87.5,1
61,0,6,2.8,1,0.1,0.1,0,2.7,0.2,2.5,325.4,1
61,2,3,1.4,0.5,0.1,0.1,0,1.3,0.1,1.3,162.7,1
61,7,1,0.5,0.2,0,0,0,0.5,0,0.4,54.2,1
61,8,3,1.4,0.5,0.1,0.1,0,1.3,0.1,1.3,162.7,1
61,9,2,0.9,0.3,0,0,0,0.9,0.1,0.8,108.5,1
61,18,18,8.1,2.8,0,0,0,8.1,0,7.1,939.8,1
61,21,5,2.1,0.5,0,0,0,2.1,0,2,223.9,1
61,22,10,4.2,1,0,0,0,4.2,0,4,447.7,1
61,32,2,0.8,0.2,0.1,0,0.1,0.8,0.1,0.6,84,1
61,33,22,8.7,2.7,1.2,0,0.7,8.7,1.2,7,924,1
61,34,42,21,9,2,1,5,20,5,8,1819,0
61,35,17.5,7.3,2.2,0.4,0,0.1,7.3,0.7,5.8,833.1,1
61,36,5,2.1,0.6,0.1,0,0,2.1,0.2,1.7,238,1
61,50,14,6.3,2.2,0.2,0,0.6,6.3,0.9,5.6,744.6,1
61,51,2,0.9,0.3,0,0,0.1,0.9,0.1,0.8,106.4,1
61,66,2,0.9,0.3,0.1,0,0.1,0.9,0.1,0.7,104.8,1
61,68,2,0.9,0.3,0.1,0,0.1,0.9,0.1,0.7,104.8,1
61,69,17,7.6,2.5,0.4,0,0.7,7.6,1.1,5.6,890.9,1
61,102,2,0.9,0.2,0,0,0,0.9,0.3,0.8,87.5,1
61,103,2,0.9,0.2,0,0,0,0.9,0.3,0.8,87.5,1
61,120,4,1.8,0.4,0.1,0,0.1,1.8,0.5,1.7,242.9,1
62,0,7,3.2,1.2,0.1,0.1,0,3.1,0.3,3,379.6,1
62,10,6,2.7,0.9,0,0,0,2.7,0,2.4,313.3,1
62,11,1,0.4,0.2,0,0,0,0.4,0,0.4,52.2,1
62,17,6,2.7,0.9,0,0,0,2.7,0,2.4,313.3,1
62,18,34.5,13,4,1,0,2,13,1,10,1364,0
62,19,26,12,4,1,0,1,12,1,7,1391,0
62,21,7,2.9,0.7,0,0,0,2.9,0,2.8,313.4,1
62,34,2,0.8,0.2,0.1,0,0.1,0.8,0.1,0.6,84,1
62,49,7,3.1,0.9,0.3,0,0.5,3.1,0.5,2.6,327.5,1
62,50,18,8.2,2.9,0.2,0,0.7,8.2,1.2,7.2,957.4,1
62,66,3,1.3,0.4,0.1,0,0.1,1.3,0.2,1,157.2,1
62,69,3,1.3,0.4,0.1,0,0.1,1.3,0.2,1,157.2,1
62,72,2,0.8,0.1,0,0,0.1,0.8,0.2,0.8,114.2,1
62,88,5,2.1,0.3,0.1,0,0.1,2.1,0.2,2.1,230.1,1
62,89,5,2.1,0.3,0.1,0,0.1,2.1,0.2,2.1,230.1,1
62,98,6,3.2,1.8,0.2,0,0,3.2,0.3,2.9,415.9,1
62,103,21,9,2,0.5,0,0.5,9,3.5,8.5,919,1
62,104,2,0.9,0.2,0,0,0,0.9,0.3,0.8,87.5,1
62,120,6,2.8,0.6,0.2,0,0.2,2.8,0.8,2.6,364.3,1
62,121,5,2.3,0.5,0.1,0,0.1,2.3,0.6,2.2,303.6,1
62,123,5,2.3,0.5,0.1,0,0.1,2.3,0.6,2.2,303.6,1
62,124,1,0.5,0.1,0,0,0,0.5,0.1,0.4,60.7,1
63,2,1,0.5,0.2,0,0,0,0.5,0,0.4,54.2,1
63,8,2,0.6,0,0,0,0,0.6,0,0.6,75.3,1
63,9,5,1.6,0.1,0,0,0,1.6,0,1.6,188.2,1
63,10,1,0.5,0.1,0,0,0.1,0.5,0,0.4,49,1
63,11,4,1.9,0.4,0,0,0.3,1.9,0.1,1.6,195.9,1
63,12,5,2.3,0.4,0,0,0.3,2.3,0.1,2,244.9,1
63,13,3,1.4,0.3,0,0,0.2,1.4,0.1,1.2,146.9,1
63,14,2,0.9,0.2,0,0,0.1,0.9,0.1,0.8,98,1
63,18,2,0.7,0.1,0,0,0,0.7,0.1,0.7,74.3,1
63,19,28,10.3,1.2,0.3,0,0.6,10.3,0.9,9.4,1040.1,1
63,25,2,0.9,0.2,0.1,0,0.1,0.9,0.2,0.7,96.7,1
63,32,13,5.7,2.4,0.5,0,0.3,5.7,0.8,5.1,581.8,1
63,40,7,3.2,0.8,0,0.1,0,3.1,0.1,2.8,353.1,1
63,53,16.5,6.6,1.8,0.3,0,0.3,6.6,1,5.2,781.1,1
63,54,4,1.6,0.4,0.1,0,0.1,1.6,0.2,1.2,189.3,1
63,55,8,3.2,0.9,0.2,0,0.2,3.2,0.5,2.5,378.7,1
63,64,1,0.4,0.1,0,0,0,0.4,0.1,0.3,41.9,1
63,65,7,2.7,0.8,0.2,0,0,2.7,0.7,1.8,293.5,1
63,66,6,2.3,0.7,0.2,0,0,2.3,0.6,1.6,251.6,1
63,74,8,3.3,0.7,0.1,0,0.3,3.3,0.9,2.9,439.3,1
63,89,11,4.6,0.8,0.3,0,0.3,4.6,0.5,4.6,506.3,1
63,123,2,0.9,0.2,0.1,0,0.1,0.9,0.3,0.9,121.4,1
63,124,1,0.5,0.1,0,0,0,0.5,0.1,0.4,60.7,1
63,126,1,0.5,0.2,0,0,0.1,0.5,0.1,0.4,56.9,1
64,0,11,5.1,1.9,0.2,0.2,0,4.9,0.4,4.7,596.5,1
64,9,7.5,2.4,0.2,0,0,0,2.4,0,2.4,282.2,1
64,10,9,4.2,0.8,0,0,0.6,4.2,0.3,3.6,440.8,1
64,11,3,1.4,0.3,0,0,0.2,1.4,0.1,1.2,146.9,1
64,12,6,2.8,0.5,0,0,0.4,2.8,0.2,2.4,293.9,1
64,19,18,6.6,0.8,0.2,0,0.4,6.6,0.6,6.1,668.7,1
64,20,5,2,0.4,0.2,0,0.2,2,0.1,1.8,208.3,1
64,26,1,0.4,0.1,0,0,0,0.4,0.1,0.4,48.3,1
64,27,7,3.1,0.8,0.2,0,0.2,3.1,0.6,2.5,338.3,1
64,31,2,0.9,0.4,0.1,0,0,0.9,0.1,0.8,89.5,1
64,32,11,4.8,2.1,0.5,0,0.2,4.8,0.7,4.4,492.2,1
64,38,1,0.4,0.2,0,0,0,0.4,0.1,0.4,44.8,1
64,39,42.5,20,9,1,2,4,18,4,9,2027,0
64,40,32.5,13,5,1,0,1,13,1,11,1317,0
64,41,4,1.8,0.5,0,0,0,1.8,0.1,1.6,201.8,1
64,54,14,5.6,1.5,0.3,0,0.3,5.6,0.8,4.4,662.7,1
64,55,19.5,7.8,2.1,0.4,0,0.4,7.8,1.1,6.1,923.1,1
64,56,2,0.8,0.2,0,0,0,0.8,0.1,0.6,94.7,1
64,65,6,2.3,0.7,0.2,0,0,2.3,0.6,1.6,251.6,1
64,66,7,2.7,0.8,0.2,0,0,2.7,0.7,1.8,293.5,1
64,69,6,2.3,0.7,0.2,0,0,2.3,0.6,1.6,251.6,1
64,70,9,3.8,0.8,0.2,0,0.3,3.8,1,3.3,494.2,1
64,73,4,1.7,0.4,0.1,0,0.1,1.7,0.4,1.5,219.6,1
64,74,14,5.9,1.3,0.3,0,0.5,5.9,1.5,5.1,768.7,1
64,99,4,1.9,0.3,0,0,0.5,1.9,0.5,1.8,281,1
64,124,6,2.8,0.6,0.2,0,0.2,2.8,0.8,2.6,364.3,1
64,125,1,0.5,0.2,0,0,0.1,0.5,0.1,0.4,56.9,1
64,126,2,1,0.3,0,0,0.2,1,0.2,0.9,113.7,1
65,10,28,13,2.5,0,0,1.9,13,0.8,11.1,1371.4,1
65,11,3,1.4,0.3,0,0,0.2,1.4,0.1,1.2,146.9,1
65,12,4,1.9,0.4,0,0,0.3,1.9,0.1,1.6,195.9,1
65,18,5,1.8,0.2,0.1,0,0.1,1.8,0.2,1.7,185.7,1
65,19,5,1.8,0.2,0.1,0,0.1,1.8,0.2,1.7,185.7,1
65,20,2,0.8,0.2,0.1,0,0.1,0.8,0,0.7,83.3,1
65,24,13,5.3,1.1,0.4,0,0.4,5.3,0.2,4.8,541.6,1
65,25,3,1.3,0.3,0.1,0,0.1,1.3,0.3,1.1,145,1
65,26,5,2.2,0.6,0.1,0,0.1,2.2,0.4,1.8,241.7,1
65,27,10,4.5,1.2,0.3,0,0.3,4.5,0.9,3.6,483.3,1
65,38,6,2.6,1.1,0.2,0,0.1,2.6,0.4,2.4,268.5,1
65,39,14,6.1,2.6,0.6,0,0.3,6.1,0.9,5.5,626.5,1
65,40,16.5,7.5,1.9,0,0.1,0,7.4,0.3,6.7,832.4,1
65,41,14,6.4,1.6,0,0.1,0,6.3,0.2,5.7,706.3,1
65,43,9,4.1,1,0,0.1,0,4,0.1,3.7,454,1
65,55,19,7.6,2,0.4,0,0.4,7.6,1.1,5.9,899.4,1
65,56,13.5,5.4,1.4,0.3,0,0.3,5.4,0.8,4.2,639,1
65,57,6,2.4,0.6,0.1,0,0.1,2.4,0.4,1.9,284,1
65,64,9,3.4,1.1,0.2,0,0,3.4,0.9,2.4,377.4,1
65,67,3,1.1,0.4,0.1,0,0,1.1,0.3,0.8,125.8,1
65,69,9,3.4,1.1,0.2,0,0,3.4,0.9,2.4,377.4,1
65,70,29,12,2,0,0,3,12,1,10,1229,0
65,71,4,1.7,0.4,0.1,0,0.1,1.7,0.4,1.5,219.6,1
65,99,12,5.8,1,0,0,1.4,5.8,1.4,5.3,842.9,1
65,124,2,0.9,0.2,0.1,0,0.1,0.9,0.3,0.9,121.4,1
65,127,2,1,0.3,0,0,0.2,1,0.2,0.9,113.7,1
66,10,24,11.1,2.1,0,0,1.6,11.1,0.7,9.5,1175.5,1
66,14,4,1.9,0.4,0,0,0.3,1.9,0.1,1.6,195.9,1
66,15,4,1.5,0.2,0,0,0.1,1.5,0.1,1.3,148.6,1
66,18,14,5.2,0.6,0.1,0,0.3,5.2,0.4,4.7,520.1,1
66,19,64.5,20,2,3,0,2,20,2,18,2037,0
66,20,56.5,21,1,1,0,3,21,1,19,1895,0
66,21,25.5,10.4,2.2,0.9,0,0.9,10.4,0.4,9.3,1062.3,1
66,22,29,11.8,2.5,1,0,1,11.8,0.5,10.6,1208.1,1
66,23,4,1.6,0.3,0.1,0,0.1,1.6,0.1,1.5,166.6,1
66,24,3,1.2,0.3,0.1,0,0.1,1.2,0.1,1.1,125,1
66,25,6,2.7,0.7,0.2,0,0.2,2.7,0.5,2.2,290,1
66,26,5,2.2,0.6,0.1,0,0.1,2.2,0.4,1.8,241.7,1
66,39,1,0.4,0.2,0,0,0,0.4,0.1,0.4,44.8,1
66,40,31.5,14,3,0,0,2,14,1,11,1443,0
66,41,16,7.3,1.9,0,0.1,0,7.2,0.3,6.5,807.2,1
66,42,34.5,16,4,0,0,2,16,3,12,1931,0
66,43,14,6.4,1.6,0,0.1,0,6.3,0.2,5.7,706.3,1
66,69,20,7.6,2.4,0.5,0,0,7.6,2.1,5.3,838.7,1
66,70,16,6.7,1.5,0.3,0,0.6,6.7,1.7,5.8,878.5,1
66,104,3,1.7,0.8,0.1,0,0,1.7,0.7,1.6,205.8,1
66,105,14,7.9,3.9,0.4,0,0,7.9,3.1,7.4,960.3,1
66,123,2,0.9,0.2,0.1,0,0.1,0.9,0.3,0.9,121.4,1
66,124,3,1.4,0.3,0.1,0,0.1,1.4,0.4,1.3,182.2,1
66,125,2,1,0.3,0,0,0.2,1,0.2,0.9,113.7,1
67,9,29,9.3,0.7,0,0,0,9.3,0,9.3,1091.3,1
67,10,12,5.6,1.1,0,0,0.8,5.6,0.4,4.8,587.7,1
67,11,6,2.8,0.5,0,0,0.4,2.8,0.2,2.4,293.9,1
67,12,17,7.9,1.5,0,0,1.1,7.9,0.5,6.8,832.6,1
67,13,2,0.9,0.2,0,0,0.1,0.9,0.1,0.8,98,1
67,14,3,1.4,0.3,0,0,0.2,1.4,0.1,1.2,146.9,1
67,15,38,16,6,1,0,1,16,1,9,1413,0
67,16,40.5,18,8,2,0,1,18,2,15,1900,0
67,17,3,1.1,0.1,0,0,0.1,1.1,0.1,1,111.4,1
67,18,1,0.4,0,0,0,0,0.4,0,0.3,37.1,1
67,19,15,5.5,0.6,0.2,0,0.3,5.5,0.5,5.1,557.2,1
67,20,50,21,2,0,0,5,21,1,18,1997,0
67,21,18,7.4,1.5,0.6,0,0.6,7.4,0.3,6.6,749.9,1
67,22,40,13,2,2,0,3,13,2,9,1435,0
67,23,22,11,5,0,0,0,11,2,9,1117,0
67,24,18,7.4,1.5,0.6,0,0.6,7.4,0.3,6.6,749.9,1
67,26,10,4.5,1.2,0.3,0,0.3,4.5,0.9,3.6,483.3,1
67,27,20.5,9.1,2.4,0.6,0,0.6,9.1,1.8,7.4,990.8,1
67,41,11,5,1.3,0,0.1,0,4.9,0.2,4.5,554.9,1
67,42,17,7.8,2,0,0.2,0,7.6,0.3,6.9,857.6,1
67,43,58.5,26,9,0,0,5,26,2,17,2400,0
67,44,12,5.5,1.4,0,0.1,0,5.4,0.2,4.9,605.4,1
67,67,2,0.8,0.2,0.1,0,0,0.8,0.2,0.5,83.9,1
67,90,5,2.4,0.4,0,0,0.6,2.4,0.6,2.2,351.2,1
67,106,15,8.4,4.2,0.5,0,0,8.4,3.3,8,1028.9,1
67,123,1,0.5,0.1,0,0,0,0.5,0.1,0.4,60.7,1
67,126,3,1.4,0.5,0,0,0.3,1.4,0.3,1.3,170.6,1
68,4,4,1.7,0.5,0.1,0,0.1,1.7,0.2,1.4,197.4,1
68,8,29.5,11,2,0,0,0,11,1,11,1246,0
68,9,74,23,4,2,0,2,23,2,17,2582,0
68,10,41,18,6,1,2,1,16,1,11,1837,0
68,11,24,10.5,2.7,0.2,0,0.9,10.5,0.6,8.8,1080.8,1
68,12,53,25,6,1,0,3,25,5,11,2360,0
68,13,15.5,6.8,1.8,0.1,0,0.6,6.8,0.4,5.7,698,1
68,14,4,1.8,0.5,0,0,0.2,1.8,0.1,1.5,180.1,1
68,15,4,1.8,0.5,0.1,0,0.1,1.8,0.1,1.6,186.4,1
68,16,1,0.4,0.1,0,0,0,0.4,0,0.4,46.6,1
68,20,23,9.2,1.9,0.3,0,0.5,9.2,1.2,8.2,980.2,1
68,22,2,0.8,0.2,0,0,0,0.8,0.1,0.7,85.2,1
68,23,18,7.2,1.5,0.3,0,0.4,7.2,1,6.4,767.1,1
68,24,10,4,0.8,0.2,0,0.2,4,0.5,3.6,426.2,1
68,25,2,0.8,0.2,0,0,0,0.8,0.1,0.7,85.2,1
68,42,11,4.1,0.8,0,0,0.5,4.1,0.5,3.1,535.9,1
68,43,4,1.5,0.3,0,0,0.2,1.5,0.2,1.1,194.9,1
68,44,4,1.5,0.3,0,0,0.2,1.5,0.2,1.1,194.9,1
68,65,13,5.5,1.4,0,0.2,0.5,5.3,0.9,3.9,582.3,1
68,69,7,2.9,0.7,0,0.1,0.2,2.8,0.5,2.1,313.5,1
68,70,11,4.8,1.1,0,0,0,4.8,1.1,4.1,503.4,1
68,100,6,2.8,0.6,0,0,0.1,2.8,0.6,2.7,329.6,1
68,101,4,1.9,0.4,0,0,0.1,1.9,0.4,1.8,219.7,1
68,105,3,1.4,0.3,0,0,0.1,1.4,0.3,1.4,164.8,1
68,107,6,2.8,0.6,0,0,0.1,2.8,0.6,2.7,329.6,1
69,3,6,2.6,0.7,0.1,0,0.1,2.6,0.2,2.2,296.1,1
69,4,4,1.7,0.5,0.1,0,0.1,1.7,0.2,1.4,197.4,1
69,5,20,8.7,2.3,0.4,0,0.4,8.7,0.8,7.2,986.8,1
69,6,9.5,4.1,1.1,0.2,0,0.2,4.1,0.4,3.4,468.8,1
69,8,2,0.9,0.2,0,0,0,0.9,0.1,0.7,98.7,1
69,9,20,8.7,2.3,0.4,0,0.4,8.7,0.8,7.2,986.8,1
69,10,15,6.6,1.7,0.1,0,0.6,6.6,0.4,5.5,675.5,1
69,11,32,13,4,2,0,2,13,1,11,1258,0
69,12,39,16,6,2,0,1,16,1,14,1551,0
69,13,1,0.4,0.1,0,0,0,0.4,0,0.4,45,1
69,18,15,6.6,1.7,0.3,0,0.3,6.6,0.3,5.9,699.1,1
69,19,3,1.3,0.3,0.1,0,0.1,1.3,0.1,1.2,139.8,1
69,20,15,6,1.2,0.2,0,0.3,6,0.8,5.3,639.3,1
69,24,3,1.2,0.2,0,0,0.1,1.2,0.2,1.1,127.9,1
69,43,37,16,5,2,0,1,16,4,8,1807,0
69,57,3,1.5,0.6,0,0,0.1,1.5,0.5,1.1,135.2,1
69,59,1,0.5,0.2,0,0,0,0.5,0.2,0.4,45.1,1
69,62,3,1.5,0.7,0.1,0,0.1,1.5,0.3,1,142.1,1
69,63,1,0.5,0.2,0,0,0,0.5,0.1,0.3,47.4,1
69,65,6,2.5,0.6,0,0.1,0.2,2.4,0.4,1.8,268.7,1
69,68,3,1.3,0.3,0,0.1,0.1,1.2,0.2,0.9,134.4,1
69,69,1,0.4,0.1,0,0,0,0.4,0.1,0.3,44.8,1
69,85,2,1,0.5,0.1,0,0.1,1,0.3,0.8,105.7,1
70,5,8,3.5,0.9,0.2,0,0.2,3.5,0.3,2.9,394.7,1
70,16,4,1.8,0.5,0.1,0,0.1,1.8,0.1,1.6,186.4,1
70,18,14,6.2,1.6,0.3,0,0.3,6.2,0.3,5.5,652.5,1
70,19,33.5,12,3,1,0,2,12,0,7,1054,0
70,20,6,2.4,0.5,0.1,0,0.1,2.4,0.3,2.1,255.7,1
70,30,2,0.9,0.3,0,0,0.1,0.9,0,0.7,100.8,1
70,31,16,7.1,2.2,0.3,0,0.5,7.1,0,6,806.5,1
70,32,4,1.8,0.5,0.1,0,0.1,1.8,0,1.5,201.6,1
70,42,5,1.9,0.3,0,0,0.2,1.9,0.2,1.4,243.6,1
70,43,11,4.1,0.8,0,0,0.5,4.1,0.5,3.1,535.9,1
70,57,9,4.5,1.8,0,0,0.3,4.5,1.5,3.3,405.6,1
70,58,2,1,0.4,0,0,0.1,1,0.3,0.7,90.1,1
70,59,4,2,0.8,0,0,0.1,2,0.7,1.5,180.3,1
70,62,1,0.5,0.2,0,0,0,0.5,0.1,0.3,47.4,1
70,64,5,2.4,1.1,0.1,0,0.1,2.4,0.5,1.7,236.8,1
70,65,1,0.4,0.1,0,0,0,0.4,0.1,0.3,44.8,1
70,68,7,2.9,0.7,0,0.1,0.2,2.8,0.5,2.1,313.5,1
70,69,7,2.9,0.7,0,0.1,0.2,2.8,0.5,2.1,313.5,1
70,85,1,0.5,0.2,0,0,0,0.5,0.1,0.4,52.8,1
70,88,1,0.5,0.2,0,0,0,0.5,0.1,0.4,52.8,1
70,108,2,0.9,0.2,0,0,0,0.9,0.2,0.9,109.9,1
71,6,2,0.9,0.2,0,0,0,0.9,0.1,0.7,98.7,1
71,7,1,0.4,0.1,0,0,0,0.4,0,0.4,49.3,1
71,9,3,1.3,0.3,0.1,0,0.1,1.3,0.1,1.1,148,1
71,10,13,5.7,1.5,0.1,0,0.5,5.7,0.3,4.8,585.5,1
71,11,26,11.4,3,0.2,0,1,11.4,0.7,9.6,1170.9,1
71,18,2,0.9,0.2,0,0,0,0.9,0,0.8,93.2,1
71,28,3,1.2,0.2,0,0,0.1,1.2,0.2,1.1,127.9,1
71,29,2,0.8,0.2,0,0,0,0.8,0.1,0.7,85.2,1
71,30,8,3.5,1.1,0.1,0,0.3,3.5,0,3,403.3,1
71,31,31,12,5,1,0,1,12,6,8,1020,0
71,32,11,4.8,1.5,0.2,0,0.4,4.8,0,4.1,554.5,1
71,57,6,3,1.2,0,0,0.2,3,1,2.2,270.4,1
71,64,1,0.5,0.2,0,0,0,0.5,0.1,0.3,47.4,1
71,68,8,3.4,0.8,0,0.2,0.3,3.2,0.6,2.4,358.3,1
71,88,10,4.8,2.4,0.5,0,0.5,4.8,1.4,4,528.3,1
71,89,7,3.3,1.7,0.3,0,0.3,3.3,1,2.8,369.8,1
72,9,22,9.6,2.5,0.4,0,0.4,9.6,0.8,7.9,1085.5,1
72,10,19,8.3,2.2,0.1,0,0.7,8.3,0.5,7,855.7,1
72,11,24,10.5,2.7,0.2,0,0.9,10.5,0.6,8.8,1080.8,1
72,12,7,3.1,0.8,0,0,0.3,3.1,0.2,2.6,315.2,1
72,13,4,1.8,0.5,0,0,0.2,1.8,0.1,1.5,180.1,1
72,14,5,2.2,0.6,0,0,0.2,2.2,0.1,1.8,225.2,1
72,22,6,2.4,0.5,0.1,0,0.1,2.4,0.3,2.1,255.7,1
72,23,7,2.8,0.6,0.1,0,0.2,2.8,0.4,2.5,298.3,1
72,24,27,10.8,2.2,0.4,0,0.6,10.8,1.4,9.6,1150.7,1
72,25,8,3.2,0.7,0.1,0,0.2,3.2,0.4,2.8,340.9,1
72,30,1,0.4,0.1,0,0,0,0.4,0,0.4,50.4,1
72,31,7,3.1,0.9,0.1,0,0.2,3.1,0,2.6,352.8,1
72,34,10,4.4,1.4,0.2,0,0.3,4.4,0,3.7,504.1,1
72,35,1,0.4,0,0,0,0,0.4,0.1,0.4,45.1,1
72,51,8,3.7,1.7,0.3,0,0,3.7,0.6,3.4,342.6,1
72,52,16,7.4,3.4,0.6,0,0,7.4,1.1,6.9,685.1,1
72,53,4,1.9,0.9,0.1,0,0,1.9,0.3,1.7,171.3,1
72,64,4,2,0.9,0.1,0,0.1,2,0.4,1.4,189.4,1
72,66,2,0.8,0.2,0,0,0.1,0.8,0.1,0.6,89.6,1
72,67,2,0.8,0.2,0,0,0.1,0.8,0.1,0.6,89.6,1
72,103,2,0.9,0.2,0,0,0,0.9,0.2,0.9,109.9,1
72,110,4,2.1,0.8,0,0,0.2,2.1,0.7,1.6,252.5,1
73,9,12,4.8,0.8,0.1,0,0.8,4.8,0.6,3.9,559.2,1
73,10,42,20,5,0,0,1,20,1,17,1936,0
73,11,24,10,2.3,0.6,0,0.9,10,1.8,8.2,1075.9,1
73,12,3,1.2,0.3,0.1,0,0.1,1.2,0.2,1,134.5,1
73,15,3,1.2,0.2,0.1,0,0,1.2,0.1,0.8,115.2,1
73,24,20,8,1.8,0.5,0,0.3,8,0.8,7.2,893.8,1
73,25,25,11.2,4.4,0,0,0.6,11.2,0.6,10,1080,1
73,31,17,6.9,0.4,0,0,0.4,6.9,0.9,6.9,766.9,1
73,33,7,2.8,0.2,0,0,0.2,2.8,0.4,2.8,315.8,1
73,34,1.5,0.6,0,0,0,0,0.6,0.1,0.6,67.7,1
73,35,3,1.2,0.2,0,0,0,1.2,0.1,1,138.4,1
73,54,1,0.5,0.2,0,0,0,0.5,0.2,0.4,45.1,1
73,57,4,2,0.8,0,0,0.2,2,0.5,1.3,201.6,1
73,58,7,3.6,1.5,0,0,0.4,3.6,0.8,2.3,352.7,1
73,62,2,1,0.4,0,0,0,1,0.2,0.7,94.7,1
73,63,2,1,0.4,0,0,0,1,0.2,0.7,94.7,1
73,98,1,0.5,0.2,0,0,0,0.5,0.1,0.5,62.4,1
73,99,5,2.5,0.8,0,0,0.2,2.5,0.3,2.4,312.2,1
73,104,3,1.4,0.3,0,0,0.1,1.4,0.3,1.4,164.8,1
73,112,1,0.5,0.2,0,0,0.1,0.5,0.2,0.4,63.1,1
73,123,3,1.5,0.6,0,0,0.1,1.5,0.4,1.4,169.5,1
74,4,4,1.7,0.5,0.1,0,0.1,1.7,0.2,1.4,197.4,1
74,5,2,0.8,0.1,0,0,0.1,0.8,0.1,0.7,93.2,1
74,8,12.5,5,0.8,0.1,0,0.8,5,0.6,4.1,582.5,1
74,9,36,17,3,0,0,3,17,0,14,1712,0
74,10,23.5,11,6,1,2,2,9,2,5,988,0
74,11,10,4.1,1,0.2,0,0.4,4.1,0.7,3.4,448.3,1
74,13,15,6.2,1.5,0.4,0,0.5,6.2,1.1,5.1,672.4,1
74,14,29,12,2,0,0,0,12,0,12,1523,0
74,15,26,13,3,0,0,1,13,0,13,1617,0
74,16,9,3.6,0.5,0.3,0,0.1,3.6,0.4,2.3,345.5,1
74,21,2,0.8,0.2,0,0,0,0.8,0.1,0.7,89.4,1
74,23,1,0.4,0.1,0,0,0,0.4,0,0.4,44.7,1
74,25,30,17,7,1,0,0,17,0,16,1526,0
74,26,6,2.7,1,0,0,0.1,2.7,0.1,2.4,259.2,1
74,31,7,2.8,0.2,0,0,0.2,2.8,0.4,2.8,315.8,1
74,34,2,0.8,0.1,0,0,0.1,0.8,0.1,0.8,90.2,1
74,35,6,2.4,0.3,0.1,0,0,2.4,0.1,2,276.8,1
74,54,4,2,0.8,0,0,0.1,2,0.7,1.5,180.3,1
74,55,1,0.5,0.2,0,0,0.1,0.5,0.1,0.3,50.4,1
74,59,2,1,0.4,0,0,0.1,1,0.2,0.7,100.8,1
74,62,6,2.9,1.3,0.1,0,0.1,2.9,0.6,2,284.1,1
74,63,8,3.9,1.8,0.2,0,0.2,3.9,0.8,2.7,378.8,1
74,66,3,1.1,0.2,0.1,0,0,1.1,0.2,1.1,129.6,1
74,67,7,2.6,0.4,0.2,0,0,2.6,0.4,2.6,302.3,1
74,83,5,2.1,0.4,0.3,0,0.4,2.1,0.4,1.8,229.9,1
74,84,9,3.7,0.7,0.5,0,0.7,3.7,0.7,3.2,413.8,1
74,85,1,0.5,0.2,0,0,0,0.5,0.1,0.4,52.8,1
74,88,10,4.8,2.4,0.5,0,0.5,4.8,1.4,4,528.3,1
74,89,10,4.8,2.4,0.5,0,0.5,4.8,1.4,4,528.3,1
74,103,4,1.9,0.4,0,0,0.1,1.9,0.4,1.8,219.7,1
74,104,8,3.8,0.8,0,0,0.1,3.8,0.8,3.7,439.5,1
74,112,2,1,0.4,0,0,0.1,1,0.3,0.8,126.3,1
74,113,5.5,2.9,1.1,0,0,0.3,2.9,1,2.2,347.2,1
74,114,13,6.8,2.6,0,0,0.8,6.8,2.3,5.3,820.7,1
75,8,13,5.2,0.9,0.1,0,0.9,5.2,0.6,4.3,605.8,1
75,9,24,13,5,0,0,0,13,1,10,1251,0
75,10,75,46,26,1,9,3,37,10,22,3700,0
75,13,8,3.3,0.8,0.2,0,0.3,3.3,0.6,2.7,358.6,1
75,14,29,18,9,0,0,2,18,1,14,1813,0
75,15,17,6.8,1,0.5,0,0.2,6.8,0.7,4.4,652.6,1
75,16,1,0.4,0.1,0,0,0,0.4,0,0.3,38.4,1
75,20,14,5.6,1.3,0.3,0,0.2,5.6,0.6,5,625.7,1
75,21,11,4.4,1,0.3,0,0.2,4.4,0.5,3.9,491.6,1
75,23,4,1.6,0.4,0.1,0,0.1,1.6,0.2,1.4,178.8,1
75,24,12,4.8,1.1,0.3,0,0.2,4.8,0.5,4.3,536.3,1
75,25,35,16,4,0,0,1,16,1,14,1632,0
75,26,27.5,14,5,0,0,1,14,1,11,1394,0
75,27,4,1.8,0.7,0,0,0.1,1.8,0.1,1.6,172.8,1
75,30,2,0.8,0.1,0,0,0.1,0.8,0.1,0.8,90.2,1
75,34,2,0.8,0.1,0,0,0.1,0.8,0.1,0.8,90.2,1
75,35,21,8.4,1.1,0.2,0,0,8.4,0.5,7,968.7,1
75,36,5,2,0.3,0.1,0,0,2,0.1,1.7,230.6,1
75,55,2,1,0.4,0,0,0.1,1,0.2,0.7,100.8,1
75,62,1,0.5,0.2,0,0,0,0.5,0.1,0.3,47.4,1
75,65,5,1.9,0.3,0.2,0,0,1.9,0.3,1.9,215.9,1
75,66,10,3.8,0.6,0.3,0,0,3.8,0.6,3.8,431.9,1
75,67,2,0.8,0.1,0.1,0,0,0.8,0.1,0.8,86.4,1
75,82,2,0.8,0.2,0.1,0,0.2,0.8,0.2,0.7,91.9,1
75,83,12,4.9,0.9,0.6,0,0.9,4.9,0.9,4.3,551.7,1
75,84,29,13,3,1,0,2,13,2,10,1375,0
75,103,5,2.4,0.5,0,0,0.1,2.4,0.5,2.3,274.7,1
75,113,1,0.5,0.2,0,0,0.1,0.5,0.2,0.4,63.1,1
76,5,10,4,0.7,0.1,0,0.7,4,0.5,3.3,466,1
76,6,2,0.8,0.1,0,0,0.1,0.8,0.1,0.7,93.2,1
76,7,14,5.7,0.9,0.1,0,0.9,5.7,0.7,4.6,652.4,1
76,10,4,1.7,0.4,0.1,0,0.1,1.7,0.3,1.4,179.3,1
76,11,36,21,13,0,2,2,19,3,12,1597,0
76,12,7,2.9,0.7,0.2,0,0.3,2.9,0.5,2.4,313.8,1
76,13,18,12,8,0,0,3,12,1,3,838,0
76,14,40.5,19,10,2,0,2,19,2,13,1698,0
76,16,2,0.8,0.1,0.1,0,0,0.8,0.1,0.5,76.8,1
76,21,5,2,0.5,0.1,0,0.1,2,0.2,1.8,223.5,1
76,24,20,8,1.8,0.5,0,0.3,8,0.8,7.2,893.8,1
76,26,5,2.2,0.9,0,0,0.1,2.2,0.1,2,216,1
76,35,18,7.2,1,0.2,0,0,7.2,0.4,6,830.3,1
76,36,27,10.7,1.5,0.3,0,0,10.7,0.6,9,1245.5,1
76,37,4,1.6,0.2,0,0,0,1.6,0.1,1.3,184.5,1
76,60,4,2,0.9,0.1,0,0.1,2,0.4,1.4,189.4,1
76,66,3,1.1,0.2,0.1,0,0,1.1,0.2,1.1,129.6,1
76,83,2,0.8,0.2,0.1,0,0.2,0.8,0.2,0.7,91.9,1
76,84,2,0.8,0.2,0.1,0,0.2,0.8,0.2,0.7,91.9,1
76,104,3,1.4,0.3,0,0,0.1,1.4,0.3,1.4,164.8,1
76,105,4,1.9,0.4,0,0,0.1,1.9,0.4,1.8,219.7,1
76,108,1,0.5,0.1,0,0,0,0.5,0.1,0.5,54.9,1
76,112,1,0.5,0.2,0,0,0.1,0.5,0.2,0.4,63.1,1
77,5,11,4.4,0.7,0.1,0,0.7,4.4,0.5,3.6,512.6,1
77,6,17,6.9,1.1,0.2,0,1.1,6.9,0.8,5.6,792.2,1
77,7,13,5.2,0.9,0.1,0,0.9,5.2,0.6,4.3,605.8,1
77,8,28,13,3,0,0,1,13,3,9,1096,0
77,9,24,14,10,1,0,0,14,0,10,1236,0
77,10,23,14,8,0,5,1,9,2,7,1263,0
77,11,52,32,18,1,10,5,22,5,15,3097,0
77,12,113.5,61,29,1,18,7,43,14,28,5933,0
77,13,11,4.6,1.1,0.3,0,0.4,4.6,0.8,3.8,493.1,1
77,14,26,11,3,1,0,2,11,1,7,1192,0
77,15,19,7.6,1.1,0.5,0,0.3,7.6,0.8,4.9,729.3,1
77,16,2,0.8,0.1,0.1,0,0,0.8,0.1,0.5,76.8,1
77,17,17,6.8,1,0.5,0,0.2,6.8,0.7,4.4,652.6,1
77,22,8,3.2,0.7,0.2,0,0.1,3.2,0.3,2.9,357.5,1
77,23,21,8.4,1.9,0.5,0,0.3,8.4,0.9,7.5,938.5,1
77,24,2,0.8,0.2,0,0,0,0.8,0.1,0.7,89.4,1
77,35,9,3.6,0.5,0.1,0,0,3.6,0.2,3,415.2,1
77,36,31,16,7,0,0,2,16,2,12,1794,0
77,57,1,0.5,0.2,0,0,0.1,0.5,0.1,0.3,50.4,1
77,58,9.5,4.8,2,0,0,0.6,4.8,1.1,3.1,478.7,1
77,59,7,3.6,1.5,0,0,0.4,3.6,0.8,2.3,352.7,1
77,60,3,1.5,0.7,0.1,0,0.1,1.5,0.3,1,142.1,1
77,65,2,0.8,0.1,0.1,0,0,0.8,0.1,0.8,86.4,1
77,80,7,2.9,0.5,0.4,0,0.5,2.9,0.5,2.5,321.8,1
77,108,3,1.4,0.3,0,0,0.1,1.4,0.3,1.4,164.8,1
77,109,5,2.4,0.5,0,0,0.1,2.4,0.5,2.3,274.7,1
77,112,2,1,0.4,0,0,0.1,1,0.3,0.8,126.3,1
77,116,5,2.6,1,0,0,0.3,2.6,0.9,2,315.7,1
78,5,2,0.8,0.2,0,0,0.1,0.8,0.1,0.5,84,1
78,6,4,1.6,0.3,0,0,0.2,1.6,0.1,1,168,1
78,7,29,16,6,0,0,2,16,0,15,1682,0
78,8,58,28,7,2,0,2,28,3,25,2697,0
78,9,51,32,19,1,8,1,24,6,22,2761,0
78,10,39,17,7,2,2,3,15,5,8,1582,0
78,11,159,93,50,2,63,16,30,16,19,7208,0
78,12,146.5,92,56,2,49,10,43,24,27,7428.7,0
78,13,91,50,24,2,21,6,29,9,21,4824,0
78,14,76.5,49,31,1,14,4,35,11,24,4424,0
78,15,47,23,11,2,5,3,18,3,12,2271,0
78,16,14,6.6,2.5,0.3,0,0.6,6.6,0.3,4.8,691.8,1
78,17,5,2.4,0.9,0.1,0,0.2,2.4,0.1,1.7,247.1,1
78,22,25,16,9,0,0,1,16,3,15,1367,0
78,23,22,9.8,2.6,0,0,0.4,9.8,0.8,7.1,960.9,1
78,24,5,2.2,0.6,0,0,0.1,2.2,0.2,1.6,218.4,1
78,36,17,7.4,2.1,0.5,0,0.5,7.4,2.1,7.4,796.9,1
78,58,2,0.8,0.2,0.1,0,0,0.8,0.1,0.6,77.7,1
78,59,1,0.4,0.1,0.1,0,0,0.4,0,0.3,38.9,1
78,96,12,5.2,1.6,0,0,0,5.2,0.8,4.7,747.7,1
78,97,3,1.3,0.4,0,0,0,1.3,0.2,1.2,186.9,1
78,108,1,0.4,0.1,0,0,0.1,0.4,0.1,0.4,43.7,1
78,109,8.5,3.7,1.1,0.2,0,0.4,3.7,1.1,3.7,371.6,1
79,0,2,0.9,0.1,0,0.1,0,0.8,0,0.7,110.8,1
79,1,2,0.9,0.1,0,0.1,0,0.8,0,0.7,110.8,1
79,6,18,7.2,1.4,0.2,0,0.8,7.2,0.6,4.6,756,1
79,7,17,6.8,1.4,0.2,0,0.8,6.8,0.6,4.3,714,1
79,8,22,12,4,0,0,2,12,1,5,1217,0
79,9,66,27,6,2,0,0,27,2,15,2825,0
79,10,87.5,54,32,1,7,4,47,7,30,4504,0
79,11,37,19,11,2,3,0,16,3,9,1829,0
79,12,95,57,33,0,30,7,27,8,25,5173,0
79,13,38,27,17,0,9,1,18,9,13,2381,0
79,14,81.5,45,24,2,19,3,26,7,17,3666,0
79,15,146,82,47,2,58,13,24,27,18,6370,0
79,16,94.5,50,23,2,11,9,39,9,30,3887,0
79,17,8,3.8,1.4,0.2,0,0.4,3.8,0.2,2.7,395.3,1
79,18,1,0.5,0.2,0,0,0,0.5,0,0.3,49.4,1
79,22,9,4,1.1,0,0,0.2,4,0.3,2.9,393.1,1
79,23,2,0.9,0.2,0,0,0,0.9,0.1,0.6,87.4,1
79,58,21.5,8.2,2,1.1,0,0.3,8.2,0.8,6.2,835.4,1
79,59,8.5,3.2,0.8,0.4,0,0.1,3.2,0.3,2.5,330.3,1
79,96,3,1.3,0.4,0,0,0,1.3,0.2,1.2,186.9,1
79,97,16,7,2.1,0,0,0,7,1,6.3,996.9,1
79,114,2,0.9,0.2,0,0,0,0.9,0.3,0.6,100.4,1
79,123,4,2,0.5,0.1,0,0.1,2,0.5,1.9,202.1,1
80,4,5,2.1,0.3,0,0.1,0,2,0.1,1.8,277.1,1
80,5,7,2.8,0.6,0.1,0,0.3,2.8,0.2,1.8,294,1
80,6,46,20,5,0,0,2,20,1,15,1952,0
80,9,3,1.2,0.2,0,0,0.1,1.2,0.1,0.8,126,1
80,11,10,5.7,2.3,0,0.2,0.5,5.5,0.2,4.3,565.9,1
80,12,30,16,5,0,2,1,14,4,9,1563,0
80,13,36,21,8,0,0,2,21,2,19,2105,0
80,14,47,22,7,0,0,0,22,1,19,2049,0
80,15,127,72,35,2,56,19,16,19,13,6248.1,0
80,16,69.5,38,13,1,0,3,38,3,31,3204,0
80,17,8,3.8,1.4,0.2,0,0.4,3.8,0.2,2.7,395.3,1
80,18,19,9,3.4,0.4,0,0.8,9,0.4,6.5,938.8,1
80,19,17.5,8.3,3.1,0.3,0,0.8,8.3,0.3,6,864.7,1
80,57,6,2.3,0.6,0.3,0,0.1,2.3,0.2,1.7,233.1,1
80,58,4,1.5,0.4,0.2,0,0.1,1.5,0.2,1.2,155.4,1
80,60,2.5,1.1,0.3,0,0,0,1.1,0.3,0.9,114.4,1
80,61,2,0.9,0.2,0,0,0,0.9,0.2,0.7,91.5,1
80,97,2,0.9,0.3,0,0,0,0.9,0.1,0.8,124.6,1
80,105,5,2.2,0.6,0.1,0,0.3,2.2,0.6,2.2,218.6,1
80,121,6,3,0.8,0.2,0,0.2,3,0.8,2.8,303.2,1
81,4,2.5,1.1,0.2,0,0.1,0,1,0.1,0.9,138.5,1
81,6,23,9.3,1.9,0.3,0,1.1,9.3,0.8,5.8,966,1
81,9,2,0.8,0.2,0,0,0.1,0.8,0.1,0.5,84,1
81,10,57,21,4,1,0,1,21,2,19,2149.1,0
81,11,40,21,7,1,0,2,21,3,17,1925,0
81,12,55,26,6,1,0,2,26,2,15,2687,0
81,13,52.5,28,6,0,0,1,28,2,21,2561,0
81,14,17,9.7,3.9,0,0.4,0.8,9.3,0.4,7.3,962,1
81,15,32,13,3,1,0,1,13,1,6,1260,0
81,16,31,19,9,0,0,1,19,1,16,1759,0
81,17,8,3.8,1.4,0.2,0,0.4,3.8,0.2,2.7,395.3,1
81,18,8,3.8,1.4,0.2,0,0.4,3.8,0.2,2.7,395.3,1
81,20,5.5,2.4,0.7,0,0,0.1,2.4,0.2,1.8,240.2,1
81,57,2,0.8,0.2,0.1,0,0,0.8,0.1,0.6,77.7,1
81,105,5,2.2,0.6,0.1,0,0.3,2.2,0.6,2.2,218.6,1
81,121,2,1,0.3,0.1,0,0.1,1,0.3,0.9,101.1,1
81,126,1,0.5,0.1,0,0,0,0.5,0.1,0.5,50.5,1
82,2,4,1.7,0.3,0,0.1,0,1.6,0.1,1.4,221.7,1
82,3,1,0.4,0.1,0,0,0,0.4,0,0.4,55.4,1
82,5,5,2,0.4,0.1,0,0.2,2,0.2,1.3,210,1
82,6,6,2.4,0.5,0.1,0,0.3,2.4,0.2,1.5,252,1
82,10,31,15,5,0,0,0,15,3,11,1599,0
82,11,29,17,6,0,0,0,17,1,16,1428,0
82,12,15,8.5,3.4,0,0.3,0.7,8.2,0.3,6.5,848.9,1
82,13,2,1.1,0.5,0,0,0.1,1.1,0,0.9,113.2,1
82,15,19,9,3.4,0.4,0,0.8,9,0.4,6.5,938.8,1
82,16,5,2.4,0.9,0.1,0,0.2,2.4,0.1,1.7,247.1,1
82,17,2,0.9,0.4,0,0,0.1,0.9,0,0.7,98.8,1
82,18,23,10.9,4.1,0.4,0,1,10.9,0.4,7.9,1136.5,1
82,19,20.5,9.7,3.6,0.4,0,0.9,9.7,0.4,7,1012.9,1
82,20,4,1.8,0.5,0,0,0.1,1.8,0.1,1.3,174.7,1
82,21,9,4,1.1,0,0,0.2,4,0.3,2.9,393.1,1
82,23,2,0.9,0.2,0,0,0,0.9,0.1,0.6,87.4,1
82,25,13.5,5.1,1,0,0,0.2,5.1,0.4,4.7,521.5,1
82,26,8,3,0.6,0,0,0.1,3,0.2,2.8,309.1,1
82,28,6,2.3,0.5,0,0,0.1,2.3,0.2,2.1,231.8,1
82,29,19,7.1,1.4,0,0,0.3,7.1,0.6,6.6,734,1
82,102,4,1.7,0.5,0.1,0,0.2,1.7,0.5,1.7,174.9,1
82,103,7,3,0.9,0.2,0,0.4,3,0.9,3,306.1,1
82,104,3,1.3,0.4,0.1,0,0.2,1.3,0.4,1.3,131.2,1
82,105,1,0.4,0.1,0,0,0.1,0.4,0.1,0.4,43.7,1
82,111,2,0.9,0.2,0,0,0,0.9,0.3,0.6,100.4,1
82,119,2,0.9,0.2,0,0,0,0.9,0.3,0.6,100.4,1
82,123,4,2,0.5,0.1,0,0.1,2,0.5,1.9,202.1,1
83,6,2,0.9,0.1,0,0.1,0,0.8,0,0.7,110.8,1
83,9,2,0.9,0.1,0,0.1,0,0.8,0,0.7,110.8,1
83,12,2,0.8,0.1,0.1,0,0,0.8,0.1,0.7,91.9,1
83,15,12,4.9,0.8,0.4,0.1,0.3,4.8,0.5,4.4,551.4,1
83,16,26,10.5,1.8,0.8,0.1,0.6,10.4,1.1,9.4,1194.7,1
83,17,2,0.8,0.1,0.1,0,0,0.8,0.1,0.7,91.9,1
83,23,2,0.8,0.2,0,0,0,0.8,0.1,0.7,77.3,1
83,24,4,1.5,0.3,0,0,0.1,1.5,0.1,1.4,154.5,1
83,25,30,13,3,0,0,0,13,0,10,1198,0
83,26,21,8.6,2,0,0,1,8.6,0.5,8.6,922.5,1
83,27,5,2.1,0.5,0,0,0.2,2.1,0.1,2.1,219.6,1
83,28,25,10.3,2.4,0,0,1.2,10.3,0.6,10.3,1098.2,1
83,29,35,14,4,1,0,1,14,1,11,1429,0
83,55,7,3.2,0.7,0.2,0,0.1,3.2,0.6,2.7,338.9,1
83,56,2,0.9,0.2,0.1,0,0,0.9,0.2,0.8,96.8,1
83,62,2,0.9,0.2,0,0,0.1,0.9,0.2,0.9,107.8,1
83,63,6,2.8,0.6,0.1,0.1,0.4,2.7,0.7,2.6,323.4,1
83,86,13.5,6.9,2.1,0,0,0.4,6.9,0.9,6.4,843,1
83,87,12,6.1,1.9,0,0,0.4,6.1,0.8,5.7,749.3,1
83,102,3,1.6,0.6,0.1,0,0.1,1.6,0.2,1.6,151.9,1
83,103,15,7.9,3.1,0.4,0,0.4,7.9,0.9,7.9,759.3,1
83,104,1,0.5,0.2,0,0,0,0.5,0.1,0.5,50.6,1
83,110,3,1.3,0.3,0.1,0,0,1.3,0.4,0.9,150.6,1
83,117,2,0.9,0.2,0,0,0,0.9,0.3,0.6,100.4,1
83,120,3,1.4,0.6,0,0,0,1.4,0.4,1.2,150.2,1
83,125,9,4.5,1.2,0.3,0,0.3,4.5,1.2,4.2,454.8,1
84,5,7,3,0.5,0,0.2,0,2.8,0.2,2.5,387.9,1
84,12,9,3.6,0.6,0.3,0,0.2,3.6,0.4,3.3,413.5,1
84,15,3,1.2,0.2,0.1,0,0.1,1.2,0.1,1.1,137.8,1
84,16,23,12,6,0,0,0,12,1,12,1119,0
84,17,19,7.7,1.3,0.6,0.1,0.4,7.6,0.8,6.9,873,1
84,24,3,1.1,0.2,0,0,0,1.1,0.1,1,115.9,1
84,28,17,7,1.6,0,0,0.8,7,0.4,7,746.8,1
84,29,47.5,22,5,0,0,1,22,3,18,2363,0
84,30,1,0.4,0.1,0,0,0,0.4,0,0.4,50,1
84,48,2,0.7,0.1,0,0,0.1,0.7,0.1,0.6,97.4,1
84,54,1,0.4,0.1,0.1,0,0,0.4,0,0.3,38.9,1
84,55,19,8.8,2,0.5,0,0.2,8.8,1.5,7.2,920,1
84,56,2,0.9,0.2,0.1,0,0,0.9,0.2,0.8,96.8,1
84,57,4,1.8,0.4,0.1,0,0.1,1.8,0.3,1.5,193.7,1
84,64,1,0.5,0.1,0,0,0.1,0.5,0.1,0.4,53.9,1
84,109,4,1.7,0.5,0.1,0,0.2,1.7,0.5,1.7,174.9,1
84,110,2,0.9,0.2,0,0,0,0.9,0.3,0.6,100.4,1
84,113,6,2.6,0.7,0.1,0,0,2.6,0.8,1.8,301.2,1
84,116,5,2.2,0.6,0.1,0,0,2.2,0.7,1.5,251,1
84,117,8,3.5,0.9,0.2,0,0,3.5,1.1,2.4,401.6,1
84,118,5,2.2,0.6,0.1,0,0,2.2,0.7,1.5,251,1
84,121,13,6.1,2.4,0,0,0,6.1,1.6,5.3,650.8,1
84,123,2,0.9,0.4,0,0,0,0.9,0.2,0.8,100.1,1
85,3,3,1.1,0.3,0,0,0.2,1.1,0,1,129.3,1
85,4,26,9.7,2.2,0,0,1.5,9.7,0,8.9,1121,1
85,5,9,3.8,0.6,0,0.2,0,3.6,0.2,3.2,498.7,1
85,15,16.5,6.7,1.1,0.5,0.1,0.4,6.6,0.7,6,758.2,1
85,16,14,5.7,1,0.5,0.1,0.3,5.6,0.6,5.1,643.3,1
85,17,12,4.9,0.8,0.4,0.1,0.3,4.8,0.5,4.4,551.4,1
85,22,3,1.1,0.2,0,0,0,1.1,0.1,1,115.9,1
85,28,11,4.5,1,0,0,0.5,4.5,0.3,4.5,483.2,1
85,36,6,2.6,0.8,0.2,0,0.2,2.6,0.8,2.6,281.2,1
85,38,8,3.5,1,0.2,0,0.2,3.5,1,3.5,375,1
85,39,1,0.4,0.1,0,0,0,0.4,0.1,0.4,46.9,1
85,48,6,2.2,0.4,0,0,0.3,2.2,0.3,1.7,292.3,1
85,54,14,5.3,1.3,0.7,0,0.2,5.3,0.6,4.1,544,1
85,55,20,9.2,2.1,0.5,0,0.3,9.2,1.6,7.6,968.4,1
85,56,10,4.6,1.1,0.3,0,0.1,4.6,0.8,3.8,484.2,1
85,57,4,1.8,0.4,0.1,0,0.1,1.8,0.3,1.5,193.7,1
85,63,10,4.7,1,0.2,0.2,0.6,4.5,1.2,4.3,538.9,1
85,64,2,0.9,0.2,0,0,0.1,0.9,0.2,0.9,107.8,1
85,96,1,0.4,0.1,0,0,0,0.4,0.1,0.4,62.3,1
85,100,5,2.6,1,0.1,0,0.1,2.6,0.3,2.6,253.1,1
85,121,1,0.5,0.2,0,0,0,0.5,0.1,0.4,50.1,1
85,122,4,1.9,0.8,0,0,0,1.9,0.5,1.6,200.2,1
85,123,1,0.5,0.2,0,0,0,0.5,0.1,0.4,50.1,1
85,124,4,1.9,0.8,0,0,0,1.9,0.5,1.6,200.2,1
86,4,3,1.1,0.3,0,0,0.2,1.1,0,1,129.3,1
86,8,4,1.7,0.3,0,0.1,0,1.6,0.1,1.4,221.7,1
86,11,5,2,0.3,0.2,0,0.1,2,0.2,1.8,229.7,1
86,15,38,17,5,1,0,1,17,2,14,1670,0
86,16,9,3.6,0.6,0.3,0,0.2,3.6,0.4,3.3,413.5,1
86,17,27,12,3,0,0,1,12,2,9,1362,0
86,18,14,5.7,1,0.5,0.1,0.3,5.6,0.6,5.1,643.3,1
86,19,2,0.8,0.1,0.1,0,0,0.8,0.1,0.7,91.9,1
86,20,4,1.5,0.3,0,0,0.1,1.5,0.1,1.4,154.5,1
86,27,2,0.8,0.2,0,0,0.1,0.8,0,0.8,87.9,1
86,28,4,1.6,0.4,0,0,0.2,1.6,0.1,1.6,175.7,1
86,53,2,0.8,0.2,0.1,0,0,0.8,0.1,0.6,77.7,1
86,54,14,5.3,1.3,0.7,0,0.2,5.3,0.6,4.1,544,1
86,55,2,0.9,0.2,0.1,0,0,0.9,0.2,0.8,96.8,1
86,56,4,1.8,0.4,0.1,0,0.1,1.8,0.3,1.5,193.7,1
86,62,3,1.4,0.3,0.1,0.1,0.2,1.3,0.4,1.3,161.7,1
86,63,10,4.7,1,0.2,0.2,0.6,4.5,1.2,4.3,538.9,1
86,64,7,3.3,0.7,0.1,0.2,0.4,3.1,0.9,3,377.3,1
86,65,14,6.2,1.4,0,0,0,6.2,1.4,5.2,640.7,1
86,91,4,1.7,0.5,0,0,0,1.7,0.3,1.6,249.2,1
86,98,4,1.7,0.5,0,0,0,1.7,0.3,1.6,249.2,1
86,100,5,2.6,1,0.1,0,0.1,2.6,0.3,2.6,253.1,1
86,101,2,1.1,0.4,0.1,0,0.1,1.1,0.1,1.1,101.2,1
86,110,3,1.3,0.3,0.1,0,0,1.3,0.4,0.9,150.6,1
86,126,2,1,0.3,0.1,0,0.1,1,0.3,0.9,101.1,1
87,4,3,1.1,0.3,0,0,0.2,1.1,0,1,129.3,1
87,5,4,1.7,0.3,0,0.1,0,1.6,0.1,1.4,221.7,1
87,11,1,0.4,0.1,0,0,0,0.4,0,0.4,45.9,1
87,12,3,1.2,0.2,0.1,0,0.1,1.2,0.1,1.1,137.8,1
87,13,3,1.2,0.2,0.1,0,0.1,1.2,0.1,1.1,137.8,1
87,14,4,1.6,0.3,0.1,0,0.1,1.6,0.2,1.5,183.8,1
87,15,9,3.6,0.6,0.3,0,0.2,3.6,0.4,3.3,413.5,1
87,16,10,4,0.7,0.3,0,0.2,4,0.4,3.6,459.5,1
87,17,15,6.1,1,0.5,0.1,0.3,6,0.6,5.4,689.2,1
87,18,19,7.7,1.3,0.6,0.1,0.4,7.6,0.8,6.9,873,1
87,19,8,3.2,0.6,0.3,0,0.2,3.2,0.3,2.9,367.6,1
87,20,4,1.5,0.3,0,0,0.1,1.5,0.1,1.4,154.5,1
87,33,9,3.9,1.1,0,0,0,3.9,0.3,3.7,450.3,1
87,34,22,9.6,2.8,0,0,0,9.6,0.7,8.9,1100.7,1
87,58,2,0.9,0.2,0.1,0,0,0.9,0.2,0.8,96.8,1
87,61,6,2.8,0.6,0.1,0.1,0.4,2.7,0.7,2.6,323.4,1
87,64,2,0.9,0.2,0,0,0.1,0.9,0.2,0.9,107.8,1
87,91,1,0.4,0.1,0,0,0,0.4,0.1,0.4,62.3,1
87,101,2,1.1,0.4,0.1,0,0.1,1.1,0.1,1.1,101.2,1
87,102,1,0.5,0.2,0,0,0,0.5,0.1,0.5,50.6,1
87,109,1,0.4,0.1,0,0,0.1,0.4,0.1,0.4,43.7,1
87,115,4,1.7,0.5,0.1,0,0,1.7,0.5,1.2,200.8,1
87,121,2,0.9,0.4,0,0,0,0.9,0.2,0.8,100.1,1
87,123,2,0.9,0.4,0,0,0,0.9,0.2,0.8,100.1,1
88,4,1,0.4,0.1,0.1,0,0,0.4,0,0.4,48.1,1
88,5,7,3.2,0.6,0,0,0.3,3.2,0.2,3.1,373.2,1
88,8,10,4.6,0.9,0,0,0.4,4.6,0.3,4.5,533.1,1
88,9,32,12,2,0,0,0,12,0,12,1586,0
88,10,13,4.7,0.7,0,0,0.2,4.7,0.3,4.5,521.2,1
88,11,6,2.2,0.3,0,0,0.1,2.2,0.2,2.1,240.6,1
88,15,1,0.4,0.1,0,0,0,0.4,0.1,0.3,46.2,1
88,16,6,2.4,0.4,0.1,0.1,0.2,2.3,0.5,2,277,1
88,18,30.5,11,2,0,0,0,11,1,11,1408,0
88,29,15,11,10,1,9,0,2,5,0,588,0
88,30,5,2,0.3,0,0.1,0.1,1.9,0.2,1.4,199.5,1
88,31,4,1.6,0.3,0,0.1,0.1,1.5,0.2,1.1,159.6,1
88,33,2,0.8,0.1,0,0.1,0,0.7,0.1,0.6,79.8,1
88,34,2,0.8,0.1,0,0.1,0,0.7,0.1,0.6,79.8,1
88,58,1,0.6,0.3,0,0,0,0.6,0.1,0.5,62,1
88,59,2,1.1,0.6,0.1,0,0.1,1.1,0.3,1,124,1
88,60,3,1.2,0.3,0.1,0,0.1,1.2,0.3,1,134.3,1
88,61,11,4.5,1,0.3,0,0.5,4.5,1,3.7,492.4,1
88,64,4,1.6,0.4,0.1,0,0.2,1.6,0.4,1.3,179,1
88,96,1,0.5,0.3,0.1,0,0.1,0.5,0,0.5,59.9,1
88,101,10,4.1,1,0.2,0,0.5,4.1,1.2,3.2,393.9,1
88,102,10,4.1,1,0.2,0,0.5,4.1,1.2,3.2,393.9,1
88,108,1,0.4,0.1,0,0,0,0.4,0.1,0.3,39.4,1
88,109,4,1.7,0.4,0.1,0,0.2,1.7,0.5,1.3,157.6,1
88,112,1,0.6,0.3,0,0,0,0.6,0.1,0.5,71.2,1
88,114,2,1.1,0.5,0,0,0.1,1.1,0.3,1,142.4,1
89,1,22,7.8,1.3,1.3,0,0.4,7.8,0,7.8,1059,1
89,2,21,7.4,1.2,1.2,0,0.4,7.4,0,7.4,1010.9,1
89,8,1,0.5,0.1,0,0,0,0.5,0,0.4,53.3,1
89,9,23,11,4,0,0,0,11,2,11,1044,0
89,10,26,9.4,1.4,0,0,0.3,9.4,0.7,9,1042.4,1
89,11,1,0.4,0.1,0,0,0,0.4,0,0.3,40.1,1
89,15,2,0.8,0.1,0,0,0.1,0.8,0.2,0.7,92.3,1
89,18,16,6.4,1.1,0.2,0.2,0.4,6.2,1.3,5.4,738.6,1
89,19,6,2.4,0.4,0.1,0.1,0.2,2.3,0.5,2,277,1
89,31,20,7.8,1.3,0.2,0.5,0.3,7.3,0.8,5.7,798.2,1
89,32,11,4.3,0.7,0.1,0.3,0.2,4,0.4,3.1,439,1
89,33,6,2.3,0.4,0,0.1,0.1,2.2,0.2,1.7,239.5,1
89,39,3,1.2,0.2,0.1,0.1,0.1,1.1,0.2,0.9,117.2,1
89,40,4,1.8,0.6,0,0,0,1.8,0.5,1.8,172.9,1
89,41,18,8.1,2.7,0,0,0,8.1,2.2,8.1,778.1,1
89,49,7.5,3.9,1.5,0.2,0,0.2,3.9,0.7,3,385,1
89,50,6,3.4,1.8,0.2,0,0.2,3.4,0.8,3.1,372,1
89,65,3,1.2,0.3,0.1,0,0.1,1.2,0.3,1,134.3,1
89,95,7,3.5,1.8,0.5,0,0.5,3.5,0.3,3.5,419.5,1
89,96,1,0.5,0.3,0.1,0,0.1,0.5,0,0.5,59.9,1
89,111,1,0.6,0.3,0,0,0,0.6,0.1,0.5,71.2,1
89,112,1,0.6,0.3,0,0,0,0.6,0.1,0.5,71.2,1
89,113,10,5.6,2.6,0.1,0.1,0.3,5.5,1.5,4.9,712,1
89,114,41,26,15,0,0,2,26,11,22,3102,0
89,115,2,1.1,0.5,0,0,0.1,1.1,0.3,1,142.4,1
90,2,7,2.5,0.4,0.4,0,0.1,2.5,0,2.5,337,1
90,8,5,2.3,0.4,0,0,0.2,2.3,0.1,2.2,266.6,1
90,9,23,10.6,2.1,0,0,1,10.6,0.7,10.3,1226.2,1
90,10,5,1.8,0.3,0,0,0.1,1.8,0.1,1.7,200.5,1
90,18,1,0.4,0.1,0,0,0,0.4,0.1,0.3,46.2,1
90,28,2,0.6,0.1,0.1,0,0.1,0.6,0,0.5,59.4,1
90,29,34.5,12,0,2,0,3,12,1,7,1398,0
90,30,16,6.2,1,0.1,0.4,0.3,5.8,0.7,4.6,638.6,1
90,31,28,16,8,0,0,0,16,3,14,1380,0
90,32,30.5,14,7,1,0,2,14,2,9,1540,0
90,33,10,3.9,0.7,0.1,0.2,0.2,3.7,0.4,2.8,399.1,1
90,34,6,2.3,0.4,0,0.1,0.1,2.2,0.2,1.7,239.5,1
90,36,7,2.7,0.5,0.3,0.1,0.2,2.6,0.4,2.1,273.4,1
90,37,11,4.2,0.8,0.4,0.1,0.3,4.1,0.7,3.3,429.7,1
90,40,14,6.3,2.1,0,0,0,6.3,1.8,6.3,605.1,1
90,41,4,1.8,0.6,0,0,0,1.8,0.5,1.8,172.9,1
90,50,7,4,2.1,0.2,0,0.2,4,0.9,3.6,434,1
90,65,4,1.6,0.4,0.1,0,0.2,1.6,0.4,1.3,179,1
90,66,5,2,0.5,0.1,0,0.2,2,0.5,1.7,223.8,1
90,93,8,3.8,1.4,0.2,0,0.6,3.8,1.2,3.4,395.4,1
90,94,8,3.8,1.4,0.2,0,0.6,3.8,1.2,3.4,395.4,1
90,95,45,19,6,3,2,4,17,9,12,1801,0
90,96,2,1,0.5,0.1,0,0.1,1,0.1,1,119.9,1
90,112,6,3.3,1.6,0.1,0,0.2,3.3,0.9,2.9,427.2,1
90,113,15,8.4,3.9,0.2,0.2,0.5,8.2,2.2,7.3,1068.1,1
90,114,13,7.2,3.4,0.1,0.1,0.4,7.1,1.9,6.4,925.7,1
90,122,1,0.5,0.2,0,0,0,0.5,0.1,0.4,65,1
91,8,9,4.2,0.8,0,0,0.4,4.2,0.3,4,479.8,1
91,9,10,4.6,0.9,0,0,0.4,4.6,0.3,4.5,533.1,1
91,10,21,7.6,1.1,0,0,0.3,7.6,0.6,7.3,842,1
91,15,17,6.8,1.1,0.2,0.2,0.5,6.6,1.4,5.7,784.7,1
91,16,18,7.2,1.2,0.2,0.2,0.5,7,1.4,6,830.9,1
91,28,18,5.7,0.5,0.5,0,0.5,5.7,0,4.6,534.3,1
91,29,80.5,30,3,2,0,7,30,3,18,2784,0
91,30,20,7.8,1.3,0.2,0.5,0.3,7.3,0.8,5.7,798.2,1
91,31,2,0.8,0.1,0,0.1,0,0.7,0.1,0.6,79.8,1
91,32,6,2.3,0.4,0,0.1,0.1,2.2,0.2,1.7,239.5,1
91,37,1,0.4,0.1,0,0,0,0.4,0.1,0.3,39.1,1
91,50,6,3.4,1.8,0.2,0,0.2,3.4,0.8,3.1,372,1
91,95,15,7.5,3.9,1.1,0,1.1,7.5,0.7,7.5,898.9,1
91,96,4,2,1,0.3,0,0.3,2,0.2,2,239.7,1
91,97,5,2.5,1.3,0.4,0,0.4,2.5,0.2,2.5,299.6,1
91,98,2,1,0.5,0.1,0,0.1,1,0.1,1,119.9,1
91,102,1,0.4,0.1,0,0,0,0.4,0.1,0.3,39.4,1
91,113,5,2.8,1.3,0.1,0.1,0.2,2.7,0.7,2.4,356,1
91,114,10,5.6,2.6,0.1,0.1,0.3,5.5,1.5,4.9,712,1
91,122,4,2,0.6,0,0,0.1,2,0.2,1.8,260.1,1
92,8,2,0.9,0.2,0,0,0.1,0.9,0.1,0.9,106.6,1
92,14,3,1.1,0.2,0,0,0,1.1,0.1,1,120.3,1
92,15,26,12,5,1,0,1,12,1,9,1427,0
92,16,7.5,3,0.5,0.1,0.1,0.2,2.9,0.6,2.5,346.2,1
92,22,13,5,0.7,0.3,0,0.7,5,0.3,4.3,475.7,1
92,23,11,4.2,0.6,0.3,0,0.6,4.2,0.3,3.7,402.5,1
92,24,3,1.2,0.2,0.1,0,0.2,1.2,0.1,1,109.8,1
92,27,6,1.9,0.2,0.2,0,0.2,1.9,0,1.5,178.1,1
92,29,9,2.8,0.3,0.3,0,0.3,2.8,0,2.3,267.2,1
92,30,5,2,0.3,0,0.1,0.1,1.9,0.2,1.4,199.5,1
92,33,27,12,3,1,0,1,12,1,11,1010,0
92,34,8,3.1,0.5,0.1,0.2,0.1,2.9,0.3,2.3,319.3,1
92,48,2,1,0.4,0.1,0,0.1,1,0.2,0.8,102.7,1
92,49,6,3.1,1.2,0.2,0,0.2,3.1,0.5,2.4,308,1
92,50,1,0.6,0.3,0,0,0,0.6,0.1,0.5,62,1
92,65,4,1.6,0.4,0.1,0,0.2,1.6,0.4,1.3,179,1
92,93,2,1,0.4,0,0,0.2,1,0.3,0.9,98.9,1
92,94,1,0.5,0.2,0,0,0.1,0.5,0.2,0.4,49.4,1
92,95,5,2.5,1.3,0.4,0,0.4,2.5,0.2,2.5,299.6,1
92,107,7,2.9,0.7,0.2,0,0.3,2.9,0.9,2.2,275.7,1
92,108,6,2.5,0.6,0.1,0,0.3,2.5,0.7,1.9,236.3,1
92,112,2,1.1,0.5,0,0,0.1,1.1,0.3,1,142.4,1
92,113,6,3.3,1.6,0.1,0,0.2,3.3,0.9,2.9,427.2,1
92,114,4,2.2,1,0,0,0.1,2.2,0.6,2,284.8,1
92,122,3,1.5,0.5,0,0,0.1,1.5,0.2,1.3,195.1,1
93,6,8,3.2,0.5,0,0,0.3,3.2,0.2,2.9,348.3,1
93,7,1,0.4,0.1,0,0,0,0.4,0,0.4,43.5,1
93,10,8.5,4.3,1.2,0.4,0,0.4,4.3,0,4,643.2,1
93,14,2,1,0.3,0.1,0,0.1,1,0,0.9,151.3,1
93,22,6,2.4,0.2,0,0,0.6,2.4,0.4,1.8,270.3,1
93,24,2,0.8,0.1,0,0,0.2,0.8,0.1,0.6,90.1,1
93,29,6,2.3,0.3,0.2,0,0.3,2.3,0.2,2,219.5,1
93,31,4,1.5,0.3,0.2,0,0.1,1.5,0.2,1.2,156.2,1
93,32,15,5.8,1.1,0.6,0.2,0.5,5.6,0.9,4.5,585.9,1
93,33,62,28,5,1,0,4,28,4,23,2567,0
93,34,19,7.3,1.3,0.8,0.2,0.6,7.1,1.2,5.8,742.2,1
93,46,7,3.7,1.4,0.2,0,0.2,3.7,0.6,2.8,359.3,1
93,54,1,0.6,0.3,0,0,0,0.6,0.1,0.5,62,1
93,95,7,3.3,1.2,0.2,0,0.5,3.3,1,3,346,1
93,111,1,0.6,0.3,0,0,0,0.6,0.1,0.5,71.2,1
93,113,2,1.1,0.5,0,0,0.1,1.1,0.3,1,142.4,1
93,114,1,0.6,0.3,0,0,0,0.6,0.1,0.5,71.2,1
93,123,3,1.5,0.5,0,0,0.1,1.5,0.2,1.3,195.1,1
94,6,9,3.7,0.5,0,0,0.4,3.7,0.3,3.3,391.8,1
94,7,43.5,22,9,1,2,3,20,2,16,2570.1,0
94,8,21,8.5,1.2,0,0,0.9,8.5,0.6,7.6,914.3,1
94,10,9,4.6,1.3,0.4,0,0.4,4.6,0,4.2,681.1,1
94,11,2,1,0.3,0.1,0,0.1,1,0,0.9,151.3,1
94,19,3,1.3,0.5,0,0,0.1,1.3,0.2,1.3,146.5,1
94,20,6,2.4,0.2,0,0,0.6,2.4,0.4,1.8,270.3,1
94,33,11,4.2,0.8,0.4,0.1,0.3,4.1,0.7,3.3,429.7,1
94,34,14,5.4,1,0.6,0.2,0.4,5.2,0.8,4.2,546.8,1
94,42,2,1.2,0.5,0,0.1,0.1,1.1,0.2,1,126.6,1
94,44,2,1.2,0.5,0,0.1,0.1,1.1,0.2,1,126.6,1
94,45,8,4.2,1.6,0.2,0,0.2,4.2,0.7,3.2,410.7,1
94,46,1,0.5,0.2,0,0,0,0.5,0.1,0.4,51.3,1
94,47,1,0.5,0.2,0,0,0,0.5,0.1,0.4,51.3,1
94,53,3,1.7,0.9,0.1,0,0.1,1.7,0.4,1.5,186,1
94,54,10,5.7,3,0.3,0,0.3,5.7,1.4,5.1,620,1
94,96,1,0.5,0.2,0,0,0.1,0.5,0.2,0.4,49.4,1
94,108,1,0.4,0.1,0,0,0,0.4,0.1,0.3,39.4,1
94,110,2,1.1,0.5,0,0,0.1,1.1,0.3,1,142.4,1
94,125,4,2,0.6,0,0,0.1,2,0.2,1.8,260.1,1
94,126,4,2,0.6,0,0,0.1,2,0.2,1.8,260.1,1
95,0,15.5,5.9,1.1,0.3,0,0.3,5.9,0.4,5.5,645.9,1
95,1,15,5.7,1.1,0.3,0,0.3,5.7,0.4,5.3,625.1,1
95,4,14,5.3,1,0.3,0,0.3,5.3,0.4,5,583.4,1
95,5,11,4.5,0.6,0,0,0.5,4.5,0.3,4,478.9,1
95,6,22,11,4,0,0,0,11,1,8,1162,0
95,7,25,13,6,0,0,2,13,3,8,1358,0
95,8,2,0.8,0.1,0,0,0.1,0.8,0.1,0.7,87.1,1
95,15,3,1.3,0.5,0,0,0.1,1.3,0.2,1.3,146.5,1
95,21,8.5,3.4,0.3,0,0,0.8,3.4,0.5,2.6,382.9,1
95,33,3,1.2,0.2,0.1,0.1,0.1,1.1,0.2,0.9,117.2,1
95,34,11,4.2,0.8,0.4,0.1,0.3,4.1,0.7,3.3,429.7,1
95,42,6,3.8,1.5,0,0.5,0.2,3.3,0.5,3,379.8,1
95,108,1,0.4,0.1,0,0,0,0.4,0.1,0.3,39.4,1
95,123,2,1,0.3,0,0,0.1,1,0.1,0.9,130.1,1
96,0,21,8,1.5,0.4,0,0.4,8,0.6,7.4,875.1,1
96,1,7,2.7,0.5,0.1,0,0.1,2.7,0.2,2.5,291.7,1
96,3,7,2.7,0.5,0.1,0,0.1,2.7,0.2,2.5,291.7,1
96,4,7,2.7,0.5,0.1,0,0.1,2.7,0.2,2.5,291.7,1
96,6,12,4.9,0.7,0,0,0.5,4.9,0.3,4.3,522.4,1
96,7,5,2,0.3,0,0,0.2,2,0.1,1.8,217.7,1
96,15,13,5.8,2,0,0,0.2,5.8,0.8,5.5,634.8,1
96,16,6,2.7,0.9,0,0,0.1,2.7,0.3,2.5,293,1
96,17,2,0.9,0.3,0,0,0,0.9,0.1,0.8,97.7,1
96,22,2,0.8,0.1,0,0,0.2,0.8,0.1,0.6,90.1,1
96,23,2,0.8,0.1,0,0,0.2,0.8,0.1,0.6,90.1,1
96,28,4,1.5,0.2,0.1,0,0.2,1.5,0.1,1.3,146.4,1
96,41,1,0.6,0.2,0,0.1,0,0.5,0.1,0.5,63.3,1
96,42,9,5.6,2.2,0,0.7,0.4,4.9,0.8,4.5,569.6,1
96,95,2,1,0.4,0,0,0.2,1,0.3,0.9,98.9,1
96,97,4,1.9,0.7,0.1,0,0.3,1.9,0.6,1.7,197.7,1
96,100,10,5.8,2.4,0,0,0.6,5.8,0.6,4.8,627.6,1
96,101,3,1.7,0.7,0,0,0.2,1.7,0.2,1.5,188.3,1
96,110,4,2.2,1,0,0,0.1,2.2,0.6,2,284.8,1
96,123,3,1.5,0.5,0,0,0.1,1.5,0.2,1.3,195.1,1
97,0,2,0.8,0.1,0,0,0,0.8,0.1,0.7,83.3,1
97,2,9.5,3.6,0.7,0.2,0,0.2,3.6,0.3,3.4,395.9,1
97,3,12,4.6,0.9,0.2,0,0.2,4.6,0.3,4.3,500.1,1
97,15,21,9.3,3.2,0,0,0.4,9.3,1.2,8.9,1025.4,1
97,16,4,1.8,0.6,0,0,0.1,1.8,0.2,1.7,195.3,1
97,23,6,2.4,0.2,0,0,0.6,2.4,0.4,1.8,270.3,1
97,29,2,0.8,0.1,0.1,0,0.1,0.8,0.1,0.7,73.2,1
97,40,2,1.2,0.5,0,0.1,0.1,1.1,0.2,1,126.6,1
97,43,2,1.2,0.5,0,0.1,0.1,1.1,0.2,1,126.6,1
97,48,2,1,0.4,0.1,0,0.1,1,0.2,0.8,102.7,1
97,64,1,0.4,0.1,0,0,0,0.4,0.1,0.3,44.8,1
97,91,2,1,0.4,0,0,0.2,1,0.3,0.9,98.9,1
97,95,1,0.5,0.2,0,0,0.1,0.5,0.2,0.4,49.4,1
97,99,4,1.9,0.7,0.1,0,0.3,1.9,0.6,1.7,197.7,1
97,101,12,6.9,2.9,0,0,0.7,6.9,0.7,5.8,753.1,1
97,102,8,4.6,1.9,0,0,0.5,4.6,0.5,3.9,502.1,1
97,125,3,1.5,0.5,0,0,0.1,1.5,0.2,1.3,195.1,1
97,127,3,1.5,0.5,0,0,0.1,1.5,0.2,1.3,195.1,1
98,0,3,1.1,0.2,0.1,0,0.1,1.1,0.1,0.9,145.3,1
98,2,12,4.4,0.7,0.3,0,0.4,4.4,0.4,3.4,581.3,1
98,15,1,0.5,0.2,0,0,0.1,0.5,0,0.3,53.3,1
98,23,2,0.9,0.2,0,0,0.1,0.9,0.1,0.8,91.7,1
98,24,22,9.5,2,0.5,0,1,9.5,1.5,9,1008.5,1
98,29,1,0.5,0.1,0,0.1,0,0.4,0.1,0.3,49.9,1
98,82,3,1.2,0.3,0.1,0,0.1,1.2,0.2,0.9,116.1,1
98,94,2,1,0.3,0,0,0,1,0.2,0.9,99.2,1
98,101,8,4.2,1.5,0,0,0.2,4.2,1.5,4,393.5,1
98,102,5,2.6,0.9,0,0,0.1,2.6,0.9,2.5,245.9,1
98,126,3,1.3,0.4,0.1,0,0,1.3,0.6,1.2,120.6,1
98,127,10,4.5,1.3,0.3,0,0,4.5,1.8,3.9,401.8,1
99,4,4,1.5,0.2,0.1,0,0.1,1.5,0.1,1.1,193.8,1
99,11,3,1.4,0.5,0,0,0.2,1.4,0.1,0.9,159.8,1
99,24,20,13,6,0,2,1,11,1,8,1219,0
99,25,23,10.8,3.4,0.5,1,0,9.8,1.5,7.8,1148.5,1
99,36,1,0.4,0.1,0,0,0.1,0.4,0,0.3,41,1
99,37,24,9.2,1.8,0.6,0,1.2,9.2,0.6,8,983.4,1
99,45,4,1.9,0.6,0.1,0.1,0.1,1.8,0.3,1.5,217.6,1
99,48,5,2.4,0.7,0.1,0.1,0.1,2.3,0.4,1.8,272,1
99,49,22,10.4,3.2,0.6,0.3,0.3,10.1,1.7,8.1,1196.7,1
99,50,2,0.8,0.1,0,0,0,0.8,0.1,0.7,99.2,1
99,65,1,0.5,0.2,0,0,0,0.5,0.1,0.5,54.3,1
99,71,2,0.8,0.2,0,0,0.1,0.8,0.2,0.7,89.5,1
99,81,7,2.7,0.7,0.3,0,0.2,2.7,0.5,2.2,271,1
99,82,19,7.3,1.9,0.8,0,0.6,7.3,1.3,5.8,735.6,1
99,83,3,1.2,0.3,0.1,0,0.1,1.2,0.2,0.9,116.1,1
99,92,1,0.5,0.2,0,0,0,0.5,0.1,0.4,49.6,1
99,113,2,1.1,0.4,0,0,0.1,1.1,0.3,1.1,132.8,1
99,114,3,1.7,0.5,0,0,0.1,1.7,0.4,1.7,199.1,1
100,23,16,6.9,1.5,0.4,0,0.7,6.9,1.1,6.5,733.5,1
100,24,24,15,9,0,0,0,15,4,13,1318,0
100,25,8,3.7,1.2,0.2,0.3,0,3.4,0.5,2.7,399.5,1
100,41,5,2.4,0.7,0.1,0.1,0.1,2.3,0.4,1.8,272,1
100,43,2,0.9,0.3,0.1,0,0,0.9,0.2,0.7,108.8,1
100,44,6,2.8,0.9,0.2,0.1,0.1,2.7,0.5,2.2,326.4,1
100,45,5,2.4,0.7,0.1,0.1,0.1,2.3,0.4,1.8,272,1
100,46,1,0.5,0.1,0,0,0,0.5,0.1,0.4,54.4,1
100,49,8,3.8,1.2,0.2,0.1,0.1,3.7,0.6,2.9,435.2,1
100,50,18,7.2,0.8,0,0,0.2,7.2,0.8,6,892.5,1
100,51,8,3.2,0.3,0,0,0.1,3.2,0.3,2.7,396.7,1
100,69,7,3.6,1.6,0,0,0,3.6,0.5,3.4,380.1,1
100,81,26,10,2.6,1.1,0,0.9,10,1.7,8,1006.6,1
100,82,38,18,7,0,0,1,18,3,11,1646,0
100,83,2,0.8,0.2,0.1,0,0.1,0.8,0.1,0.6,77.4,1
100,84,11,4.2,1.1,0.5,0,0.4,4.2,0.7,3.4,425.9,1
100,94,6,2.9,0.9,0,0,0,2.9,0.4,2.5,297.8,1
100,116,7,3.9,1.2,0,0,0.2,3.9,1,3.9,464.7,1
100,117,1,0.6,0.2,0,0,0,0.6,0.1,0.6,66.4,1
100,118,7,3.9,1.2,0,0,0.2,3.9,1,3.9,464.7,1
101,9,7,2.6,0.4,0.2,0,0.2,2.6,0.2,2,339.1,1
101,15,2,0.9,0.3,0,0,0.2,0.9,0.1,0.6,106.5,1
101,16,3,1.4,0.5,0,0,0.2,1.4,0.1,0.9,159.8,1
101,23,2,0.9,0.2,0,0,0.1,0.9,0.1,0.8,91.7,1
101,24,2,0.9,0.2,0,0,0.1,0.9,0.1,0.8,91.7,1
101,25,3,1.4,0.4,0.1,0.1,0,1.3,0.2,1,149.8,1
101,37,14,5.4,1.1,0.4,0,0.7,5.4,0.4,4.7,573.6,1
101,50,6,2.4,0.2,0,0,0.1,2.4,0.2,2,297.5,1
101,51,21,8.5,0.9,0,0,0.3,8.5,0.9,7,1041.2,1
101,52,13,5.2,0.5,0,0,0.2,5.2,0.5,4.3,644.6,1
101,69,6,3.1,1.3,0,0,0,3.1,0.4,2.9,325.8,1
101,81,3,1.2,0.3,0.1,0,0.1,1.2,0.2,0.9,116.1,1
101,82,15,5.8,1.5,0.7,0,0.5,5.8,1,4.6,580.7,1
101,83,2,0.8,0.2,0.1,0,0.1,0.8,0.1,0.6,77.4,1
101,94,16,7.6,2.4,0,0,0,7.6,1.2,6.8,794,1
101,109,1,0.5,0.2,0,0,0,0.5,0.2,0.5,49.2,1
101,110,2,1.1,0.4,0,0,0.1,1.1,0.3,1.1,132.8,1
101,111,1,0.6,0.2,0,0,0,0.6,0.1,0.6,66.4,1
101,120,5,2.2,0.7,0.1,0,0,2.2,0.9,2,200.9,1
101,125,2,0.9,0.3,0.1,0,0,0.9,0.4,0.8,80.4,1
102,7,10,3.7,0.6,0.2,0,0.3,3.7,0.3,2.9,484.4,1
102,8,12,4.4,0.7,0.3,0,0.4,4.4,0.4,3.4,581.3,1
102,14,5,2.3,0.8,0,0,0.4,2.3,0.2,1.5,266.3,1
102,15,12,5.5,1.8,0,0,0.9,5.5,0.5,3.7,639.2,1
102,25,6,2.8,0.9,0.1,0.3,0,2.5,0.4,2,299.6,1
102,26,4,1.9,0.6,0.1,0.2,0,1.7,0.3,1.4,199.7,1
102,28,2,0.9,0.3,0,0.1,0,0.8,0.1,0.7,99.9,1
102,46,1,0.5,0.1,0,0,0,0.5,0.1,0.4,54.4,1
102,47,11,5.2,1.6,0.3,0.1,0.1,5.1,0.9,4.1,598.3,1
102,52,2,0.8,0.1,0,0,0,0.8,0.1,0.7,99.2,1
102,53,2,0.8,0.1,0,0,0,0.8,0.1,0.7,99.2,1
102,68,4,2.1,0.9,0,0,0,2.1,0.3,1.9,217.2,1
102,69,9,4.7,2,0,0,0,4.7,0.7,4.3,488.7,1
102,94,9,4.3,1.4,0,0,0,4.3,0.7,3.8,446.6,1
102,95,2,1,0.3,0,0,0,1,0.2,0.9,99.2,1
102,117,7,3.9,1.2,0,0,0.2,3.9,1,3.9,464.7,1
102,120,6,2.7,0.8,0.2,0,0,2.7,1.1,2.4,241.1,1
103,14,40,16,6,2,0,2,16,3,9,1374,0
103,15,20,8.4,2.3,0.9,0,0.9,8.4,0.9,6,934.9,1
103,22,2,0.8,0.1,0,0,0.1,0.8,0.1,0.7,124.9,1
103,26,2,0.8,0.1,0,0,0.1,0.8,0.1,0.7,124.9,1
103,47,21,11,5,0,1,0,10,1,10,1190,0
103,48,10,5.1,1.3,0.2,0,0.3,5.1,0.8,4.3,540.3,1
103,68,2,0.8,0.2,0,0,0,0.8,0,0.7,85.1,1
103,69,4,1.6,0.4,0.1,0,0,1.6,0.1,1.4,170.2,1
103,92,1,0.5,0.2,0,0,0,0.5,0.2,0.5,64.8,1
103,93,1,0.5,0.2,0,0,0,0.5,0.2,0.5,64.8,1
103,95,2,1,0.3,0,0,0,1,0.2,0.9,99.2,1
103,115,2,1.1,0.4,0,0,0.2,1.1,0.5,0.9,109.8,1
103,117,3,1.6,0.6,0,0,0.2,1.6,0.8,1.4,164.7,1
104,3,16,5.9,0.9,0.4,0,0.5,5.9,0.5,4.6,775.1,1
104,14,18,8.7,2.4,0,0,0.8,8.7,0.4,6.3,850.5,1
104,15,12,5,1.4,0.6,0,0.6,5,0.6,3.6,560.9,1
104,23,3,1.2,0.1,0,0,0.2,1.2,0.2,1.1,187.4,1
104,27,3,1.2,0.1,0,0,0.2,1.2,0.2,1.1,187.4,1
104,28,3,1.2,0.1,0,0,0.2,1.2,0.2,1.1,187.4,1
104,35,1,0.6,0.3,0,0,0,0.6,0.1,0.3,62.3,1
104,46,31,15,4,0,0,3,15,1,12,1493,0
104,47,13,6.6,1.7,0.2,0,0.4,6.6,1.1,5.5,702.4,1
104,48,27,13,5,0,0,1,13,2,6,1160,0
104,49,8,4.1,1,0.1,0,0.3,4.1,0.7,3.4,432.3,1
104,53,8,3.4,0.5,0.2,0.2,0.7,3.2,0.7,2.4,452,1
104,57,5,2.7,1.2,0,0,0,2.7,0.6,2,263.9,1
104,67,1,0.4,0.1,0,0,0,0.4,0,0.3,42.5,1
104,68,8,3.2,0.8,0.2,0,0,3.2,0.2,2.7,340.4,1
104,69,2,0.8,0.2,0,0,0,0.8,0,0.7,85.1,1
104,92,5,2.7,0.9,0,0,0.2,2.7,0.8,2.3,323.8,1
104,109,5,2.6,0.9,0,0,0.1,2.6,0.9,2.5,245.9,1
104,110,3,1.7,0.5,0,0,0.1,1.7,0.4,1.7,199.1,1
104,115,17,9.2,3.2,0,0,1.4,9.2,4.6,7.8,933.2,1
104,119,4,2.2,0.8,0,0,0.3,2.2,1.1,1.8,219.6,1
105,2,5,1.8,0.3,0.1,0,0.2,1.8,0.2,1.4,242.2,1
105,3,7,2.6,0.4,0.2,0,0.2,2.6,0.2,2,339.1,1
105,14,14.5,7,1.9,0,0,0.6,7,0.3,5.1,685.2,1
105,15,5,2.1,0.6,0.2,0,0.2,2.1,0.2,1.5,233.7,1
105,22,2,0.8,0.1,0,0,0.1,0.8,0.1,0.7,124.9,1
105,27,11,4.5,0.3,0,0,0.6,4.5,0.6,3.9,687.2,1
105,28,8,3.3,0.2,0,0,0.5,3.3,0.5,2.8,499.8,1
105,35,25,14.4,6.7,0,0,0,14.4,1.9,7.7,1557.7,1
105,45,2,1,0.3,0,0,0.1,1,0.2,0.9,108.1,1
105,46,8,4.1,1,0.1,0,0.3,4.1,0.7,3.4,432.3,1
105,49,2,1,0.3,0,0,0.1,1,0.2,0.9,108.1,1
105,50,7,3,0.5,0.2,0.2,0.6,2.8,0.6,2.1,395.5,1
105,51,20,8.4,1.4,0.5,0.5,1.6,7.9,1.6,6,1130.1,1
105,53,6,2.5,0.4,0.2,0.1,0.5,2.4,0.5,1.8,339,1
105,55,1,0.5,0.2,0,0,0,0.5,0.1,0.4,52.8,1
105,56,1,0.5,0.2,0,0,0,0.5,0.1,0.4,52.8,1
105,57,10,5.3,2.3,0,0,0,5.3,1.3,4,527.9,1
105,62,2,1,0.2,0,0,0.1,1,0.1,0.9,108.8,1
105,63,5,2.4,0.6,0,0,0.2,2.4,0.2,2.1,272,1
105,66,6,2.4,0.6,0.1,0,0,2.4,0.1,2,255.3,1
105,67,17,6.8,1.7,0.4,0,0,6.8,0.4,5.8,723.3,1
105,68,2,0.8,0.2,0,0,0,0.8,0,0.7,85.1,1
105,76,5,2,0.5,0.1,0,0.2,2,0.5,1.7,223.8,1
105,105,2,1.1,0.4,0,0,0.1,1.1,0.4,1,98.4,1
105,108,2,1.1,0.4,0,0,0.1,1.1,0.4,1,98.4,1
105,109,5,2.6,0.9,0,0,0.1,2.6,0.9,2.5,245.9,1
105,110,1,0.6,0.2,0,0,0,0.6,0.1,0.6,66.4,1
105,123,6,2.7,0.8,0.2,0,0,2.7,1.1,2.4,241.1,1
106,8,2,0.7,0.1,0,0,0.1,0.7,0.1,0.6,96.9,1
106,9,7.5,2.7,0.4,0.2,0,0.3,2.7,0.3,2.1,363.3,1
106,19,6,2.5,0.7,0.3,0,0.3,2.5,0.3,1.8,280.5,1
106,46,4,2,0.5,0.1,0,0.1,2,0.3,1.7,216.1,1
106,49,3,1.5,0.4,0,0,0.1,1.5,0.2,1.3,162.1,1
106,51,2,0.8,0.1,0.1,0,0.2,0.8,0.2,0.6,113,1
106,52,24,12,4,1,0,2,12,2,10,1121,0
106,53,11,4.6,0.7,0.3,0.3,0.9,4.3,0.9,3.3,621.5,1
106,55,22,12,4,0,0,1,12,1,10,1097,0
106,56,13,6.9,3,0,0,0,6.9,1.7,5.3,686.2,1
106,57,2,1.1,0.5,0,0,0,1.1,0.3,0.8,105.6,1
106,58,2,1.1,0.5,0,0,0,1.1,0.3,0.8,105.6,1
106,60,2,1,0.2,0,0,0.1,1,0.1,0.9,108.8,1
106,62,6,2.9,0.7,0,0,0.2,2.9,0.2,2.6,326.4,1
106,63,29,15,5,0,0,0,15,2,11,1236,0
106,64,12,5.7,1.3,0,0,0.4,5.7,0.4,5.1,652.8,1
106,65,28,11.3,2.7,0.7,0,0,11.3,0.7,9.6,1191.4,1
106,66,36.5,16,5,1,0,0,16,2,15,1576,0
106,90,9,4.8,1.7,0,0,0.3,4.8,1.4,4.2,582.8,1
106,108,3,1.6,0.6,0,0,0.1,1.6,0.6,1.5,147.6,1
106,109,6,3.2,1.1,0,0,0.2,3.2,1.1,3,295.1,1
106,118,3,1.6,0.6,0,0,0.2,1.6,0.8,1.4,164.7,1
106,122,3,1.3,0.4,0.1,0,0,1.3,0.6,1.2,120.6,1
107,2,2,0.7,0.1,0,0,0.1,0.7,0.1,0.6,96.9,1
107,11,2,1,0.3,0,0,0.1,1,0,0.7,94.5,1
107,12,2,1,0.3,0,0,0.1,1,0,0.7,94.5,1
107,13,9,4.4,1.2,0,0,0.4,4.4,0.2,3.2,425.3,1
107,31,46,15.6,2.2,1.5,0,2.2,15.6,1.5,10.4,1535.8,1
107,32,16,5.4,0.8,0.5,0,0.8,5.4,0.5,3.6,534.2,1
107,43,2,0.9,0.3,0.1,0,0,0.9,0.2,0.7,108.8,1
107,44,4,1.9,0.6,0.1,0.1,0.1,1.8,0.3,1.5,217.6,1
107,45,3,1.5,0.4,0,0,0.1,1.5,0.2,1.3,162.1,1
107,46,8,4.1,1,0.1,0,0.3,4.1,0.7,3.4,432.3,1
107,50,3,1.3,0.2,0.1,0.1,0.2,1.2,0.2,0.9,169.5,1
107,52,47,21,7,1,2,5,19,8,3,1720,0
107,53,16.5,7,1.1,0.4,0.5,1.3,6.5,1.3,4.9,932.3,1
107,54,68.5,38,19,1,17,8,21,14,7,2787,0
107,55,59,27,11,1,5,4,22,8,6,2264,0
107,56,11,5.9,2.6,0,0,0,5.9,1.4,4.4,580.7,1
107,57,41.5,21,8,1,1,4,20,6,15,1858.6,0
107,58,25,11,5,1,0,2,11,1,7,876,0
107,59,2,1.1,0.5,0,0,0,1.1,0.3,0.8,105.6,1
107,60,9,4.3,1,0,0,0.3,4.3,0.3,3.9,489.6,1
107,61,8,3.8,0.9,0,0,0.3,3.8,0.3,3.4,435.2,1
107,62,13,6.2,1.4,0,0,0.4,6.2,0.4,5.6,707.2,1
107,64,6,2.9,0.7,0,0,0.2,2.9,0.2,2.6,326.4,1
107,65,8,3.2,0.8,0.2,0,0,3.2,0.2,2.7,340.4,1
107,66,4,1.6,0.4,0.1,0,0,1.6,0.1,1.4,170.2,1
107,90,11,5.8,2.1,0,0,0.3,5.8,1.7,5.2,712.2,1
107,92,5,2.7,0.9,0,0,0.2,2.7,0.8,2.3,323.8,1
107,95,2,1,0.3,0,0,0,1,0.2,0.9,99.2,1
107,109,1,0.5,0.2,0,0,0,0.5,0.2,0.5,49.2,1
107,117,2,1.1,0.4,0,0,0.2,1.1,0.5,0.9,109.8,1
107,118,6,3.2,1.1,0,0,0.5,3.2,1.6,2.8,329.4,1
107,124,1,0.4,0.1,0,0,0,0.4,0.2,0.4,40.2,1
108,3,5,1.8,0.4,0.2,0,0.2,1.8,0.2,1.6,196.3,1
108,4,8,2.9,0.6,0.3,0,0.3,2.9,0.3,2.6,314.1,1
108,18,1,0.4,0.2,0.1,0,0,0.4,0,0.4,40.7,1
108,20,2,0.7,0.1,0.1,0,0,0.7,0.1,0.6,85.1,1
108,29,4,1.5,0.3,0.1,0,0.1,1.5,0.2,1.3,170.2,1
108,31,3,1.7,0.8,0,0,0.1,1.7,0.4,1.1,150.3,1
108,32,1,0.6,0.3,0,0,0,0.6,0.1,0.4,50.1,1
108,37,2,1,0.4,0,0,0.1,1,0.2,0.8,132.7,1
108,46,7,3.6,1.1,0,0,0.2,3.6,0.5,2.9,413.7,1
108,47,2,1,0.3,0,0,0.1,1,0.1,0.8,118.2,1
108,50,2,0.9,0.2,0.1,0,0.1,0.9,0.2,0.7,94.2,1
108,51,54,30,13,0,16,4,14,10,14,2506,0
108,52,62,39,25,0,0,4,39,10,4,2774,0
108,53,31,18,8,0,0,2,18,1,13,1504,0
108,54,45,28,16,0,5,2,23,4,9,2268.8,0
108,55,106,50,23,5,23,11,27,19,16,4322,0
108,56,53,27,9,1,3,6,24,7,15,2352,0
108,57,10,5,1.5,0.1,0.1,1.1,4.9,0.7,3.3,468.7,1
108,58,52,25,8,1,0,4,25,2,1,2088,0
108,62,4,1.6,0.4,0.1,0,0.1,1.6,0.1,1.3,165.7,1
108,64,5,2,0.4,0.1,0,0.1,2,0.1,1.7,207.1,1
108,65,10,4,1,0.1,0,0.3,4,0.6,3.4,421.8,1
108,89,2,1.2,0.6,0,0,0,1.2,0.1,1,141.2,1
108,90,1,0.4,0.2,0,0,0,0.4,0,0.4,53,1
108,91,4,1.8,0.8,0.2,0,0,1.8,0.2,1.5,211.9,1
108,94,4,1.8,0.8,0.2,0,0,1.8,0.2,1.5,211.9,1
108,95,5,1.9,0.6,0.3,0,0.1,1.9,0.3,1.5,210,1
108,105,2,1.1,0.4,0,0,0.1,1.1,0.3,0.8,121.7,1
108,106,1,0.5,0.2,0,0,0,0.5,0.1,0.4,60.8,1
109,2,5,1.8,0.4,0.2,0,0.2,1.8,0.2,1.6,196.3,1
109,3,16,5.8,1.2,0.7,0,0.7,5.8,0.7,5.1,628.2,1
109,4,10,3.6,0.7,0.4,0,0.4,3.6,0.4,3.2,392.6,1
109,13,2,1,0.3,0,0,0,1,0.1,0.9,106.1,1
109,15,14,5.7,2.3,0.9,0,0.3,5.7,0,5.1,569.4,1
109,16,5,2,0.8,0.3,0,0.1,2,0,1.8,203.4,1
109,29,2,0.7,0.1,0.1,0,0,0.7,0.1,0.6,85.1,1
109,43,8,2.6,0.1,0.3,0,0.3,2.6,0,1.8,261.5,1
109,44,41,16,4,2,0,1,16,4,6,1632,0
109,45,1,0.5,0.2,0,0,0,0.5,0.1,0.4,59.1,1
109,46,1,0.5,0.2,0,0,0,0.5,0.1,0.4,59.1,1
109,50,1,0.4,0.1,0,0,0,0.4,0.1,0.3,47.1,1
109,51,61,32,9,0,0,5,32,3,30,2973,0
109,52,21,9.1,2.6,0.7,0,1,9.1,1.6,6.8,989.1,1
109,53,22.5,9.8,2.8,0.7,0,1,9.8,1.7,7.3,1059.8,1
109,54,32,19,10,0,1,3,18,3,10,1756,0
109,55,113,69,39,0,25,16,44,16,18,5009.2,0
109,56,48,25,7,0,0,3,25,5,17,2488,0
109,57,13,6.5,2,0.1,0.1,1.5,6.4,0.9,4.3,609.4,1
109,58,63.5,27,5,1,0,2,27,1,21,2653,0
109,59,17.5,8.7,2.6,0.2,0.2,2,8.5,1.2,5.8,820.3,1
109,63,2,0.8,0.2,0,0,0,0.8,0,0.7,82.9,1
109,64,20,8.2,1.8,0.4,0,0.4,8.2,0.4,6.7,828.6,1
109,75,2,0.8,0.2,0.1,0,0,0.8,0.3,0.6,88.9,1
109,76,6,2.3,0.5,0.3,0,0.1,2.3,0.8,1.7,266.7,1
109,78,5,1.9,0.4,0.2,0,0.1,1.9,0.7,1.4,222.2,1
109,89,3,1.8,1,0,0,0,1.8,0.1,1.5,211.8,1
109,90,4,1.8,0.8,0.2,0,0,1.8,0.2,1.5,211.9,1
109,94,14,6.3,2.8,0.7,0,0,6.3,0.7,5.2,741.6,1
109,95,6,2.3,0.7,0.4,0,0.2,2.3,0.4,1.8,252,1
109,105,12,6.4,2.1,0,0,0.5,6.4,1.6,4.8,730.1,1
109,106,3.5,1.9,0.6,0,0,0.2,1.9,0.5,1.4,213,1
109,121,1,0.4,0.1,0,0,0,0.4,0.1,0.3,44.8,1
110,12,2,1,0.3,0,0,0,1,0.1,0.9,106.1,1
110,15,5,2,0.8,0.3,0,0.1,2,0,1.8,203.4,1
110,16,3,1.2,0.5,0.2,0,0.1,1.2,0,1.1,122,1
110,29,6,2.2,0.4,0.2,0,0.1,2.2,0.3,1.9,255.3,1
110,30,5,2.9,1.4,0,0,0.2,2.9,0.6,1.8,250.5,1
110,43,12,3.9,0.2,0.5,0,0.5,3.9,0,2.7,392.2,1
110,44,42,13.8,0.6,1.8,0,1.8,13.8,0,9.6,1372.8,1
110,47,6,3.1,1,0,0,0.2,3.1,0.4,2.5,354.6,1
110,53,1,0.4,0.1,0,0,0,0.4,0.1,0.3,47.1,1
110,54,20,17,14,0,13,1,4,0,2,1239.8,0
110,55,22,11,5,0,1,1,10,3,7,982,0
110,56,63.5,31,13,3,8,6,23,9,12,2904,0
110,57,36,14,4,3,0,1,14,4,11,1696,0
110,58,24,14,7,0,0,4,14,5,3,1142,0
110,59,21,10.5,3.2,0.2,0.2,2.4,10.3,1.4,6.9,984.3,1
110,62,13,5.3,1.1,0.3,0,0.3,5.3,0.3,4.3,538.6,1
110,63,16,6.5,1.4,0.3,0,0.3,6.5,0.3,5.3,662.9,1
110,64,31,12.7,2.7,0.6,0,0.6,12.7,0.6,10.3,1284.3,1
110,65,7,2.8,0.7,0.1,0,0.2,2.8,0.5,2.4,295.3,1
110,75,23,8.8,1.9,1.2,0,0.4,8.8,3.1,6.5,1022.4,1
110,76,2,0.8,0.2,0.1,0,0,0.8,0.3,0.6,88.9,1
110,79,1,0.4,0.1,0,0,0,0.4,0.1,0.3,44.5,1
110,105,4,2.1,0.7,0,0,0.2,2.1,0.5,1.6,243.4,1
110,121,7,2.8,0.5,0.2,0,0,2.8,0.5,2,313.2,1
110,122,4,1.6,0.3,0.1,0,0,1.6,0.3,1.1,179,1
110,127,2,0.8,0.1,0.1,0,0,0.8,0.1,0.6,89.5,1
111,6,6,2.2,0.4,0.3,0,0.3,2.2,0.3,1.9,235.6,1
111,11,1,0.5,0.2,0,0,0,0.5,0,0.5,53,1
111,12,4,2,0.7,0,0,0,2,0.1,1.9,212.1,1
111,13,15,7.5,2.5,0,0,0,7.5,0.5,7,795.5,1
111,19,1,0.4,0.2,0.1,0,0,0.4,0,0.4,40.7,1
111,21,13,4.8,0.8,0.4,0,0.2,4.8,0.6,4.2,553.1,1
111,22,4,1.5,0.3,0.1,0,0.1,1.5,0.2,1.3,170.2,1
111,29,5,1.9,0.3,0.2,0,0.1,1.9,0.2,1.6,212.7,1
111,30,20,11.5,5.5,0,0,0.6,11.5,2.4,7.3,1001.8,1
111,31,4,2.3,1.1,0,0,0.1,2.3,0.5,1.5,200.4,1
111,40,2,0.7,0,0.1,0,0.1,0.7,0,0.5,65.4,1
111,47,3,1.5,0.5,0,0,0.1,1.5,0.2,1.3,177.3,1
111,48,1,0.5,0.2,0,0,0,0.5,0.1,0.4,59.1,1
111,54,2,0.9,0.2,0.1,0,0.1,0.9,0.2,0.7,94.2,1
111,56,12,6,1.8,0.1,0.1,1.4,5.9,0.8,3.9,562.5,1
111,57,11,5.5,1.7,0.1,0.1,1.2,5.4,0.7,3.6,515.6,1
111,58,39,19,9,1,0,4,19,2,10,1781,0
111,59,12,6,1.8,0.1,0.1,1.4,5.9,0.8,3.9,562.5,1
111,60,12,4.9,1.1,0.2,0,0.2,4.9,0.2,4,497.1,1
111,61,14,5.7,1.2,0.3,0,0.3,5.7,0.3,4.7,580,1
111,62,6,2.4,0.5,0.1,0,0.1,2.4,0.1,2,248.6,1
111,71,2,0.8,0.2,0.1,0,0,0.8,0.3,0.6,88.9,1
111,73,7,2.7,0.6,0.3,0,0.1,2.7,0.9,2,311.1,1
111,76,7,2.7,0.6,0.3,0,0.1,2.7,0.9,2,311.1,1
111,91,5,2.2,1,0.2,0,0,2.2,0.2,1.9,264.9,1
111,93,2,0.9,0.4,0.1,0,0,0.9,0.1,0.8,106,1
111,110,10,4.6,1.5,0,0,0.4,4.6,1.7,4.1,464.1,1
111,120,3,1.2,0.2,0.1,0,0,1.2,0.2,0.9,134.2,1
112,6,13,4.7,0.9,0.6,0,0.6,4.7,0.6,4.1,510.4,1
112,7,4,1.4,0.3,0.2,0,0.2,1.4,0.2,1.3,157,1
112,13,6,3,1,0,0,0,3,0.2,2.8,318.2,1
112,21,23,8.5,1.5,0.7,0,0.4,8.5,1.1,7.4,978.6,1
112,27,3,1.1,0.2,0.1,0,0,1.1,0.1,1,127.6,1
112,36,2,1,0.4,0,0,0.1,1,0.2,0.8,132.7,1
112,41,4,1.3,0.1,0.2,0,0.2,1.3,0,0.9,130.7,1
112,44,2,0.7,0,0.1,0,0.1,0.7,0,0.5,65.4,1
112,48,41,15,1,1,0,3,15,3,11,1564,0
112,49,10,5.2,1.6,0,0,0.3,5.2,0.6,4.2,591,1
112,53,1,0.4,0.1,0,0,0,0.4,0.1,0.3,47.1,1
112,54,14,6.1,1.7,0.4,0,0.7,6.1,1.1,4.6,659.4,1
112,57,10,5,1.5,0.1,0.1,1.1,4.9,0.7,3.3,468.7,1
112,58,34,17,5,0,0,3,17,2,11,1587,0
112,59,64.5,32,16,1,1,5,31,5,19,2661,0
112,60,45,20,7,1,0,0,20,2,16,1821,0
112,61,24,9.8,2.1,0.5,0,0.5,9.8,0.5,8,994.3,1
112,76,5,1.9,0.4,0.2,0,0.1,1.9,0.7,1.4,222.2,1
112,94,6,2.7,1.2,0.3,0,0,2.7,0.3,2.2,317.8,1
112,110,2,0.9,0.3,0,0,0.1,0.9,0.3,0.8,92.8,1
112,119,2,0.9,0.3,0,0,0.1,0.9,0.3,0.8,92.8,1
112,120,5,2,0.4,0.2,0,0,2,0.4,1.4,223.8,1
113,5,6,2.3,0.7,0.2,0,0.2,2.3,0.2,2.3,284.3,1
113,6,31,11.7,3.6,1,0,1,11.7,1,11.7,1468.7,1
113,10,4,1.4,0.4,0.3,0,0,1.4,0.2,1.2,149.4,1
113,11,8,2.8,0.9,0.6,0,0,2.8,0.4,2.4,298.8,1
113,16,10,4.1,1.6,0.6,0,0.2,4.1,0,3.7,406.7,1
113,17,2,0.8,0.3,0.1,0,0,0.8,0,0.7,81.3,1
113,21,21,12,5,0,1,0,11,1,10,1171,0
113,22,7,2.7,0.7,0.2,0,0.2,2.7,0.1,2.3,290.1,1
113,23,18,7,1.7,0.4,0,0.5,7,0.3,5.9,745.9,1
113,33,3,1.5,0.6,0,0,0.2,1.5,0.3,1.3,199.1,1
113,34,1,0.5,0.2,0,0,0.1,0.5,0.1,0.4,66.4,1
113,36,2,1,0.4,0,0,0.1,1,0.2,0.8,132.7,1
113,45,3,1.1,0.3,0.1,0,0.1,1.1,0.1,0.9,125.6,1
113,48,2,0.8,0.2,0.1,0,0,0.8,0,0.6,83.7,1
113,51,10,4.7,2,0.3,0.4,0.3,4.3,0.7,2.7,458.2,1
113,52,22,13,7,0,0,0,13,4,11,1461,0
113,53,33.5,21,12,0,0,2,21,1,17,1738,0
113,54,24,11.2,4.8,0.8,0.8,0.8,10.4,1.6,6.4,1099.6,1
113,57,9,5.1,2.2,0,0,0.5,5.1,0.5,3.2,465.1,1
113,58,4,2.3,1,0,0,0.2,2.3,0.2,1.4,206.7,1
113,59,15,8.5,3.6,0,0,0.8,8.5,0.8,5.3,775.1,1
113,60,6,2.4,0.6,0.1,0,0.2,2.4,0.4,2,253.1,1
113,61,23,9.3,2.4,0.3,0,0.6,9.3,1.5,7.8,970.2,1
113,62,4,1.6,0.4,0.1,0,0.1,1.6,0.3,1.4,168.7,1
113,65,6,2.8,0.9,0.1,0,0.1,2.8,0.2,2.5,304.1,1
113,66,3,1.4,0.4,0,0,0,1.4,0.1,1.2,152.1,1
113,67,10,4.7,1.5,0.1,0,0.1,4.7,0.4,4.2,506.8,1
113,80,3,1.8,1,0,0,0,1.8,0.1,1.5,211.8,1
113,81,1,0.6,0.3,0,0,0,0.6,0,0.5,70.6,1
113,89,1,0.4,0.1,0,0,0,0.4,0.1,0.3,48,1
113,90,3,1.1,0.4,0.2,0,0.1,1.1,0.2,0.9,126,1
113,92,3,1.1,0.4,0.2,0,0.1,1.1,0.2,0.9,126,1
113,104,2,0.8,0.2,0.1,0,0.1,0.8,0.3,0.6,93,1
113,119,7,3.2,1,0,0,0.3,3.2,1.2,2.9,324.9,1
113,121,2,0.9,0.3,0.1,0,0,0.9,0.2,0.9,89.2,1
114,6,4,1.5,0.5,0.1,0,0.1,1.5,0.1,1.5,189.5,1
114,8,4,1.5,0.5,0.1,0,0.1,1.5,0.1,1.5,189.5,1
114,9,11,4.1,1.3,0.4,0,0.4,4.1,0.4,4.1,521.1,1
114,10,19,6.7,2.1,1.5,0,0,6.7,1,5.6,709.7,1
114,11,5,1.8,0.5,0.4,0,0,1.8,0.3,1.5,186.8,1
114,15,6,2.4,1,0.4,0,0.1,2.4,0,2.2,244,1
114,18,2,0.8,0.3,0.1,0,0,0.8,0,0.7,81.3,1
114,21,39,22,12,1,0,1,22,5,19,2098,0
114,22,31,14,4,1,0,1,14,0,13,1266,0
114,23,17,6.6,1.6,0.4,0,0.5,6.6,0.3,5.6,704.5,1
114,24,12,4.7,1.2,0.3,0,0.4,4.7,0.2,3.9,497.3,1
114,32,4,2,0.7,0,0,0.2,2,0.4,1.7,265.5,1
114,33,3,1.5,0.6,0,0,0.2,1.5,0.3,1.3,199.1,1
114,42,6,2.3,0.5,0.3,0,0.1,2.3,0.1,1.8,251.1,1
114,43,14,5.4,1.2,0.6,0,0.3,5.4,0.3,4.2,585.9,1
114,44,3,1.1,0.3,0.1,0,0.1,1.1,0.1,0.9,125.6,1
114,45,1,0.4,0.1,0,0,0,0.4,0,0.3,41.9,1
114,51,2,0.9,0.4,0.1,0,0.1,0.9,0.1,0.5,91.6,1
114,52,18,8.4,3.6,0.6,0.6,0.6,7.8,1.2,4.8,824.7,1
114,53,19,12,7,0,0,1,12,3,7,983,0
114,54,5,2.3,1,0.2,0.2,0.2,2.1,0.3,1.3,229.1,1
114,58,1,0.6,0.2,0,0,0.1,0.6,0.1,0.4,51.7,1
114,59,2,1.1,0.5,0,0,0.1,1.1,0.1,0.7,103.4,1
114,60,6,2.4,0.6,0.1,0,0.2,2.4,0.4,2,253.1,1
114,62,2,0.8,0.2,0,0,0.1,0.8,0.1,0.7,84.4,1
114,65,2,0.9,0.3,0,0,0,0.9,0.1,0.8,101.4,1
114,66,6,2.8,0.9,0.1,0,0.1,2.8,0.2,2.5,304.1,1
114,67,2,0.9,0.3,0,0,0,0.9,0.1,0.8,101.4,1
114,89,4,1.6,0.3,0.1,0,0.1,1.6,0.3,1.3,192.1,1
114,90,13,5,1.5,0.8,0,0.4,5,0.8,3.8,546,1
114,93,2,0.8,0.2,0.1,0,0.1,0.8,0.1,0.6,84,1
114,104,9,3.4,1,0.6,0,0.4,3.4,1.3,2.9,418.4,1
114,119,20,11,5,0,0,0,11,3,9,1280,0
114,120,15,7.1,2.4,0.4,0.4,0,6.7,1.6,6.7,668.7,1
114,121,11,5.2,1.7,0.3,0.3,0,4.9,1.2,4.9,490.4,1
115,9,5,1.9,0.6,0.2,0,0.2,1.9,0.2,1.9,236.9,1
115,10,1,0.4,0.1,0.1,0,0,0.4,0.1,0.3,37.4,1
115,21,22,8.5,2.1,0.5,0,0.7,8.5,0.3,7.2,911.7,1
115,22,30,11.6,2.9,0.7,0,0.9,11.6,0.4,9.9,1243.2,1
115,23,14,5.4,1.4,0.3,0,0.4,5.4,0.2,4.6,580.2,1
115,42,3,1.1,0.3,0.1,0,0.1,1.1,0.1,0.9,125.6,1
115,43,14,5.4,1.2,0.6,0,0.3,5.4,0.3,4.2,585.9,1
115,53,1,0.5,0.2,0,0,0,0.5,0.1,0.3,45.8,1
115,57,2,1.1,0.5,0,0,0.1,1.1,0.1,0.7,103.4,1
115,59,1,0.6,0.2,0,0,0.1,0.6,0.1,0.4,51.7,1
115,60,15,6,1.6,0.2,0,0.4,6,1,5.1,632.7,1
115,65,8.5,4,1.3,0.1,0,0.1,4,0.3,3.5,430.8,1
115,66,15,7,2.2,0.2,0,0.2,7,0.6,6.2,760.3,1
115,74,16,7.1,1.6,0,0,0.8,7.1,0.8,6.3,728.5,1
115,75,23,7.9,1.1,1.1,0,0.4,7.9,1.8,6.5,766.2,1
115,76,4,1.4,0.2,0.2,0,0.1,1.4,0.3,1.1,133.2,1
115,82,9,5.3,2.9,0,0,0,5.3,0.4,4.5,635.3,1
115,83,3,1.8,1,0,0,0,1.8,0.1,1.5,211.8,1
115,84,1,0.6,0.3,0,0,0,0.6,0,0.5,70.6,1
115,86,2,0.8,0.1,0.1,0,0.1,0.8,0.1,0.7,96.1,1
115,115,3,1.4,0.4,0,0,0.1,1.4,0.5,1.2,139.2,1
115,118,5,2.3,0.7,0,0,0.2,2.3,0.8,2,232,1
115,119,15,6.9,2.2,0,0,0.6,6.9,2.5,6.1,696.1,1
115,120,22,11,4,1,1,1,10,1,8,1295,0
115,121,3,1.4,0.5,0.1,0.1,0,1.3,0.3,1.3,133.7,1
116,21,11,4.3,1.1,0.2,0,0.3,4.3,0.2,3.6,455.8,1
116,22,3,1.2,0.3,0.1,0,0.1,1.2,0,1,124.3,1
116,35,7,3.5,1.3,0,0,0.4,3.5,0.7,2.9,464.6,1
116,44,1,0.4,0.1,0,0,0,0.4,0,0.3,41.9,1
116,56,2,1.1,0.5,0,0,0.1,1.1,0.1,0.7,103.4,1
116,65,35,12,1,1,0,1,12,2,9,1260,0
116,66,1,0.5,0.1,0,0,0,0.5,0,0.4,50.7,1
116,74,18.5,8.2,1.8,0,0,0.9,8.2,0.9,7.3,842.3,1
116,75,20,6.9,0.9,0.9,0,0.3,6.9,1.6,5.6,666.2,1
116,76,12,4.1,0.6,0.6,0,0.2,4.1,0.9,3.4,399.8,1
116,89,4,1.6,0.3,0.1,0,0.1,1.6,0.3,1.3,192.1,1
116,90,2,0.8,0.2,0.1,0,0.1,0.8,0.1,0.6,84,1
116,100,2,0.8,0.2,0.1,0,0.1,0.8,0.3,0.6,93,1
116,102,5,1.9,0.5,0.3,0,0.2,1.9,0.7,1.6,232.4,1
116,103,9,3.4,1,0.6,0,0.4,3.4,1.3,2.9,418.4,1
116,104,3,1.1,0.3,0.2,0,0.1,1.1,0.4,1,139.5,1
116,107,2,0.8,0.2,0.1,0,0.1,0.8,0.3,0.6,93,1
116,114,4,1.9,0.6,0,0,0.1,1.9,0.7,1.6,185.6,1
116,118,2,0.9,0.3,0,0,0.1,0.9,0.3,0.8,92.8,1
116,121,2,0.9,0.3,0.1,0,0,0.9,0.2,0.9,89.2,1
116,124,2,0.9,0.3,0.1,0,0,0.9,0.2,0.9,89.2,1
117,1,2,0.7,0.1,0.1,0,0.1,0.7,0.1,0.6,78.5,1
117,35,1,0.5,0.2,0,0,0.1,0.5,0.1,0.4,66.4,1
117,59,1,0.6,0.2,0,0,0.1,0.6,0.1,0.4,51.7,1
117,64,4,1.6,0.4,0.1,0,0.1,1.6,0.3,1.4,168.7,1
117,65,3,1.4,0.4,0,0,0,1.4,0.1,1.2,152.1,1
117,66,15,7,2.2,0.2,0,0.2,7,0.6,6.2,760.3,1
117,67,3,1.4,0.4,0,0,0,1.4,0.1,1.2,152.1,1
117,74,6,2.7,0.6,0,0,0.3,2.7,0.3,2.4,273.2,1
117,75,5,1.7,0.2,0.2,0,0.1,1.7,0.4,1.4,166.6,1
117,86,3,1.2,0.2,0.1,0,0.1,1.2,0.2,1,144.1,1
117,87,16,6.4,1.1,0.5,0,0.5,6.4,1.1,5.3,768.5,1
117,107,2,0.8,0.2,0.1,0,0.1,0.8,0.3,0.6,93,1
117,118,4,1.9,0.6,0,0,0.1,1.9,0.7,1.6,185.6,1
117,124,3,1.4,0.5,0.1,0.1,0,1.3,0.3,1.3,133.7,1
118,0,2,0.9,0.1,0,0,0.1,0.9,0.1,0.8,100.3,1
118,18,3,1.3,0.2,0,0,0.1,1.3,0.1,1.2,150.4,1
118,33,6,3.2,1.6,0.2,0,0,3.2,0.5,2.6,332.3,1
118,34,11,5.8,2.9,0.4,0,0,5.8,0.9,4.7,609.3,1
118,42,3,1.5,0.7,0,0,0.3,1.5,0.3,1.4,185,1
118,57,1,0.5,0.1,0,0,0,0.5,0.1,0.5,51.8,1
118,59,2,1,0.3,0,0,0.1,1,0.2,1,103.6,1
118,60,5,1.7,0.2,0.2,0,0.2,1.7,0.1,1.7,182,1
118,64,12,4.1,0.6,0.4,0,0.6,4.1,0.2,4.1,436.8,1
118,66,4,1.4,0.2,0.1,0,0.2,1.4,0.1,1.4,145.6,1
118,67,6,2,0.3,0.2,0,0.3,2,0.1,2,218.4,1
118,87,15,5,1.1,0.7,0,0.7,5,1.8,4.6,701.8,1
118,92,6,2.8,1,0.1,0.3,0.2,2.5,0.3,2.1,321.4,1
118,93,8,3.7,1.3,0.1,0.4,0.3,3.3,0.4,2.8,428.6,1
118,94,10,4.6,1.6,0.1,0.5,0.4,4.1,0.5,3.5,535.7,1
118,95,10,5.2,1.5,0.2,0,0.5,5.2,0.7,3.8,582.7,1
118,96,10,5.2,1.5,0.2,0,0.5,5.2,0.7,3.8,582.7,1
118,115,2.5,1,0.3,0,0,0.1,1,0.2,0.9,107.2,1
118,120,3,1.4,0.3,0.1,0,0.2,1.4,0.3,1.2,127.7,1
119,14,1,0.4,0.1,0,0,0,0.4,0,0.4,50.1,1
119,17,2,0.9,0.1,0,0,0.1,0.9,0.1,0.8,100.3,1
119,33,2,1.1,0.5,0.1,0,0,1.1,0.2,0.9,110.8,1
119,34,9,4.8,2.4,0.4,0,0,4.8,0.7,3.9,498.5,1
119,43,1,0.5,0.2,0,0,0.1,0.5,0.1,0.5,61.7,1
119,45,10,4.5,1.6,0.4,0,0,4.5,0.2,4.1,414.9,1
119,46,11,4.9,1.8,0.4,0,0,4.9,0.2,4.5,456.4,1
119,54,6,2.9,0.9,0,0,0.2,2.9,0.5,2.9,310.8,1
119,55,5,2.4,0.7,0,0,0.2,2.4,0.4,2.4,259,1
119,57,1,0.5,0.1,0,0,0,0.5,0.1,0.5,51.8,1
119,59,2,1,0.3,0,0,0.1,1,0.2,1,103.6,1
119,64,18.5,6.3,0.9,0.6,0,0.9,6.3,0.3,6.3,673.5,1
119,81,6,2.7,0.8,0.2,0,0,2.7,1,2.1,265.2,1
119,87,4,1.3,0.3,0.2,0,0.2,1.3,0.5,1.2,187.1,1
119,92,3,1.4,0.5,0,0.2,0.1,1.2,0.1,1.1,160.7,1
119,93,68,44,27,1,16,4,28,12,19,4115,0
119,94,49,25,11,1,2,3,23,5,12,2454,0
119,95,29,11,5,2,0,1,11,4,7,1313,0
119,96,11,5.7,1.6,0.2,0,0.5,5.7,0.7,4.2,640.9,1
119,111,4,2,0.7,0.1,0,0.1,2,0.4,1.4,207.1,1
119,120,13,6,1.5,0.2,0,0.8,6,1.5,5.2,553.5,1
120,2,1.5,0.7,0.1,0,0,0.1,0.7,0,0.6,75.2,1
120,8,11,4.8,0.7,0,0,0.5,4.8,0.4,4.3,551.6,1
120,17,2,0.9,0.1,0,0,0.1,0.9,0.1,0.8,100.3,1
120,45,7,3.1,1.1,0.3,0,0,3.1,0.1,2.9,290.4,1
120,46,6,2.7,1,0.2,0,0,2.7,0.1,2.4,248.9,1
120,51,2,1,0.3,0,0,0.1,1,0.2,1,103.6,1
120,57,5,2.4,0.7,0,0,0.2,2.4,0.4,2.4,259,1
120,58,2,1,0.3,0,0,0.1,1,0.2,1,103.6,1
120,63,7,2.4,0.3,0.2,0,0.3,2.4,0.1,2.4,254.8,1
120,64,4,1.4,0.2,0.1,0,0.2,1.4,0.1,1.4,145.6,1
120,86,3,1,0.2,0.1,0,0.1,1,0.4,0.9,140.4,1
120,87,8,2.7,0.6,0.4,0,0.4,2.7,1,2.5,374.3,1
120,89,4,1.3,0.3,0.2,0,0.2,1.3,0.5,1.2,187.1,1
120,90,3,1.4,0.5,0,0.2,0.1,1.2,0.1,1.1,160.7,1
120,92,7,3.2,1.1,0.1,0.3,0.3,2.9,0.3,2.5,375,1
120,93,22,13,6,0,0,2,13,6,10,1581,0
120,94,35,22,15,0,6,2,16,6,12,1902,0
120,95,10,5.2,1.5,0.2,0,0.5,5.2,0.7,3.8,582.7,1
120,96,6,3.1,0.9,0.1,0,0.3,3.1,0.4,2.3,349.6,1
120,106,7,2.7,0.7,0.4,0,0.3,2.7,1,2.2,325.4,1
120,111,6,2.9,1,0.1,0,0.1,2.9,0.6,2.2,310.6,1
120,119,6,2.5,0.6,0.1,0,0.3,2.5,0.5,2.2,257.3,1
121,9,2,0.9,0.1,0,0,0.1,0.9,0.1,0.8,100.3,1
121,30,3,1.6,0.8,0.1,0,0,1.6,0.2,1.3,166.2,1
121,36,2,1,0.3,0,0,0,1,0.1,0.9,99.3,1
121,37,15,7.2,2.2,0.3,0,0,7.2,1.1,6.4,744.4,1
121,40,1,0.5,0.2,0,0,0.1,0.5,0.1,0.5,61.7,1
121,41,1,0.5,0.2,0,0,0.1,0.5,0.1,0.5,61.7,1
121,47,11,4.9,1.8,0.4,0,0,4.9,0.2,4.5,456.4,1
121,51,2,1,0.3,0,0,0.1,1,0.2,1,103.6,1
121,55,4,1.9,0.6,0,0,0.1,1.9,0.3,1.9,207.2,1
121,63,2,0.7,0.1,0.1,0,0.1,0.7,0,0.7,72.8,1
121,87,2,0.7,0.1,0.1,0,0.1,0.7,0.2,0.6,93.6,1
121,88,2,0.7,0.1,0.1,0,0.1,0.7,0.2,0.6,93.6,1
121,92,13,6,2.1,0.2,0.6,0.5,5.4,0.6,4.6,696.5,1
121,93,9,4.2,1.4,0.1,0.5,0.3,3.7,0.4,3.2,482.2,1
121,94,13,6,2.1,0.2,0.6,0.5,5.4,0.6,4.6,696.5,1
121,95,46.5,20,9,2,2,0,18,7,10,2052,0
121,96,2,1,0.3,0,0,0.1,1,0.1,0.8,116.5,1
121,118,3,1.3,0.3,0.1,0,0.2,1.3,0.3,1.1,128.7,1
121,119,11,4.6,1.1,0.2,0,0.6,4.6,1,4,471.8,1
122,30,3,1.6,0.8,0.1,0,0,1.6,0.2,1.3,166.2,1
122,36,10,4.8,1.5,0.2,0,0,4.8,0.7,4.3,496.3,1
122,37,16,7.7,2.4,0.3,0,0,7.7,1.2,6.8,794.1,1
122,39,11,5.3,1.6,0.2,0,0,5.3,0.8,4.7,545.9,1
122,40,6,3.1,1.4,0,0,0.6,3.1,0.6,2.7,370.1,1
122,48,4,1.8,0.7,0.2,0,0,1.8,0.1,1.6,166,1
122,50,2,1,0.3,0,0,0.1,1,0.2,1,103.6,1
122,51,2,1,0.3,0,0,0.1,1,0.2,1,103.6,1
122,83,8,3.6,1,0.3,0,0,3.6,1.3,2.8,353.5,1
122,84,17,7.7,2.2,0.5,0,0,7.7,2.7,6,751.3,1
122,88,4,1.3,0.3,0.2,0,0.2,1.3,0.5,1.2,187.1,1
122,92,2,0.9,0.3,0,0.1,0.1,0.8,0.1,0.7,107.1,1
122,93,8,3.7,1.3,0.1,0.4,0.3,3.3,0.4,2.8,428.6,1
122,94,34,14,2,0,0,3,14,4,10,1342,0
122,95,36,15,6,1,0,2,15,2,11,1372,0
122,96,11,5.7,1.6,0.2,0,0.5,5.7,0.7,4.2,640.9,1
122,116,15,6.3,1.6,0.3,0,0.8,6.3,1.3,5.5,643.3,1
122,118,2,0.8,0.2,0,0,0.1,0.8,0.2,0.7,85.8,1
122,119,18,7.5,1.9,0.3,0,0.9,7.5,1.6,6.6,772,1
122,120,4,1.8,0.5,0.1,0,0.2,1.8,0.5,1.6,170.3,1
123,20,1,0.5,0.2,0,0,0.1,0.5,0.1,0.4,66.4,1
123,30,1,0.5,0.3,0,0,0,0.5,0.1,0.4,55.4,1
123,31,7,3.7,1.9,0.3,0,0,3.7,0.6,3,387.7,1
123,35,9,3.5,0.5,0.2,0.1,0.8,3.4,0.5,2.9,390.3,1
123,36,29,11.4,1.5,0.6,0.4,2.5,11,1.7,9.4,1257.5,1
123,37,25,9.8,1.3,0.5,0.3,2.2,9.5,1.5,8.1,1084.1,1
123,38,6,2.4,0.3,0.1,0.1,0.5,2.3,0.4,2,260.2,1
123,39,21.5,8.4,1.1,0.4,0.3,1.9,8.1,1.3,7,932.3,1
123,40,3,1.5,0.7,0,0,0.3,1.5,0.3,1.4,185,1
123,49,3,1.5,0.7,0,0,0.3,1.5,0.3,1.4,185,1
123,54,3.5,1.7,0.5,0,0,0.1,1.7,0.3,1.7,181.3,1
123,55,8,3.8,1.2,0,0,0.3,3.8,0.6,3.8,414.3,1
123,61,2,0.9,0.4,0,0,0,0.9,0.2,0.7,87.4,1
123,64,4,1.8,0.7,0.1,0,0.1,1.8,0.3,1.3,174.7,1
123,83,3,1.4,0.5,0,0,0,1.4,0.4,1.1,156.3,1
123,84,15,7.1,2.6,0,0,0,7.1,1.8,5.3,781.3,1
123,93,2,0.8,0.1,0.1,0,0.1,0.8,0.1,0.7,87.8,1
123,96,73,50,30,0,0,4,50,6,11,3197,0
123,97,51,17,4,3,0,3,17,2,3,1410,0
123,98,2,1.5,1,0,0,0.1,1.5,0.3,0.5,93.5,1
123,111,7,3.4,1.2,0.1,0,0.1,3.4,0.7,2.5,362.4,1
123,116,9,5,2.1,0,0,0.2,5,0.7,4.3,492.1,1
124,8,6,2.6,0.4,0,0,0.3,2.6,0.2,2.3,300.9,1
124,30,2,1.1,0.5,0.1,0,0,1.1,0.2,0.9,110.8,1
124,31,4,2.1,1.1,0.2,0,0,2.1,0.3,1.7,221.6,1
124,34,1,0.5,0.3,0,0,0,0.5,0.1,0.4,55.4,1
124,36,3,1.2,0.2,0.1,0.1,0.3,1.1,0.2,1,130.1,1
124,37,22,8.6,1.2,0.4,0.3,1.9,8.3,1.3,7.2,954,1
124,39,22,8.6,1.2,0.4,0.3,1.9,8.3,1.3,7.2,954,1
124,56,2,1,0.3,0,0,0.1,1,0.2,1,103.6,1
124,59,3,1.4,0.4,0,0,0.1,1.4,0.2,1.4,155.4,1
124,60,11,5,1.9,0.3,0,0.3,5,0.8,3.6,480.4,1
124,61,8,3.6,1.4,0.2,0,0.2,3.6,0.6,2.6,349.4,1
124,85,21,10.9,3.9,0,0,0.8,10.9,3.1,7.8,1032.9,1
124,96,15,11.4,7.8,0,0,0.5,11.4,2.6,3.6,701.4,1
124,97,2,1.5,1,0,0,0.1,1.5,0.3,0.5,93.5,1
124,98,2,1.5,1,0,0,0.1,1.5,0.3,0.5,93.5,1
124,104,6,2.3,0.6,0.4,0,0.3,2.3,0.9,1.9,278.9,1
124,110,1,0.5,0.2,0,0,0,0.5,0.1,0.4,51.8,1
124,112,8,3.9,1.4,0.2,0,0.2,3.9,0.9,2.9,414.1,1
124,113,1,0.5,0.2,0,0,0,0.5,0.1,0.4,51.8,1
124,115,1,0.6,0.2,0,0,0,0.6,0.1,0.5,54.7,1
125,0,1,0.4,0.1,0,0,0,0.4,0,0.4,50.1,1
125,1,3,1.3,0.2,0,0,0.1,1.3,0.1,1.2,150.4,1
125,6,1,0.4,0.1,0,0,0,0.4,0,0.4,50.1,1
125,10,2,0.9,0.1,0,0,0.1,0.9,0.1,0.8,100.3,1
125,37,3,1.2,0.2,0.1,0.1,0.3,1.1,0.2,1,130.1,1
125,39,10,3.9,0.5,0.2,0.1,0.9,3.8,0.6,3.3,433.6,1
125,40,4,2.1,0.9,0,0,0.4,2.1,0.4,1.8,246.7,1
125,55,8,3.8,1.2,0,0,0.3,3.8,0.6,3.8,414.3,1
125,61,5,2.2,0.9,0.1,0,0.1,2.2,0.4,1.6,218.4,1
125,85,2,1,0.4,0,0,0.1,1,0.3,0.7,98.4,1
125,86,2,1,0.4,0,0,0.1,1,0.3,0.7,98.4,1
125,90,2,0.8,0.1,0.1,0,0.1,0.8,0.1,0.7,87.8,1
125,98,2,1.5,1,0,0,0.1,1.5,0.3,0.5,93.5,1
125,112,2,1,0.3,0,0,0,1,0.2,0.7,103.5,1
125,114,12,5.9,2,0.3,0,0.3,5.9,1.3,4.3,621.2,1
125,115,2,1.1,0.5,0,0,0,1.1,0.2,1,109.3,1
125,118,1,0.6,0.2,0,0,0,0.6,0.1,0.5,54.7,1
125,119,2,1.1,0.5,0,0,0,1.1,0.2,1,109.3,1
126,1,2,0.9,0.1,0,0,0.1,0.9,0.1,0.8,100.3,1
126,2,2,0.9,0.1,0,0,0.1,0.9,0.1,0.8,100.3,1
126,3,5,2.2,0.3,0,0,0.2,2.2,0.2,2,250.7,1
126,17,4,1.8,0.3,0,0,0.2,1.8,0.1,1.6,200.6,1
126,22,3,1.5,0.6,0,0,0.2,1.5,0.3,1.3,199.1,1
126,47,2,1,0.5,0,0,0.2,1,0.2,0.9,123.4,1
126,48,3,1.5,0.7,0,0,0.3,1.5,0.3,1.4,185,1
126,60,10,4.5,1.8,0.2,0,0.2,4.5,0.8,3.2,436.8,1
126,67,6,2,0.3,0.2,0,0.3,2,0.1,2,218.4,1
126,82,2,0.9,0.4,0,0,0,0.9,0.2,0.7,104.2,1
126,83,14,6.6,2.5,0,0,0,6.6,1.6,4.9,729.2,1
126,89,1,0.5,0.2,0,0,0,0.5,0.1,0.4,49.2,1
126,90,9,3.5,0.5,0.3,0,0.5,3.5,0.3,3.2,395.2,1
126,92,2,0.8,0.1,0.1,0,0.1,0.8,0.1,0.7,87.8,1
126,99,1,0.8,0.5,0,0,0,0.8,0.2,0.2,46.8,1
126,114,6,2.9,1,0.1,0,0.1,2.9,0.6,2.2,310.6,1
126,115,3,1.7,0.7,0,0,0.1,1.7,0.2,1.4,164,1
126,116,2,1.1,0.5,0,0,0,1.1,0.2,1,109.3,1
126,118,1,0.6,0.2,0,0,0,0.6,0.1,0.5,54.7,1
126,119,32,17,9,1,0,2,17,6,13,1790,0
126,120,9,3.6,1,0.6,0,0.4,3.6,0.8,2.5,347.2,1
126,121,13,5.1,1.5,0.9,0,0.6,5.1,1.2,3.6,501.6,1
127,3,6,2.6,0.4,0,0,0.3,2.6,0.2,2.3,300.9,1
127,4,3,1.3,0.2,0,0,0.1,1.3,0.1,1.2,150.4,1
127,18,2,0.9,0.1,0,0,0.1,0.9,0.1,0.8,100.3,1
127,22,5,2.5,0.9,0,0,0.3,2.5,0.5,2.1,331.8,1
127,25,4,2,0.7,0,0,0.2,2,0.4,1.7,265.5,1
127,47,2,1,0.5,0,0,0.2,1,0.2,0.9,123.4,1
127,48,2,1,0.5,0,0,0.2,1,0.2,0.9,123.4,1
127,55,2,1,0.3,0,0,0.1,1,0.2,1,103.6,1
127,88,1,0.5,0.2,0,0,0,0.5,0.1,0.4,49.2,1
127,92,5,1.9,0.3,0.1,0,0.3,1.9,0.1,1.8,219.6,1
127,93,13.5,5.2,0.8,0.4,0,0.8,5.2,0.4,4.8,592.8,1
127,99,5,3.8,2.6,0,0,0.2,3.8,0.9,1.2,233.8,1
127,116,2,1.1,0.5,0,0,0,1.1,0.2,1,109.3,1
127,117,14,7.8,3.2,0,0,0.3,7.8,1.1,6.7,765.4,1
127,118,12,6.7,2.8,0,0,0.2,6.7,0.9,5.8,656.1,1
127,119,3,1.7,0.7,0,0,0.1,1.7,0.2,1.4,164,1
127,120,4,1.6,0.5,0.3,0,0.2,1.6,0.4,1.1,154.3,1
127,121,2,0.8,0.2,0.1,0,0.1,0.8,0.2,0.6,77.2,1
127,123,15,5.9,1.7,1,0,0.7,5.9,1.4,4.2,578.7,1
