x,y,Ind,Ind_0_3,Ind_11_17,Ind_18_24,Ind_25_39,Ind_40_54,Ind_4_5,Ind_55_64,Ind_65_79,Ind_6_10,Ind_80p,Ind_inc,Ind_snv,imputed
0,0,1275.5,52.9,165.2,69.7,207.2,298.8,39.1,192.3,97.4,99.7,18.1,35.1,3.01315752E7,40
0,1,62,2,8.2,3,9.7,16.6,0.9,6.2,14.2,1.2,0,0,1405373.5,17
0,2,129.5,9.8,15.1,4.4,24.9,28.8,2.7,15.9,16.4,5.8,4.7,1,2913557.3,33
0,3,92,6.6,7.3,6,17.1,18.6,4,12,11,7.3,0.6,1.5,2173615.5,23
0,4,167,10,5.3,4.9,22.1,29.4,3.2,24.6,44.4,14.4,6.9,1.8,4363513.8,33
0,5,416,32.8,32.5,15.8,98.2,92,15.7,52.3,35.8,30,8.1,2.8,9441987.4,28
0,6,292,24,23.2,15.9,72.3,65,16.2,20.1,20,23.6,5.6,6.1,6130184.1,27
0,7,123,6.1,13.9,5.2,23.8,30.8,6,10,6.9,17,2.3,1,2368693.1,11
0,8,46,1,8.1,1,6.8,15,3.2,0,3.9,3.7,0,3.3,768116.4,12
0,9,147,7.8,11,7.9,24.9,32.7,4,13.5,22.1,13.9,4,5.2,3036151.9,28
0,10,122,7,10,9.1,25,21.1,1.8,11.1,20,9,5,2.9,2568560.9,22
0,11,39.5,2.7,4.3,5.2,5.2,11.3,0.6,5.2,2.7,2.3,0,0,737615.2,16
0,12,47,2.8,2,0,7,7.3,2,13.3,4.7,2.8,3.1,2,955711.4,17
0,13,67.5,2.8,15.5,0,8.4,15.1,2.7,6.8,6.2,5.9,4.1,0,1267831,17
0,14,41,1.7,5.8,3.2,8.6,9,1.7,4.1,2.1,0,2.4,2.4,917723.5,14
0,15,628,28.6,68.2,47.2,93.5,121,21.9,83.1,89.2,49.9,22.3,3.1,1.19189545E7,33
0,16,167,7.8,19.5,9,25.2,45.9,4.8,20.3,12.3,16,3,3.2,3433953.3,27
0,17,366,26.9,42.8,33,82.1,60.9,16.5,33,25.2,29.5,11.1,5,6979680,16
0,18,60,2.1,5.7,4,8.8,14.1,0,9.2,7.3,5.6,3.2,0,1290854,19
0,19,209,8.7,23.4,11.9,45.9,49,5.6,20.9,15.3,17.1,4.9,6.3,4314227.4,25
0,20,139.5,6.1,19.9,3.5,22,27.1,2.9,18.9,14.1,17.1,4,3.9,3466216.5,9
0,21,763.5,39.3,67.4,41.5,113,163.6,12,91,137.2,59,20.4,19.1,1.72754032E7,34
0,22,182.5,4.9,20.7,6.8,20.3,36.8,4.7,32.8,33.1,7.1,10,5.3,5106084.6,30
0,23,764.5,36.4,77.3,47.3,122,165.7,17,116.4,90.2,40.6,24.3,27.3,1.70487296E7,32
0,24,305,9.6,22.2,15.1,46.3,68.8,8.7,54.9,26.4,26.9,10.9,15.2,6544609.9,26
0,25,384.5,8.8,33.1,24.8,58.1,89.9,3.9,64.8,45.3,26.6,10.8,18.4,9150175.3,31
0,26,128,3,12.1,5.2,18.8,22.8,1.9,20.9,22.8,6.9,8.5,5.1,3058914.7,23
0,27,61,5.2,7,4.2,9.8,11,0,7,5.2,6.9,1.9,2.8,1309572.4,9
0,28,61,6.1,2.4,2.4,12.2,14.6,3.7,5.5,5.6,5.1,2.8,0.6,1426007.9,12
0,29,136.5,10,7,8.1,30.7,24.1,1.9,15.2,19.2,10.6,8.6,1.1,2982890.3,29
0,31,134.5,5.8,13.4,12.1,25.5,20.9,1.9,20,20,12.9,2,0,2543909.7,17
0,32,10,0.5,1.3,0.8,1.3,2.5,0.2,1.3,1.5,0.2,0.2,0.2,189838.5,3
0,34,51,0.8,9.8,0,4.2,14.5,0.8,2.9,11.7,3.6,1.9,0.8,1046843.5,9
0,36,219.5,16.3,9.7,12.1,52.2,37.4,8.7,28.1,36.9,10.3,7.8,0,4654946.7,19
0,37,92,5,6,5.1,9.1,19,3,13.9,17,5.8,5.1,3,1825022.4,9
0,39,775,29.9,78.1,26,113.1,156.1,24,133.9,118.1,56,30.9,8.9,1.69318709E7,15
0,40,1052.5,37,58.1,51,111.1,165.8,20.2,216,283.1,30.9,65.1,14.2,2.30897899E7,20
0,41,1558.5,84.7,145.6,103.8,231,297,41.7,250.1,224.9,111.9,57.9,9.9,25057382,10
0,42,30,0,1,1.1,1.9,4,0,7.6,9.5,1.9,3,0,603762.5,7
0,43,1,0,0,0,0.1,0.1,0,0.3,0.3,0.1,0.1,0,20125.4,1
0,44,132,3.9,14,4.1,22.9,23.9,2,25.1,22.1,5,8,1,2905656.9,14
0,45,7,0.1,0.7,0.1,1.3,1.5,0.1,0.8,1.1,0.2,0.7,0.4,182007.8,3
0,46,113,5.9,13.4,0,19.8,20,1.6,17,20.1,7,6.1,2.1,2410428.9,13
0,47,18,0,2.5,0.3,1.5,3.6,0,3.9,2.7,2,1.5,0,409794.6,4
0,48,285,10,33.1,18.1,44,58,7.7,31,44.1,22.9,14.1,2,5781310,29
0,49,90.5,3.8,6.9,10,10,18,1.9,14,9.3,5.5,9.1,2,1807819.3,16
0,50,131,6.9,10.2,9.4,22.8,22,5.5,19.1,9.9,15.1,9,1.1,2842234.9,12
0,51,471,30.3,38.3,26.8,98.9,94,21.1,57.1,40,40.4,20.9,3.2,9128426.4,26
0,52,184.5,9.6,22.9,6,45.1,26.4,6,23.9,22.2,14.6,7,0.8,3576643.6,19
0,53,311,11,19.4,21.9,52.8,61,3.7,52.1,42.3,23.4,17.3,6.1,6391954.4,18
0,54,219,11.9,20.1,8.2,41,38.2,5.9,26,41,12.8,9.9,4,4487606.2,17
0,55,8,0.2,0.7,0,1.1,1.9,0.2,0.9,0.8,1.1,1.1,0,186579.2,1
0,56,144,9,12.5,5.9,39,27,4,15.1,11.2,17.4,2.9,0,3049484.8,14
0,57,102,3.8,12.9,4,12,31.1,3.8,14,12.2,3.1,2.9,2.2,2201354,9
0,58,623.5,33.3,62.4,20.8,127.1,135.1,8,90.8,76.1,45.9,13.9,10.1,1.37025787E7,23
0,59,507,34,50.9,28,111,92,23,52.1,41.9,50,19.1,5,1.02816682E7,14
0,60,622,40.1,64,30,120,128.8,22.1,82.1,68.9,45.9,10.1,10,1.35400999E7,23
0,61,67,1.9,5.1,6.9,8.9,13.1,0,13.7,11.1,1.1,2.1,3.1,1431348.5,12
0,62,532,42.8,59.1,18.2,122.3,113.2,17.9,47.9,53,41.6,9.8,6.2,1.08784278E7,20
0,63,199,6.1,19.9,6.9,27.2,52,5.9,36.3,17.9,15.9,5.9,5,5032472.9,19
0,64,132,8.2,7,3.7,30,20,3.9,18.1,22.1,10.1,4.9,4,3046838.5,14
0,65,25.5,2.6,0.7,1.5,9.5,1.5,1,3.7,1.9,3.1,0,0,568543.7,3
0,66,107,4.8,4.9,7,25.7,18.1,7.1,15,16.1,4.2,2.9,1.2,2604391.5,20
0,67,43,0.7,1.6,1.8,5.7,11.2,0.7,8.9,9,1.4,2,0,980756.8,14
0,68,78,1,6.8,4.2,10.2,20.9,2.8,13.6,8.3,6,1.2,3,1787480.9,16
0,69,120,2.9,9.9,3.9,7.9,28.1,0.9,21.8,29,3.1,9.3,3.2,2779606.8,11
0,70,29,1.9,0,1,5.9,4,0,6.1,4.9,0,5.2,0,646465.1,8
0,71,867.5,29.1,66,26.3,110.9,167.1,16.9,137.8,191.7,50.8,54,16.9,2.16899997E7,27
1,0,244,16.1,22.7,9.6,42.9,48.1,5.8,33.6,23,19.2,7.8,15.2,5526700.1,24
1,1,320,8.9,22,19.2,44,60.1,12.9,70,43,20.7,10.1,9.1,8474569.4,37
1,2,1648.5,60.4,147.4,91.7,223.7,347.9,40.2,285,216.3,98.1,79.8,58,3.83171778E7,31
1,3,719,48.9,82.3,36.1,131.8,171.3,19.4,101.2,39.1,54.1,5.8,29,1.62833199E7,28
1,4,124,4.1,16,2.6,13.8,29.6,1.7,21.2,21.4,10.2,0,3.4,2857187,23
1,5,56,1.9,6.4,0,6,14.2,3.1,8.1,6.9,7.4,0,2,1484396.1,9
1,6,135.5,5.8,11.8,10.3,25.1,30.6,3.1,22.5,8.2,6.7,4,7.4,3027454.4,24
1,7,597,44,61,22.5,132,130.7,27.7,65,39.9,42.8,26.2,5.2,1.22632924E7,39
1,8,63.5,1.8,4.6,0,12.3,16.3,2.2,5.4,12.7,7.3,0.9,0,1503036.5,23
1,9,141,4,18.1,5.8,24.7,30.9,6.4,10.8,13.4,20.9,4,2,2942476.3,28
1,10,244,17.7,27.5,11.5,48.8,54.9,12,21,24,10.3,12,4.3,4883033.4,17
1,11,135.5,7,13.1,6.1,25.8,26,2,18.5,14.9,11.4,8.9,1.8,2872154.1,23
1,12,44,3.1,6.7,1.7,7.8,13.2,3.1,3.4,1,4,0,0,778337,14
1,13,82,5,9.7,4.1,11.8,22,2.2,9.7,5.7,6.9,2.4,2.5,1753203.9,23
1,14,55,2,9,2,14.9,9,4.3,5.6,2,5.1,0,1.1,1196244.5,15
1,15,48,0.9,4.8,3.9,7.6,13.1,0.9,7.3,3.9,2.2,1.2,2.2,966499.4,15
1,16,71,3.9,9.3,6.2,11,14.2,0.9,11.8,7.7,5.1,0,0.9,1384604.1,16
1,17,408,22.7,35.4,23,75.1,88.3,9.1,53.2,35.3,30.9,29,6,7972005,21
1,18,151,4.9,14.7,6.9,21.9,38.8,4,17.3,29.3,8,3.1,2.1,3604310.8,31
1,19,34.5,0,6.6,1.9,1.9,9.2,1.9,4.2,6.9,0,0,1.9,700738.7,10
1,20,232.5,8.8,21.1,7.5,36.7,43.1,12.8,34.9,37.2,12.3,10.8,7.3,4989833.5,26
1,21,82,2.6,8.1,4.1,8.2,20.3,2.6,13,9.9,1.9,8.2,3.1,1587014.1,14
1,22,1425.5,44.7,120.8,88.6,179.3,267.4,27.8,209.8,285,82.2,88.9,31,3.01152267E7,29
1,23,1696,85.8,125,111.8,267.9,311.8,44.6,280,238.7,112.1,79.1,39.2,3.64497963E7,26
1,24,871,46.9,87,32.3,149.8,179.2,21.4,111.8,116.3,68.7,29.4,28.2,2.04967198E7,30
1,25,201,7.1,30.6,8.5,21,49.1,1.9,23.8,30.9,8.1,13.1,6.9,4663728.6,11
1,26,101,1,4.8,6.1,23,15.2,5.9,20.9,10.1,6.7,5.2,2.1,2328301.2,20
1,27,23,0,4,0,2.1,4.9,0.9,4.1,4.9,0.9,1.2,0,575457.3,6
1,29,9,0.9,0.4,0.4,1.8,2.2,0.5,0.8,0.8,0.7,0.4,0.1,210394.6,2
1,30,37,3.1,1.8,2,7.2,6,0.8,7.2,5,0.8,3.1,0,747433.3,11
1,31,65.5,1.9,7.5,0.9,10.3,9.1,0,12,13,6,3.8,1,1282316.8,14
1,32,72.5,2.6,7.7,5,8.3,18.6,0.3,9.8,12.6,2.3,4.3,1,1492111.3,17
1,33,15,0.9,1.9,1.3,1.9,3.9,0.2,1.9,2.4,0.2,0.2,0.2,284757.9,5
1,34,2,0,0.4,0,0.2,0.6,0,0.1,0.5,0.1,0.1,0,41052.7,1
1,35,54,1.5,5.1,1.8,8.1,13.3,1.8,9.2,5.2,5.7,2.3,0,999963,12
1,36,162,12,16.1,11.7,30,30.1,6,24.1,9.1,12,8.1,2.8,3258019.9,16
1,37,53,2,1,2.9,7.8,14.9,1,17,3.1,0,1.1,2.2,1303306.9,9
1,38,151,6,7,8.1,23.1,34.1,3.9,23.1,20,11.8,11,2.9,3095871.8,17
1,39,811.5,22.2,75.9,41.9,130.2,158.1,14.5,164,111,48.7,34.1,10.9,1.59495637E7,24
1,40,5080,169,408.5,360.1,701.9,935,80.5,707,836.2,272.8,553,56,9.35792437E7,18
1,41,4343.5,185.2,323.8,333.4,755.1,835.1,104.8,518.2,675.2,221.5,325.1,66.1,8.07001535E7,29
1,42,249,10.9,18.4,13.1,31.2,52,5,51,50.1,5.2,7.9,4.2,5477377.3,20
1,43,49,2.9,2,2,4.9,6.3,1,15.1,9.9,1.9,2,1,1483227.3,10
1,44,211.5,7.2,24.2,12.8,23.1,47,1.4,35.3,34.2,12.9,7.3,6.1,4133552.6,27
1,45,93,0.8,9.9,3.9,14.9,18.6,2.9,12.1,11.2,5.8,10.1,2.8,2255566.8,13
1,46,56,2.1,5.2,2.6,9.7,8.3,3.9,9.8,7.3,4.5,2.6,0,1147192.1,12
1,47,68,1.8,4.1,4,10,12,0,13.2,14.8,2,6.1,0,1308637.2,15
1,48,110,5,7,8.8,21,19,1,22.2,9,5.8,11.2,0,2126092.1,17
1,51,88,1.7,4.1,7,13,13,0,12.2,25.8,5,4.1,2.1,1705612.9,9
1,52,58,0.9,6,2.1,11,11,1.8,7,11.1,2,3,2.1,1310438.1,7
1,53,54,3,3,0,10.9,9.9,1.9,2,13.1,4,4.1,2.1,992930.1,6
1,54,163,12,6,9.1,30,29.9,6.7,24,24.9,8.1,10.3,2,3419312,11
1,55,164,12.6,15.4,3,33.7,34.2,5.9,25,8.5,15.8,8.9,1,3421870.7,11
1,56,21,0,0.8,0.8,1.3,5,0,4.3,6.7,0.8,0,1.3,461509.4,5
1,57,62,3,3.4,1.4,13.3,6.8,3,12.5,12.5,4.4,1.2,0.5,1370174.3,8
1,58,138.5,14,8.4,9,29,22,1.9,17,20,12.1,4.1,1,2862701.1,8
1,59,2753.5,104.5,263.5,158.9,421.1,528.1,55,380,415.8,155.2,236.4,35,5.20593035E7,22
1,60,210.5,14.7,16.3,8.3,41.4,39.6,7.1,32.4,31.3,13.8,3.8,1.8,4676051.2,33
1,61,243,5.7,21.7,8.3,39.7,42.9,7,40.1,46.1,21.3,8.2,2,5416464.7,36
1,62,796,36.8,62.2,36.1,158.1,168.8,21.4,121.1,91.1,49.6,35.8,15,1.66864493E7,27
1,63,203.5,11.1,21.2,8.1,44.2,36,4.8,32.1,20.2,19.9,3.9,2,4680123.7,25
1,64,144,8,13.7,2.9,32,25.1,3,22.2,18.1,13.8,4.1,1.1,3243897.1,14
1,65,42,4.2,1.3,2.6,15.6,2.6,1.5,6,3.2,5,0,0,936425,11
1,66,18,0.3,0.6,0.7,2.3,4.7,0.3,3.8,3.8,0.6,0.9,0,410549.4,5
1,67,141.5,6.7,13.1,9.1,15.2,29.3,2.1,23.9,27.9,8.8,5.4,0,3142437.4,26
1,68,21,0.6,2.8,0.9,3.3,5.7,0.6,2.2,2.1,1.4,1.4,0,540058.2,7
1,69,23,0.6,3,0.9,3.7,6.3,0.6,2.4,2.3,1.6,1.6,0,591492.4,9
1,70,230.5,6,29.5,7.1,30,48.9,0,31.1,49,10.8,16.1,2,4110174.3,6
1,71,3228,66.2,213.9,168.5,366.1,538.1,41.5,480.1,843.2,134.4,340.9,35.1,7.07674509E7,17
2,0,4230.5,204.4,344.2,284.7,850.3,839,91.9,513.7,451.9,282.9,231,136.5,9.76566107E7,35
2,1,1085.5,35.6,89.1,52.8,125.7,212,20.6,202.4,189.3,56.7,55.3,46,2.83165317E7,46
2,2,3015.5,154,303,143.2,515.1,672.2,77.8,406.3,349.3,213.3,86.1,95.2,7.45526128E7,33
2,3,134,5,10,3,16.9,37.8,1.9,18.9,18.3,10.9,6.1,5.2,3349019.3,17
2,4,2578,121.5,262.5,116.1,407.9,593.7,52.6,324.6,325.1,187.8,116.8,69.4,5.92232316E7,32
2,5,145,5.6,20.3,6.2,12.5,37.3,1.7,27.6,19.8,8.1,2.9,3,3400712.5,32
2,6,122,3.4,15,3.2,12,27.8,1.2,24.5,16.4,8.2,9.1,1.2,2514577.7,32
2,7,1078,68.6,125.4,57.2,240.8,221.2,46,77,98.2,92.4,33.9,17.3,2.17007223E7,38
2,8,75,3.8,5.3,7.3,9.9,22.1,2.1,8.9,10.8,2.9,1.9,0,1601211.4,21
2,9,417,21.6,37.9,17,94.9,76.2,20.3,37.8,52.2,37.1,15,7,8632430.2,25
2,10,69.5,3.8,8,2.3,8.9,15.8,0.6,8.1,16.9,3.2,1.9,0,1528559.7,22
2,11,1378.5,44.8,110.5,70.4,197,216.9,27.3,170.8,264.2,75.5,179.1,22,2.72739035E7,33
2,12,437,10.7,40.7,28.9,63.1,84.7,11.7,68,60.4,31.8,25,12,9047500.3,31
2,13,287.5,15.9,24.4,18.1,61.9,53.9,5.8,29,43,22.1,9.2,4.2,5439241.2,30
2,14,65.5,1.5,6.9,2.2,12.4,9.3,3.4,8,7.3,7.5,6,1,1407023.9,20
2,15,432,19,41.8,21.2,78.1,81.3,11.9,64,52.2,35.7,21.1,5.7,8516361.2,26
2,16,58,0.8,3,5.8,9.1,6.6,0.8,13.3,10.8,2,5.8,0,1174424.6,20
2,17,527,42,41.7,32.6,99.8,96.9,13.3,70.3,69,31.5,25.8,4.1,1.12878383E7,35
2,18,498,24.4,56,32,86.2,106.1,6.9,50.3,65.9,35.7,23.5,11,9826909,27
2,19,368,20.8,34.1,19.2,69.9,71.8,14,45,42.9,32.1,17.3,0.9,7565362.4,26
2,20,325.5,6.8,30.8,14.4,25.8,64.9,4.7,86.9,63.8,10.1,14.4,2.9,7922816.8,31
2,21,1552,62.4,144.9,71.9,193.1,313.1,36.9,227.1,285,88.1,87.3,42.2,3.42804593E7,21
2,22,8544.5,426.5,876.9,575.9,1327,1502.9,211.7,1060,1322,577.3,521.2,143.1,1.557330456E8,23
2,23,8549.5,257,628.3,600.9,1426,1620.9,154.4,1263.2,1325.1,390.6,676.3,206.8,1.849898771E8,23
2,24,1404,42.7,94.2,81.9,164.9,248.9,16.9,211.4,321,54.9,121.2,46,3.27921455E7,25
2,25,125,5.2,6.2,8.2,23.8,23.8,5.6,17.8,17.7,5.8,8.1,2.8,2837276,21
2,26,115,2.5,10.2,3,15.1,27.9,1.5,18.5,21.9,6.6,6.2,1.6,2640464.4,26
2,27,6,0.3,0.5,0,1.1,1.2,0.1,1,0.7,0.5,0.5,0.1,140572.7,2
2,30,53,4.1,5.7,0.9,10,10.2,0.7,5.2,9.1,5.2,1.9,0,1223147.8,13
2,31,48,5.8,1.6,0.8,7.2,11.6,0.8,5,6.2,4.6,1.8,2.6,765254.4,10
2,32,62,2.2,4.9,3.2,10.6,12.3,3.2,7.6,6.9,4.9,4,2.2,1173354.9,16
2,33,30,1,2,1,3.6,7.4,0,6,4,3.6,1.4,0,553216.8,10
2,34,446,28.7,38.9,20.9,106,70.8,15.9,45.1,63.2,36.3,14.2,6,8807456.4,33
2,35,42.5,0.8,3.6,4.2,2.9,12.8,1.3,8.2,6.8,1.9,0,0,965577.9,9
2,36,116,2.3,16.8,9.2,20.8,28.2,1.8,12.3,8,6.8,5,4.8,2494677.4,20
2,37,45,2.2,3.9,1.1,5.9,6.1,0.9,9.9,9.9,1.1,4,0,995884.7,5
2,38,178,8.2,17,14.1,25,35.9,1.9,36,19,13.2,4,3.7,3724649.8,13
2,39,61,6.1,7.9,1,12.9,13.1,3,1.9,5,6.1,1,3,1481690.5,6
2,40,258.5,6.9,18.1,8.6,32.8,42.9,4,51.3,61.9,5.9,25.1,1,5895586.5,21
2,41,529,13.8,39,23.3,75.9,96.7,16.1,82.1,103.3,44.9,23,10.9,1.23305757E7,17
2,42,98,3.9,1.9,5,18.1,14.9,4,14.9,18.1,5.1,10.1,2,2206292,8
2,43,233.5,7.9,18.6,11.9,27,45,6,35.1,49.2,10.9,17.9,4,5007849.3,15
2,44,55,3.1,1,6.8,9.9,10,3,7.1,8,3.1,3,0,1149263.9,10
2,45,166.5,7.7,20.1,10.7,25,36,2.8,26,20.3,2.1,12.1,3.7,3430443.4,25
2,46,89,3.8,7.9,2.1,9.8,19.2,2,10,14.1,7.9,7.1,5.1,1588093.3,11
2,47,82,3.8,11.1,6.9,16,18.9,4.1,7.9,5.1,2,5.1,1.1,1482352.2,12
2,48,101.5,3.7,8.5,9.9,19,22,3,9.9,15.1,5.2,5.2,0,1814980.8,11
2,49,61,1.9,9,5,12,9,1.9,6.1,9,1,6.1,0,1159205.6,5
2,50,88.5,4,7.8,5.8,14.8,16.3,4,9.6,17.9,4,1.8,2.5,2118120.5,17
2,51,5,0,0.7,0.5,0.3,2,0,0.5,0.3,0.2,0.5,0,96795.7,3
2,52,9,0.7,0.9,0.6,1.5,2.1,0.2,0.9,1.5,0.3,0.3,0,158849.4,4
2,53,88,3,7.9,5,13.9,19.1,2,16,12,4,3.1,2,1880932.2,5
2,54,67,3.8,12.1,3,8,13,0,13.1,6,6,1,1,1308422,5
2,55,965.5,17.8,72.8,51.2,117.1,158.7,21,149.9,191.9,49.9,132.3,2.9,1.66032017E7,14
2,56,1763,78.7,151.1,165.1,279,337.2,25.1,224.9,228.9,97.9,146.9,28.2,3.18863415E7,21
2,57,30,0,0.9,2.1,0.9,15,0.9,2.1,3.8,2.1,0.9,1.3,634010.9,6
2,58,144,1.9,14.3,13.8,14.9,46.1,3.9,16,24,7,2.1,0,3380240.6,18
2,59,1572,108,159.3,107.3,348.1,285.1,63.6,165.8,123,150.8,42,19,2.75662574E7,21
2,60,163,2.9,13.1,2.8,26,42.2,3.8,29,19.1,8.8,9,6.3,3664010.1,30
2,61,99,5.8,7.7,4.2,20.2,18,3.8,15,13.7,7.1,3.5,0,1989143.4,26
2,62,139,10.2,10.8,1.8,28.9,21.8,3.9,18.2,20.1,14.2,7,2.1,3262612.7,14
2,63,86,4,9.8,1.1,13,19.1,1,18.1,7.8,6,5.2,0.9,1969921.7,16
2,64,47,0.9,1.3,0,9.3,9.7,2.1,4.2,9.9,4.8,4.8,0,1263223.6,13
2,65,95,3,8.9,3.9,13,18,0.9,16,15.1,2.8,7.6,5.8,2085007,22
2,66,19,0.6,1.2,0.1,4.4,2.5,1.3,3.8,3.8,0,1.3,0,440599.1,7
2,67,247.5,14.1,18.4,13.2,44.2,53.8,5.7,31.9,38.9,18.1,9.2,0,5181106.2,18
2,68,32,3.2,1.1,1.1,8.1,3.6,0,5.1,9.3,0.5,0,0,607715.2,13
2,69,164,5.7,12.5,10.1,19.2,33.7,2,29,29.6,8.6,8.6,5,3945280.7,36
2,70,1151,33.8,120.2,79.8,139.5,251.1,26.9,217,159.6,56.2,52.1,14.8,2.22350008E7,30
2,71,4652.5,168.4,370.6,288.5,654.8,834,94.2,648,895.9,257.1,393.9,47.1,8.87725147E7,22
3,0,4952,167.4,410,226.6,645,974.9,86,730.9,975,244.1,356.2,135.9,1.144832042E8,25
3,1,800.5,36.4,67.4,23.9,138.8,146,18,112.1,120.8,71.1,27,39,2.11807729E7,27
3,2,773,58.1,60.1,41.5,168.8,164,26.7,78.1,75,60.2,17.3,23.2,1.92014966E7,43
3,3,208.5,11.4,18.4,15,30.8,53,7.1,25.6,21.7,9,6,10.5,5038191.9,36
3,4,635.5,37.5,45.5,21,112.2,132.4,19.7,99.1,94.2,39.9,20.8,13.2,1.46918201E7,31
3,5,347,20.3,41.2,18.2,69.8,87.1,8.3,34,30.1,23.5,6.7,7.8,7701233,31
3,6,1877.5,64.7,201.5,97.8,281.9,413.3,46,192.3,274.9,138.9,131.8,34.4,3.79852705E7,37
3,7,204,11.2,37,6.1,33.3,56.2,4.6,16.8,10,21,4.1,3.7,4482399.8,24
3,8,80.5,3.7,6.5,3.3,13.7,8.8,2.9,17.7,9.6,7.9,2.4,4,1769468.9,22
3,9,37,1.9,2.4,6.2,4.9,8.7,0.7,4.9,4.9,0,2.4,0,728041.3,15
3,10,486,39.8,37.5,29.2,110.2,82.1,13.6,54.9,35.4,44.1,25.1,14.1,9711483.9,32
3,11,933.5,14.9,81.2,51.2,104,183.2,13.1,126.8,173.2,33.8,131.1,21,1.92944067E7,36
3,12,173,12,15.3,9.8,22,39.1,3,28.3,25.9,4.8,6.9,5.9,3613011.7,22
3,13,58,5.8,2.6,2.6,15.1,10.5,0,7.3,3.2,6.9,3.2,0.8,1264049.7,17
3,14,48,4,0.8,3,6,6.6,0.8,8.4,8.4,4.8,4,1.2,1198783.8,16
3,15,307,24.3,28.9,13.1,70.1,63.8,9.9,33.1,34.4,17.1,8.1,4.2,5949694.5,32
3,16,13.5,0,2.1,0.4,1.9,4.1,0,1.5,0.7,1.5,0,1.3,262259.6,5
3,17,29,0,4.6,0.7,3.8,8.7,0,3.4,1.6,3.3,0,2.9,563372.2,11
3,18,582.5,26.2,53.4,30.1,90.9,128.1,13.3,73.4,96.6,44.5,19,7,1.26952219E7,29
3,19,55,2.5,3.5,1,11,10,3,11,5.9,4.1,2,1,1222660.6,9
3,20,413.5,22,45.4,22.1,54.2,95.2,9.8,60.1,58.9,25.8,13.9,6.1,8988534.6,14
3,21,262.5,8.8,23.5,12.1,29.9,48,6.9,43.8,34.2,15.9,33.1,6.3,5626873.2,21
3,22,3347.5,159.9,296.6,228.5,494.8,600,101.1,505.1,437.8,223.6,240.9,59.2,62321888,22
3,23,7544,302.4,568.6,537.2,1191.9,1460.1,157,968.8,1180.9,376,703,98.1,1.431546677E8,13
3,24,922.5,39,55.3,43.8,143.9,158.2,26.7,200.9,158,49.3,33.3,14.1,2.07604165E7,38
3,25,88.5,2.3,9.3,5.2,13,18.8,1,4.2,11.1,11.7,11.2,0.7,1898391.8,21
3,26,420,21.1,38,16.2,58.9,90.1,10,74.7,52.9,29.6,15.2,13.3,1.03251556E7,23
3,27,355,20.9,36.8,23,66.2,62.9,8,44.1,41,22,10.1,20,7655754.6,8
3,30,7,0.8,0.3,0.1,1,1.7,0,0.7,1,0.7,0.3,0.4,111599.6,3
3,31,178,8.7,16,13.2,38.1,35.1,5.9,24.3,16.9,13.7,5.1,1,3711783.8,27
3,32,67,6.2,2,2,18.1,11.8,2,4,8,8.9,3.1,0.9,1538942.6,12
3,33,94.5,2.8,8,4.9,16.1,23.9,2.1,14.3,6.2,6.9,7.3,2,1677736.2,22
3,34,390.5,24.8,39.5,22.3,70.6,85.8,9.2,39,43.9,19.9,29.3,6.2,7216614.5,16
3,35,138,1.9,10.7,6.9,14.2,42.7,2.1,14,25.1,7,7.1,6.3,3003693.8,21
3,36,76,6.1,8.8,1.6,10.2,12.6,1.5,14.3,10.2,6.4,4.3,0,1462636,19
3,37,58,3.9,4.9,5.5,5.8,8.9,1.9,9.3,7.4,3.9,5.9,0.6,1051532.3,18
3,38,157,6.2,14.1,9.8,22.8,36.8,4,30.8,15.3,9.8,4.4,3,3504930.7,22
3,39,224,13.1,26.1,14.8,37.1,45.1,3,33,29.9,10,5.9,6,5524837.6,21
3,40,153,4.5,19.5,13.1,17.3,31.8,1.8,28.6,17.9,11.1,4.5,2.9,3331504.4,20
3,41,22,0.4,3.6,0,3.7,3.1,0,1.3,6.3,1.8,1.3,0.5,476906.5,4
3,42,18,0.2,1.3,0.8,1.1,4.1,0.5,2.3,5.4,1.1,0.7,0.5,355959,6
3,43,30.5,0.5,2.6,1.6,1.9,7,0.5,3.8,8.8,1.9,1.3,0.6,603153.1,5
3,44,227,5.9,20.7,13,29.1,54.1,4,36.9,38,8.2,14,3.1,5214322.3,17
3,45,118.5,3,9.7,4,16.1,20.8,2.1,21,21.1,6.8,13.9,0,2579582.8,13
3,46,855,26,70.7,45.8,122.2,165.7,21.2,107.1,134,51.1,93.2,18,1.66050914E7,24
3,47,77,5,6.1,0,11,11.1,1.8,12,15.1,7,7.9,0,1581505.6,10
3,48,31,1,4,1.1,5.1,5.1,0,1.1,7.6,2,2,2,469779.9,9
3,49,33,0.8,0,0,9.9,5,0.9,5.3,5.3,4.7,1.1,0,756008.2,10
3,50,36,0,5,3.6,2.7,14.1,0,4.3,2,1.4,2.9,0,696929,11
3,51,90,1.1,9.8,4.1,13.2,21.1,4,13.9,9,7.9,5.9,0,1676977.4,15
3,52,85,6.7,9.6,4.6,14.2,20.7,1.6,7.5,14.3,2.4,2.8,0.6,1500245.4,21
3,53,131.5,5.7,10.9,6,21.9,29.2,2.6,20.2,16.9,6.9,7,4.2,2701500.2,18
3,54,215,12,13.3,12,45.8,36.9,5.9,36.1,32.1,11.6,6.1,3.2,4577649,18
3,55,349,15.7,41.1,8.9,48.9,70.1,10.8,47.2,58.3,23.9,19.2,4.9,7791460.7,35
3,56,714.5,35.2,71.7,30.8,112.6,121.8,18.2,64.7,153.4,51.9,49.2,5,1.41006126E7,26
3,57,490.5,10.8,70.6,31.9,53.7,112,2.9,82.3,69.4,32.7,20.2,4,9644108.6,31
3,58,154,5.1,21.2,7.1,20,34.5,3,32.2,15.1,5.3,7.1,3.4,3247842.7,29
3,59,176,10.2,13,7,39.1,24.9,2.8,37.9,27.1,8.4,4.5,1.1,3809865.6,31
3,60,72,7.8,4.1,0,18.3,9.9,0.8,13.1,9.1,4.8,3,1.1,1569999.2,17
3,61,53.5,0.8,4.5,3.1,10.2,14.7,3,7.1,3.8,2.1,2.1,2.1,1126702.4,14
3,62,64,0,4.9,3.7,11.7,11.9,1.1,18,4.3,6.1,1.1,1.2,1121154.8,10
3,64,102,5.9,8,5.4,12.1,19.4,0,15.8,19.9,4.5,7,4,2423271.3,20
3,65,143,0,7.2,5.1,19,27.7,3.1,26,29.9,2.8,17.8,4.4,3576775.2,19
3,66,38,1.4,2,0.4,9.1,5.3,2.4,7.5,7.6,0,2.3,0,881198,11
3,67,783,25.9,77,52.7,102.1,180.7,15.6,89,134.4,34.6,47.8,23.2,1.77106015E7,31
3,68,644,30.1,64.2,54.2,93.4,133.1,16.8,67.7,94.3,41.6,41.7,6.9,1.24570053E7,30
3,69,170.5,2.1,13.9,7.8,11.9,34.2,1.2,36.6,43.1,5.5,7.9,6.3,4668522.5,39
3,70,198.5,5.1,14.8,11.8,22.9,46.1,5.3,31,29.1,12,7.1,13.3,5284367.2,32
3,71,1527.5,32.6,100.6,80.2,167.3,243.9,24.8,236.1,411.1,56.5,151.1,23.3,3.56343944E7,34
3,72,273.5,7,12.5,14,37,46.1,4,37,64.9,16,34,1,6915712.5,8
4,0,5386.5,274.6,499.8,358.6,833.2,1085.6,139.3,688.1,723.3,352.8,291.8,139.4,1.064037102E8,42
4,1,300,11.2,21.2,17.5,45.9,51.7,5.2,59.9,52.7,9.3,18.3,7.1,9095637.3,42
4,2,540,16.2,39.5,16.8,66.7,81.7,8.1,110.9,133.1,26.5,30.3,10.2,1.32622376E7,36
4,3,945.5,36.4,84,57.5,132.2,220.8,21.9,139,124.9,53.4,38.2,37.2,22483428,27
4,4,441.5,17.8,32.6,17.3,77.9,100,7.1,85.1,45.4,22.2,18.1,18,1.00817982E7,28
4,5,1081,52.9,114.8,53.9,187.4,270.7,27.6,131,82.9,90.8,32.1,36.9,2.46698242E7,47
4,6,366,8.9,49.2,18.1,48.1,83,11.5,46.9,32.7,42.3,20.2,5.1,7290359.5,23
4,7,1254,91.6,120.8,48.8,291.2,234.1,56.4,114.3,103.1,114.6,55,24.1,2.58370525E7,32
4,8,352.5,21,30.7,16.2,74.9,84,6.8,33.6,42.7,21.2,15.2,6.2,7322703.4,34
4,9,96.5,4.9,13.4,3.1,21.8,17.2,2.8,13.1,8.9,3.5,5,2.8,1953677,18
4,10,38,3,3,5,7.1,5,0.8,10.1,0,0.9,2.2,0.9,765017.3,9
4,11,332,18.9,33.7,15.6,50.7,65.1,11.9,41,50,21.1,17.8,6.2,6196133.7,16
4,12,107.5,6.9,8.5,9.1,27.5,27.1,2,8.8,8.2,7.3,2.1,0,2365309.7,25
4,13,194.5,5.7,27.5,11,32.7,52,7.1,11.2,20,13.1,8.9,5.3,3630636.2,18
4,14,172,6.9,12.8,14.8,30,38.9,3.9,15.8,25,10.9,10.5,2.5,3373755,21
4,15,62,0,9.1,6.2,9.7,18.2,0.9,6.7,5.1,3.1,0.9,2.1,1178431.1,15
4,16,211.5,9.4,17.2,11.2,37.4,44.3,7.1,25.8,31.2,7.9,16,4,4305393.9,20
4,17,29.5,2.1,3.8,2,5.3,9.7,0.6,1.5,2.4,2.1,0,0,639466.1,8
4,18,21,0.3,1.4,0.7,3.7,5.4,1.1,2.1,3.7,1.4,0.7,0.5,491442.7,6
4,19,101,1.2,10.6,2.2,18.6,18.8,7.8,17.7,10.6,8.7,3.4,1.4,2229859.1,21
4,20,794,26.8,90.3,41,124.1,169,25.8,110.1,118.1,49.4,17.1,22.3,1.70398948E7,26
4,21,51,0,3.1,5,4.1,10.8,0,13.9,12.1,1,1,0,1168713.5,13
4,22,390,22.5,29.7,19.5,63,82.9,16.5,80.1,35.1,21.8,11.1,7.8,7620833.9,7
4,23,1196.5,43.7,115.6,62.1,187.1,230.1,38.6,152.9,184.9,93.4,58.1,30,2.52204542E7,16
4,24,576,28.1,60.6,30,93,123.9,24.9,78.2,46,60.5,15.3,15.5,12749438,18
4,25,91,3,8.1,6,9.1,21.9,1.8,15.1,9.8,6.4,8.9,0.9,1950333.6,21
4,26,249.5,13.8,26,10.8,30.3,52.2,6.6,26,44.9,18.8,16,4.1,5672149,29
4,27,237.5,6.5,20,9.2,24.1,35.2,4.7,26.7,71.8,14.5,16.4,8.4,5445507.3,23
4,28,41,1.5,1.5,0.7,8.5,12.1,0.5,8,1.7,2.3,2.4,1.8,842003.1,10
4,29,1,0,0,0,0.2,0.3,0,0.2,0,0.1,0.1,0.1,20536.7,1
4,30,114,4.3,8.6,3.6,21.8,26.1,4.1,17.9,10.1,7.3,5.5,4.7,2412536.4,24
4,32,51,4.2,7.9,2,9,10.7,0.9,3.1,7.1,3,3.1,0,823228.7,11
4,33,39,0.7,3.2,0,7.1,7.1,0.8,11.4,7.9,0.8,0,0,741863.1,10
4,34,396.5,10.8,29.6,22.8,51.9,76.9,7.9,54.2,72.1,17.1,48.1,5.1,8113277.5,19
4,35,53,2.2,7.8,3.1,7.1,8.8,0,12.1,8.8,0,3.1,0,1020400.4,14
4,36,152,3.4,14.5,10.1,19.7,33.6,3.2,21.1,23,11.2,8.1,4.1,3139462.1,15
4,37,63.5,6.1,2.8,2.1,9.1,12.8,2.1,7.8,11.9,6.6,1,1.2,1289863.6,15
4,38,79.5,0.6,8.8,3.6,6.1,22,2.1,13.4,12.4,5.3,4.4,0.8,1707195.1,15
4,39,5,0.1,0.3,0.1,0.6,1.5,0,0.8,1,0.2,0.3,0.1,110292.8,1
4,40,21,0,0.8,1.1,0,1.2,0,4.9,10.1,0,2.9,0,462198.8,6
4,41,156,4.1,17.7,10.1,23.9,28,4.8,31.9,25.9,5.5,4.1,0,3438144.9,13
4,42,189.5,5.8,28.2,7,26.9,38.9,1.9,26,23.9,16.7,10,4.2,4292182.7,16
4,43,82.5,3,4.5,2.8,13,21.3,2.8,10,14.1,9.1,0,1.9,1715966.4,12
4,44,219.5,10.1,22.4,21,24.9,53,2,29,25.1,13.1,13.9,5,4546717,11
4,45,77.5,1.8,6.5,4,3.9,20,0.3,14.1,15,2.7,6.1,3.1,1409890.4,10
4,46,317.5,9.9,34.9,21.2,37.9,73,6.2,38.9,55.1,13.5,22.9,4,5499678.8,8
4,47,24,1,0,0,4.9,7.1,0,4.9,1.9,1,1,2.2,518826.2,6
4,48,31,2.2,2.2,0,4.7,5.5,0.4,2.8,8.4,3.9,0.9,0,643851.4,10
4,49,32,1.7,2.1,2.1,4.2,4.5,0,12.8,2.6,2,0,0,578747.6,13
4,50,53,4,2.6,1.3,11.4,6.2,1.8,14.9,5.9,0.6,4.3,0,908977.6,17
4,51,75.5,4.4,7.3,3.8,10.2,14.5,2.8,13.9,11,2.8,3.1,1.7,1454229.8,25
4,52,35.5,0,3.5,1.4,5.1,3.8,1.9,7,3.2,0.6,7.1,1.9,731745.2,10
4,53,75.5,1.9,6.5,4.2,15.8,11,2,11.3,12.1,5.8,4.1,0.8,1532822.7,15
4,54,114,7.1,11.7,6.2,18.2,16.8,4.8,20.8,19.2,2,6.4,0.8,2293243.6,24
4,55,130,4.4,15.9,5.8,20.7,25.2,4.1,18.1,14.2,7,8.5,6.1,2829903.2,23
4,56,39.5,1.5,3.2,0.8,7.1,15,0.8,4,0,2.7,2,2.4,686104.4,13
4,57,41,1.1,4.9,3,1.8,10.7,0,7,7.1,1.1,3.2,1.1,785283.6,10
4,58,101.5,3.6,7.4,3.6,16.4,13.7,1.5,18.5,16.1,10.1,9.2,1.4,2264751,24
4,59,186,8.5,14,13.1,22.7,34.9,3.2,38,23.9,10.3,16.2,1.2,3435569.2,32
4,60,34.5,0.8,5.6,1.2,2,8.1,2,3.8,5,1.1,2.9,2,788113.3,10
4,61,88,4.1,3.5,1.9,15.9,17.7,3.1,11.9,14.1,8.7,5.9,1.2,2178275.9,14
4,62,124.5,3.5,18.8,5,24.9,29.2,4.1,13.1,8,13.7,4.2,0,2392280.9,24
4,63,66.5,1.5,10.1,6,12.6,9.7,1.1,10.7,6.2,5.7,2.9,0,1452464.2,22
4,64,24,0,2.4,0,2.3,7.2,0,4.8,4.9,1.5,0.9,0,418225.6,9
4,65,29,1.1,1.8,1.1,1.8,4.7,0,10.3,5.8,1.1,0,1.3,785887.1,11
4,66,107,2.9,8.5,4.7,6.5,29.3,0,17.1,24.8,5.2,7.2,0.8,2543954,33
4,67,526.5,28.9,47.3,32.9,102,92.3,13,72.8,59.5,42.9,29.9,5,1.02950203E7,37
4,68,515.5,48.4,56.3,25.4,135.8,78.6,17.8,34,37.9,57.5,21.8,2,9675924,37
4,69,128,3.8,15.1,6.1,14.5,32.9,1.6,19.5,22.3,8.1,2,2.1,2944293.6,28
4,70,294,6.9,26.5,11,34.3,56.2,6.8,52.8,67.7,12.9,17.8,1.1,8053713,47
4,71,350,10.8,25.9,11.7,44.6,61.9,4.7,67.5,81.7,18.8,12.8,9.6,9432800.9,43
4,72,300,15.6,27.8,9.9,61.1,68.1,7.4,26.9,41.2,31.1,3.8,7.1,7276862.9,17
5,0,3342,108.8,318.9,136.5,337.8,706.8,64.8,591.8,559.1,179.7,167,170.8,8.53164775E7,47
5,1,97,1.7,11.8,3.1,14.9,20.7,0.9,17,8.3,7,7.6,4,2448313.7,29
5,2,700,44.7,68.1,33.8,151.2,137.9,25.9,77.1,62.1,66.9,14.1,18.2,1.68117566E7,28
5,3,92,1.7,4.1,6.4,6.2,16.9,1.1,24.7,22.9,3,1,4,2166304.4,26
5,4,1082,63.3,114.4,53.2,223.8,232,37.1,110.2,98.1,84.8,29,36.1,2.31335702E7,26
5,5,147.5,4.7,19.4,6.2,27.9,35.7,5.1,14.8,14.1,12.1,4.4,3.1,3452579.1,23
5,6,54,2.8,3.2,2.1,10.8,14,0,9,5.6,3.1,2.2,1.2,1363237.6,18
5,7,124,5.6,12.1,6.6,26.9,29,2.8,14.9,9,10.1,5.2,1.8,2933741.5,29
5,8,42.5,5,2.5,1.7,7.1,8.9,0,7.9,3.5,3.2,1,1.7,989388.2,13
5,9,54,1.8,3.3,2.1,8.2,6.3,1.8,8.5,14.6,3.2,2.1,2.1,1158038.6,22
5,10,80.5,6.9,6.1,1.8,23.5,14.3,5,8.3,5,3.6,6,0,1555771,21
5,11,239.5,12.9,24.3,9,60.1,48.7,9.8,36.6,12,21.1,3,2,4591496.8,30
5,12,36.5,2.9,3.6,0,8,9.1,2.2,3.8,0.9,5,1,0,725714.2,11
5,13,43,3.7,2,8.9,2,12.1,1,4,3.1,4,1,1.2,1047257.6,9
5,14,178,5.9,7.6,13.8,25,35,4,25.3,29.2,11.9,19.3,1,3559755.3,24
5,15,144,9,8.9,8.6,28.4,23.2,6.5,18.1,21.8,8.1,11.4,0,2859485.5,18
5,16,10,0.6,1.4,0.6,1.9,3.4,0.1,0.5,0.9,0.6,0,0,216768.1,4
5,17,47,1.1,4.1,6.8,8,9.7,0,2,10.9,3,1.4,0,906427.9,13
5,18,114.5,6.7,11.1,5.3,23,15.3,1.7,21.1,15.9,8.2,4,2.2,2448028.3,30
5,19,653.5,37.1,63.1,34.1,120.9,103,16.2,83.4,93.2,50.3,44.2,8,1.35018194E7,33
5,20,149,2.9,11.1,6.1,13.9,30.8,4.2,39,17.9,5.3,11.8,6,3352287.4,19
5,21,166,6.2,13.9,9.2,22.2,35,2.1,23.8,30.8,12,6,4.8,3893376.5,22
5,22,97,5.1,9.8,5.1,15.9,16.3,3.9,25.1,10.8,4.2,0,0.8,2357538.2,13
5,23,184,8.8,16.1,6.2,29.7,30.9,3.3,37.4,29.4,10.2,7,5,4337981.9,23
5,24,160.5,15.1,15.1,13.1,40.8,23.9,5.4,10.2,17.9,10.9,5,3.1,3707669.8,26
5,25,179,9.8,12.9,9.3,29.7,27.4,5,34,20.9,14.8,13.1,2.1,3703203,24
5,26,103,6.9,12.8,6.9,22.3,19.9,0.9,10,9.3,7.2,3.8,3,2283316.8,20
5,27,278.5,8.8,24.3,15.6,42,68,8.3,42.9,33.1,21.2,10.3,4,5706201.2,25
5,28,79,2.7,6.3,3.2,7.9,22.2,1.6,12.3,5.2,5.8,3.9,7.9,1665203.1,21
5,29,10,0.3,0.3,0.2,2,3,0.2,2,0.5,0.5,0.5,0.5,205366.5,3
5,30,54,3.2,5.3,2.1,13,7.7,3.2,5.5,7.9,1.9,3.2,1,1047154.1,14
5,31,131.5,9.7,7.8,6.1,26,23.3,2.8,20,16.3,7.5,8,4,2607975.9,26
5,32,104,6,5,3,18.9,12.9,5.2,21.1,16,6.6,7.1,2.2,1856966.1,16
5,33,62,0.9,9,3.1,6.8,10,2,6.1,18.2,3.9,2,0,1111136.7,10
5,34,56,3,9.8,3.1,6.1,12.8,0,6.1,4,2,4,5.1,1077994.4,10
5,35,118,3.7,11.9,6,11.9,27.1,2.1,16,16.9,5,14.4,3,2357518.9,22
5,36,133.5,6.2,12.8,8.1,32.2,22.1,4.8,15.1,9.7,13,6.2,3.3,2849923.9,21
5,37,471.5,21.1,32.1,16.3,69.9,85.8,8,79.8,84.9,34.5,37.1,2,8501685.5,25
5,38,84,5.9,6.9,4.4,19.8,5.9,1.8,10.9,15.4,7.9,5.1,0,1660356.7,18
5,39,10,0.2,0.6,0.3,1.1,3,0,1.7,1.9,0.4,0.5,0.3,220585.6,4
5,40,50,1.9,1.9,1.9,8.1,10,1,11,5,4,3.1,2.1,1083291.9,11
5,41,346,10,18,20.1,44.3,72.8,4.9,58.8,75.2,12.1,20.7,9.1,7382392.5,25
5,42,80,3.9,3.6,4.1,11.1,16,2.5,15,12.9,3.9,4,3,1544302.3,6
5,43,58,3.9,6,0.9,15,8,0.8,8,8.1,5.1,2.2,0,1099688,9
5,44,136,4.1,16.9,3.8,19.8,26.1,5.1,19,28,8,3.2,2,2650439.6,19
5,45,81,6.7,7.8,8,10,16.1,3.9,11.1,8,2.3,3.1,4,1462745.5,15
5,46,57,2.5,3.3,2.1,5.9,11.8,2,8.1,13.3,3.2,3.9,0.9,960136.4,14
5,47,31,0.9,0,0,6.5,6.1,3.1,5.1,1.1,3.7,3.1,1.4,629213.1,11
5,48,26,1.7,1.8,0,4,4.8,0.3,2.3,6.9,3.3,0.9,0,540004.4,9
5,49,35,0,3,1.1,5.3,7.6,0.6,10.4,5.9,1.1,0,0,704597.8,16
5,50,33,0,2.4,4.8,0,9.9,0,3.9,8.9,1,1,1.1,596295.6,11
5,51,34.5,0.7,1.1,1.1,4.1,5.1,0,12.8,5.1,1.4,3.1,0,747137.5,13
5,52,64.5,2.9,2.8,0.9,12.2,8.4,1.2,3.9,15.3,5.8,10.1,1,1209314.3,16
5,53,70,3.7,8,0,8.8,11.2,1.2,9.4,22.8,1.2,1.8,1.9,1484166.8,18
5,54,39,2,2.1,5.1,3.9,5.2,0,3.9,15.3,0.7,0.8,0,771401.2,12
5,55,193.5,7.6,20.3,5.9,29,35.7,7.3,21.6,35.5,16.5,12.6,1.5,4045218,32
5,56,83.5,2.9,9.6,3,9.7,27.1,2.4,10,10.8,4.6,1,2.4,1903938.8,13
5,57,118.5,3,12.1,6.3,19.6,23.5,0,16.1,16.6,13.8,5.3,2.2,2429876.9,29
5,58,106,7.2,11,4.8,15.9,18,1.9,22.2,13.1,4.9,3,4,2083291.3,25
5,59,194,8.6,19,18,34.9,38.2,10.4,23.3,16,15.7,4.9,5,3460587.9,27
5,60,80,9.7,10.7,2,16.7,16,4,6.3,4.7,3.3,1.3,5.3,1583510.7,17
5,61,540,26.1,40.1,24.3,99.8,88.3,13.5,73,78.4,40.1,53.6,2.8,1.08064395E7,33
5,62,112,6.7,8,4,21.1,17.3,2.8,14.8,19.6,9.7,8,0,2705614.6,25
5,63,78,4.8,5.1,3.2,16.3,14,5.9,7.2,10.9,5.1,1.6,3.9,2065461.1,20
5,64,73,0.6,11,6.9,8.3,20,0,9,9.8,6.1,0.6,0.7,1648748.2,22
5,65,62,1,4,4.4,11.9,12.8,0.9,9.9,8.8,5.1,3.2,0,1326944.7,19
5,66,103,0.6,8.1,4.1,14.1,20.2,1.9,22,16.6,3,10.2,2.2,2570162.6,31
5,67,175,9,19.4,6.8,27.2,40,6.2,28.8,22.5,9.8,1,4.3,4350545.9,35
5,68,135,1.8,14.1,10.7,26.9,27.9,3.9,14,17.2,9.9,5.2,3.4,3041541.2,25
5,69,78.5,0.9,6.5,4.9,11.8,16.4,1.9,6.8,12.4,9.8,3.2,3.9,1577961.7,18
5,70,164,3,19,10.7,19,39.7,1.2,32.9,25.1,3.9,6.5,3,3665012.6,26
5,71,248.5,6.8,14.5,13.2,21.2,53.4,3.9,39.5,55,15.5,19.7,5.8,6215337.9,43
5,72,718.5,22.9,52.9,36.9,87.3,142,8.1,103.3,165.8,36.2,50.2,12.9,1.63619424E7,36
6,0,506.5,17.7,50.4,31.5,59.1,105.8,5.7,102,72.3,20.5,20,21.5,1.39428097E7,48
6,1,187,5,10.4,17.3,19.2,49.1,3.7,34.9,22.2,11.1,11.3,2.8,4349235.1,46
6,2,117,1.9,11.8,7.1,8,25.2,3.2,34.1,13.9,3.9,2.7,5.2,3260201.6,22
6,3,95,4.6,11.1,4.7,16.2,29.4,2.7,9.2,7,6.9,1.1,2.1,2133776.9,26
6,4,68,0.9,3.9,2,9.3,16.5,0,14.9,9.8,2.9,3.9,3.9,1600505,19
6,5,227.5,13.7,14.2,8,64.3,41.9,6.8,25.4,23.6,20.8,4.6,4.2,4849619.7,31
6,6,918.5,40.4,92.2,47.3,168.6,189.1,27.7,121.2,95.3,67.9,45.7,23.1,19623232,31
6,7,517,34.8,51,23.3,101.9,88.3,16.2,60.3,51.2,50.5,26,13.5,9903176.3,54
6,8,1332,52.8,128.3,83.2,197,261.8,41.2,145.3,181,88.6,125.9,26.9,2.59032825E7,27
6,9,85,2.9,8.6,8.5,14.1,25.4,0,10.2,5.6,2.9,0,6.8,1777365.3,24
6,10,48,0.5,0,3,9.6,12.9,0.5,14.3,3,1.4,1.4,1.4,1086873.2,20
6,11,202,7.8,24.4,9,36.2,38.8,5.9,21.7,29.3,18.7,7,3.2,3732852.1,27
6,12,46,1.9,4.2,2.2,9.6,7.2,0.4,6.1,9.2,3.8,0.6,0.8,820132.3,14
6,13,100,3.8,10,5.1,22.8,19.9,7.8,8.3,12.2,8.1,1,1,1861429.4,19
6,14,189,5.9,13,10.9,27.3,34.7,2.9,35.2,33.5,8.6,16.1,0.9,3602747.3,20
6,15,75,4.2,10.9,2.9,16.7,13,2.9,6.2,6.2,6.1,4.2,1.7,1351365.8,13
6,16,31,2,2,1.1,4,5.9,0,5,7.9,2,1.1,0,637282.2,5
6,17,125,5.9,7.1,15,20.1,26.1,4,13.9,13.9,3.9,11.9,3.2,2453357.1,12
6,18,81,3.4,10.9,7,8.1,18.4,0.9,10.9,16.8,3.4,0,1.2,1610688.2,16
6,19,54,0,5.8,5.8,4.1,17,0.9,6,5.1,0.9,4.2,4.2,1194572,8
6,21,169,10.8,15,6.8,31.1,32.1,1.8,30.1,21,9,6.2,5.1,3670800.6,21
6,22,233,14,19.9,11.1,45.3,46.3,7.8,38.1,20.9,20.9,4.8,3.9,5021057.9,22
6,23,70,3.2,10.5,1,15.1,12.1,0.6,9.9,8.9,6.8,0,1.9,1430767.5,16
6,24,53,1.8,0,1.9,12.2,6.1,1,12,10.7,2.9,1.9,2.5,1136034.7,19
6,25,81,5.1,8.1,3,11.8,15.1,5.3,16.9,1.7,4,7,3,1828304.9,16
6,26,356.5,20.9,25.1,17.3,69.9,72.7,10,56.5,36,29.5,7.2,11.4,7930380.8,27
6,27,43,0.5,4.2,0.6,4.7,7,0,8.1,10.2,4.2,2.2,1.3,885606.9,15
6,28,299,14.3,31.8,12.2,67,59.6,10.9,37.1,21.4,30,11,3.7,6040384.3,26
6,29,49,0.9,8.7,4.9,8.9,11.6,0.9,6.4,4,0.9,0.9,0.9,809960.7,9
6,30,296,14.1,25.9,11,50.9,56.8,12.4,53.1,39,19.5,7.1,6.2,6389212.1,19
6,31,154,1,14.9,7.1,15.1,34.2,2.7,26.1,25.9,9.1,10,7.9,3382584.7,21
6,32,164,1.9,18.2,13.5,15.8,46.2,1,20,23.9,10.5,11.1,1.9,3080571.3,25
6,33,40,1.8,4,3,6,5,4,4,2,1.9,6.1,2.2,771293.7,10
6,34,146,4,20.8,13.8,16.1,44.8,2.1,12.9,13.2,7.1,6.2,5,2903912.5,15
6,35,186.5,8.7,21.2,10.1,30.9,31.7,5.1,23,28.7,7.6,15.3,4.2,3452595.4,19
6,36,20,0.4,2.9,2.5,2,4.2,0,1.3,4.7,0,1.6,0.4,397702,6
6,37,33.5,1.2,1.5,2,2,6.8,0,6.8,3.2,1.9,6.8,1.3,618443.9,13
6,38,33,2,3.1,0.8,4.8,6,2.2,3.1,6,4,1,0,707912.3,9
6,39,39,1,2.8,2.9,6.9,7.5,0,3.9,5.1,2.7,5.2,1,865617.6,10
6,40,160.5,2.1,16,8.9,11.7,28,2.6,37.3,45,3.1,3.9,1.9,3627532.5,25
6,41,100,5,7.8,10.1,15.8,23.2,2.1,14.9,10,4.9,6.2,0,2009536.4,12
6,42,40,1,4.8,0,6,9.6,2.5,5.8,2.9,0.6,4,2.8,742113.8,11
6,43,545.5,22.8,26.9,31.9,91.1,83.9,12.4,79.9,94.1,39.3,56.2,7,1.00993821E7,31
6,44,63,1,6,6,6.1,12.9,2,5,12,6.9,5.1,0,1051034.1,4
6,45,21,0.3,3.3,0.3,4.8,3.3,0.6,2.1,3.3,2.1,0.9,0,373190.4,6
6,46,34,0.8,1,1,5.9,5.1,0,4,8.2,3.9,3.1,1,565362.2,8
6,47,33,0.5,1.9,2.1,2.2,6.2,1.1,6.2,6.9,0,4.8,1.1,601724.2,14
6,48,41,0.6,1.4,4.1,6.1,8.7,2,9.9,4.7,0,2,1.5,898029.7,15
6,49,43,0,5.7,3,3,15.9,1.3,1.9,5.7,1.9,2.3,2.3,941985.1,14
6,50,42,2.4,1.3,4.2,5.9,7,0,8.5,8.5,0,2.9,1.3,802789.7,15
6,51,47,3.1,6.3,0,12.2,4.7,1,6.6,6.8,1.9,4.4,0,852978.5,17
6,52,116,4.2,14,3,17.2,20.8,3.1,20.8,9.1,3.9,10.1,9.8,2330668,15
6,53,39,0.7,3.9,3.9,5,9.2,1.8,3.9,6.2,2.1,2.3,0,713313.2,14
6,54,74,0.2,5,7.4,7.4,18.5,0.7,7.4,16,2.4,6,3,1491879.4,28
6,55,136,4.1,12.4,6.7,25.7,25.8,1.7,21.1,22.8,6.3,6.3,3.1,2663542.4,35
6,56,112,6,7,5,17.2,24.8,3,15.9,15.2,8.9,1.9,7.1,2485387.3,22
6,57,59,2,7.9,0,7.9,16.9,0,6.4,9,5,2.9,1,1466845,20
6,58,301.5,13.7,37.2,13.5,51.3,66.8,10.1,27.9,37,32,4.8,7.2,6275193.4,35
6,59,84,3,4.1,6.9,18.7,21.1,3.1,9.7,8.1,2,6.2,1.1,2080196.4,18
6,60,185.5,10.6,14.8,15.1,30.2,35.7,8,30.4,24.1,10.2,4.2,2.2,3830596,33
6,61,80,0.7,10.8,4.3,7.2,16.7,0,13.1,19,4.3,0.9,3,1892797.8,20
6,62,209,4.7,22.9,7.1,32,50.9,7,27.2,28.2,14,9.8,5.2,4999885.6,28
6,63,535.5,22,53.9,28.2,75.2,112.7,17.6,57.6,73.9,33.9,47.2,13.3,1.14783395E7,32
6,64,59,0,8.1,4.9,11,9.9,0.6,9.8,8.4,0,6.3,0,1378180.4,20
6,65,95.5,2.8,7.8,4.8,14.8,17.5,1.8,17.3,16.3,6.6,3.7,2.1,2400877,23
6,66,245,18,24.8,13.7,65.2,44.2,10.6,24.5,15.4,19.1,4.9,4.6,5174752.6,40
6,67,184,4.1,14.4,12.1,35,44.2,7.8,21.8,19.2,16.8,5,3.6,4268862.9,30
6,68,271.5,17.4,26.3,7.9,52.9,54.8,12.9,35.9,21.1,23.8,9.3,9.2,5847741.5,35
6,69,182,8,15.3,6,32,38,5.2,27.5,23.4,15.1,8.4,3.1,4012618.3,25
6,70,125.5,2.9,17.3,8.4,18.1,34.3,2.9,12.9,9.9,13.1,5.7,0,2681222.2,20
6,71,114.5,4.9,10.7,6,11.6,30,2.7,13.9,10.4,15.9,5.3,3.1,2423811.2,27
6,72,1950.5,41.5,111.3,87.8,213.9,321.4,15.9,281.1,523.8,82.3,244.2,27.3,4.33738849E7,29
6,73,255,2,4,13.9,28.1,29.9,2,42.1,90.1,6.9,33.9,2.1,5404895.3,4
7,0,300.5,7.8,29.8,13.4,30.2,69.3,7.6,73.5,37.8,17,5.3,8.8,7803762,41
7,1,381,14,47.4,20.4,67.8,84.4,7.6,55.8,38.8,29.1,6.7,9,9559853.5,39
7,2,2015.5,61.2,159.2,97.4,234.2,409.9,34.4,327.5,378.1,113.5,131,69.1,4.65077273E7,41
7,3,170.5,2.9,20.9,8.1,18.6,35.9,4.4,38,26.9,8.5,4.1,2.2,3992647.2,33
7,4,54.5,2.2,3.8,3.2,10.1,10.9,0.8,7.7,7.1,5.5,0,3.2,1136191.1,19
7,5,202,17.7,14,11.2,42.2,40,10.3,20.4,16.9,16.7,6.2,6.4,4061641.1,22
7,6,109,12.1,8.2,7.9,23.8,16.8,1.8,18.2,4.1,11.3,4,0.8,2316426,25
7,7,119,3.2,11.1,7.9,15.4,27.6,1.1,31.9,7,4.2,6.6,3,2502516.5,37
7,8,50,3,2,2,13,10.8,3,6.2,3.8,5,0,1.2,1073361.2,14
7,9,155,8.6,10.9,7,29.8,37.7,4.8,19.2,12.4,16.4,8.2,0,2835819.4,16
7,10,74,2.6,11.8,4.9,12.8,22.2,1.4,2.9,6.1,4.4,2.9,2,1509890,24
7,11,112.5,6.6,8.8,7.9,21,24.2,0,16.2,7.8,8.9,11.1,0,2237646.1,31
7,12,264,11.4,14.7,16.3,33.9,60.3,4.9,41.1,45.3,15.3,16.1,4.7,5507252.8,23
7,13,44.5,0.8,3.7,6.1,6.1,13.3,0.8,7,1.8,2.8,2.1,0,938903.9,16
7,14,130,3,11.1,7.9,20,31.2,4,11.4,24.9,9,3.7,3.8,2506993.1,18
7,15,53,1.8,3.8,3,3.8,10.8,2.1,7.1,13.4,3,2.1,2.1,893325.3,12
7,16,73,2,6,5,5,20.9,0,15,14,1.8,2.1,1.2,1510038.9,12
7,17,40,0,4.7,4,6,6,0,9.8,6.3,0,2,1.2,924848.1,14
7,18,63,5.1,9.8,3.7,11.7,14.2,2.9,6.2,1,6.2,1,1.2,1321712.9,15
7,19,33,0.8,4.9,1.1,4.9,9.9,1,2.2,5,2.1,1.1,0,808629.3,8
7,21,34,0,3.2,0,4,6.9,0,8,5.9,3.9,1,1.1,817612.7,7
7,22,44,0,2,1.2,4.2,13.8,1,7,8,1,0,5.8,1080813.4,12
7,23,147.5,7.6,12.4,6.3,36.4,28.9,5,13.8,15,12.8,8.2,1.1,2872252.9,24
7,24,90,11,3.1,2,19.6,14.1,6.1,12.2,8.8,3.1,8.9,1.1,1913005.5,17
7,25,409,21,34.3,17.9,65.7,91.8,15.7,46.3,52.4,39.8,14.5,9.6,8938157.8,43
7,26,95,3.1,9.8,1.7,14.1,18.3,0,15.1,13,6.1,9.9,3.9,1927376.4,21
7,27,75.5,1.9,6.9,8.7,9.9,21,0,11.3,8.1,3.4,4.3,0,1615534,18
7,28,104.5,6,8.5,3.2,32.1,10.8,3.9,14,8,11,5.9,1.1,2168387.5,23
7,29,10.5,0.1,2,1.1,2,2.7,0.1,1.3,0.9,0.1,0.1,0.1,173562.9,6
7,30,64,0.7,3.3,2.2,9,17,0.9,7.3,12,1.6,7.8,2.2,1195069.9,17
7,31,359.5,8.9,24.5,14.9,40.8,70,2,49.7,89.1,11.2,43.1,5.3,7494739.9,13
7,32,2471,97.1,201.3,172.5,359.1,448.3,40.7,327.9,400,117,264,43.1,4.61712235E7,22
7,33,41,2.9,4.1,0,13.8,3,3,4.1,1,5.9,3.2,0,931816.2,9
7,34,71.5,4.9,4.5,8.2,15,13,3,9.7,6.9,3.1,0,3.2,1443262.3,12
7,35,34,3,3.9,0.9,6.9,9,0,5,3.1,0,1.1,1.1,899461.6,6
7,36,29,0.5,4.3,3.9,2.9,5.9,0,1.9,6.8,0,2.3,0.5,576667.8,10
7,37,7,0.1,1.1,0.9,0.7,1.4,0,0.5,1.6,0,0.6,0.1,139195.7,3
7,38,30,0.6,3,1,7.4,5,0,5,6,1,1,0,558398,12
7,39,68,2.1,10,0.9,7.7,14,0.6,20,4.3,1.5,4.2,2.7,1554867.5,17
7,40,64,2.7,4.7,3.1,20.2,8.2,0.9,5,10,3.8,4.1,1.3,1253699.1,15
7,41,77,3.6,10,8,11.1,15.3,1.7,7.2,7.7,6.2,3.1,3.1,1304532.2,21
7,42,28,0.7,2.2,0,3.9,8.4,1.6,2.8,2.2,1.6,3,1.6,529668.7,8
7,43,77,3.1,8.2,5,12.1,13.3,4.1,11,9.9,4.1,6.2,0,1700203.2,20
7,44,44,0.4,7,0.4,9.9,7,1.4,4.6,7,4.5,1.8,0,781922.7,14
7,45,78,1,9.6,2,15.3,14.4,3.2,13.5,9.7,4.2,5.1,0,1584232,26
7,46,20,0.6,1.4,1.2,1.2,5.9,0,4,2.8,1.1,0.6,1.2,377609.7,7
7,47,14.5,0.3,1.1,0.9,0.9,4.3,0,2.9,2,0.7,0.4,1,273767,6
7,48,145,7.2,9.1,14.9,23.9,32.7,2.4,21.8,18.1,9.9,4,1,2781711.7,28
7,49,36,1.1,3.9,0,2.2,7.5,1.1,7.2,7.5,1.1,2.2,2.2,765841.3,14
7,50,48,0.6,3,3.1,6.2,9.9,0,7.9,11.7,0,4.2,1.4,1069267.2,19
7,51,38,0.6,3.8,0,11.4,7.2,0,3.2,3.8,6.1,1.9,0,649061.3,14
7,52,74,5.5,1.8,5.2,20.2,12,1.7,11.7,9.3,3.7,2.9,0,1613686.2,20
7,53,88,2.8,7,4.1,9.1,17.5,0.8,14.1,19.3,3.7,5.2,4.4,1695701.8,28
7,54,161,9,9.4,7.9,22.8,34.6,3,25.6,28.9,7.8,12,0,3263713.6,41
7,55,280,9.9,29.3,14.6,44.1,49,9.4,47.4,39,21.1,13.5,2.7,5187472.1,40
7,56,100,5.7,7.9,6.3,19.6,13.4,1,20.9,12.2,5,5,3,1890309.4,21
7,57,53.5,0.8,1.9,0.1,8.9,13.1,0.9,8.1,9.9,2.9,5.3,1.6,1135382.4,16
7,58,526.5,33.1,51.3,30.9,91.2,95.1,12.2,53.9,76.3,38,36.3,8.2,9519881.3,30
7,59,35,2,3.1,2,9,5.9,0.8,3.9,5,1.1,1.1,1.1,667877.7,10
7,60,107,2.9,9.6,5.1,16,26.7,5.1,16.3,11.3,10.1,2.1,1.8,2477834.5,26
7,61,217,12.7,17.8,9.5,45.6,44.2,5.6,24.2,21.8,25.3,6,4.3,4693620,41
7,62,193.5,6.5,19.1,7,25.9,43.9,3.1,33.2,27.4,13.5,6.8,7.1,4062068.4,39
7,63,66.5,4.1,6.6,0.6,10.7,15.1,2,7.7,12.2,2.6,4.3,0.6,1555785.4,22
7,64,106,4.6,10,7,18.6,26.2,3,10,15,7.1,3.5,1,2372695.7,23
7,65,114,1.5,10.4,1.1,19.3,25,2.5,20.3,15.9,7.1,9,1.9,2652723.4,32
7,66,103,9.9,10,8.2,20.9,23.2,3.6,13.3,3.7,5.3,2.1,2.8,2058718.2,15
7,67,69.5,1.9,4,4.1,14.9,11,1.8,10.9,9.2,5.5,5.2,1,1362577.6,17
7,68,360,21.1,42.2,16.6,49.4,89.5,4.1,49.4,49.9,21.6,11.3,4.9,7461606.8,40
7,69,70,1.1,5,2.1,9.7,13.9,0,17.1,13,1.2,5.1,1.8,1858109.1,21
7,70,119.5,1.9,12.8,2.9,11,27.8,0.9,19,27.3,5.4,7.3,3.2,3193793.4,30
7,71,144,2.5,17.9,9.1,14,34,0,27.2,23.1,6.9,7.3,2,3422174.5,29
7,72,553,10,46.3,21.3,51.7,120.7,7,88.4,125,24.7,37.5,20.4,1.31833186E7,39
7,73,1133.5,21.3,62.6,63.6,150.3,193.8,14.5,165.9,290.3,39,118,14.2,2.65572511E7,28
8,0,278.5,11.4,37.1,17.2,40.7,65,4,38.2,31.3,23.9,4.8,4.9,6457323.5,35
8,1,42,2.8,2.9,1.8,9.9,8.1,2.9,5,3.2,4.2,1.2,0,870084.6,11
8,2,1068.5,38.1,125.3,73.2,190,205.7,21.1,144.9,125.4,67.9,53,23.9,2.36976252E7,34
8,3,329.5,9.7,29.6,20.6,24.9,74.5,1.9,76.2,55.4,15.3,9.2,12.2,8283959,55
8,4,40,0.8,4.8,0.8,8,10,3.2,3.2,5.2,4,0,0,899870.3,12
8,5,223.5,10,22.8,14.4,47.4,52.7,8.5,27.2,11.3,20.2,6,3,4488620.8,24
8,6,142,14,21.3,3.5,29.2,27.2,2.9,15.5,9.3,12.9,5.1,1.1,2698066.3,24
8,7,30,2,2.7,0,3,8,0,4,3,3.3,4,0,605695.2,13
8,8,269.5,17.7,24.3,11.7,62.9,59.2,4.7,27,22.9,21.5,10.3,7.3,5328038.5,27
8,9,167,5,21.4,4,24.1,38.1,5.1,22.8,27.9,11.7,5.9,1,3256205.3,11
8,10,89,8.6,9.2,2.9,26.5,17.5,6.4,7,2,8.6,0.3,0,1712929.9,26
8,11,71,5,5.9,6.1,11.5,14.1,0,6.1,12.1,7.1,2.1,1,1491081.1,22
8,12,95,1.7,9.3,3.1,14,18.8,2.9,19,12.9,10.1,3.2,0,2060733.6,24
8,13,61,3.1,5.7,4.8,10.1,11.2,0,11.9,7.3,3.8,1.1,2,1148978.3,22
8,14,449.5,20,42.6,26.2,82.3,74,15.6,58.6,74.8,29.7,19.8,5.9,8393843.5,29
8,15,38,2.7,3.8,2.1,5.3,12.1,2,3.8,3.1,3.1,0,0,727615.1,12
8,16,24,0.9,0.9,2.2,4,2.9,0,4,4,1.9,0.9,2.3,480450.7,8
8,17,428,16.6,32.1,26.9,49,88.9,5,59.3,81.7,24.5,36.8,7.2,8234290.8,13
8,18,27,1.2,1.2,0.4,2.4,5,0.4,6.5,5.4,1.2,0.4,2.9,581087,9
8,19,849.5,48.7,77,50.5,163,166.7,31.1,115.4,100.4,52.1,40.7,3.9,16635452,42
8,20,17,0,3.7,0.3,1.7,4.8,0,3.3,2,0,0.6,0.6,354698.5,5
8,22,98,5.1,11,7.7,11.2,21.2,0.7,9,18.3,3.6,9.1,1.1,2201643.5,24
8,23,208.5,15.9,17.1,8.1,51.9,27.1,9.1,26.7,23,19.5,8.3,1.8,4374215.7,21
8,24,26,1.5,0.5,1.2,5.6,3.9,0,4,3.5,3.4,1.7,0.7,538424.1,7
8,25,164.5,9.3,17.2,6.1,22.1,44.1,1.8,28.5,14,13,4.6,3.8,3556223.1,23
8,26,284,14.9,42.7,7.9,58.8,73,6,22.1,17.9,25.4,8,7.3,5957247,28
8,27,32,0.5,1.8,1.1,5.9,6.4,0.5,6.5,5,1.4,1.4,1.5,772695.5,12
8,28,84,2.3,12.8,7,11,25,3.1,7.7,6.9,4.1,2,2.1,1647817.1,12
8,29,94,7.7,7.1,7.5,14.3,14.1,1.8,13.1,13.4,5.2,5.7,4.1,2013421.8,14
8,30,56.5,0.9,2,3.8,6.6,13.1,1.2,8.4,10.4,2,5.7,2.4,1183779.2,17
8,31,58,0,6,7,1,15.9,0,11.9,6.1,1,5.1,4,1376341.2,14
8,32,144,6.4,16.7,14,24.8,29.1,2.9,19.4,12.7,4.8,9.3,3.9,2985864.3,22
8,33,22,2.1,2.6,0.7,4.4,4.4,0.4,1,2.8,2.5,0,1.1,393090.6,5
8,34,413.5,31.9,32.1,22.9,96.8,73.1,13.8,42.2,52,31.5,9.2,8,7848246.5,18
8,35,153,8.2,19.3,2.8,28.4,31.3,5.7,13.1,12.6,20.2,6.3,5.1,2739861.4,27
8,36,63,2.2,4.8,1.9,6.1,17,1.7,7.2,10,4.9,6.2,1,1258423.7,13
8,37,17,0,0.9,0.1,3.3,4,0.6,1.7,1.9,1.8,1.9,0.8,387015,8
8,38,49.5,0,3.6,5.9,9.1,8.9,1.8,8.4,5.9,3.7,2.2,0,1044594.7,12
8,39,19,1.9,0.5,0.5,4.6,2.7,0.7,1.9,3.5,1.9,0.8,0,377747.2,3
8,40,221,8.7,16.7,18.4,45.6,45,9.9,17.3,25.1,13.8,16.2,4.3,3924724.1,19
8,41,37,2.9,0.8,0,9.1,9.1,0.8,3.8,3.2,5.3,0.8,1.2,880054,12
8,42,21,0.7,2.5,0.1,2.7,5.1,0.7,4.3,3.5,1,0,0.4,361538.2,6
8,43,52.5,0.9,4.7,3.5,5.2,13,1.9,7,5.8,2.3,5.2,3,941144.2,19
8,44,19.5,2,0.7,0.6,2,5.1,0.7,1.8,3.2,1.3,2,0.1,349004.8,8
8,45,56,4,9,2.1,6.8,12.8,1.9,5.9,7.1,3.2,2.5,0.7,1059260.5,15
8,46,21,1,1.4,1.2,2.1,4.5,0.7,3.3,2.7,2.1,2,0,377161.2,8
8,47,36,1.7,2.4,2,3.7,7.6,1.2,5.6,4.7,3.6,3.5,0,646562,13
8,48,47,1.9,4.1,0,4.7,9.5,0,8.1,9.3,3.4,6,0,911117.6,17
8,49,141,5.6,9.9,9.1,16.2,37.4,0.9,11,27,13,8.8,2.1,2837599.5,34
8,50,125,1.9,18.9,5,21.1,27.9,4.9,10.8,11.5,14,5.9,3.1,2476545.1,24
8,51,39,2.8,5.1,0,6,8.1,0.6,7.2,2.1,2,5.1,0,791796.9,12
8,52,102,6.1,5.7,8.1,19.2,15.5,4.4,9.1,15.1,8.2,6.4,4.2,2081888,24
8,53,170.5,5.1,27,3.9,19.7,46,7,25.9,10,17.4,6.2,2.3,3431700.9,26
8,54,147,6.9,14.9,6.1,23.2,31.9,4.8,13.6,24,12.6,4,5,3512839.7,35
8,55,123,2.3,13.7,1.2,13.9,30.7,4.5,14.5,20.1,7.2,7.7,7.2,2737242.5,36
8,56,50,1.6,2.1,2.9,7.1,8.8,2.9,7.1,4.3,3.7,7.4,2.1,1195552.9,16
8,57,29,0.5,0.9,1,10.4,2.9,0.8,5,2.9,0.8,2.1,1.7,832322.9,13
8,58,67,0.9,4.6,4.2,11,17.5,1.1,7.8,7.8,4.6,6.1,1.4,1471849.7,19
8,59,83,7.8,3.1,4.4,18.2,15.2,1.7,9.7,16.7,2.7,1.4,2.1,2063884.1,22
8,60,52,0.8,1.1,5.9,10.8,10.8,0.8,8.2,6.9,2,2.3,2.4,1305503.7,12
8,61,142,3.9,17.5,9.4,11.9,42.2,2,16.9,20,8.6,1.2,8.4,3183753.2,26
8,62,271,8.6,30.3,19.3,23.2,69.9,1.5,52,33.8,15.5,6.6,10.3,5814562.9,36
8,63,29,1.1,0,0,9.1,4.7,1.1,4.7,5.4,0,1.8,1.1,666566.1,12
8,64,61,2.7,3.9,2.8,14.3,12.1,0,12,6.8,3.3,1,2.1,1432671.7,19
8,65,467.5,23.1,41.4,27.4,79.8,90.8,7.5,50.7,58.7,38.8,40.2,9.1,8931498.7,24
8,66,132,4.9,8.1,3.8,15.7,27.5,0.9,17.9,27.1,5.1,21,0,2997180.7,30
8,67,122,7.7,14.1,4.9,18.1,31.1,2.8,14,17.2,4.9,5.8,1.4,2875291.2,26
8,68,119,7.5,5.1,9.1,27.7,21.7,4.6,12.9,16.6,9.3,4.5,0,2519475.2,27
8,69,86.5,5.7,10.1,4.4,17.8,23.1,0,16.2,6.9,0,2.3,0,1962677.1,28
8,70,125.5,3.5,9.3,5.1,18.4,23.7,4,18.2,26.6,7.3,1.1,8.3,3142324.8,32
8,71,102,1.9,8,9.6,10,25.1,3,16.7,17.3,1.2,3.8,5.4,2174267.7,25
8,72,317.5,4.9,20,19.1,29,60.7,4.4,75.2,59.1,7.7,22,15.4,8506471.6,36
8,73,692.5,10,40.5,25.9,71.1,111.1,7.9,106.1,193.7,33.1,82.1,11,1.64244016E7,34
8,74,927,10,32.6,39.5,84,104.1,5,146.9,278.8,20.1,190,16,2.41760509E7,9
9,0,655.5,41.4,75,40.5,127.1,156.3,22.8,67.3,50.8,45,15.1,14.2,1.42778637E7,43
9,1,985.5,74.9,97.5,49.3,220.7,186.9,41.4,78.1,102.4,90.1,30.2,14,20746451,26
9,2,424.5,26.1,59.5,22.3,73.7,103.8,13.4,46.4,32.3,36.6,6.7,3.7,9312760.5,47
9,3,43.5,1.1,4.2,2.9,7.2,8.8,1.4,8.3,2.9,1.9,4.8,0,934471.4,14
9,4,247,15.8,18.8,13.4,56.2,50.3,4.7,37,24.3,18.6,2,5.9,5324876.4,29
9,5,97,3.6,9,4.2,14.3,25,3.3,18.5,8.1,7,4,0,1997516.6,26
9,6,46,0.8,2,2.8,13.5,11,0.1,8.4,2.8,2.6,0,2,974160.7,17
9,7,82.5,4.6,9.6,5.4,13.7,25.1,4,7.4,7.2,4.7,0.8,0,1460927.9,22
9,8,157,10.3,2.9,7.1,42,33.4,2,18.6,13.9,15.5,10.3,1,3441246.7,31
9,9,89.5,5,8.3,5.7,17,24.9,2,7.2,8,4.4,6,1,1632464.1,22
9,10,36,1.1,7.2,1.3,5.9,10.8,0,5.9,3.8,0,0,0,757166.1,13
9,11,287,6.2,23.1,14.3,36.6,54.8,4.4,64.4,43.9,15.2,23.1,1,5399415.4,28
9,12,854,29.1,66.9,49.5,92.9,154.9,16.8,93.9,148.8,51.9,138.1,11.2,1.54879817E7,27
9,13,59,2,4.7,2,7,14.1,0.5,15.8,2,3.6,3.9,3.4,1172632.7,21
9,14,70.5,0,13.3,6.2,7.9,19.8,2.9,6.6,8.6,3.4,0,1.8,1313866.3,21
9,15,104,5.7,5.2,8.2,24,16,5.9,16.2,9.9,7,5,0.9,2141817.7,17
9,16,89,3,10.9,7,15.1,16.9,0.7,16.2,12.1,4.9,1.1,1.1,1924864.2,14
9,17,93,4.8,8.1,2.9,19.9,18,4,12.1,5.1,6.8,7.2,4.1,2093430.2,10
9,18,19,0.7,1,0.3,1.7,3.4,0.3,4.4,3.8,1,0.4,2,408912.8,7
9,19,39,0.6,3.9,3.3,6.2,5.3,0.6,3.9,11.9,3.3,0,0,806681,13
9,22,180.5,8,17.8,5.1,32.1,37.1,5.6,28.9,24.1,16,2.9,2.9,3951233.5,18
9,23,361.5,22.9,34.4,17,57.8,56.8,10.7,44,61.2,23.3,28.1,5.3,7441901.5,14
9,24,20,1.2,0.2,0.8,4.1,3.1,0,3.2,2.8,2.7,1.2,0.7,414172.2,9
9,25,85,3.9,8.1,2.9,20.6,15.9,2.8,8.3,13.2,4,2.1,3.2,1731301,13
9,26,7,0.2,0.5,0.2,1.2,1.4,0.2,1.4,1.2,0.2,0.2,0.3,169027.1,3
9,27,7,0.1,0.4,0.3,1.3,1.4,0.1,1.4,1.1,0.3,0.3,0.3,169027.2,3
9,28,413,24.6,28,33.8,70.2,72.8,10,57.1,47,24.5,40,5,7958034.1,17
9,29,48,1.4,4.8,4.8,9.8,9.8,0,8,3.1,2.7,2.1,1.5,966560,15
9,30,60,4.8,7.1,1.9,10.9,15,1.8,6,1.9,7.1,2.4,1.1,1125262.9,10
9,31,37,0.9,1.1,0,7.3,8.8,0.9,9,3.9,2.2,0,2.9,568539.6,11
9,32,97,2.8,15.2,2,9.8,21.1,2.8,11.1,12.2,9,11,0,2188840.6,11
9,33,71,5.8,5.4,2.3,11.6,12.7,1.7,7.9,13.1,6.4,2.1,2,1369079.4,10
9,34,46.5,4.1,1.9,1,12.1,4.2,1.8,10.7,3.2,5.2,2.3,0,893424.4,17
9,35,63,7.8,4.8,2.1,12.9,12.1,1,10.2,4.1,3.8,3.2,1,979585.2,13
9,36,42,0,2.1,0.4,8,9.7,1.4,4.2,4.9,4.7,4.9,1.7,956154.5,14
9,37,330.5,6,20.6,23.6,49,60,1.8,53.1,59.9,13.2,37,6.3,6690729.4,23
9,38,12,1.2,0.2,0.2,3.1,1.8,0.4,1.2,2.3,1.2,0.4,0,238577.2,4
9,39,18,1.8,0.2,0.2,4.6,2.8,0.6,1.8,3.5,1.8,0.7,0,357865.8,9
9,40,60,3.6,0.5,5,13.3,7.8,3.7,15.4,4,3.9,1,1.8,1145706,20
9,41,30.5,2.6,3,0,6.6,7,0,3.1,5.1,1,2.1,0,615456.4,13
9,42,45,1.4,5.2,0.1,5.9,11.3,1.4,9.1,7.6,2.3,0,0.7,774724.5,15
9,43,54,5.2,2.6,3.5,3.1,11.5,0,4.7,16.8,1.9,4.7,0,1058832,20
9,44,85,3.8,5.9,2,6.9,14.8,1,14.2,25.2,2.8,7.1,1.3,1442473.9,23
9,45,49,4.9,2.2,1.7,4.9,12.5,2.1,4.4,7.7,3.2,4.9,0.5,876986.7,18
9,46,90,3.1,11,5.8,14.2,13.7,0.9,20.1,13.1,1.8,6.3,0,1633372.3,20
9,47,48.5,0,4.1,4.9,4.1,5.8,0.8,13.1,11.1,1.5,2.3,0.8,993040.5,16
9,48,78,1.6,8.9,3.2,6.4,19.8,0,20,8.5,2.5,6.2,0.9,1600171.3,24
9,49,65,0,5.7,3,3,18,0,11.1,19.9,0,3.1,1.2,1189606.8,19
9,50,91,2.7,10.9,1.1,13,18.1,0,13.3,21.8,1.9,4.1,4.1,2294464.8,21
9,51,100,0,6.1,9.2,8.9,26,1.8,17,18.8,4.1,4.1,4,1822600.2,23
9,52,161,5.8,12.6,7.1,25.2,27.9,4.9,22.2,35.3,10.6,7.1,2.3,3361582.9,35
9,53,85,4.6,5.6,4.4,10.4,15.6,0,16.7,9.5,2.4,5.3,10.5,1652921.6,28
9,54,1945,99.8,173.1,117.1,278.7,341,42.6,282.1,283.2,109.3,195,23.1,3.44418247E7,27
9,55,125,5.2,10.2,2.8,21.7,20.7,2.3,21.2,16.3,16.5,5.9,2.2,2817884.4,29
9,56,140.5,11.7,11.4,1.2,28.6,18.9,1.8,22.4,21.8,7.9,13.9,0.9,2830819.6,26
9,57,76,4,10.8,0.6,13.9,14.4,0,8,13.8,7.2,2.1,1.2,1883143,22
9,58,54,0,7.4,5.4,7.9,11.7,0,9.9,7.9,0.9,2,0.9,1004459.4,18
9,59,109,2,13.6,5,23,26,4.1,12.1,5.9,10.5,5.8,1,2343216,21
9,60,178.5,2.5,19.4,8.1,28.8,45.4,5.9,21.9,20.4,12.2,9,4.9,3800517.9,34
9,61,411,18,48.3,22.2,75,97.9,12.8,52.5,24,38.3,16,6,9311665.3,32
9,62,360,16.9,41.3,28.1,60.3,84.9,9.9,47.1,31.5,24.2,13,2.8,7849556.9,37
9,63,53,0.7,3.1,2,6.2,12.6,1.1,8.7,14.2,1.1,2.1,1.2,1161608.5,16
9,64,38.5,2.7,1.6,3.9,11.2,5.1,0,5.3,5.3,0,2.7,0.7,830238.7,12
9,65,146.5,4.9,18.6,6.1,18.9,40.6,1.1,19.9,13.9,11.1,4.3,7.1,3013215.4,28
9,66,74,1,8,6.7,13.2,21.1,1.8,4.1,10.3,3,4.8,0,1531373.1,19
9,67,204,7.7,19.5,20.3,29.2,43.9,7.9,23,26,10,12.6,3.9,4054032.1,36
9,68,159.5,9,11.9,5.3,29,31.9,3.6,27.4,24.9,7.9,5.3,3.3,3636009.9,36
9,69,296.5,5,19.6,15,47.4,58.5,3.8,39.9,59.3,13.1,30.8,4.1,6920753.7,31
9,70,97,1.9,14.1,5.9,12.1,26.8,1.1,10.1,9.9,5.8,3,6.3,2416832.4,19
9,71,82,2.7,4.9,4.1,16.4,9.8,0,10.8,21.4,2,7.4,2.5,2136652.8,29
9,72,304.5,4,33.5,16.1,25.7,84.1,5.8,49,45.4,18,15.1,7.8,7529023.7,21
9,73,1954,56.3,150.3,122.4,304.9,354.9,30,272.2,397.3,82.4,153,30.3,4.22876351E7,25
9,74,6113.5,141,311,299,698.9,1067.7,65.4,926.9,1468.3,168.9,875.4,91,1.355382042E8,20
9,75,255.5,2,6.5,10.1,30,33,3,35.1,97.9,5,29.9,3,7598564.2,8
10,0,483,34.1,41.2,24.8,111.1,85.9,17.6,56.9,48.5,42.7,11.3,8.9,1.08652336E7,41
10,1,37,3.4,3.7,2.5,7.3,7.4,1.3,2.1,2.9,3.6,0.3,2.5,745632.6,9
10,2,91.5,6.1,7.9,7.1,20.9,23.2,3.3,11,2.1,8.2,0.8,0.9,2261181.2,23
10,3,326,11.4,19,12.1,52.1,74.1,11.7,40.7,54.2,20.3,23,7.4,7616276,28
10,4,590,38.7,62.5,15,125,123.2,18.1,64.8,60.9,53.5,24.4,3.9,1.29930483E7,49
10,5,361,19.8,38.6,23.5,80.9,78,5.9,37,41,19.7,7.4,9.2,8053688.4,42
10,6,486,15.8,32.6,14.6,83.3,80.7,3.7,56.3,97.8,30.7,63,7.5,9632334.5,35
10,7,343,15.9,39.4,25.1,52.4,87.9,11.9,34.2,36.4,23.5,13.5,2.8,6670718.2,36
10,8,131.5,6.8,9.6,6.3,25.9,28.1,5.8,13.8,11.1,13.8,7.3,3,2608528.5,30
10,9,90,4.8,4.1,4.2,24.1,14.9,1.9,10.9,11,5.8,4.2,4.1,1724978.9,12
10,10,124,4.6,10.8,2.9,24.2,25.1,5.7,16.1,16,10.2,7.4,1,2500736.8,22
10,11,142.5,5.9,13.2,2.7,19.8,30.9,3.9,18.8,24.8,11.7,9.8,1,3029040.7,38
10,12,700,27.3,77.6,37.3,87.9,143.9,15,81.6,118.9,35.1,67,8.4,1.32035627E7,35
10,13,150.5,10,13,9.4,25.5,28.5,1.8,27.2,13.1,10.9,8,3.1,3044806.9,32
10,14,102,6,7,4.7,19,22.2,1.8,11.4,9.8,8.6,5.6,5.9,1934347.8,21
10,15,79,2.1,4,2.1,7.9,14,4,19.8,19.9,4,1.2,0,1906250.5,20
10,16,131.5,9,9.7,10.2,22.7,27.7,4.8,21,9.4,11.2,4.2,1.6,2946044.7,15
10,17,5,0.5,0.3,0.3,0.7,1.7,0,0.5,0.3,0.3,0.2,0.2,112884.5,3
10,18,7,0,0.3,0,1.4,2.1,0,1.4,1.1,0,0.3,0.4,152027.4,4
10,19,126.5,4,3.4,6.2,15.9,30.1,4.9,16,28.9,6,10.1,1,2593943.5,6
10,21,48.5,0,3.1,1.2,4.9,8.1,0,13,9.2,2.2,6.8,0,1095848.6,11
10,22,42,1.9,1.3,0,4.6,6.9,0,10.9,10.9,0,5.5,0,803354.2,14
10,23,60.5,6.8,4.1,1.3,11.2,8,0.9,12.7,10.1,2.2,3.2,0,1125614.6,15
10,24,23,0.3,1.3,0.9,4.6,3.6,0.3,3.3,4.3,3.3,1.1,0,520596.1,6
10,25,34,0,4.8,2,2.1,9,0,3.7,6.8,1.2,3.2,1.2,714281,13
10,26,53,2,5.8,3.2,7.9,14.4,2.3,9,4.5,2.9,1,0,971896.5,9
10,27,19,0,1.9,0.7,4,4.8,0.7,4.1,0.9,1.9,0,0,306200.8,7
10,28,48,1.9,1.1,2.9,13.1,9.1,0.8,4.9,7.2,0.9,5,1.1,990606.9,10
10,29,180.5,10.1,17.3,8,44,34.6,8.2,10.8,15.3,19.3,10.1,2.8,3724410.6,21
10,30,74,4.4,7.2,7.2,11.3,17.8,5,2.6,5,5.8,5.1,2.6,1439165.2,19
10,31,77.5,4,7.8,6,15.3,17.2,2.1,5.1,8.9,7.7,0.7,2.7,1463706.4,16
10,32,32,3,1,3,11.9,1.1,2,3.1,3.1,3.8,0,0,830763.1,7
10,33,10,0.6,0.6,1.2,1.5,1.5,0.3,2.4,1.6,0,0,0.3,213549.6,3
10,34,32.5,1.7,2.2,4,9,5.8,1,4,0,2.5,0,2.3,637259.2,9
10,35,42,2.8,4.7,2.8,8.9,8,0,8,4.2,1.3,1.3,0,832702.1,11
10,36,90.5,3.8,9.8,2.1,19.9,13.8,6,9,6.1,10.8,8.3,0.9,1724176.6,18
10,37,81.5,3.3,1.1,3.4,8.8,10.2,5,20.8,17.7,5,5,1.2,1646310.3,13
10,38,95,3.5,13.7,6.1,12.4,21.9,1.2,12.1,10.5,4.1,8.2,1.3,1803541.7,26
10,39,25,1,1.2,0.5,4.6,8,1,0,3.3,2.8,1.2,1.4,474304.5,8
10,40,36,0.6,0,3.1,7.2,6.1,2.3,4.8,4.8,2.3,3.8,1,780501.6,16
10,41,36,2,1.2,4,8.9,7.6,1.2,2,7.9,0,1.2,0,798253.2,13
10,42,33,0,3.6,0.8,3.9,8.3,0,3.3,9.1,0.8,2.2,1,646268.9,14
10,43,32,1,1.7,0,1.8,6.9,0,8.2,10,1.4,1,0,690642.2,12
10,44,35,0.4,2.1,1.2,4.9,3.6,1.7,3.6,10.6,3.3,3.6,0,678705.6,11
10,45,55,0.4,0.8,4.6,4.6,11,0.8,10.2,16.6,0,5.2,0.8,949717.2,22
10,46,45,0.6,4.9,1.4,4.9,13.7,1.3,2.1,7.1,2.8,6.2,0,701986.5,15
10,47,60,1.9,3.8,3.1,6.8,14.2,1.9,6,11.7,3.2,6.3,1.1,1118244.3,18
10,48,63,2,6.5,4.3,7.2,18,0,8.8,10.8,3.4,2,0,1340423.8,21
10,49,1324.5,36.9,71.7,75.8,138.2,189.6,16.8,211.8,346.2,37.2,187.2,13.1,24776227,36
10,50,1392.5,47.4,115.9,96.4,197.9,259.2,27.6,204.7,218.1,66.2,134.5,24.6,2.35549868E7,40
10,51,118.5,2.5,13.2,1.8,15.8,30.2,2.7,17,15.1,6,10,4.2,2200331.8,27
10,52,110,11.1,8,8,20.5,22.9,2.9,16.4,10.3,6.7,1,2.2,2533185.5,26
10,53,75.5,0,7.9,2.5,7.9,11,2.7,11,19.3,4.7,6.9,1.6,1537717.1,22
10,54,36,0.7,2,4,3,4,0,12,5.9,0,3.2,1.2,853059.6,12
10,55,52,0.7,2.9,1.6,5.8,10.8,0,7.1,12.7,4.5,2.9,3,1253434,19
10,56,74.5,1.6,5,0.5,16.4,14.4,5.9,6.3,14.8,7.8,0.7,1.1,1545745.9,21
10,57,103,6.7,5,4.3,22.2,11.9,2.9,23.6,19.4,6,0,1,2374988.2,23
10,58,120,5.7,20.9,5.6,13.2,22,2.1,16.5,24.2,2.5,4.3,3,2358422,29
10,59,105,3.8,8.9,8,13.1,25.2,3,15.7,10.6,7.2,5,4.5,2363607.1,20
10,60,116,4,8.2,7.2,14.7,29.1,1.9,13.9,19.8,10.4,6.1,0.7,2391937.6,26
10,61,316.5,11.6,25.7,16.1,46.8,59,6.6,51.8,60.1,15.6,13.5,9.7,7239308.1,36
10,62,120.5,3,16.7,8.8,16.2,27.3,1,17.1,9.1,13.2,5.2,2.9,2519954.3,23
10,63,88,2.9,6.1,9.2,14,21.5,1.7,9.9,14,1.8,6.9,0,2096200.5,26
10,64,136,5.7,12.7,6.2,19.6,23.3,6.6,25.9,17,6.8,7.3,4.9,2900302.1,31
10,65,164,12.7,13.5,11.5,32.6,29.9,1.7,27.1,16.3,13.9,3.3,1.5,3704059,31
10,66,118,5.9,6.5,7.1,21.4,20.9,1.8,14,24.3,8.9,6.3,0.9,2783798,28
10,67,139,1.4,14.8,5.9,17.9,36.4,0,24,15,3.3,13.7,6.6,3100795,35
10,68,194,8.1,15.8,17.8,27.5,43,3.9,39,20.9,7.8,7.9,2.3,4792947.6,34
10,69,153,1,15.4,14.3,17.9,31.8,1.8,32.1,26.2,5.2,2.1,5.2,3598306.9,30
10,70,222,3.7,20.2,18.4,21.2,55.4,1.6,36.7,37.3,7.5,17.5,2.5,5025495.8,39
10,71,53,0.9,2.9,0.9,9.1,9.1,0.9,9.3,13.9,2.9,0,3.1,1613699.8,10
10,72,221.5,6.3,21,11.1,23.8,38,3,49.9,38.4,6.5,16.5,7,5781748.2,33
10,73,2308.5,72.6,158.1,175.8,379.1,447.7,40.5,316.8,419.9,109.4,150.1,38.5,4.83273506E7,39
10,74,969.5,30.9,100.2,68.4,150.2,216.3,25.2,139.4,121.1,63.8,34.9,19.1,2.07238544E7,47
10,75,1136.5,43.4,120.7,51.1,157.2,245.8,18.3,183.1,173.9,77.7,34,31.3,2.44984736E7,40
10,76,4,0.3,0.3,0,0.5,0.4,0,0.8,1.5,0.1,0.1,0,84452.7,2
10,81,3125,74,135,163,532,438,32.5,405,723,90.5,471,61,8.28443766E7,0
10,82,11654,437.4,1047.7,617.1,1734.9,2248,250,1684,1764,716.8,744.1,410,3.043845205E8,10
10,83,6918,359.5,661.3,409.5,1191.1,1368.8,179.5,887.1,894,472,308.1,187.1,1.602286673E8,17
10,84,54,1,11,3.5,2,15,0,6,8,1.5,2,4,1297540,2
11,0,1353.5,82.6,115.3,79.5,273.1,287.9,37.3,161,134.1,109.5,51.2,22,2.81160071E7,24
11,1,51,4.7,5.1,3.4,10.1,10.3,1.7,2.6,4.3,5,0.4,3.4,1027763.9,14
11,2,244,10.7,32.7,17.2,33.3,66,2.7,41.5,14.2,13.5,4.9,7.3,5076363.5,36
11,3,103.5,7.4,12.9,6,17.9,22.5,6.6,13.1,11.4,0.7,3.2,1.8,2242381.6,26
11,4,182.5,6,23.9,7.7,39,38.2,9.8,13.9,20.1,22.9,0,1,3793115.8,26
11,5,685,54.6,65.1,37,164.7,130.1,26.5,60.9,59.8,60.2,20.2,5.9,13778546,40
11,6,287.5,17.6,29.4,17.1,46.5,62.2,6.5,39.7,29,15,21.5,3,6029059.6,43
11,7,60,6,4.4,2.2,10.9,11.4,3.1,10,8,4,0,0,1266956,15
11,8,30,0,5,0,4,6,1,6,4,2,2,0,592557.6,7
11,9,96,7.5,3,3.1,23.5,18,1.8,15.5,10.8,6.7,5.1,1,2019726.3,30
11,10,6,0,0.6,0.2,1,1.2,0.2,0.8,1.6,0.2,0.2,0,132435.2,2
11,11,70,2.1,8.4,0.8,8.7,12.8,0.8,12.8,15.5,3.1,5,0,1556713.8,20
11,12,50,0.8,1.9,1.9,8.6,15,0,9.5,8.1,4.2,0,0,979511.9,18
11,13,71,2.8,6.3,5,14.7,14.2,4.1,11.8,2.9,6.3,2.9,0,1449183.3,19
11,14,35,3.8,3.2,0,8.9,1.9,1.3,10.8,3.8,0,0,1.3,733370.9,12
11,15,111.5,0.8,4.9,10.3,12.9,19,2.7,28.3,21.1,7.5,1,3,2631299.8,22
11,16,72,3.4,5.2,2.7,9.3,18.3,1.6,11.8,12.7,2.1,4,0.9,1588989.8,18
11,17,350,9.9,29.7,14.8,39.1,75.2,2.1,67.1,65.2,13,27.9,6,7660560.9,30
11,18,12,0,0.4,0,2.3,3.7,0,2.5,1.9,0,0.5,0.7,260618.5,6
11,19,36,0.9,4.1,0,6.7,8.6,0,6,2.1,4.9,0.3,2.4,746248.7,10
11,20,196,6,15.9,12.3,26.8,33.1,2,40.9,32.1,9.8,17.1,0,4393422.4,21
11,21,15,0,3.2,0.2,1.5,4.3,0,2.9,1.7,0,0.5,0.7,312969.2,6
11,22,102,4.2,13.7,9.3,16.9,21.4,1.9,16.8,8.8,7,0,2,1803120.7,20
11,23,99.5,7.8,7.9,5.9,18.6,20.2,0.9,12,14,5.2,6.1,0.9,1894755.3,28
11,24,27,0.5,1.5,0.8,5.4,4.2,0.5,4.1,4.9,3.9,1.2,0,611134.7,9
11,25,88.5,5,15.6,3,13.3,19.1,2.5,6,10.1,4,5,4.9,1419958.8,20
11,26,72.5,2.8,5.9,2.8,15.2,16.6,4.1,10.4,6.6,7.1,1,0,1336988.6,22
11,27,87,4.7,6,4.3,17,18,2.1,6.9,13.9,6.8,4.3,3,1773732.1,15
11,28,110,2.8,10.9,5.6,15.7,28.3,2.8,18.1,16.3,2,4.2,3.3,2424336.6,24
11,29,46,2.2,4.6,2.2,6.3,9.9,0.7,10.9,6.3,2.9,0,0,971067.5,16
11,30,83,3.9,1,2.1,13.9,19.9,1.9,13.9,17,4.1,5.3,0,1660231.6,19
11,31,47,6.1,4.1,0.7,9.1,4.1,2.1,7.9,7.9,2.9,2.1,0,747751.1,15
11,32,98,0.8,8.9,3.9,13,16.9,1.8,24.1,13.9,5.4,6.3,3,2053123.2,18
11,33,23,1.3,1.4,2.6,3.4,3.5,0.8,5.6,3.6,0,0,0.8,491164,9
11,34,13,2.1,0.4,0.4,2.8,2.9,0,0.9,1.7,0.9,0,0.9,283741.7,4
11,35,18,2.9,0.5,0.5,3.8,4.1,0,1.3,2.3,1.3,0,1.3,392873,7
11,36,66,0.9,6.2,1.1,7.8,18.7,0,10.2,10.3,6.8,1.9,2.1,1210467.6,15
11,37,408,16.2,26.9,20.9,57,77,4.9,56.1,68.8,22.9,55.1,2.2,7432442.1,20
11,38,19,0.7,0.8,0.4,3.7,6.1,0.7,0,2.6,2.3,0.8,0.9,360471.4,7
11,39,49,1.6,4.9,4.9,4.9,10,0,5.8,7.4,1.9,7.6,0,855016.5,18
11,40,109,3,10.4,9.7,23.1,23.9,1.1,15.8,13,7,2,0,2445955.4,25
11,41,77,3.7,5.8,11.5,6.8,15.5,1.9,11.9,14.9,0.7,4.3,0,1382350.7,25
11,42,69,1.9,9,4,14.8,16.8,0.8,8.3,4.1,7.1,2.2,0,1482396.3,17
11,43,36,0.6,3,1,7.8,5.3,0.6,5.3,7.2,3.9,1.3,0,681300,13
11,44,11,0.1,0.7,0.4,1.5,1.1,0.6,1.1,3.3,1.1,1.1,0,213307.5,6
11,45,82,3,8.7,5.5,9,20.6,3,10.7,11.3,4.4,4.9,0.9,1530510.4,24
11,46,47,0.9,3.8,1.9,12.2,9.4,1.9,7.2,4.1,4.7,0,0.9,895528.8,17
11,47,86,0.6,7,0,10.3,20.5,2,13.5,21.1,3.7,4.2,3.1,1974110.9,26
11,48,37,0,3.1,0,2.1,9,1.9,7.7,2.1,1.9,6.1,3.1,762334.8,12
11,49,151,1,9.6,5.9,16.2,29.6,1.4,35.9,34.1,5.5,9.5,2.3,3227107.6,38
11,50,159.5,2.6,12.8,10.8,22.3,29,2.8,30.6,33.4,8.6,4.7,1.9,3320262.3,43
11,51,64,0,4,6.4,8.5,12.5,0.9,14,7.9,5.5,4.3,0,1273091.5,23
11,52,84.5,0,11.4,5.1,11.2,17.4,0.7,13.3,16.2,3,6.2,0,1697358.1,23
11,53,49,2,4.9,2.9,6.9,8.6,0,9.2,9.4,0,3.1,2,1155060.3,15
11,54,83,5.9,8.2,5.9,11.7,19,3,11.9,8.3,5.9,2.3,0.9,1781432.6,18
11,55,82,0,8.8,5.7,7.5,23.2,0,11.1,16.5,4.2,1.7,3.3,1612184.5,22
11,56,114.5,4.7,12.9,2.8,23.1,21.8,6.5,10.1,15.6,10.7,3.1,3.2,2190664.9,27
11,57,123,6.9,11.9,3,18,30.9,0,13.6,21.1,7,6.2,4.4,2748702.1,23
11,58,196,8.1,18.8,10.1,32,36.8,8.1,27.9,18.1,20.1,8.8,7.2,4189988.5,28
11,59,276,7.6,23.8,21.8,42.5,56.6,4.9,43.3,50.1,12.1,6.3,7,5757629.6,45
11,60,96,3,8.5,1.7,17.1,19,1.9,18.4,15.3,5,3.2,2.9,2335693.3,25
11,61,254,8.7,8.1,11.1,33.6,45.6,7.2,54,55.1,8,15.6,7,5968417.9,25
11,62,69,1.7,2.9,1.4,8.7,13.8,0,16.4,9.5,1.7,9.3,3.6,2050847.9,23
11,63,192,7.7,15.8,14.2,25.5,45.1,5.1,29.8,26.7,10.1,6.1,5.9,4309121.9,40
11,64,209.5,8.7,17.2,11.3,30.5,41.1,3.9,41.8,27.9,9.9,10.1,7.1,4975469,31
11,65,90.5,3,6.6,4.7,14,16.3,0.7,18.1,16.2,7,1.8,2.1,2010455,22
11,66,386,14.8,38.3,23.4,67,91.1,8.8,48.8,53.7,28.3,5.7,6.1,8711024.4,47
11,67,264,8,23.1,23.8,46.5,54.9,5.8,44.1,27.2,13,8.9,8.7,6383525.1,36
11,68,325.5,15.5,32.5,20.4,57.2,78.8,7,40.2,34.8,23,10.9,5.2,7216104.1,43
11,69,212,13.1,17.2,4.8,44,40.3,5,29.9,31.9,15.5,7.3,3,5798951.3,25
11,70,31,1.9,3.1,0,2,9.8,0,2,6.2,4.9,1.1,0,780368,9
11,71,377.5,11.7,36.4,21.9,39.7,91.2,4.6,55.9,62.3,19,29.7,5.1,9085392.2,47
11,72,172.5,3.6,18.6,8.2,16.6,39,2.9,34.5,29.5,9,4.2,6.4,4946227.7,37
11,73,23,1,0.7,1,5.9,4.7,0,5.1,3.1,0.5,1,0,485505.5,6
11,74,126,2.6,9.6,5.1,14,25.7,2.3,25.2,17.9,8.9,11.4,3.3,3095643.2,18
11,75,108.5,1.9,14,8,6.3,35.1,0.9,18.9,17.4,5.1,0.9,0,2479087.7,23
11,76,549,9.8,35.8,22.1,68.5,103.1,5.9,102.3,105.5,29.2,44.8,22,1.14600518E7,32
11,81,29252.5,1029.5,1926,1907.5,6309,5322,544,3607,4184,1266,2548,609.5,6.661570297E8,2
11,82,23489.5,1081,1910,1281.5,3985,4683,591,3345,3159,1427,1389,638,5.447211018E8,4
11,83,13397.5,863.9,1340.1,826.3,2435.7,2207.9,433.5,1680.2,1733.1,1086.1,564.8,225.9,2.312350977E8,23
11,84,986.5,41.5,92.1,56.2,146.7,235.7,35.3,141.9,114,70.8,21.2,31.1,2.63537048E7,31
11,85,757.5,29,90.5,39.1,83.8,165.8,19.1,120,114.7,42.8,26.2,26.5,1.98904224E7,27
12,0,1171,34.8,102.6,84,141.2,234.7,17.8,199.1,176.9,61.5,93.9,24.5,2.50845702E7,32
12,1,472,18.1,44.3,27.2,71.9,96.4,12.5,71.4,58.6,29.1,31.5,11,1.02029252E7,34
12,2,844.5,34.9,84.4,43,142.3,159.7,24.6,112.4,107,64.6,59.4,12.2,1.74240841E7,44
12,3,237,18.7,17.8,10.5,54.5,40.4,4.1,42.9,17.3,22.2,6.7,1.9,4995572.1,45
12,4,136.5,14.4,12.9,4,35.8,26.8,6.7,11.3,10.1,7.9,2.2,4.4,2770674.1,25
12,5,471,19.6,48.8,27.9,90.2,77.4,17.3,61.1,62,29.6,32.1,5,9876713.1,42
12,6,99.5,7.7,14.4,1.6,11.2,24.2,3,8.9,14.1,6.1,7.3,1,2090479.7,31
12,7,512,21.9,54.2,38.7,86.5,117.3,16.6,64,56.7,35.6,17.5,3,1.07232528E7,37
12,8,48,3.9,9.5,6.1,11.3,7.9,0.8,0.9,4.8,2.8,0,0,885001.7,13
12,9,130,6,19.5,3.1,16.7,35.9,4.1,12.1,20.8,6.8,2,3,2511583.4,23
12,10,39,0.7,5.2,0.7,6.3,7.8,0,5.3,7.1,3.9,2,0,738880.8,14
12,11,38,2.2,3,3.8,9.2,7,0.8,5.2,3.8,2.2,0.8,0,708374.6,12
12,12,99,4,6.6,8.4,12.9,25,2,14.1,13.9,6.2,2,3.9,1821540,15
12,13,145,3.6,12.6,11.1,24.3,39.7,3.2,21,7,9.1,9,4.4,2854446.5,31
12,14,354.5,17.7,45.7,13.2,72.2,76.1,10.7,37.3,40,27.7,13,0.9,6857821.6,29
12,15,65,0.9,5.7,3.9,13,12.3,2.5,10.1,9.3,0.7,6.6,0,1413681.1,24
12,16,652,28.6,50.1,34.7,86.9,136.1,12.7,118.1,95.3,33.1,44,12.4,1.18206607E7,31
12,17,4298,174.7,332.1,241,601.2,697,102.3,600.2,762.8,231.4,500.9,54.4,8.08930208E7,33
12,18,136,3.8,9.3,1.8,30.3,16.2,7.9,35.1,15.9,10.9,1.9,2.9,2912343.6,19
12,19,29,0,1.1,2.9,4.1,8.4,0,4.7,4.9,0,1.8,1.1,662287.3,10
12,20,67,2.9,5.1,5.1,10.1,14.9,0,20.1,4,0.9,0.9,3,1433218.5,8
12,21,24,0,1.5,1.3,3.5,2.8,0,3.5,5.1,3.5,1.9,0.9,517734.1,8
12,22,53.5,2.2,1.7,5.9,8.5,7,1,10.7,4.8,3.7,5.3,2.7,1041922.3,22
12,23,156,9.2,16,7,33.6,24.8,5.8,16.3,15.9,13.2,12.3,1.9,3058978.9,21
12,24,160.5,6.7,17.7,7.9,21.3,31.9,1.8,22.9,26.7,8.2,11.5,3.9,2966025.6,33
12,25,111,5.9,4.7,0.5,21.2,19.1,6.1,14.5,20.8,8.9,8.3,1,2333233.2,27
12,26,226.5,9.1,18.5,10.8,33.9,39,2,50.2,25,17.2,16,4.8,4133518.3,18
12,27,151,10.6,17.8,3.1,29.2,25.1,2.1,25,19.8,6.9,6,5.4,3354535.1,19
12,28,45,1.7,5,0.9,4,7.9,0,8.1,9,2.3,6.1,0,816057,14
12,29,80,2.8,8.8,4,9.9,18,1.9,12.5,13.2,6.1,2.8,0,1585085,13
12,30,38,1.9,2.8,0,7.2,7.9,0,3.9,3.9,5.1,3.2,2.1,674503.5,11
12,31,133,2.6,20,8.9,15.1,20.8,3.2,19.1,20.6,11,7.5,4.2,2265444.3,27
12,32,50,0,5.9,1.9,9.1,11.9,1.9,4.1,3.1,5.9,3.1,3.1,951052.7,9
12,33,37,0,3.7,4.1,3.1,9.1,0,11.1,2,0.7,1.2,2,724171.9,12
12,34,12,0.4,0.8,0.8,0.9,1.3,0.3,2.4,2.7,0.3,1.4,0.7,217597.4,6
12,35,30,1.2,1.8,1.8,2.2,3.4,0.8,6,6.9,0.8,3.5,1.6,543993.5,12
12,36,54.5,0,1.9,2.6,7.1,8.2,0.7,14,10.2,3.8,6,0,1078173.4,15
12,37,277,5,20.2,11.1,34,54.3,3,38.8,68.9,12.8,21.8,7.1,5160285,16
12,38,38,2.2,2.6,3.3,9.1,7.8,0.5,5.1,5.2,0,2.2,0,820262,15
12,39,27.5,0.3,2.3,1.9,1.9,8.2,0,4.1,3.6,2.6,1.9,0.7,515267.3,11
12,40,55,2,5.3,0.9,11,11,0.7,10.1,5.7,3,3,2.3,1225911.6,17
12,41,184,3.8,14.8,7.7,28.1,38.2,4.1,29,24.8,9.9,17.3,6.3,3965705,23
12,42,219.5,7.8,17.2,11.7,28.2,42.8,2.3,36,40.3,17.2,13,3,4370395.2,23
12,43,54,0.8,5.6,0,9.2,15.2,0,7.8,8.3,4.9,0,2.2,1126208.2,19
12,44,58,2.9,0,2.2,11.7,5.2,0.7,15.7,15,2.2,2.4,0,1222961.2,15
12,45,69,2.1,3.5,4.9,12.3,7.9,0.6,7.9,16,6.2,6.9,0.7,1332035.3,22
12,46,80,2.2,13.3,3.9,8.2,25.2,2.6,10.9,7.8,2.8,3.1,0,1497259.9,22
12,47,70.5,3.1,4,4.3,10.2,18.6,0,8.1,11.9,7.1,3.2,0,1350285.6,24
12,48,153.5,1.9,18.5,9.3,16.4,41,1.9,19.7,24.7,6.9,6.8,6.4,2743342.6,27
12,49,193,11,19.1,17.9,24.3,36.1,4.6,27.9,27,11,4,10.1,3014021.2,15
12,50,86,3.9,7.2,2.9,16.9,14.2,4.1,8.7,17.9,5.9,3.4,0.9,1618570.4,19
12,51,58,6,5.1,2.1,11.7,13,1,4.1,5.6,2.1,5.3,2,1137209.3,15
12,52,48,0.8,6.8,2,9.9,8,4.3,6.3,7.1,2.8,0,0,953736.7,14
12,53,66,3.5,6.4,4,8.1,15.8,2.8,6.4,6.6,4,4,4.4,1102959,20
12,54,76,2.9,7.3,7.9,15.7,12.8,2.9,12.1,6.5,6,1.9,0,1473585.2,18
12,55,182.5,5.9,20.7,8.1,35.8,30,6.9,26.2,21.7,11.2,12.9,3.1,3835105.3,38
12,56,157,8.2,11.9,9.9,33.2,35.2,4.7,20.7,11.9,9,5.5,6.8,3596431.8,27
12,57,132.5,2.7,16.8,6.4,14.9,35.2,3,21.2,15.7,8.6,4.8,3.2,3052197.4,32
12,58,98,3.7,13.3,2.3,13.6,29.1,2.6,11.1,6.9,6,6.2,3.2,2125738.4,27
12,59,374,22.7,29.8,23,61.3,80,11.1,55.3,51.9,25,11.9,2,7788925.6,34
12,60,546,22.2,44.3,26.6,77.2,85.8,8.7,67.7,142.5,31.7,33,6.3,1.17276929E7,35
12,61,3640.5,107.3,217.8,243,538.6,694,61.1,500.1,636.2,155.4,432,55,7.12700585E7,41
12,62,1760,55.4,144.9,116.6,259.1,329.9,35.8,285.2,282,88.8,136.1,26.2,3.59625045E7,42
12,63,160.5,4.8,10.7,12.1,18.9,34.9,3.4,17.3,33.4,7.3,12,5.7,4274398.3,32
12,64,580.5,31.7,56,26.9,99.6,117.3,13,71.7,87.1,42.9,22.3,12,1.32557092E7,24
12,65,168,6.2,10.9,8,22.1,34.7,6,30.1,32.1,11.1,3.9,2.9,4154501.1,36
12,66,238.5,10.7,31.3,12.3,31.9,61.6,2.9,38,27.1,8.1,9.3,5.3,5374934.2,37
12,67,168,8.9,18.3,8.6,35.9,31.5,3.1,17.9,23,7.7,3,10.1,4329195.5,25
12,68,142,7.7,10,9.3,26.1,35.4,6.9,17,11.7,9.9,5,3,3629565.8,29
12,69,3116,122.7,288.5,201.5,537.2,631.9,72.3,347.1,411,216.7,257.9,29.2,6.23641309E7,22
12,70,1026.5,44.2,80.1,70.1,195.8,182.9,20.2,137.2,164.3,61.5,62,8.2,20470139,27
12,71,258,1.8,21.1,10,17.3,52.7,3.9,49.9,70,7.8,18.3,5.2,6780777.7,35
12,72,32,0,3.8,1,1,9,0,7,8,0.7,0,1.5,717433.6,9
12,73,314,11.8,33.1,23.7,36.1,66.2,3.1,40,64.1,18.7,17.2,0,7128797.8,27
12,74,20,0.5,1.4,1.5,2.6,2.6,1.4,5.6,2.4,0.5,1.5,0,480428,7
12,75,23,0.6,1.6,1.7,3,3,1.6,6.4,2.8,0.6,1.7,0,552492.2,9
12,76,227,3.2,22.7,13.7,28,59.4,2,39.5,32.3,7.1,10.7,8.4,5364807.7,34
12,80,400.5,20.4,39.1,28,79.8,68,17.4,59,28.1,42.6,15.1,3,6370235.4,10
12,81,25060,1515.9,2136.6,2192.9,5907.9,4450,732.6,2788,2440.3,1579.4,939.9,376.5,4.360756871E8,12
12,82,15587.5,742.9,1279.6,948,2683.9,3233,340.5,2155,2015,882.5,1006,301.1,3.255091732E8,7
12,83,6863.5,410,712.7,454.1,1197.9,1192.9,226.1,848,902.9,561.9,256.9,100.1,1.258544877E8,19
12,84,1714.5,62,159.6,76.9,217.6,374,31.9,269.1,313.2,97.5,55.1,57.6,5.01754853E7,28
12,85,1743,68.6,162.5,97.8,226.4,395.1,43.2,262.9,233,102.8,86.4,64.3,4.55616854E7,41
12,86,781,25.9,82.8,53,118.3,190.2,14.7,103.9,81.9,55.2,16.9,38.2,1.98369964E7,32
12,87,618.5,40.1,47,21,121,120.1,26.9,85,82.9,40.4,19.1,15,1.66339639E7,4
13,0,97,0.8,12,8.1,17,19.9,3,12.1,8.9,10.1,3,2.1,2147785.1,19
13,1,109,6,12.9,7,10,27.1,2,19,13,6,6,0,2433562.1,13
13,2,169.5,7.6,13.1,14.5,30.3,37.6,6.5,22.9,16.8,12.3,4.1,3.8,3742308.1,37
13,3,466.5,34.6,33.1,24.7,98.9,97.1,15.1,54.3,26.7,52,22.9,7.1,9366152.9,40
13,4,540.5,44.7,52.4,20.9,135.9,93.4,27.8,35.3,43,58.3,19.8,9,1.04560117E7,31
13,5,65.5,2.9,6.3,3.9,14,10,3.7,13.1,4.2,5.4,2,0,1077630.2,17
13,6,209.5,10,26.4,11,41.7,43.2,3.9,25.8,22.2,14,9.3,2,4312498.8,32
13,7,2714,94.4,189.5,167.8,349,471.4,57.3,337.3,516.9,135.7,358.3,36.4,5.07911514E7,43
13,8,321.5,13,27.4,14,57.6,67.2,5.8,30.2,40.9,23.7,36.4,5.3,6698343.5,34
13,9,49,0.7,7.9,4.9,4.9,14.3,0,5,8,2,0,1.3,882598.2,15
13,10,162.5,1.9,16.2,17.3,21.9,39.8,2.1,26.3,20,8.1,3.9,5,3208986,22
13,11,36,0,5.9,1.7,5,10.8,1.1,2.1,5.9,1.3,2.2,0,603022,13
13,12,39,0,3.4,0.5,1.8,7.8,0,7.9,14.2,3.4,0,0,916462.3,17
13,13,68,2.6,8.2,1.7,10.7,9.4,3.9,9.7,9.3,4.9,6.4,1.2,1238682.8,22
13,14,496,27.5,44.7,23.4,89.9,89,12.1,71.7,72.8,37.9,21.1,5.9,1.00013601E7,32
13,15,105,2,3.8,7.9,20,16,0.8,19,18.2,4.2,9.9,3.2,2451451.7,25
13,16,78.5,0.7,11.8,5.1,10.8,16.9,2.1,12.1,7.9,4.8,1.2,5.1,1659104.7,16
13,17,318,10.9,24.3,17.9,39,49.1,6.9,50,80,12,26,1.9,6371705.9,19
13,18,161,7.9,9.1,5.8,26,33.1,3,26.7,22.9,13,11.4,2.1,3475058.8,18
13,19,43,0.8,5.9,0,5,9.9,1.1,8.9,7,2.2,0,2.2,1051743,15
13,20,51.5,0.8,5.3,3.1,5.7,10.8,1.3,13.1,5.1,4.3,2,0,1086098.1,14
13,21,17,0,1.1,1,2.4,1.9,0,2.5,3.6,2.4,1.5,0.6,366728.4,7
13,22,16,0.5,0.5,1.8,2.7,2.1,0.2,3.2,1.4,1.1,1.6,0.9,311603,7
13,23,125,8.1,11.1,7,19,20,7.9,16.8,15.8,5.9,11.2,2.2,2422221.9,24
13,24,80,3.8,2,4.9,17.9,17.9,0.6,5.2,15,5.4,4,3.3,1843672.3,27
13,25,346.5,12.7,32,23.9,43.4,74.5,9,50.9,52.1,19,21.8,7.2,6767207.6,40
13,26,1194.5,28.3,98.3,58.9,131.8,193,28.6,150.2,247.7,43.2,195,19.5,2.36529469E7,31
13,27,123,7.2,3.1,4.9,26.2,15.7,5.8,19,18.8,11.8,4.9,5.6,2701670.4,29
13,28,52,2,5.2,0.8,10.4,8.9,0,9.9,10.4,2,2.4,0,1085274.2,17
13,29,102,7.7,12.8,3.3,17.2,24.1,1.8,10,7.9,10.1,7.1,0,1874874.8,23
13,30,54,3.9,5.1,1.2,10.8,13.9,0,4.1,5.4,5.5,4.1,0,961108.8,17
13,31,79,1.2,10.1,4,9.1,20.1,1.8,7.7,14.4,6.6,4,0,1664358.9,26
13,32,289,14.5,21.9,9.6,63.2,37.5,9.6,41.2,46.4,24,20.1,1,5310955,32
13,33,86,3.6,12,2.1,11.7,20.3,3.9,12.4,9.9,2.9,4.8,2.4,1552259.3,24
13,34,40,2.2,4.7,0.7,3.3,8,0.7,8,4,2.2,5.1,1.1,692967.6,15
13,35,42,3.2,3.2,3.4,8.6,5.9,1.8,6.7,5.9,1,2.3,0,819438.5,15
13,36,46,1.8,0.7,0,6.2,8.4,0.7,16.8,8.5,0,2.2,0.7,943764.3,18
13,37,32,2.1,2.1,0,4.4,4.2,0,3.2,12.8,0,3.2,0,648896.5,15
13,38,40,0.9,4.9,1.3,7.1,8,1.7,9.8,3.1,0.9,2.3,0,737798.7,12
13,39,17,0.1,1.4,1.1,1.1,5.1,0,2.6,2.3,1.7,1.1,0.5,318528.9,7
13,40,51,0,5.1,4.5,5.6,6.9,0.6,16.8,5.7,2.7,3.1,0,1049073.1,21
13,41,699.5,21.8,85.2,60.2,99.1,134.2,12.9,63.1,98.7,55,65.3,4,1.26935349E7,16
13,42,1062,33.4,88.2,62.7,159.8,186.9,16.3,153.2,184.1,55.4,103.9,18.1,1.97856101E7,24
13,43,47,0,3.8,1,6.8,8,0,12.9,8.8,1.2,4.5,0,847896.4,17
13,44,22,1.1,1.5,0.7,3.7,4.1,0,4.3,4.3,0.8,1.5,0,353298,10
13,45,47,2.4,3.5,1.3,7.8,8.6,0,9.1,9.2,1.6,3.5,0,754772.8,16
13,46,29,1.1,2.9,0,2.9,4.7,0,7.5,4.8,1.1,4,0,681405.4,12
13,47,52,1.1,5.5,0.9,4.4,14.1,0,2.2,11.9,3.1,8.8,0,1165752.7,20
13,48,71,3.8,12.2,0,18.1,11.9,1,6.3,10.8,3.9,2,1,1387602.9,22
13,49,58,3.9,3.9,1.9,13.3,9,2.8,11.9,4.1,1.9,5.3,0,1115574.4,15
13,50,35,3,0.8,5,1.2,7,0,9,7.8,0,1.2,0,625749.9,8
13,51,50,0.6,4.4,4.4,4.4,7.9,0.6,5,12.1,2.9,7.1,0.6,967179.2,13
13,52,47.5,1.7,0,0.4,6.2,12.3,1.9,7.8,13.3,0.8,3.1,0,1203356.2,17
13,53,207,4.6,27.3,10,28.9,44.6,4.6,29.3,28.3,9.1,16.9,3.4,4182925.1,28
13,54,88.5,4.3,6.8,2.9,17.8,16.2,2.8,12.5,14.4,4.4,2.9,3.5,1956301.1,29
13,55,417,25.6,48.4,31.7,75,84.9,14.6,39.1,52,36.8,4.9,4,7718719.6,23
13,56,239.5,7.7,23.4,15,37.8,56.3,6.2,31.1,30.1,20,6.4,5.5,5100397.6,31
13,57,137,4.8,11,1.9,20.3,26.6,2.1,20.2,26.8,12.3,6.2,4.8,3523995,23
13,58,281,10.9,30.2,12.4,37.3,58.1,10.6,53.2,44.1,11.4,9,3.8,6347974.1,48
13,59,184.5,11.6,14.7,7.8,31.5,39,3,27,40.3,6.6,2.2,0.8,4115471.3,37
13,60,673.5,32.9,69.5,41.4,115,150.2,23.3,70.2,71.4,67.5,22.3,9.8,1.57099677E7,52
13,61,8453.5,361.7,777.5,663.6,1396.1,1506.7,165.9,1013.6,1233,463.1,769.3,103,1.491313438E8,24
13,62,3673,118.9,385.9,268.7,527,776,66.3,503.1,511.1,204,224.1,87.9,7.57526422E7,23
13,63,524.5,12.7,49.8,40.5,60.6,116,3.9,71.5,104.3,20.9,33.3,11,12081216,37
13,64,345.5,7.9,29.8,10.1,34.2,80.4,6.9,39.9,72.2,25.3,28.8,10,8967097,30
13,65,153,3.9,8.1,6,33.2,21.6,4.1,30.7,20.2,11.7,10.8,2.7,3456060.1,31
13,66,775,37.7,60.7,39.2,129.1,145.9,22.2,109.1,133,41,46.2,10.9,1.76758515E7,47
13,67,185.5,6,12.6,4.2,38.6,29.9,5,34.8,28,14.9,4.2,7.3,4312985.7,31
13,68,221,6.2,25.8,18.2,30,59,0,27.8,29.2,9.2,11.7,3.9,5467387.9,32
13,69,202.5,8.7,15.9,17.9,28.2,36.1,2.4,38.1,32.2,11,8.9,3.1,3901206.7,19
13,70,391.5,14.7,37.5,18.4,55.6,87.2,6.8,60,64.2,15,21.1,11,9585761.8,34
13,71,219,5,21.9,17.3,18.9,55.7,7.6,28.1,39.2,11.9,4.1,9.3,5275307.4,30
13,72,132,9,9,5.3,26.4,17.6,4.8,15.2,20.9,17.1,6.1,0.6,3499880.5,22
13,73,528,8.5,57.6,39.4,59.1,129.2,8.1,84.1,85.8,24.9,18,13.3,1.21570187E7,34
13,74,77,3.9,5,2.9,12.8,12.2,2.3,11,16.7,4.2,2.9,3.1,1646069.1,16
13,75,146.5,2,6.1,11.9,12.7,31.3,1.2,30.8,25.2,7.5,15.3,2.5,3693858,37
13,76,169,4,12.2,11.7,20.8,39.9,2.5,26.3,29.2,8.9,8.4,5.1,4710951.4,28
13,77,5,0,0,0.2,0.3,1.3,0,1.8,0.9,0,0.5,0,144416.9,2
13,80,1311,66.5,111,99,241,249,35,179,149,79.5,80,22,2.28107231E7,2
13,81,8494,463.4,772.1,570.9,1579.3,1637,290.1,1097.9,921,536.3,477,149,1.502043422E8,8
13,82,21798,1328,2110.9,1493,3946,3951,636.5,2651.1,2618,1549.5,1185,329,382841165,7
13,83,1337.5,42.5,113,62.1,166,297,31,186.9,226,69.8,87.1,56.1,3.34456922E7,16
13,84,2085,65.9,197.4,104.5,218.8,491.1,40.5,378.9,336,118.5,50.2,83.2,5.45443571E7,35
13,85,401.5,12.9,37.4,21.1,46,102.2,11.4,58,61.9,21.4,12.1,17.1,11340436,25
13,86,328,18,35,15.9,55.8,82.8,9,38.4,22.2,25.7,7,18.2,8632945.3,24
13,87,387.5,14.9,37.9,18,49.9,94.6,9.2,61.9,47,35.4,5.2,13.5,1.00861701E7,31
13,88,398.5,16.7,37.6,19.9,64.3,83.2,11.6,74.4,34.5,40.1,8,8.2,9866784.2,20
13,89,1,0,0.1,0,0.2,0.2,0,0.1,0.1,0.2,0.1,0,23559.6,1
14,0,1171,58.6,123.8,72.3,206.4,218.4,33.2,148.2,150.2,91,52.8,16.1,2.34680906E7,38
14,1,89,3,11.8,6.7,16.1,27,1,4,8.9,5.2,4.1,1.2,1966222.3,17
14,2,51,0,2.6,9.2,6.1,16.1,0,9.2,2.2,0,2.7,2.9,1056542.5,13
14,3,439.5,29.1,38.9,15.9,90,75.9,19.6,49.1,45.1,43.2,24,8.7,8585319.8,30
14,4,69,4.6,3.7,4.9,12.4,13.8,0.8,8.3,12.4,6.1,2,0,1369574.9,24
14,5,55,0.8,6.8,1.5,5.7,19.4,0,8.9,4.9,0.8,5.3,0.9,1028742.1,17
14,6,83,5.8,11.9,3.6,16.5,24.2,3.6,5.8,4.3,5,0,2.3,1863176.8,22
14,7,313.5,16.8,24.9,19.5,41.9,75.7,8.8,29.3,49.9,17.5,22.8,6.4,6431291.4,32
14,8,62,0.9,4.2,2.6,8.3,22.1,2.3,2.9,6.5,8.9,0,3.3,1379999.9,20
14,9,34,2.4,4.1,3.2,5.8,7.8,1.2,3.4,3.4,1.2,1.5,0,738258.4,9
14,10,73.5,1.9,4.9,7,12.7,15.2,2.1,9.7,12.1,2.7,3.1,2.1,1311398.2,18
14,11,66,0.5,6.2,9.2,8.4,19.9,0.8,6.7,10.4,2,0.8,1.1,1468518.4,18
14,12,149,8.1,4.7,4.8,23.4,34.1,5.7,18.1,20.2,9.9,16.3,3.7,2932943.1,20
14,13,81.5,1,14.6,4.9,11,20.1,1.9,8.9,8.9,5,4.1,1.1,1606684.6,20
14,14,117,5.9,11.3,5,21,23.2,0.7,14,16.9,12.9,5.3,0.8,2450890.4,24
14,15,13,0.4,1.5,0.6,2.2,2.4,0.4,0.7,1.5,2.2,1.1,0,258862.3,5
14,16,151,3,16.7,9.9,12,36.9,2.2,29.2,21.9,6.2,10,3,3309424,15
14,17,34,1.2,1.3,2.1,5.8,6.8,0,6.8,3.8,1.8,3.1,1.3,839713.8,10
14,18,27,0.4,3.7,1.7,1.8,5,0,6.3,7.2,0,0.9,0,603313.2,10
14,19,17,0.2,2.2,1.2,1.2,3.2,0,3.9,4.6,0,0.5,0,379863.8,9
14,20,32.5,0,3.3,1.1,2.1,8.1,0.4,6.6,6.4,2,1.2,1.3,709391.8,13
14,21,10,0,1,0.4,0.6,2.4,0.2,2,2,0.6,0.4,0.4,218274.4,3
14,22,12.5,0.4,2.3,1.2,1.4,3.1,0.5,1.9,0.8,0.2,0.5,0.2,242396.5,5
14,23,11,0.3,2,1.1,1.3,2.7,0.4,1.7,0.7,0.2,0.4,0.2,213308.9,3
14,24,13,0,0.6,1.3,1.3,2.6,0,4.5,2,0,0.1,0.6,241118.1,6
14,25,76,0.9,13.7,6.1,3.3,25.9,1.1,9.1,2,5.5,7.1,1.3,1234126.9,20
14,26,48,0.6,6.4,0,8,4.8,0.8,8,14,4,1.4,0,901307.6,13
14,27,167.5,8.8,20.7,14.3,23,47.1,4.7,10.1,16.9,7.5,8.1,6.3,3087234,19
14,28,201,6.8,18.3,14.2,32.2,39.9,4.8,24,21,20.5,12.1,7.2,3807929.5,21
14,29,305.5,12.6,17.5,17.7,39,55.2,6.4,35.8,40.2,20.9,57.1,3.1,5858123.9,27
14,30,44,1.3,5.4,1.3,4.4,12.5,0,8.2,3.9,3.6,2.1,1.3,977261.3,14
14,31,73.5,4,9.2,4.1,5.1,22,0,7.8,11.8,6.2,2.2,1.1,1289612,15
14,32,245,9.1,15.9,15.1,28.4,33.9,5.8,33.1,48,12,39.1,4.6,4743833.5,21
14,33,41,0,4.1,0,2.3,10.8,0,5.8,8.8,1.7,7.5,0,797753,13
14,34,35,0.9,3.2,3.3,4.7,7,0,2.3,7.5,0,6.1,0,838401.4,14
14,35,6,0.3,0.4,0.6,0.7,1.8,0,0.8,1.2,0.2,0,0,112915.5,2
14,36,35,0.7,6,1,2.1,10.2,0,4.9,4.9,2.1,2.1,1,717061,10
14,37,25,0.6,0.7,1.2,4,4,0.7,5.3,6,1.1,1.4,0,524808.3,6
14,38,21,0.9,1.8,2.1,3.3,5,0.3,2.1,2.1,1.2,2.2,0,364026.9,9
14,39,46,0,4.2,6.2,3,6.7,0,16.8,6.9,0.7,1.5,0,891477.4,17
14,40,139,5.6,11.9,11.2,13,37.1,1.8,24.5,12.1,6.1,9.9,5.8,3113008.1,23
14,41,26,0,1.6,1.7,2.4,3.8,0,4.7,10.3,1.1,0.4,0,478965.9,9
14,42,42,1.9,2,2.3,8,8.2,0,4.1,10.8,1.9,2.8,0,826610.9,12
14,43,31,1.9,7,0.4,1.9,9.3,0,2.1,4.5,3.1,0,0.8,624212.9,10
14,44,36,1,2.5,2.2,8.7,7.2,2.2,7.8,3,0.4,1,0,759325.3,13
14,45,55,5.7,3.7,2.9,11.7,10.1,2.9,3,5.3,5.3,4.4,0,1003544.8,15
14,46,24,0,2.7,0,2.7,3.1,0,4.1,8,2.1,1.3,0,464017.4,10
14,47,32,1.9,1.9,1.2,3.1,6.7,0,7.9,9.3,0,0,0,753245,12
14,48,52,0.8,3.8,4.9,0,16.4,0,8.5,12.1,0,4.6,0.9,867470.2,20
14,49,59,0,9.7,3.7,3.8,13.3,0,16.5,5.9,2.9,0,3.2,903257.1,16
14,50,24,1.2,1.4,0,4.6,6,1.3,1.6,4.7,1.4,1.8,0,451164.8,7
14,51,61,1.7,6.9,1.1,12.6,7.8,2.5,7.2,11,6.1,4.1,0,1196783.3,20
14,52,48,1.7,1.7,0.7,4.8,14.3,0.7,6.2,8.2,4.1,2.5,3.1,950501.2,20
14,53,57,0.7,9.1,1.9,8,11.9,3.3,7.3,5.8,5.7,3.3,0,1042027.9,14
14,54,86,3.7,7.2,4.5,14.2,17.9,0.9,12.8,7.9,9,7.9,0,1690938.7,20
14,55,79.5,6,3.9,3.7,25.1,9,5,12.1,1.5,7.4,3.9,1.9,1406413.7,21
14,56,431,20.8,33.2,24.5,72.9,77.9,8,75.3,60.2,24.2,28.6,5.4,8902027.5,38
14,57,93,0.8,8.8,3.2,10.9,23.1,2.9,16,14.3,5.6,6,1.4,1726886.5,27
14,58,666.5,32,79,43.1,110.6,154.9,16.9,99.1,81,30.4,10.2,9.3,1.41501311E7,54
14,59,270.5,16.6,19.9,9.6,63.1,48,8.7,37.9,25,21.1,13.6,7,5815661.6,39
14,60,998.5,46.1,109.6,58.5,158.8,244.8,24.5,99.4,124,80.5,34.3,18,2.00186982E7,39
14,61,3182,137.6,304.5,287.9,518.9,623.8,72.7,436.9,444.9,161.5,157.3,36,5.63940165E7,27
14,62,528,30.1,37.7,50.5,126,108.1,13.4,57.9,59.3,25,6.9,13.1,1.19541732E7,22
14,63,251,7.5,21.6,15.6,23.7,53.9,4,41.8,43.9,12.7,12.3,14,6640893.8,41
14,64,185,9.1,12.9,7.2,35.1,37,6.1,24,31,15.6,3,4,4623987,17
14,65,100.5,4,9.4,4.8,14.9,24.1,1.1,10.7,17.2,6,5.2,3.1,2262528.8,23
14,66,214,2.7,19,13.1,21.1,57.8,5,24.4,39.9,6.9,12.8,11.3,5289039.4,29
14,67,129.5,2.3,13.7,8.7,16.5,25,4.6,14.3,28.1,5.8,9.4,1.1,3062607.2,32
14,68,100,1.9,4.6,1.8,6.9,14.2,1,32.9,22.4,0.7,12.7,0.9,2619220,33
14,69,88.5,2.9,8,4.1,15.6,11.4,0.6,15.8,22.5,2.8,4.8,0,2039921.7,22
14,70,238,9,11,13,26,51.5,5.7,34.4,57,7.6,16.1,6.7,6858559.8,30
14,71,7,0,0.7,0.3,0.7,1.1,0,1.4,1.8,0.3,0.7,0,150724.8,3
14,72,26.5,2,0.4,3.9,2,10.1,0,5.2,0.8,0,0,2.1,491172.9,9
14,73,315,10.8,38.8,22.6,41.4,91.7,6.8,32,30.1,25,5.4,10.4,6944747.4,33
14,74,82,4.1,2.8,2.9,8.8,14,0.8,16.8,15.6,5.9,6.2,4.1,1956340.9,21
14,75,991,25.6,86.7,34.3,106.7,187,16.6,177.6,229.3,42.4,66.3,18.5,2.54948625E7,46
14,76,378.5,10.8,35.4,17.4,27.9,83.2,6.8,57.6,75.9,19.1,30.9,13.5,1.03415677E7,58
14,77,111,3,3,7.2,9.6,19.9,1.7,21.6,33,1.8,8.4,1.8,2948828.4,25
14,79,1,0,0,0,0.1,0.2,0,0.4,0.2,0,0.1,0,28883.4,1
14,81,6181.5,355.8,550.9,450.4,1207.2,1115,204.3,767.2,672.9,440.6,345.1,72.1,1.081053655E8,9
14,82,8368.5,553.5,831,560.4,1629,1442.1,303.9,983,924.9,691.5,303.1,146.1,1.462230957E8,17
14,83,2527.5,91.8,225.1,164.9,428.3,496.9,48,367.1,355,161.4,118.9,70.1,6.06609696E7,20
14,84,11125.5,494,1070.4,661.5,1822.1,2127,265.9,1487.9,1701,673.7,540,282,2.491881021E8,13
14,85,508.5,29.8,30.7,24.5,94.8,97.8,18.8,83,73.2,23.4,8.1,24.4,1.35087403E7,23
14,86,517,29.9,50.7,32.3,95.1,132.9,11.7,65.9,25.1,41.4,12.1,19.9,1.34419002E7,28
14,87,439,11.7,52.2,25.2,58.9,108.9,6.6,64.4,51.7,30.8,15.2,13.4,1.08573555E7,31
14,88,455.5,26.2,47.1,24.3,82.1,112.8,13.3,52,44.2,36.6,6.1,10.8,1.14649449E7,40
14,89,919.5,36.2,82.6,53.7,138.5,208.8,19.8,140.7,133,50.7,29.2,26.3,2.28669747E7,33
14,90,125.5,2.8,11.2,8.2,11,27.7,2.8,24,27.5,3.7,0.9,5.7,3207798.4,21
14,91,11,0,1.4,1.1,0,3.3,0,2.2,1.6,0,0,1.4,249187.7,3
15,0,2054.5,90.9,155.6,112.7,302.4,360.7,44.5,225.8,344.2,97.6,281.1,39,4.12354269E7,32
15,1,458.5,31.8,37,22.8,104.9,93.2,17.3,55.8,52.4,28.5,13.8,1,9233727.9,28
15,2,49,0.8,9.8,4.9,4.1,19.2,0.8,4.1,2,0,0.8,2.5,964162.7,16
15,3,54.5,1.1,5.6,5.6,8,17.2,0,5.3,3,6.9,1.8,0,1151640.6,15
15,4,49,1.8,7.2,2.3,5.7,11.3,0,13,4.1,2,0.8,0.8,991932,13
15,5,174,10.9,19.1,12.8,35.1,37.8,8,15.3,18.2,11.6,3,2.2,3367213.5,28
15,6,93,8.9,8,4,27.9,8.4,2.2,14.1,7.3,4.7,6.3,1.2,1749055.2,26
15,8,23,1.4,2.7,2.3,3.7,5.5,0.9,2.3,2.3,0.9,1,0,499410.1,10
15,9,58,3.9,1.9,0.8,12.7,13.3,1.9,5.1,9.1,8.5,0.8,0,1198737.5,18
15,10,63,1.2,6.1,2,3.9,16.1,0.6,8.8,14.1,5.1,2,3.1,1197921.3,18
15,11,37,0.5,0.6,3.2,7.3,5,0.6,11.1,5.5,1.9,1.3,0,711662,15
15,12,1322.5,32.1,115.1,72.6,161,250.3,28.4,178.4,256.9,53.4,159.9,14.4,2.60384027E7,32
15,13,54,0.9,4.2,0,6.2,7.8,1.3,10.8,14.1,5.7,3,0,1149464.8,15
15,14,49,1.6,6.3,1.1,9.8,9,0.6,5.5,5.3,5.7,4.1,0,965988.6,14
15,15,116,1.8,14.2,5.9,9.3,31.9,1,18.2,24.7,1.8,3,4.2,2315160.6,25
15,16,53,1.9,5.9,2.3,2.9,10.8,0,8.1,14.5,1.9,2.3,2.4,954796.9,17
15,17,114,1.1,8.4,4.9,13.1,23,1.9,25.2,28.2,3,1.1,4.1,2365282.4,27
15,18,34,0,6.8,1,2.2,13.8,0,1,3.7,3.2,1,1.3,624566.4,10
15,19,184,3.9,12,14,8.8,37.7,0,37.1,47.2,6.1,15.2,2,3433173,22
15,20,15,0,1.5,0.5,1,3.8,0.2,3,3,1,0.5,0.5,327411.6,6
15,21,198,8,14.8,11.1,29.9,29,4.6,24.2,36.1,15,22.2,3.1,3529793.2,15
15,22,38,1.3,6.8,3.8,4.3,9.1,1.3,6.1,2.5,0.9,1.3,0.6,736885.2,6
15,23,47,1.1,6,1.9,6.2,8,1.8,3.7,12.9,1.2,4.2,0,976742.7,10
15,24,26,0,1.2,2.6,2.6,5.2,0,8.8,4.2,0,0.5,0.9,482235.9,10
15,25,37,0.9,2.9,4,11.1,9,0,3.3,0.9,3.7,1.2,0,791639.3,12
15,26,125,3.1,19.7,4,19.8,33.4,2.1,7.9,14.1,11.8,3.1,6,2705130.6,20
15,27,69.5,2.8,8.3,0,13.1,12.4,0.9,14.8,6,5.1,4.2,1.9,1536826,18
15,28,92,5,10.7,6,14.9,21.9,2,15.2,6.1,6.2,2,2,1706952.9,17
15,29,196,11.9,15.1,16.2,30.2,37,4,19.8,27.9,9,24.9,0,3872697.5,16
15,30,26,0.4,3,0.4,2.6,7.5,0,5.1,2.6,2.2,1.3,0.9,577472.7,10
15,31,63,4.1,6.3,1,7.9,10.9,5.3,6.6,10.9,6.3,1.7,2,1356442.1,18
15,32,43.5,0.8,4,1.8,7,8.9,1.3,4.3,10,3.1,2.3,0,832504.8,15
15,33,49,1,2,0.9,9.1,5.9,1,7.1,16,1.9,4.1,0,1214030.9,16
15,34,25,1.6,1.7,2.5,3.2,6.9,0,3.3,5,0.8,0,0,470480.9,9
15,35,30,0,2.2,1.4,3.8,6,0,9,3,0.8,3.8,0,666519.4,10
15,36,120,5.9,10.6,4.9,17.2,21.8,3,22.1,19.1,3.1,8.2,4.1,2603306.2,25
15,37,13,0.1,0.5,0.7,2.1,2.1,0.5,2.6,3.1,0.5,0.8,0,272900.4,7
15,38,70.5,5,10.3,0,9.2,18.8,1.9,6,13,2.8,2.1,1.4,1649665.3,13
15,39,41.5,2,3.3,4.4,6.4,9.5,0.6,4.1,4.4,2.1,4.7,0,719386.7,11
15,40,39,0.6,1.1,3.9,3.9,11.1,0.8,3.9,10.3,0,1.2,2.2,850850.1,16
15,41,20,0,1.3,1.3,1.8,2.9,0,3.8,8,0.7,0.2,0,368435.5,9
15,42,45,2.9,4.8,0,4.8,10.3,0,6.9,9,2.9,3.4,0,843853.2,15
15,43,18,1,4.1,0.4,1,5.5,0,1.1,2.6,1.8,0,0.5,362446.1,4
15,44,27.5,0.3,6.8,1.1,3.5,9,0.5,1.3,1.8,1.8,0.6,0.8,444666.9,9
15,45,19,0.3,4.8,0.8,2.5,6.2,0.3,0.9,1.2,1.2,0.3,0.5,307224.5,4
15,46,45,4,3,1.9,7.1,4.7,0.7,1.3,6,1.3,3,12,921012,15
15,47,589,19.5,43.5,28,76.2,105.6,8.9,80,121.3,46.1,56.9,3,1.09931433E7,37
15,48,52.5,3.2,7.3,3.6,6.2,10.5,0,7.1,10.3,0,4.3,0,973974.7,21
15,49,37,0,3.8,1.2,1.8,7.3,0,5,9.9,0.8,6,1.2,738064.9,12
15,50,8,0.4,0.5,0,1.5,1.9,0.4,0.5,1.6,0.5,0.7,0,150388.3,4
15,51,96,2.9,10.7,9.2,12,15.8,1.3,20.8,12,3.2,6.8,1.3,2000731.9,22
15,52,173,11,15.9,8,28.8,37,3.9,21,17.8,19.9,7.8,1.9,3081534.3,22
15,53,50,0,7.8,2.9,8.2,11.4,1.5,5.7,5.8,2.5,4.2,0,920486.6,17
15,54,115,7.8,7,4.8,22.8,19.9,4.9,16,11.4,10.2,7.2,3,2174110.3,19
15,55,132.5,8.1,12.5,3.7,18.9,31.8,3.9,13.4,20,13.8,3.2,3.2,2678883.9,30
15,56,437.5,16.8,42.1,32.8,64.2,89.9,15.9,57.2,55.9,33.3,24.2,5.2,9018919.2,35
15,57,380.5,15.8,33.4,12,62.1,88.4,14,48.8,53,37.6,13.8,1.6,7781428.7,48
15,58,437,13.9,46.6,18.9,66.1,99.5,11.3,51.8,59.6,29.2,25.9,14.2,9090272.1,49
15,59,511,22.8,52.2,25.8,78.6,120.2,11.2,57.9,77.2,31.6,20.1,13.4,11525072,44
15,60,197.5,3,20.2,7,25.3,45.4,4.8,42.1,26.5,6.6,12.4,4.2,4277345,45
15,61,112.5,4,9.1,0.8,15.6,17.2,0.8,24.4,19.2,10.1,8.3,3,2841969.7,31
15,62,334,16.7,34.6,17,49,72.3,6.9,39.9,45,20.5,16.1,16,7990546.7,36
15,63,251,9.5,22.4,14.3,35.3,60.2,3.2,40.8,29.7,22.1,3.2,10.3,5815884,40
15,64,114,5,15.9,5.9,14.8,31.1,2,13.1,13.1,5.9,4.2,3,2476804.2,21
15,65,349,17.9,31.9,18.4,51,75.9,10,47.1,62,18.6,12,4.2,7846988.1,29
15,66,206,8.9,19.8,11.7,32.9,40.2,6.4,20.2,41.9,8.6,7.9,7.5,4552280.5,33
15,67,477.5,14.3,36.3,24.1,63.3,86,12.8,74.3,80.2,24.6,53,8.6,1.05778006E7,37
15,68,150,7,18.7,11.6,17.8,30.3,2.8,19.9,33,4.5,3.2,1.2,3760859.4,30
15,69,107,2.9,9,7.2,15,23.1,3.2,18.1,13.1,4.1,6.2,5.1,2487357.6,24
15,70,300.5,8.9,27.2,19.2,43.8,83.1,4,48.2,35.1,21,5.7,4.3,6790185.4,46
15,71,224.5,11.6,24.8,12.9,44.2,42.5,5.9,27.9,32.5,13.8,7.3,1.1,4771698.3,35
15,72,270,10.4,25.7,16.2,55.1,65.9,6.2,35.7,19.3,24,8.5,3,5788817.9,31
15,73,240.5,10.9,30.1,9.9,26.3,73.4,4.8,32.9,29.9,8,9,5.3,5548792.2,41
15,74,338,8.3,35.5,12.7,39,89.8,4.6,58.3,34.3,28,18.4,9.1,8205722.6,50
15,75,1996,92.3,252.1,165.9,353.5,469.9,62.9,216.4,148.9,181,18,35.1,3.96641889E7,41
15,76,5200,199.5,473.7,315,806.3,1055.3,124.5,712,761,294.8,377.7,80.2,105656021,31
15,77,993.5,28.5,60.5,61.5,149,214,13.5,141,190,39.5,74,22,2.19217769E7,3
15,81,4594,246.9,494,364.8,898.9,947.2,131.9,463.9,470,360.6,135.8,80,8.26657614E7,14
15,82,1631,81.4,159.1,80.1,293.8,330,41,239.1,205.1,104.6,62.8,34,3.52839924E7,29
15,83,168.5,7.8,14.6,5.2,23,37,6.9,28.2,28.8,10.1,6.9,0,4493579.1,15
15,84,2039.5,76.2,183.2,116,289.9,430.8,43.3,329,289.3,126.7,82,73.1,5.03268172E7,34
15,85,434,16.5,43.8,27,53,99.1,5.3,70.1,60.9,23.7,13,21.6,1.07322988E7,31
15,86,1167.5,52.2,111.6,76.3,205.1,271.2,33.4,156.8,132.2,77.1,31,20.6,2.79435052E7,40
15,87,493,26.2,45.8,30.4,69.9,108.1,8.7,92.5,56.2,33.1,11.3,10.8,12696142,40
15,88,205.5,8.1,21,19.2,27.6,52.9,2.4,26.2,17.8,17.3,7,6,5219477.2,27
15,89,452.5,15.9,54.4,21.2,75,107.3,14.7,57.1,41.1,37,7.9,20.9,1.11619719E7,41
15,90,251,9,29,12,43.8,56.9,9.2,43.2,16.8,16.7,12.3,2.1,5810795.8,25
15,91,584.5,22.1,64.2,11.6,101.9,123,20,73.5,74.7,59,16.2,18.3,14105814,42
15,92,3,0.1,0.2,0.1,0.6,0.6,0.1,0.4,0.3,0.5,0.1,0,70678.9,1
16,0,173,13.7,21.2,8,39.7,31.2,8,14.1,21,10.1,2.5,3.5,3464394.7,25
16,1,291.5,15.8,23.5,20.2,74.8,52.2,11,31.2,21.9,23.9,17,0,5872692.5,19
16,2,119.5,6.9,10.5,9.4,24.9,21.7,2.6,18,10.9,9,1.5,4.1,2399505.7,26
16,3,1182.5,52,93.3,71.8,164.8,227,21.7,138.2,200,48.6,146.8,18.3,23327140,48
16,4,74,1.9,6.1,3.5,18.2,14,2,14.4,10.4,2.2,1.3,0,1547361.5,16
16,5,63,0.8,5.1,4.1,9.8,16.1,1,10.1,7.9,3.1,3.9,1.1,1464916.4,19
16,6,58,2.9,0.3,4.5,17.6,10.4,4,5.8,7.3,3.4,0.7,1.1,1177487.6,19
16,7,57,2,5.1,2.8,12.2,13.2,3.8,8.2,3.9,4.2,0,1.6,1278140.6,16
16,8,289,22,19.5,9.1,68.2,45,6,37.8,48.1,17.5,13.9,1.9,5879059.9,31
16,9,98,3.7,9.3,7.1,9.7,28,0,15.2,12.9,10,2.1,0,2069271.3,27
16,10,479.5,22.5,41.5,24,72.8,107.2,10.7,58.2,58.1,31.6,42.8,10.1,9565165.4,32
16,11,39,0.7,1.7,0,5.1,7.4,3.2,6.2,6.2,3.9,3.9,0.7,926030,15
16,12,109,4.1,8.1,3.9,18.1,20.9,1.1,20.8,17.8,6.1,6.1,2,2254413.7,14
16,13,199,6.8,19.1,13,35.1,48.9,3.9,28.8,15.1,12.2,6.9,9.2,4470549.4,33
16,14,67,4.7,5.9,6.1,8.9,15.5,1,9.2,6.3,4,4.2,1.2,1378105.8,17
16,15,38,0.7,7.2,3.1,3.9,10.2,1.8,3.2,5,2.2,0.7,0,761725.3,12
16,16,23.5,3,2.1,0.9,4.1,4.7,1.7,4.9,2.1,0,0,0,507358.9,11
16,17,130.5,2.9,16.2,4.4,15.6,33.1,0,23.4,15,12.5,3,4.4,2662013.7,33
16,18,78.5,0,7.4,5,6.9,17.1,1,14.7,13.3,4.2,4,4.9,1848506.2,18
16,19,21,1.6,1.6,0.5,3.7,5.7,0,5.7,1.1,1.1,0,0,433032.9,6
16,20,20,0.8,1.1,1.3,3.2,2.7,0.1,5.3,2.7,1.6,1.2,0,394571.6,8
16,21,31,3.1,1,3.6,6,5,0,3.1,4.1,0,5.1,0,632354.5,11
16,22,39,0,1.7,2.3,2.3,9,0,11.3,3.9,0.6,7.2,0.7,814337.2,15
16,23,59,2.1,9.8,5.1,5.1,16.4,0,5.9,11.8,0.8,0.9,1.1,1234584.2,13
16,24,32,2.1,2.2,0,6.7,4.1,0.9,7.6,5.3,0.9,2.2,0,663182.8,14
16,25,150.5,9.2,14.7,9.3,28.9,27,5.6,24.2,14.9,5.6,10.1,1,2839335.7,26
16,26,138,5.9,12.1,5.1,28.2,25.2,3.8,22.9,19,11.9,1.7,2.2,3048466.8,21
16,27,30,0,1.2,1.8,0,6,0,4.2,9.6,0,7.2,0,701118,10
16,28,78,4.2,6.7,2.7,13.3,13.6,1.6,14.9,12.8,5.3,2.4,0.5,1751545.2,16
16,29,89.5,2,9.4,5.1,10.9,16,4.8,14,17.3,4,4,2,1788085.2,19
16,30,68,4.2,7.3,1.9,4.8,16.9,0.7,14,9.8,1.8,5.3,1.3,1337113.7,19
16,31,68,0.8,7.7,2.1,6,13.7,0.8,10.2,17.5,2.9,3.9,2.4,1422888.5,23
16,32,56,0,6.4,3.7,5.2,13,0.8,5,12,0.8,7.7,1.4,1165565.5,22
16,33,57,2.7,5.1,5.2,5.7,11.4,2,9.8,6.7,3.2,5.2,0,1041611.3,20
16,34,22,0,0,0,0,2.1,0,6.7,11.8,0,1.4,0,439931,13
16,35,56,3.2,7.9,3.9,11.5,5.8,0,5.3,12.3,1.8,4.3,0,1019580.8,16
16,36,58,0,9.2,1.8,6.7,11.1,0,13.8,7.8,3.4,4.2,0,1157714.2,15
16,37,49,0,5.2,0,9.8,8.2,0,5.8,15.9,1.9,0.8,1.4,1090253.5,17
16,38,265,8.8,20,7,39,32,5,45,62.2,18.9,27.1,0,5258855.6,26
16,39,46.5,2.9,0.6,1.3,7,4,0.6,11.1,14.3,1.8,2.9,0,883365.2,18
16,40,21,2.2,0.7,2.8,3.5,6.9,0,2.2,1.3,0.1,1.3,0,341039.2,8
16,41,15,1.5,0.7,2.1,2.4,5,0,1.5,0.8,0.2,0.8,0,243599.3,5
16,42,24,0.4,3.3,0.7,4.8,6.3,0.4,2,4.4,0.4,0,1.3,431751.8,8
16,43,82,1.2,1.9,4.8,6,18.2,2.8,15.5,23.6,4.6,0,3.4,1415714.7,22
16,44,41,0,4.1,1.2,7,7.8,0.7,6.1,8.2,4.7,1.2,0,697076.7,14
16,45,54,0,7.1,0.8,2.1,14.6,0,7.2,10.1,3.2,8.9,0,1058449.4,20
16,46,67,3.8,8.9,3,10.6,11.1,1.1,8.3,3.1,12.1,3.8,1.2,1179973.3,17
16,47,45,4.1,2,0,11.2,5.7,4.7,6.1,6.1,2.9,2.2,0,959397.1,11
16,48,49,0.9,4.9,2.8,7,7.8,0,9,7,0.9,7.2,1.5,916540.3,15
16,49,38,3.8,0,2.9,6.9,7.1,1.1,7.2,9,0,0,0,677607.1,9
16,50,57,1.1,11,6.9,2.9,15.2,1.1,9,5.9,1.1,2.8,0,993413.4,14
16,51,50,1.9,6.9,3.1,9.2,10.8,0,4.2,10,0.8,3.1,0,1012475,11
16,52,31,1,2.1,5.1,5.2,3.8,0,4,4.1,0,5.7,0,772405.3,12
16,53,48,0.8,4.8,1.3,4.8,11.2,0,12.1,8,0.9,2.8,1.3,1005321.5,14
16,54,98,6.9,4.2,3.7,23.2,14,0.7,19.3,15,6.8,3,1.2,1978187.3,27
16,55,99,1.8,12.8,5.2,19,19.1,7.8,5.9,12.8,10.3,4.3,0,1728575.1,18
16,56,386,8.9,43.7,11.1,58.4,81.1,4.9,60.2,58.2,32.6,21,5.9,7709483.1,45
16,57,466.5,23.5,56,27.7,97.3,92.7,11.5,54,53.9,30.8,18.2,0.9,9285136.6,57
16,58,305,11.4,32.1,6.9,41.6,76.2,7.7,44.6,45.6,20.8,11.9,6.2,6660207.3,49
16,59,136.5,2.8,8.3,2.1,25.3,26.1,3.1,20.6,30.9,11,5.1,1.2,2984104.5,33
16,60,367,19.2,29.4,16,52.1,79.2,5.9,60.8,60.1,18,18.3,8,8242580.9,50
16,61,348,11.1,35.2,14,48.1,82.4,8.8,56.2,42.9,29.1,9.8,10.4,8311468.6,31
16,62,155.5,3.7,15,7.6,15.7,41.9,1,26.4,25.1,7.3,7.9,3.9,3451019.7,29
16,63,83,2.7,15.1,2,9.8,22.3,1,5.7,14.5,5.7,4.2,0,1766797,17
16,64,150.5,2.9,18.1,9,25.1,34,2.1,17.9,24.9,7,8.5,1,3259740.6,27
16,65,233,7.8,24.7,10.9,32.6,56.1,5,45.1,25.2,11.1,8.1,6.4,5138075.1,34
16,66,140,5.6,8.1,3.9,23,32.3,5.1,26.4,13,11.9,6.9,3.8,2896869.7,28
16,67,113,0.9,6.5,7.4,16.7,28.9,1.6,9.6,21.7,16.9,2.8,0,2540744.2,30
16,68,78,5.1,6.2,1.6,14,15.6,2.7,9.3,15.7,6.2,1.6,0,1728580.4,23
16,69,95,2.9,9.1,2.2,18,19.9,2.2,12.9,20.7,4.9,1.1,1.1,2354383.9,26
16,70,213,7.7,22.4,9.9,40.6,45.8,7.9,35.4,22.2,8.8,10.3,2,4673529.9,47
16,71,60,4,5.8,2.6,14.1,6.9,2.1,5.9,11.1,4.3,3.2,0,1269362.6,19
16,72,148,7.7,11.6,14.1,28.6,37.1,3.2,20.9,7.9,8.1,5.4,3.4,3013368.6,30
16,73,254.5,14.9,23.7,8.7,59.4,57.1,5.9,25,27,18.9,7,6.9,6036671.6,35
16,74,536.5,31.2,42.3,36.1,92,114.3,13,74.9,72,36.9,12.8,11,1.28291606E7,43
16,75,632.5,31.4,59.7,31.9,113,145.9,14.1,86.1,79.7,50.2,9.2,11.3,1.47485159E7,51
16,76,1511,65,121.5,102.4,343.2,280.7,28.9,176.2,201,95,75.2,21.9,3.32734706E7,15
16,77,6,0.4,0.7,0.2,0.7,1.1,0,1,1.4,0.1,0.4,0,120905.8,2
16,80,2,0.1,0.2,0.1,0.4,0.4,0,0.4,0.2,0.1,0.1,0,46542.9,1
16,81,2182,113.4,229.7,150.9,379,470.9,58.8,318.1,232.1,136.9,45.1,47.1,4.43348948E7,15
16,82,1832.5,91,186.8,90.2,321.9,437.8,54.3,239.1,185.1,140.3,47.2,38.8,4.45423715E7,36
16,83,1617.5,61.2,186.9,50.4,220.8,370.8,32.6,231.1,233.3,114.4,49.7,66.3,4.52838146E7,22
16,84,1344,47.8,121.5,54,171.2,270.9,25.6,210,241.1,82.8,81.1,38,3.13376805E7,26
16,85,668,21.9,64,46.2,81.9,165.1,17.1,96.9,88,38,29.1,19.8,1.74218666E7,14
16,86,220.5,9.6,17.9,10.2,31,57.4,5.6,35.8,26.1,10.7,8.1,8.1,5425105,32
16,87,1380.5,50.7,154,62.9,212.6,329.9,37,166.8,218.6,83.9,27.2,36.9,3.25027235E7,34
16,88,680.5,32.1,67.3,26.8,117.3,155.8,17.3,97.9,87.2,41,20.1,17.7,1.63464601E7,31
16,89,1093.5,50,107.6,59.9,198.8,213,26.8,112.9,140.6,86.9,74.6,22.4,2.47612863E7,44
16,90,513.5,24.8,48.2,9.4,90,95,14.9,99,73.4,38.3,12.8,7.7,1.24755258E7,30
16,91,542,13.8,62.6,21.4,65.1,120.1,12.2,91.3,84.4,36.3,27,7.8,1.33330007E7,35
16,92,893,39.5,53.8,37.8,121.2,144,16.6,137.2,182.1,34.9,113.4,12.5,1.99130224E7,28
16,93,461,10,31,22,64,93,6,80,91,15,41,8,1.07603938E7,5
17,0,56.5,0.4,9.1,4.5,7,13.7,1.1,4.3,11.3,4,0,1.1,1015028.5,17
17,1,123,7,11.9,5.1,25.9,27.2,3.8,19.2,1.8,11,6,4.1,2616304.8,15
17,2,88.5,4,13.5,5,17.5,22.7,0.8,10.7,7.1,2,0,5.2,1724252.1,19
17,3,111,4.1,11.1,2.6,20.4,33.7,4.1,21.1,0.9,7.8,0.9,4.3,2381997.3,16
17,4,58,0,3.4,3.4,7.8,13.9,0,15.7,11.4,0,1.9,0.5,1288843.6,19
17,5,42.5,1.9,4.2,6.6,6.7,9.9,1.9,4.2,2.1,4.2,0,0.8,752750.7,14
17,6,69,2.9,6.9,4,11.1,16.2,5,7.8,6.2,6.9,2,0,1502930.4,17
17,7,18,0,1.8,2.4,0.3,4.8,0,3.8,2.4,1,0,1.5,356595.6,5
17,8,53,2,4.5,3.2,7.8,8.6,3,10.2,10.8,2.1,0.8,0,1218573.7,18
17,9,70,3,4,7,14,14.5,1,9,11,5.5,1,0,1460788,24
17,10,31,2.1,0.9,0,7.6,6.2,0,4.9,6.2,2.1,1,0,567080.9,10
17,11,26,0,1,1.6,0,9.3,0,5.2,6.2,0,1.6,1.1,582420.8,11
17,12,86,1.9,5.1,2.8,12.5,18.9,2.7,11,12,7.9,9.2,2,1808529.2,19
17,13,36,2.9,4.1,1,11,3,1,1.9,4.1,5.1,1.9,0,713478.9,4
17,14,41,0,6,4.1,0,14.8,0,8.1,4.1,1.1,2.8,0,750127.2,10
17,15,140,1.8,10,8.1,12.2,30.9,0,22,27.9,5.8,20.3,1,2940230,13
17,16,41,0,3.3,0,1.5,13.8,0,4.9,8.8,3.1,3.3,2.3,948181.8,13
17,17,58.5,1.9,4.2,1,7.7,11,1.9,5.9,18.4,3.5,3,0,1344265.9,15
17,18,55.5,4.3,3.9,2.3,14.1,9.7,0,6.8,7.9,2.6,3.9,0,1077284.3,11
17,19,2,0.2,0.2,0,0.4,0.5,0,0.5,0.1,0.1,0,0,41241.2,1
17,20,66.5,2.6,7.7,0,9.2,17.2,0.9,9.2,5.8,3.1,6.8,4,1247898.2,11
17,21,40,1.8,1.9,2.6,6.4,5.4,0.5,10.6,5.1,3.5,2.2,0,789143.4,13
17,22,158.5,4.9,13.8,4.2,21,30,2.8,24.7,23,16.1,14.8,3.2,3115899.6,25
17,23,166.5,11,9.2,11,34.6,24.3,4.9,20.1,29.9,12.4,7.2,1.9,3289264.9,21
17,24,46,3,0.7,2.2,8.5,7,3,4,10.8,3.9,0.7,2.2,933415.8,14
17,25,116,3.7,10.2,17.1,15.8,23.9,3.2,13,18.2,6,3.8,1.1,2492573.1,19
17,26,72,0.9,7.8,4.1,13,14.5,1.2,13.1,4.8,9.1,1.3,2.2,1528121.7,20
17,27,431.5,19,30.6,24.9,60,87,11,65.9,72,24.8,33.3,3,8156895.6,25
17,28,316.5,7.8,24.4,4.1,51,52,8,33.2,62.1,13.7,55.2,5,6105184.1,25
17,29,25,1.6,2.9,1.4,3.3,5,0.8,3.4,3.9,2.1,0.3,0.3,585300.4,9
17,30,79.5,2,8.6,5.1,11,15.1,1,16,12,0.8,6,1.9,1530036.2,15
17,31,46.5,0,1.9,2.7,4.7,9.3,0,12,9.8,1.9,4.2,0,985592.5,18
17,32,29,1,0,0,2.9,1.9,0,9.1,7.3,0,5.8,1,589527.6,12
17,33,60,3,6.9,2.1,12.9,11.1,0.9,14.1,3,3.9,0,2.1,1234393.2,14
17,34,73.5,6.7,6.2,7.9,12.9,13,1.3,4.3,8.7,4.4,7,1.1,1703347.5,23
17,35,47,4.1,2.9,2,7.9,12.1,1.9,2,7.1,4.2,2,0.8,934857.7,13
17,36,221,8.1,11.7,7,23.9,30.6,1.8,36.1,52.1,12.5,34.1,3.1,4589446.1,30
17,37,684,26.4,51.7,39,73.9,123.8,12.2,106.5,114.1,36.8,88.3,11.3,1.23873351E7,34
17,38,68,2.1,4.8,8.4,12,9.7,1.4,9.1,9.7,6.8,4,0,1292295.3,16
17,39,15,0.9,0.2,0.5,2.2,1.3,0.2,3.6,4.6,0.6,0.9,0,284956.5,6
17,40,1,0.1,0,0.1,0.2,0.3,0,0.1,0.1,0,0.1,0,16240,1
17,41,83,5.9,4.1,1,13,17.8,0,12.6,11.9,8.2,2.4,6.1,1816786.8,19
17,42,15,0.2,2.1,0.4,3,3.9,0.2,1.3,2.8,0.2,0,0.9,269844.9,5
17,43,85,0.6,7.8,6.4,12.2,27,0,12,11.2,5.9,0,1.9,1696054.9,17
17,44,83,5.9,7.3,9.6,15.1,16.7,3,9.8,4.1,3.8,4.4,3.3,1414100.7,22
17,45,66,2,2,4.8,10.1,13.1,0,14,12.1,4.8,1,2.1,1202183.8,12
17,46,48,1.9,6.1,2.9,9.1,10,0,10.1,2,2.9,3,0,1011127.7,13
17,47,96,3,8.2,2,16,17.8,3,9.2,20.1,6.9,9.8,0,2020844,11
17,48,39,2.9,3.2,2.1,9.1,10.1,1.8,3.2,4,1.9,0.7,0,723981.7,10
17,49,108,6.1,12.2,5.8,19,15,2.7,23.1,10.1,10.1,3.9,0,1876064.9,19
17,50,39,0,7.2,2.8,2.9,10.3,0,5.8,5,1.7,3.3,0,754382.5,14
17,51,53,3.3,8.8,1.8,7.6,10.2,1.8,5.3,8,5.2,0,1,979674.8,16
17,52,39,0,2.7,2.7,2.3,5.1,0,11.2,9.1,0.8,5.1,0,775403.2,14
17,53,159,6.7,17.7,14.6,24.1,41.5,4.9,14.2,11.4,14.4,8.4,1.1,3156844.7,30
17,54,66,2.6,11,2,14,10.8,0,5.1,13.2,4.1,3.2,0,1200714.8,13
17,55,260.5,15.8,10.7,10.2,47.8,43.8,4.8,27.3,61.1,18,16.8,4.2,5133873,30
17,56,128,5.8,14.9,5,21.7,28.1,4.1,17,15.5,10.1,3.8,2,2547612,28
17,57,270,16.9,30,12.1,45,44.9,7.2,39.8,34,21,13,6.1,5510477.6,26
17,58,167,1.4,15.2,4.9,32.1,32.1,5.6,30.6,16.8,15.8,7,5.5,3660645.7,38
17,59,161.5,9.8,16.7,6.8,38.9,35.6,5.9,17.2,11,11.9,3,4.7,3358673.8,33
17,60,134.5,3,12.6,3.1,13.2,27.9,0,32.5,29.9,1.7,7.3,3.3,3404763.6,36
17,61,53.5,2.2,2.8,3.9,5.7,10.8,1.5,6.9,8.4,1.9,8.5,0.9,1321936.8,18
17,62,54,0.9,6.8,3.1,9.9,11.9,1.9,10,3.3,1.9,1,3.3,1337767.5,11
17,63,313,21.9,26.7,20.9,57,70,10.9,37.9,33,16.6,16.2,1.9,6780204.1,33
17,64,366,22.9,38.1,23.8,57.1,79.8,8.5,59.9,28,22.7,16.2,9,7861688.8,44
17,65,322,16,34.1,14.1,61,62.8,11.8,59.3,21.8,26.3,14.8,0,6982512.1,37
17,66,219.5,10.8,32.2,12.9,40.8,49.9,6.9,19.1,18.9,23.7,1.1,3.2,4669747.5,25
17,67,93.5,7.2,6.2,1.1,14.2,12.7,2.9,21.7,19,1.3,4,3.2,2544118.4,24
17,68,81,0.7,2.5,6.2,8.1,12.8,1.9,15.8,23.4,6.1,2.3,1.2,1879905.1,24
17,69,76,3.6,1.8,4.3,17.1,13,2.9,11.2,12.2,5.6,4.3,0,1662073.7,23
17,70,107,6.6,6.8,3.2,19.1,21.8,3,11.9,23.5,5.8,3.3,2,2380356.6,25
17,71,145.5,10.5,11.5,5.4,27.1,32,3.9,22.7,16.1,10.4,4,1.9,3221665.8,31
17,72,260,11.7,20.4,9.7,35.8,58,5.8,38.1,41.4,22.5,7.6,9,6003781.4,40
17,73,221.5,6.4,21.3,11,30.4,51,3.7,32.1,35.7,12.1,11,6.8,5549632.4,44
17,74,326,10,38.5,12.1,43.9,77.2,7.6,53.1,47.3,17,14.1,5.2,7795994.4,45
17,75,829,39.4,87.5,41.5,136.7,191.1,18.2,107,87.7,63.5,38.1,18.3,1.82436935E7,60
17,76,187,10.7,18.7,9.6,21.3,37.3,1,24.2,38.4,6.2,12.8,6.8,4158180.2,17
17,80,194.5,9.8,16.5,11.8,39.8,44.4,0.9,31.8,21.8,8.9,8.8,0,4396840.5,6
17,81,898.5,48,76.9,37.5,168.2,173,20.6,113.3,149.8,53.3,30.9,27,2.25146899E7,33
17,82,2041,74.8,198.2,100.2,335.1,419.9,40.2,319,299.9,134.5,63.1,56.1,5.04765288E7,27
17,83,439.5,24.7,34.2,23.8,90,96.8,18.1,62.2,39.9,31.8,2.9,15.1,1.14612921E7,27
17,84,719,27.5,82.5,28.2,91.8,187,11.7,103.8,89.2,57.1,20.1,20.1,1.96631998E7,31
17,85,582,34.9,63.7,28.7,111.3,128,20.3,56.3,52.2,58.4,9.3,18.9,1.42765607E7,30
17,86,437,11.7,41.9,28.8,54.7,96.2,6.5,71.3,74.8,21.9,12,17.2,1.16710328E7,42
17,87,184,6.1,25.9,11.1,31.9,46.9,3.9,19,14.2,15.7,3.3,6,4904717.5,21
17,88,381.5,21.8,21.2,21,58.2,77.7,13.1,63.1,60,25.5,7.5,12.4,9677232.1,36
17,89,579.5,30,60.6,31.9,104.3,114.3,16.7,65.1,81,40.6,20,15,1.26590096E7,38
17,90,376,17,45.2,12,66.3,95.1,7.5,48.9,28.2,26.6,13.1,16.1,9455777.5,37
17,91,189.5,14.7,11.9,10.4,43.2,42.3,5.4,20.1,18,13.8,5.5,4.2,4268880,31
17,92,206.5,7.9,26.3,7.9,36.1,44.1,5.5,24.2,20,18.4,11.1,5,4847844.8,19
17,93,46,1,6.8,1.1,7,9,0,7.1,4.9,1.1,4.9,3.1,1037657.7,6
18,0,806.5,38.9,62.8,45,140,134.7,18.3,99.2,153,33.1,76.1,5.4,1.60509268E7,17
18,1,378.5,17.7,44.2,12.2,76.9,77.9,16.1,36.9,27.9,41.5,23.2,4,7784358.3,20
18,2,486.5,35.6,37.1,30.1,106.3,103.8,20.9,55.8,44.1,30.7,17.1,5,9485607.8,23
18,3,67,6.8,4.1,6.2,13.9,13.9,0,6.8,6.2,5.1,1.1,2.9,1399254.2,11
18,4,466.5,31.2,41,28.1,95.9,87.3,14.1,64,48.8,31.9,20.1,4.1,9193434.9,36
18,5,60.5,3.8,4.1,2.8,18.1,9.6,4.1,5,3,2.5,3,4.5,1229450.5,17
18,6,185,6.2,18.9,12.2,25.1,43.5,5,28.7,15.6,19.3,6.2,4.3,4199008.2,32
18,7,43,4.3,7,0.8,9.6,10.5,0,4.9,4.3,0.6,1,0,700624.8,15
18,8,117,6,13.5,3.7,21.9,32.5,2.8,17.1,7,7.3,2.4,2.8,2496161.1,24
18,9,47,0.8,4.7,0.8,5.9,14.1,0,7.4,6.1,2.5,0.8,3.9,842414.1,19
18,10,59,4.2,5.9,5,5.9,17.8,2.8,5.9,5.9,4.7,0.9,0,1242761.7,21
18,11,153,1.9,16.2,4.8,24,42,1.1,21,21.3,10.3,8.3,2.1,3007690,29
18,12,56,0.7,3.3,5.8,5.9,11.2,0.9,4.4,11.9,4.9,5,2,1145793.6,15
18,13,43,0.6,4.1,3.2,6,9.9,0,8.6,6,2,2,0.6,879897.8,12
18,14,97,3.1,8.9,5.8,13.2,25.1,2.7,13.1,14,4,4,3.1,1968949.4,16
18,15,280.5,10.9,21.2,17,41.3,56,4,43.9,45.8,14.1,25.3,1,4860433.5,20
18,16,58.5,0.4,8.5,7.2,3.2,16.1,0,13.2,5.9,0,4,0,1240975.4,15
18,17,525,15.9,66.1,23.2,72.9,123.9,12.1,62.3,67.8,34.8,37.9,8.1,9876350.5,27
18,18,95.5,3.1,1.9,6.1,4.2,15.2,1,14.9,30.3,3.2,14.1,1.5,2166487.6,13
18,19,4,0,0.2,0.4,0.2,0.8,0,1.2,0.8,0.2,0,0.2,115920.4,2
18,20,64,1,10.9,5.1,7.8,16,1.1,7.9,5.1,6,3.1,0,1133195.3,17
18,21,24,0.8,2.1,2.7,2.8,6.3,0,4,2.2,0.8,0.9,1.4,541623.3,11
18,22,40.5,0,2.9,1.9,3.3,11,0,6.9,5.9,4.2,3.3,1.1,769974.5,14
18,23,103.5,2.6,9.3,5.1,16.3,24.3,1.9,22.1,5.8,4.3,9.6,2.2,1981256.7,23
18,24,78,2.7,8.4,8.9,11.9,20.1,0.9,8,6,5.1,3,3,1636143.6,16
18,25,202.5,6.3,18.6,11.9,28.3,48.8,4,39.2,21.1,4.7,12.4,7.2,4531362.4,28
18,26,29,0.3,0,1.9,3.8,5.8,0,5.8,5.8,1.8,0.8,3,642941.6,8
18,27,17,0.1,0,1.2,2.2,3.4,0,3.4,3.4,1.1,0.5,1.7,376896.8,8
18,28,68,1.7,11.8,5.2,7.1,20.1,0.9,7.3,10,2.9,1,0,1503676,15
18,29,48,0,4.8,0.8,4,7,0,12.1,12.2,0.8,4.8,1.5,1177043.1,14
18,30,105,3.9,6,7.9,18.9,20.2,3.1,8.3,18,7.8,9.8,1.1,2153401.9,20
18,31,52,0,7,0,2.5,10.4,0.9,15.4,10.6,0.9,4.3,0,1172586.7,18
18,32,63,0.6,4.1,2.9,2.3,21.3,1.8,9,9.9,5.9,5.2,0,1154427,19
18,33,543,14.5,50.1,29.3,66.9,106.9,12.1,74.1,107.6,29.3,44.1,8.1,1.03262061E7,27
18,34,57,1.3,3.2,4.4,6.9,11.5,0,11.4,10.3,0,6.2,1.8,1126918.4,19
18,35,11,0,0.7,0,1.8,1.5,0,3.3,1.8,0.4,1.1,0.4,225696.9,7
18,36,34,3.8,2.1,0,6.9,5.1,0.9,2.3,6.9,4,1,1,614838.1,12
18,37,83,1.4,4.4,5.3,8.8,16.8,2.1,20.6,16.6,3.1,3.9,0,1717550.2,25
18,38,74.5,4.1,4,4.9,13.3,12.4,1,13.4,14.3,4.3,1.9,0.9,1500887.9,19
18,39,6,0,0.8,0.2,0.8,1.4,0,1.2,0.6,0.6,0.2,0.2,103991,2
18,40,2,0.1,0.1,0,0.4,0.4,0,0.5,0.2,0.1,0.2,0,41029.5,1
18,41,209.5,8.2,25.5,9.1,28.6,41.2,1,31.2,25.6,19.9,15.4,3.8,3487635.5,18
18,42,19,1.7,1.1,0.2,4.4,2.7,0,1.3,3.8,1.9,1.7,0.2,368598.1,7
18,43,38,3.4,2.2,0.4,8.8,5.3,0,2.6,7.5,3.9,3.5,0.4,737196.2,12
18,44,36,0.9,3.2,1.1,4,7,0,4,5.9,4.9,5,0,705291.5,10
18,45,48,1,5.9,0,8.2,3.9,1.8,9.3,7,4.8,6.1,0,803260.5,15
18,46,33.5,5.7,1.6,0,8.7,1.2,1.9,6.3,3.8,1.2,1.9,1.2,636775,8
18,47,34,0,3.1,0,3.1,8,0,5.9,6.1,1.9,3.8,2.1,938713.4,9
18,48,50,0.7,1.5,3,6.8,6.9,0.9,9.5,15,1.4,4.3,0,992636.2,16
18,49,46,0.8,8.4,0.8,4.7,9.2,0.8,7.1,8.4,3.8,0.8,1.2,921639.4,14
18,50,24,0,1.8,0,1.9,4.1,0,7.1,6,0,1,2.1,511585.7,8
18,51,67,0.8,3.9,5.5,7.7,15.4,2.9,13.5,11.1,2.3,3.9,0,1601543.5,22
18,52,63,4.2,5.7,1.2,8.9,10.7,1.2,12.9,9.9,2.1,6.2,0,1351146.1,18
18,53,388,21.3,31.2,22.1,54.7,76,12.7,64.1,51.8,18.1,29.8,6.2,7861700.7,33
18,54,1676,48.9,150.2,85.8,218,326.6,32.5,227.8,304.1,102.7,157,22.4,3.09217347E7,43
18,55,449.5,24.7,52.3,23.6,86.9,86.4,13.7,46.1,55.8,36.1,20,3.9,7840322.2,22
18,56,90,3.4,4.8,5.2,16.7,19.6,1.8,10.3,16,3.8,7.5,0.9,1782338.9,29
18,57,149.5,8.1,17.8,7.7,28.4,34.1,3.4,12.9,20.9,13.9,2.3,0,2975974.9,23
18,58,114,6.8,6,5.2,28.6,16.3,6.9,8.8,19.7,10.1,4.4,1.2,2179701.9,28
18,59,42,0.9,6.1,0,11.8,8,0.9,3,0,5.9,4.2,1.2,850791,12
18,60,475.5,23.5,43.5,24.7,94.4,98.6,14.6,50.8,56.7,41.7,10,17,1.02930872E7,40
18,61,187,1.6,23.4,13.8,21.8,49,3.9,24.1,31.2,8.4,7,2.8,3828315.8,33
18,62,206,7.8,24.9,8,35.3,45.1,7.8,28.9,22,14.1,6.8,5.3,4897828.1,33
18,63,474.5,21,41.5,18.8,75,82.9,11,66.3,69,37.8,47.2,4,9116928.1,25
18,64,437,16,30,25.7,81,68.2,9.8,64.2,65.2,31,44,1.9,8498878.5,32
18,65,162,4.8,17.9,16.1,21.2,43.9,4.8,20.2,14.1,11,5.2,2.8,3336315.5,28
18,66,97.5,1.4,10.4,3.8,12.1,22.1,2,20.1,14.9,4.5,0.8,5.4,1960143.4,28
18,67,33,0.6,1.1,0,6,6,0,9.1,6.1,1.9,2.2,0,918613.3,11
18,68,357,21.6,35.1,20.3,68.4,61.7,5.6,58.1,46.7,19.4,19.1,1,7032158.9,46
18,69,145.5,8,13.6,7.6,29.9,33.7,3.9,20.2,16.8,8.9,2.9,0,2880636.5,26
18,70,189,10.8,19.2,11.2,38.6,46.2,2.8,20.1,20,14.1,3.8,2.2,4528410.6,34
18,71,797.5,37.3,72.6,70.8,189.1,151.8,23.3,78.1,62.1,77.8,22.3,12.3,1.53346637E7,45
18,72,2825,144.8,228,172.2,550.5,466.2,78.4,319.2,437.4,172,217.2,39.1,5.75119269E7,35
18,73,305.5,15.1,34.7,24.1,40.5,79.6,6.5,38.9,33.1,12,14,7,7229726.3,36
18,74,241,13.5,15.5,11,56.9,50.9,5.6,21,30.3,22.7,7.4,6.2,5751705.5,30
18,75,462,17.9,53.4,25.2,67.9,107.9,6.1,63.2,59.9,33.4,19,8.1,10758573,36
18,76,280,8.7,21,19.1,43.8,57.1,3.1,47.1,52,18,10.1,0,6163160.9,39
18,80,486,19.8,70,24.6,77.9,128.9,12.7,59.2,24.3,36.5,17.9,14.2,1.13347711E7,18
18,81,285,18.7,21.9,12,58,60.1,10.1,29.9,25.1,32.1,6.1,11,7224386.4,25
18,82,472.5,22.9,64.7,30.7,78.1,107.1,10.8,60,46.3,29.1,11,11.8,1.14005321E7,33
18,83,273,12.5,26.6,11.1,47.9,58.6,5.1,55.4,25.9,19.7,1,9.2,6806348.8,27
18,84,755.5,47.2,56.3,45.3,137.9,154.1,19,111.3,96.8,42.8,22.8,22,1.94066665E7,44
18,85,453.5,19.8,44.9,28.1,78.3,85.9,14.1,68.9,51.1,28.5,22.8,11.1,1.06081756E7,28
18,86,867.5,48.2,76.4,44,154.4,157.7,29,105.3,126.8,48.9,61.7,15.1,2.05349254E7,33
18,87,472,22.3,60.6,21.4,69,120.6,15.6,68.1,38.8,29.1,7.5,19,1.16847385E7,32
18,88,450.5,17.1,58,22.7,68,110.9,13.1,59.9,42,35.1,14.5,9.2,1.07707485E7,30
18,89,1365,67.9,148.7,66.8,243.2,280.1,33.4,128.2,194.3,111.3,63,28.1,3.00861373E7,21
18,90,257.5,7.8,33.3,18,38.9,61,10.8,35.1,23.1,13.2,7.1,9.2,5927437.6,24
18,91,22,0,3.1,1.3,5,6,0.6,3.7,0,2.3,0,0,547741.2,6
18,92,648,31,53.4,34.9,110,139.1,18.1,83,90,48.9,29.8,9.8,1.45165083E7,26
18,93,146,10.1,7.2,3.7,35.8,18.9,11.1,23.1,18.1,9.9,7.1,1,3607087.3,15
19,0,240.5,10,26.9,13.2,52.8,55.9,5.6,22,12.1,29.7,11.2,1.1,5409673,24
19,1,118,6,11.9,2.7,20.9,26,6.8,9,18.3,13,1.1,2.3,2396804.3,28
19,2,68,3.1,9.7,1,10.9,19.2,1.2,12,3.1,4.8,2,1,1470564.5,16
19,3,128,7,12,6.8,26.7,33.1,3.1,14.1,7.8,9.8,2.3,5.3,2839913.2,22
19,4,447,27.2,30.7,26.9,69.2,102.9,6.1,66.1,60.1,21.1,23.9,12.8,9891453.9,21
19,5,161.5,9.8,15.8,4.9,32,31.9,6.8,25.8,20.1,7.1,4.2,3.1,3763833.2,27
19,6,651.5,30.4,52.1,49.5,115,133.1,10.4,74.4,87.8,44.9,38.1,15.8,1.33270127E7,33
19,7,52,1.9,8,3.6,5.7,12.1,0,12.3,3.1,2.1,2.3,0.9,1170490.5,16
19,8,217,6.1,29.7,16.6,38.6,56.7,5.1,26.8,9.9,13.2,8.1,6.2,4349252.1,23
19,9,500,27.5,56.3,44.7,78.5,116.3,8.9,63.8,43.3,34.8,19,6.9,9722608.4,26
19,10,72,6.9,3.9,4,15.1,16.3,3,9.3,6.1,7.4,0,0,1333239.4,18
19,11,45.5,0,8.6,3.1,3.1,11.9,0,10.2,4.8,1.9,0,1.9,926349.4,12
19,12,81,2.7,10.2,4.2,10.7,13.5,2,17.9,12.3,4.3,1.1,2.1,1862666.6,21
19,13,22,0.5,2.2,1.5,3,5.1,0,4.4,3,0.9,0.9,0.5,450180.2,8
19,14,31,5.2,0,0,7.9,8.2,0,3.7,1,1,4,0,673468.8,11
19,15,49,3.9,2.5,1,6.8,8.1,1,9,9.3,3.5,3.9,0,1048972.4,13
19,16,223,11,22.1,17,37.8,58.9,7,28.3,12.8,17.1,6,5,4698005,18
19,17,929,27.1,65.9,51.9,115.1,178.2,15.2,137.4,158.9,37.2,116.9,25.2,1.90116822E7,34
19,18,235,2.6,19.6,17.2,20.9,49.8,0.8,38,52.3,7.4,23.5,2.9,4610353.1,24
19,19,4,0,0.2,0.4,0.3,0.8,0,1.1,0.8,0.1,0,0.3,115920.4,1
19,20,77,4.7,6.9,4.2,14.3,9,3,10.1,16,3.1,5.7,0,1432344,18
19,21,374.5,12,32.5,18,56.1,65.8,8.7,50,60.4,29.8,35,6.2,6861421.6,28
19,22,112,8.9,12,1.8,27.1,16.9,4.7,16.2,10,7.2,3.1,4.1,2252670.7,19
19,23,56.5,1.9,7.1,1.9,9.2,11.2,3.8,5.7,8,3.7,4,0,1287950.8,16
19,24,62,4.7,6.1,1.1,12.1,12.2,1.9,5,12.3,2.8,3.8,0,1349773.8,13
19,25,417.5,7.3,43,22.2,53.6,79.9,5.1,79.8,64.2,23.2,37.2,2,8970662.3,22
19,26,304,19.9,27.7,8.3,46.8,42,3.4,39.4,68.1,16.6,26.9,4.9,5797355.1,17
19,27,104.5,7.1,6.8,5.1,17.9,19,2.4,16.8,17.2,5.9,5.4,0.9,2180462.5,15
19,28,229.5,8.8,18.3,13.1,41,36.2,8.4,19.1,43.1,27.6,8,5.9,4163440.9,15
19,29,67,0.7,5.4,9.3,10.5,19.8,3,5.2,6.3,2.6,2.1,2.1,1316678.9,17
19,30,66,2,4.7,2.7,10.8,9.1,0,10.4,17.1,1.1,5.4,2.7,1437173.7,20
19,31,60.5,3.8,6.8,3,11.2,8.9,2.2,12.1,5.3,4.2,2.2,0.8,1439610.4,14
19,32,66,0.6,9.1,1,6.9,13.9,1,6.1,17,3.9,5.2,1.3,1272968.7,19
19,33,31,0,0,0,0.4,6.2,0,6.2,15.1,0,1.1,2,686913.5,14
19,34,94,3.7,8.8,4.9,12.1,19.1,0,10.1,18.1,5,8.9,3.3,2169400.6,22
19,35,20,0,0.9,0,3.1,2.8,0,6.3,3.2,0.9,2,0.8,410357.7,7
19,36,42,0,4.1,2.9,2.1,9.8,0.8,9.8,6.1,1.3,2.2,2.9,813247.4,10
19,37,256.5,10.6,19.5,8.5,26.2,57.1,2.1,48.1,38.3,20.2,21.7,4.2,5001012.7,23
19,38,76,0,6.6,6.9,5.2,18.1,0,13.4,9.8,5,11,0,1616597.2,22
19,39,1,0,0.1,0,0.1,0.2,0,0.2,0.1,0.1,0.1,0.1,17331.8,1
19,40,8,0.5,0.5,0,1.4,1.6,0,1.9,0.8,0.5,0.6,0.2,164117.9,3
19,41,169,4.5,2.9,9,25.1,32.4,1.7,27.4,29.9,10.7,19.5,5.9,3310228,21
19,42,145,5.9,14.8,3.1,27.3,32.7,5.9,18.7,13.5,11,12.1,0,2877113.5,33
19,43,95,5.1,5.2,6.7,13.9,20.8,0.7,11.5,20.9,5,3.9,1.3,2065006.8,33
19,44,106.5,9.2,11,3.1,13.8,22.2,0,17.1,15.9,5.2,9,0,1927790.8,19
19,45,173.5,4.9,15.9,5.2,21,38.7,2.1,21.8,27.8,15.6,16.2,4.3,3205282.3,29
19,46,60,1.7,2.7,2.7,10.9,9.3,1.7,10.3,9.3,6,4.3,1.1,1475446.8,15
19,47,133.5,4.7,11.4,5.2,25.9,28.3,3,21,15.1,9.8,7.1,2,2865946.7,21
19,48,71,4.2,3.1,0,11.7,6.9,3,16.1,19.1,6.9,0,0,1579181.8,19
19,49,37,0.7,4.9,3.1,3.1,7.2,2.1,7.2,6.1,0.7,0.8,1.1,670490.2,9
19,50,68,0,5.9,3,9.7,16.2,0,15,12.1,0.9,5.2,0,1439121.6,20
19,51,116,2.6,7,8.1,16.6,22.2,0,24.5,17.8,5.8,10.4,1,2373311.2,28
19,52,99,5.3,4.9,8.4,22.5,9.3,3,16.1,13.2,11.9,4.4,0,1931797.8,25
19,53,72,3.8,4,2.1,10.2,14.7,0,8.9,18.3,4.1,5.9,0,1456396.5,21
19,54,701.5,20.4,87.1,50.5,106.3,133.2,18,95.9,119.1,44.4,17.8,8.8,1.35598714E7,35
19,55,133.5,6.2,11.9,9.9,26.2,24,6.1,15.1,17.7,8.5,4.9,3,2680867.2,23
19,56,128,5.5,10,5.9,21.8,23.4,3.4,27.8,15,6.9,7.4,0.9,2555462.2,28
19,57,112,4.9,13.8,4.8,20.7,23.9,0.7,11.3,18.4,6.9,5.5,1.1,2164726.2,25
19,58,40,2.1,6.1,0,8.7,7.2,0.7,4.8,7.3,0.7,1.2,1.2,741108,12
19,59,114,4.7,12.8,9.9,15.3,28.1,0.8,15.2,7.2,8.8,9.1,2.1,2407958.6,24
19,60,283,17,22.7,22.1,60.6,52,8.1,33.2,32.9,24.9,7.3,2.2,5478804.1,29
19,61,98.5,2,13.5,2.8,5.8,27.1,0.7,13.7,15.3,5.1,5.5,7,2144554.1,23
19,62,99.5,4.9,12.6,8.9,19,18.8,2.6,9,7,12.6,3,1.1,1856636.4,19
19,63,173,6.1,18.7,11.4,25,38.7,0.7,28.1,21.1,13.1,8.3,1.8,3403016.5,30
19,64,106,1,8.5,7.3,11.9,23.7,1.5,18.4,18,8.7,5,2,2536218.5,31
19,65,176.5,5,19.7,8.7,18.1,45.9,1,26,28.4,5.4,11.3,7,4263838.1,29
19,66,1297,55.1,103.9,82.6,186.3,233.7,28.1,177.1,209,86.1,119.2,15.9,2.45663114E7,50
19,67,357,15.6,29.8,15.1,56.5,63.5,8.7,55.9,60.2,29.7,19,3,7467363.7,32
19,68,224.5,8.1,15.6,12,45.9,50,7.6,35.2,24.7,14,10.4,1,4823680.8,39
19,69,159,11.9,21.8,5.3,42.6,26.8,6.1,19.3,11.1,11.1,2,1,3588951.4,23
19,70,165.5,3.9,18.2,10.9,29.4,33.3,3.9,24.9,22.7,5.9,9.3,3.1,4001322.6,27
19,71,346,20.7,32.1,21.8,74.1,81.2,14.9,41.1,22,26.9,8.1,3.1,7708256.8,25
19,72,439,21.9,43.5,24.5,83.5,90.2,13.8,46.5,49.1,36.9,17.9,11.2,9791686.5,43
19,73,118,2.8,9,3.1,18,25.9,4.1,29.7,14.8,4.1,4.3,2.2,3096643.2,29
19,74,361,17,35.6,14.1,63.8,101.3,9.5,30.8,35.9,32.9,10.1,10,8672120.3,36
19,75,115,1.6,9.8,3.7,7.7,36,1.1,22,11.9,9.6,10.4,1.2,2462250,30
19,76,177,7.9,13,4.7,33.1,47.1,4,26.2,14.5,14.7,7.1,4.7,4039862.2,27
19,77,24,0,1,0,0,10,1,4,4,2,2,0,550607.2,4
19,79,29,3,0,1,8.1,2,1.9,5,3,0,5,0,508321.5,4
19,80,250.5,16,19.9,15.3,44.9,49.1,8.8,48.1,25,13.2,5.2,5,5762757.8,16
19,81,347.5,14.8,38.9,17.5,53.2,86.7,7.2,56.8,39.9,15.4,11.2,5.9,9475812.4,39
19,82,1071,48.6,128.5,47.4,157.3,242.4,19.3,150.9,132.1,80.4,32.9,31.2,2.71083035E7,32
19,83,335,14.8,29.1,25,50.5,83.1,11,43.7,25.4,28.2,10.3,13.9,8258960.2,29
19,84,948.5,45.1,103.7,54,154.2,238.6,20.5,133.3,90,59.6,14.8,34.7,2.37052571E7,51
19,85,391,21.3,38.7,21.9,71.3,91.3,10.4,63.1,24.9,23.4,5.3,19.4,9576150.1,30
19,86,408,20.9,40.9,19.6,71,98.9,8.8,48.1,46.2,29.6,14,10,1.01148766E7,39
19,87,813,45.2,93.3,47,134.1,190.2,21.7,95.9,92.3,50.2,3.9,39.2,2.02538245E7,28
19,88,154,9.8,13.9,3,33.9,33.3,5.2,17.9,17.8,12.9,4.2,2.1,3756790.1,25
19,89,241,11.1,25.5,9.8,42.4,55.9,9.8,25.9,28.9,15.2,7.2,9.3,5807724.7,38
19,90,92,9,9,3.8,21,22,5.4,8.4,0,10.4,2,1,1982597.6,9
19,91,132.5,7.8,12.8,9,24.8,30,8.2,14.9,9.3,8.8,4.1,2.8,2748627.7,18
19,92,666,34.3,77.6,31.9,114,133.3,9.9,73.2,94.9,48,33,15.9,1.39137737E7,23
19,93,309,12.9,30.1,10,45.6,68.1,9.9,45.1,30.6,39.1,11.5,6.1,7290068.3,30
19,94,20,0,0,0.9,0.9,2,0,8,5.1,0,1.1,2,564861.2,6
20,0,59,0.7,4.9,2.1,15.7,11.1,2,7.2,5.2,5.8,3.2,1.1,1051452.3,18
20,1,134.5,14,12,0.8,40.1,22.1,7.4,11,6.8,10.9,5,4.4,2721659,19
20,2,46,2.6,6,4.6,9.2,9.2,1.1,6.6,2.1,2.6,1.3,0.7,988320.6,14
20,3,68,2.7,5.3,2.9,7.9,18.8,0,10.1,9.7,5.7,2.2,2.7,1286524.3,20
20,4,39,3.3,1.8,0,8.1,7.2,3.9,2,6,3.9,2.1,0.7,820943.6,13
20,5,23,1.9,2.2,2.2,5.5,5,1,1.4,0.8,1.4,0.2,1.4,558365.4,6
20,6,61,3.8,1,3.1,8.8,12,3.1,12.1,12.1,1,2,2,1375385.3,18
20,7,189,14.4,21.8,11,51.1,29.1,6.9,18.2,19.2,15.4,0,1.9,3817499,22
20,8,134,3.5,13,11.2,20.9,32.6,1.9,20.6,19.8,5.7,1.2,3.6,2996036.5,29
20,9,87.5,2.1,8.2,3.5,15.9,14,0.9,8.9,15.1,14,4.9,0,1869732.9,16
20,10,46,0,7.1,1.6,4.6,11.7,0,6.2,9.7,2.1,3,0,830014.8,17
20,11,97,4.7,5.7,4.9,15.9,17,0,14.4,18.8,6.7,5.9,3,2032086.4,25
20,12,444.5,12.8,35.9,15.8,60.9,73.7,9.2,68,78.2,28.1,54.8,7.1,8753156.7,36
20,13,54.5,2,4.4,3.7,5.2,16.3,0,9.9,6.6,2.3,1,3.1,1084493.1,17
20,14,175,2.1,22.9,14.1,21,48.9,3,24.2,17,9.6,10.1,2.1,3420698.2,23
20,15,35,1.1,5.8,1.8,1.9,11,0,6.2,2.1,1.7,1.1,2.3,689430.5,10
20,16,40,1.9,5.8,3.3,6.1,6.2,0,7.4,8,0.6,0,0.7,1016440.5,13
20,17,876,23.3,63.4,46.9,120,164,14.9,100.2,180.4,40.8,106.9,15.2,1.72440057E7,18
20,18,22,2.2,1.5,0.7,2.9,7,0,1.1,4.4,0.7,1.5,0,542474.6,9
20,19,8,0.8,0.6,0.2,1,2.5,0,0.5,1.6,0.2,0.6,0,197263.5,4
20,20,27,1.9,0,2.3,5.4,5.4,0.4,3.6,5.4,0,2.6,0,507393,14
20,21,74,2.5,4.8,1.4,8.2,15.9,1.7,6.2,21.2,8.4,3.7,0,1807982.3,19
20,22,57,2,7.5,5.7,5.4,16,0.7,9.7,3,3.8,3.2,0,1010073.9,18
20,23,229.5,5.9,11.1,11.3,36,50,8.8,36,35.2,14.8,16.2,4.2,5052421.9,26
20,24,58,0,11.3,7,4,13.8,0.8,4.2,5,4,2.8,5.1,1208635.1,14
20,25,2859.5,83.1,252.2,164.2,396.4,542.7,48.3,399.7,474.1,148,300.8,50,5.57451575E7,31
20,26,627,19.3,50.8,33.1,94.9,108.7,9.3,96,110.2,25.2,65.2,14.3,1.26109594E7,19
20,27,122.5,5,13.7,13.6,14.2,31.7,1.8,15.9,12.3,5.2,5.1,4,2475000.9,22
20,28,139,3,10.6,7.3,26.6,18,5.9,29.2,18,8.5,10,1.9,3050501.5,18
20,29,94.5,2.9,4.9,4.9,11,24.3,0,20,15.9,4.6,3,3,1858154.2,19
20,30,62.5,0.3,7.1,1,6.7,14.2,0,14.5,10,0.7,8,0,1207175.7,22
20,31,506.5,19.6,46,28.2,72,94.6,10.8,60.4,98.2,29.7,45,2,9277732,28
20,32,57,5,3.4,1.1,8.1,12.4,0.7,9.3,8.1,4.9,2.9,1.1,1231188.6,16
20,33,156.5,0.4,16.2,14.9,18.8,43.9,4.7,14.9,19.2,13,7.4,3.1,3064582.6,24
20,34,47,1,1.8,3.6,7.8,7.5,0,9.6,10,1.8,1.9,2,1081153.4,14
20,35,2,0,0.2,0.1,0.3,0.6,0,0.4,0.1,0.1,0,0.2,50750.8,1
20,36,60,0.6,8.1,3.2,7.2,13.2,0,12,9.7,2.1,3.9,0,1369418.3,17
20,37,72,3.9,2.9,3.2,12.6,8,5.2,9.1,14.9,7.9,3.2,1.1,1477211.8,16
20,38,175,1.7,15.8,5,24.1,33.8,4.1,31.1,35.1,15,9.3,0,3578279.7,23
20,39,25,0.7,1.8,0,1.9,8.1,0,5,3.1,0.9,2.3,1.2,645556.6,10
20,40,9,0.1,0.2,0.9,1.2,1.8,0.2,1.8,1.6,0.5,0.3,0.4,205793.5,3
20,41,102,2.7,11.4,5,14.6,25,3.9,10.7,12.1,12.2,4.4,0,1965530.9,26
20,42,29,1.3,2.4,1.9,3.9,8.4,0.3,1.9,3.4,3.9,1.6,0,518066.6,8
20,43,105,3,11.3,7.7,12.2,24.9,1,12.8,18.2,2.8,9.1,2,1947869.3,14
20,44,62,1.1,3.9,0,8.8,13.1,0,9.3,14.1,1.9,9.8,0,1274319.4,20
20,45,54,1.9,1.2,0,9.9,6.2,4,9.9,12.7,5.2,3,0,1134805.5,15
20,46,35,2,2,1.3,3.7,5,1.3,5.7,5.7,1.3,5,2,687818,13
20,47,40,0,4,0.8,1.6,15.2,0.8,8,4,0,2.4,3.2,738107.9,14
20,48,185.5,10.7,20.6,13,33,22.1,6.9,31,27.1,13.9,6.2,1,3427968.5,19
20,49,487,15.3,39.5,40.2,75.6,86.7,11.6,80,73.4,20.5,37.1,7.1,9033059.8,34
20,50,67.5,0,4.1,4,4.9,12.9,1.3,12,19.8,1.8,6.7,0,1511305.7,21
20,51,87,0,6.1,4.9,8.8,22.1,1.9,11.3,22,5.9,4,0,1645094.6,22
20,52,99,6.2,7.6,2.1,20.9,15,3.6,18.2,13.4,8.9,3.1,0,2021529.8,23
20,53,129,6.2,7.8,2.5,18.6,22.2,5.1,18.5,26.1,9.1,10.9,2,2726980.6,25
20,54,100,6,10,8.8,9.2,20.7,7,14.2,10,7,4,3.1,1618212.8,24
20,55,40,0,4.8,2,4,6.2,0.8,10.8,5.2,1.8,3.2,1.2,891557.8,10
20,56,112.5,4.5,4.7,9,23.2,29.9,4.9,7.1,14.9,8.2,3.1,3,2374479.4,26
20,57,73,2.2,1.7,5.9,10.5,18.1,2.1,8,10.1,7,4.2,3.2,1628850.5,21
20,58,121.5,9.7,6.9,10.3,28.2,27.1,2,15.3,12.2,4.2,4.7,0.9,2477661.4,25
20,59,185,8,13.1,3.1,34.9,37.9,6.8,32.9,25.3,15.9,3.9,3.2,4199430.5,25
20,60,198.5,13.8,17.6,11.8,29.3,28.1,3.8,22.3,49.2,10,8.8,3.8,3745319.9,26
20,61,55,0,5.9,4.1,6.9,11,0,14.2,9.1,1.8,2,0,1146514.5,14
20,62,54.5,1.7,7.2,2.7,9.2,9.2,0,13.1,4.5,3.9,3,0,1207834.5,18
20,63,103.5,3.9,7.8,3.3,15.8,29.9,0,6.2,23,6.7,6,0.9,2330017.8,27
20,64,64.5,0,5.6,2.1,11.1,8.7,0.9,11.1,18.8,0.9,3.2,2.1,1476416,20
20,65,138,3.8,4.3,6.2,35.1,18.9,7,27.2,22.7,11.7,1.1,0,3094840.8,26
20,66,103,3.8,10.5,2.8,12.9,30.3,2.1,14.8,15.5,2.8,4.1,3.4,2114492,29
20,67,247.5,4.4,27,11.1,42.1,60,4.1,28.2,35.1,21.5,9.9,4.1,5602974.3,32
20,68,201.5,5.5,28.9,5.8,34.9,49.1,1.2,17.1,29.1,18.6,9.2,2.1,4151180.7,33
20,69,258.5,20.9,23.8,9.8,51.1,54.3,8.8,23.2,30.2,19.5,5,11.9,5479705.5,34
20,70,231.5,18.2,19.7,11.6,57.1,39.2,6.9,26.6,19.1,21.2,9.9,2,4998006,34
20,71,166.5,13.7,15.3,4.3,36.8,27.1,5.7,18.9,22.3,14.1,3.2,5.1,3473210.2,34
20,72,258,15.9,28.9,19.9,44.6,60.1,9.5,36.2,19.8,15.2,3.7,4.2,5379583.1,30
20,73,592,36.4,58.2,34.7,132.1,128,19.2,69.8,48.9,43.4,7.9,13.4,13576580,40
20,74,280.5,13.5,25.1,13.1,56,54.7,8.8,44.5,29,18.7,14.2,2.9,6104189.2,35
20,75,220,15.1,16.5,8.7,43.7,36.8,6,20.2,38.5,24.1,7.2,3.2,4943794.6,33
20,76,604.5,31.4,53.9,25.1,129.9,118.2,16.7,60.7,74.9,68,19.4,6.3,1.34954373E7,30
20,77,135,9,5.1,10.1,27,31,1.9,19.9,16,11.9,0,3.1,2927789,6
20,80,847.5,40.7,95.7,49.4,161,198.4,29.8,99,64.5,70.8,19.1,19.1,2.05731729E7,27
20,81,922.5,49.9,100.6,35.3,139.9,206.2,21.1,99.7,138,64.4,37.3,30.1,2.51130811E7,24
20,82,3018.5,139.1,225,215.5,535.9,542.8,75.3,316.9,478.3,169.6,266.1,54,6.72361107E7,33
20,83,335,15.5,33,14,50.8,76.9,9.5,44.9,45.7,24.2,9.6,10.9,8857126.1,35
20,84,414.5,18,37.2,19,71,97.3,12.2,63.3,58.2,27.7,5.9,4.7,1.02474642E7,38
20,85,377.5,23,45.3,22.1,68.9,89.3,10,42,29.9,28.8,5.9,12.3,9157618.7,19
20,86,649,32.9,62.1,28.9,123.6,122.6,22.8,115,54.6,53.5,18,15,1.51121134E7,39
20,87,222.5,10.3,31.6,5.2,39.2,53.1,8.9,23.9,27.9,12.3,5.1,5,5267854.5,27
20,88,72.5,2.1,9.8,6.9,5.7,14.1,1.3,18,6.1,0.4,6,2.1,1817754.2,18
20,89,682,32.9,54.2,31.8,109,139.3,17.4,96.7,91.2,56.8,28.8,23.9,1.61035935E7,34
20,90,101,3.8,9.1,2,16,27.2,3.9,14.2,13.2,6.8,1.9,2.9,2471588.1,11
20,91,499.5,26,70.5,8.9,91.1,121.2,10,57.4,53.2,34.7,8.7,17.8,1.09622637E7,28
20,92,257,5.9,34,14.9,50.1,62,10.8,29,23.1,20,2,5.2,5447510.4,25
20,93,498.5,25.2,72.4,33.3,74,123.9,8.9,44.9,65.1,31.5,10.2,9.1,1.04115179E7,15
20,94,725.5,17.9,62.5,37.5,106,150.1,11.5,99,139,34.9,52.2,14.9,1.50840771E7,9
21,0,41,3,7.1,0,9.9,10.9,1.1,1.1,3.2,3,1.7,0,678326.1,13
21,1,481,28.1,46.2,20.9,98.9,78.9,7.1,52.1,64.4,34,43.6,6.8,1.03114115E7,40
21,2,137.5,2.8,19.6,7.7,13.1,43.2,3.1,19.5,14.4,8.3,4.9,0.9,2799843.7,28
21,3,27,1.5,3.4,2.7,5.4,5.4,0.6,3.9,1.4,1.5,0.6,0.6,580101.1,8
21,4,41,3.2,4,4,9.6,9.1,1.8,2.4,1.2,2.4,0.6,2.7,995347,10
21,5,315,8.9,40.7,10.9,58.9,66,8,36.9,41,31.5,3.3,8.9,6881382,10
21,6,3420.5,101.8,216.3,224.9,465.9,601,58.1,473,684.3,155.2,387.2,52.8,6.89026514E7,23
21,7,2576,125.6,204,159.4,422.3,473.9,45.1,327.9,401.7,163,206.1,47,5.30857854E7,25
21,8,217.5,11.1,16.6,15.1,34.3,47.8,5.6,40.6,22.9,11,3,9.5,5132025.7,34
21,9,512,24,48.2,28.9,74.4,123.3,10.1,85.3,58.9,39.8,11.1,8,1.07084891E7,26
21,10,47,3.9,4.1,0.8,10.9,9.2,3.2,10.9,0.8,3.2,0,0,914801.8,13
21,11,31,0,6,0,2,12.9,0,7.1,2,0,1,0,609005.5,6
21,12,128.5,5.2,12.6,6.8,22.6,32,4.9,15.1,14,10,3,2.3,2648035.4,31
21,13,55,1.1,3.1,2.1,5.8,8.8,2.1,9.9,10.2,3.1,7.6,1.2,1175060.4,12
21,14,52,0,9.2,2.5,3.7,12.1,0.9,8.1,7.1,2.2,4.1,2.1,999703.5,15
21,15,35.5,0,1.1,3,5.8,9,0.4,9.1,3.9,2,1.2,0,1037018.7,12
21,16,57,1.1,3.3,2.1,10.7,8.9,1.3,13.3,9.9,5.2,1.2,0,1376358.7,18
21,17,48.5,1.8,3.1,4.7,9.7,9.8,0,7,8.1,4.3,0,0,1073835.2,13
21,18,30,2.1,3.9,0.9,5.1,6,0,2.1,3.9,2.1,3.9,0,595517,12
21,19,53,3,5.7,2.1,5.9,13.1,0,7.3,13.1,0.7,2.1,0,1090638.4,13
21,20,20,1.4,0,1.6,4,4,0.4,2.6,4,0,2,0,375846.6,10
21,21,42,0.8,1.9,1.2,1.2,12.9,0,6.8,6,6,2.9,2.3,979513.9,10
21,22,57,2.5,3.2,5.2,5.9,10.8,1.9,10.1,10,3.2,3.2,1,1248664.5,16
21,23,90.5,2.6,12.4,3.1,10,24.5,4.9,10.9,13.1,5.8,0,3.2,1946041.3,19
21,24,130.5,7.9,8.7,9.6,17,22.9,1.1,19.1,26.8,5.1,6.9,5.4,2952972.3,19
21,25,189,5.7,10.5,3.9,32,22.9,6.3,32.8,47.8,8.7,13.3,5.1,4455105.9,25
21,26,36,0.6,4,1.1,4,9.2,0,10.8,1.1,3.8,1.4,0,868598.7,13
21,27,48,0.7,6.2,1.8,4.2,9.3,0.7,13,7.3,3,0,1.8,983684.9,14
21,28,71.5,4,4.7,4.2,7.2,16.1,0,8.7,17.5,3.3,3.9,1.9,1470810.9,19
21,29,95,1,11.9,1.4,5.8,22.1,1,18.9,17.1,2.5,7.9,5.4,1819552.3,23
21,30,46.5,0,9.3,3.8,2.2,14,0.9,5.8,6.2,0,4.3,0,888930.7,15
21,31,58,0.8,5.8,1.8,8.1,12.8,0,5,14.4,3.4,5,0.9,1076932.5,19
21,32,30,3,2.4,0.9,5.4,6.4,0.6,4.3,2.4,2.1,1.6,0.9,707445,7
21,33,106,0.9,17.6,3.2,13,27.2,3.9,9.2,19,8.9,3.1,0,2267533.2,29
21,34,62,2.9,6.1,3.2,11,13.9,0,10.2,7.9,3.1,1.8,1.9,1246203.8,10
21,35,202.5,11.9,12.5,8.2,41,33,8.8,36,26.8,17.2,3.2,3.9,3951714.6,24
21,36,144,7.7,18,5,24.2,29,5.5,19.2,15.2,11.1,9.1,0,2947982.8,18
21,37,849,38.3,104,56.7,109.2,161.6,19.9,119.3,129.9,53.9,46.1,10.1,1.50588468E7,20
21,38,492,18,40.8,19.9,69.2,87,10.3,75.7,84.6,27.6,50.3,8.6,10355917,49
21,39,42,4.1,2,2.9,7.9,6.1,0,5,8.7,4.1,0,1.2,885529.4,11
21,40,62,0.5,1.3,6.2,8.2,12.3,1.3,12.3,11.3,3.8,2.1,2.7,1417688.2,17
21,41,11,0.1,0.2,1.1,1.5,2.2,0.2,2.2,2,0.6,0.4,0.5,251525.4,3
21,42,30.5,1.6,2.2,2.1,4,8.7,0.5,2.1,3.6,4,1.7,0,544863.3,5
21,43,550.5,15.7,41.7,40.2,72.3,97.7,15.1,70.8,105,36.1,45.9,10,10454049,24
21,44,71,2.1,5,2.1,11.8,10.9,3,12.9,12.1,5,6.1,0,1531299.6,15
21,45,62.5,2.9,6.4,1,14.1,15.1,0.8,5.1,8.2,2.8,6.1,0,1116219.6,15
21,46,101,2.1,6.2,4.6,12.9,21.8,1.5,16.9,24.9,1,8.2,0.9,2209501.3,25
21,47,72.5,2.9,6.1,4.8,7.1,16.8,0,12.1,13.1,4.2,4.1,1.3,1443340.3,18
21,48,98.5,0.9,10.3,3.9,9.1,25.1,0.9,15.9,18.6,5,7.6,1.2,2338915.5,25
21,49,83,3,5.2,5.3,4.1,17.6,2.1,15.8,17.8,2.9,7.1,2.1,1974584,17
21,50,112,2.6,4,4.5,17.3,22.3,1,26.1,21.9,5.1,4.8,2.4,2747672.3,29
21,51,91,1.6,9.8,4.1,13.9,27.2,2,12,10.8,2.8,6.8,0,1787486.8,23
21,52,75,3.1,6.9,4.3,11.9,17.2,1.9,10.3,6,6.5,4.9,2,1552767.8,17
21,53,172,5.5,16.1,6,15.7,36.6,5.8,26,34.2,7,16.3,2.8,3527992.6,28
21,54,77,2,4.9,4.1,8.6,17,2,11.1,13.2,5,5.7,3.4,1831792.8,21
21,55,224.5,13.1,28.1,10.6,43.3,44,5,23,24.3,15.3,11.9,5.9,4694573.4,22
21,56,98,0.9,10.7,3.9,15,26,1.3,19.1,7,9.1,2,3,2059398.5,18
21,57,152.5,15.7,10,8.8,44.8,26,7,12.6,11.3,11.4,2.7,2.2,3248165.8,27
21,58,173,7.8,11,5.9,30.3,33.7,5.9,29.2,22,9,12.3,5.9,3647517.5,28
21,59,306,10.2,26.6,11.1,47.1,60.9,5.7,50.1,51.2,20,16.9,6.2,6073422.6,31
21,60,1531.5,70,120,101.1,239.5,254.9,26.7,176.1,282.3,88.6,154.1,18.2,2.88965768E7,46
21,61,229,18.7,14.9,8.2,47.1,34.8,7.7,37,30.1,18.8,10.6,1.1,4888272.9,36
21,62,96,3,6,5.7,11.9,25.1,3.8,8.1,12,5.9,8.1,6.4,2333877.8,20
21,63,42,1.2,2.1,0,2.3,8.5,0,9,9.7,4.2,5,0,939283.8,15
21,64,86,0.8,3.8,2.9,15.9,10.3,2.8,14.2,25.3,8,2,0,1863711.5,27
21,65,107,1.1,8.1,6.7,16.1,23.1,5.1,14.9,21,7.4,2.7,0.8,2060629.1,19
21,66,53,3.2,3.9,5.8,6.9,12,0,7.6,10.3,0,3.3,0,1078491.4,16
21,67,90,1.9,6.2,4,14.3,17.3,1.6,12.9,18.7,5.9,3,4.2,2041859.1,21
21,68,642,16.9,36.7,37.2,78.7,119,14.1,114.2,120.6,26.2,61,17.4,1.29438782E7,26
21,69,157,12.5,11,9.8,34.5,34.4,6.4,20.2,11,7.8,3.3,6.1,3413134.9,32
21,70,62.5,2.9,6.3,2.4,8.8,13.4,1.9,4.1,12.9,4.1,5.7,0,1402745.9,16
21,71,210,10.8,18,8.9,40.8,35.8,4.9,29.2,32.1,14.8,8.2,6.5,5063121,38
21,72,328,20.1,31.4,10.9,71,74.3,9.9,34.9,35.1,27.1,8.2,5.1,7813417.4,44
21,73,755,36.7,84.3,42.1,140,146.9,32.1,80,100.2,54.8,24,13.9,1.65598206E7,22
21,74,207,19.2,20.8,10.2,50.6,34.8,8.2,15.1,27.1,16.8,3,1.2,4157544.6,31
21,75,292,17.7,33.9,13.2,60.2,58.9,7.7,30.4,24.3,36.7,3.8,5.2,6699831.7,28
21,76,382,21.1,39.7,17,68,73.8,17,41.8,38,38.5,25.1,2,7112924.8,7
21,79,10,0.7,1.6,1.2,1.4,2.4,0.4,1,0.8,0.1,0.4,0,183573.3,1
21,80,394,9.8,58.8,21,48,117.9,10.9,38.3,32.2,27.8,11.9,17.4,1.05050868E7,22
21,81,172.5,8.7,26.5,12.5,28.9,41.8,2.8,13,14.1,16.8,4.1,3.3,4071729.5,20
21,82,511.5,18.8,53,33.9,69.4,125,14.2,73.1,59.1,28.1,20.1,16.8,1.29783448E7,43
21,83,373,14.5,33.1,26.7,49.7,97.2,10.1,52.1,43.2,18.2,13.2,15,8960990.9,32
21,84,393,25.5,37.5,19.4,75.8,81.1,13.4,53.3,34.9,28.9,12.9,10.3,9425510.7,23
21,85,220.5,13.4,23.2,10.2,54.1,45.2,9.4,25.2,20,15,2.8,2,5369742.9,27
21,86,342,23.3,35.2,25.3,57.2,77.2,4,40.1,28.9,30,7.8,13,7673916.8,20
21,87,266,11.9,34.4,23,42.6,62.1,5.3,20.9,31.1,18.8,8.8,7.1,6125577.8,23
21,88,2378,89.2,235.9,175.8,383.1,472.7,45.9,240.9,344.8,143.4,201.1,45.2,5.06769907E7,20
21,89,568.5,25.8,60.9,30.1,89.2,106.3,6.7,83,91.9,26.3,38,10.3,1.24629681E7,40
21,90,527,21,65,27.2,96.1,126,17.5,52.9,61.2,38,14.1,8,1.23844982E7,31
21,91,351,16.4,41.4,19.1,50.2,99.8,11.3,29,28,37.8,12.2,5.8,7944412.7,24
21,92,440.5,31.9,40.6,26,86.4,103.2,14.1,40.8,50.1,35.1,6.1,6.2,9946184.3,27
21,93,751.5,32,60.4,50.1,110.7,162.3,17.3,123.3,113,42.5,21.7,18.2,1.67836888E7,32
21,94,589,27.8,50.8,22.8,117.4,121.1,18.3,88.9,70.2,38.6,19.9,13.2,1.40820972E7,23
22,0,37,0,3.3,1.1,3.9,7.8,0.4,8.8,9.4,2.3,0,0,806333.2,17
22,1,58.5,5.9,5.3,1.3,13,8.6,1.8,6.9,9.1,4.8,1.8,0,1286926.5,18
22,2,55,3.8,7.8,1.8,9.2,10.3,1.8,5.8,9.2,4.3,0,1,1290446.7,15
22,3,33,4.8,2.2,1,5.2,5.2,1,3.7,3.8,2,3.1,1,648397.7,12
22,4,57,2.9,6,4,13.7,16.9,1,6.2,4.2,2.1,0,0,1144445.3,10
22,5,303.5,26,29.7,12,65.7,54.1,12.7,34.1,30.3,29.1,6.8,3,6385902,20
22,6,2943.5,86.6,271.3,211.2,389.1,635.9,46,415,454,137.6,244.6,52.2,5.96344923E7,28
22,7,1156,37.8,108.6,49.2,159.2,208.7,28,158.9,198.9,60.5,115.3,30.9,2.50669915E7,29
22,8,34,0.6,3.2,0,3.9,7.8,0,5.3,9.2,2,1,1,866336.9,13
22,9,95.5,5.9,9.6,5.2,18,21.9,2.6,15,5.1,4.8,4.3,3.1,2092293.7,25
22,10,81,4.9,6,4.2,10.9,16.9,0,15.9,14.3,3,2,2.9,1810733.7,23
22,11,120,3.9,13.1,8.1,18,33.8,0.8,17.1,11,3.9,5.4,4.9,2819351.6,22
22,12,110,5.8,10,12.9,18,23,2,18.9,11.4,3,4,1,2392698.2,17
22,13,50,4.3,0.7,0,13,11.3,0.7,5.7,10,1.8,2.5,0,1081214.3,18
22,14,98,2.8,8,4,11,20.9,2.9,22.1,17.1,5.2,4,0,2124017.8,14
22,15,32,1.3,3.6,0,4.5,10.8,0.2,3.6,4.6,1.9,1.5,0,787246.8,13
22,16,80,4.7,9.4,3,13.6,11.3,2,10.6,16.9,5.2,3.3,0,1655943.3,22
22,17,73,2.1,5.8,3.1,11.6,17.6,2.9,8.3,10.2,6.1,3.3,2,1644565.2,17
22,18,47,2.3,6.7,2.3,6.8,5.6,0.9,8.9,9.4,0.9,1.5,1.7,1027998.8,14
22,19,18,0.9,2.4,0.9,2.5,2.1,0.5,3.4,3.6,0.5,0.6,0.6,393701.7,5
22,20,37,0,0,2.1,0,7.2,0,12.8,9.9,0,5,0,782254.3,12
22,21,498.5,20,33,33.3,82.6,86.1,8.5,69.8,74,32,50.9,8.3,9741823.4,28
22,22,52.5,0.9,2.5,7.1,5.2,12,0.9,14.9,3.9,1.8,0.9,2.4,1177640,17
22,23,256.5,11.7,26.1,17.8,37.9,57.8,4.9,26.4,39.1,17.4,14.2,3.2,5129542.2,28
22,24,40,3.3,0,0.7,5.4,6,0.5,12,8,0,1.9,2.2,988057.8,14
22,25,39,0.8,5.1,0.8,7.1,7.3,0,2.8,5.1,5,2.2,2.8,964629.9,10
22,26,168,5.9,16.9,8.5,16.2,41.3,2.4,30,26.2,13.6,6,1,3711067.5,24
22,27,81,0,6.3,10.7,10.9,17.8,2.8,11.8,10.8,2,4.9,3,1503807.7,22
22,28,44,0.7,1.8,8.1,11.4,11.9,0,2.9,1.2,4.2,1.8,0,728694.6,14
22,29,174,10.7,17.7,10.1,22.9,35.8,2.7,21.2,31.4,11,8.3,2.2,3459949.7,30
22,30,99,6.2,4.9,2.8,18.1,21.8,2.8,5.3,22,8,7.1,0,2121517.8,19
22,31,13,0.4,0.4,0,0.9,3.9,0.1,3.8,1.7,0,0.9,0.9,269641.3,7
22,32,39,0.6,1,0,4.3,9.9,0,5.3,14.2,0,1.2,2.5,958854,12
22,33,87,0.5,7.2,8.2,9.9,18.9,3,13.2,20.1,1,1.6,3.4,1964931.3,21
22,34,163.5,3.5,18.1,9,16.8,44.8,5.3,20.6,28.5,6.7,7,3.2,3315123.2,29
22,35,51,1.9,5.9,1,5.3,8.7,0,11.8,11.9,2.1,1.2,1.2,1111848.6,16
22,36,132,5.2,17.8,10.9,17.9,37.9,2,12.9,10.3,8.9,5.2,3,2728056.7,20
22,37,371,9.7,36.2,9.9,52,67.8,8.8,67.2,59,22,30.1,8.3,7482285.7,23
22,38,322,16.7,23.5,21.7,42,71.8,5.8,45.6,43.1,14.2,26.5,11.1,6265552.5,32
22,39,128,3.7,14.1,5,12,22.6,1,23,28.2,4.2,9.1,5.1,2767121.7,23
22,40,73,3,7,0,8.1,16.6,3.1,17.8,8,2.9,3.1,3.4,1628209.2,18
22,41,54,2.9,5.8,2.2,7.9,13,2.9,5.1,6.8,3.1,3.1,1.2,1101053.7,11
22,42,369,14.1,41.5,25.9,55.2,90.9,8.4,54.8,27.5,25.1,17.7,7.9,7418721.2,31
22,43,100.5,2.2,12.6,5.9,11,26.6,1.1,9.8,16.1,8,5,2.2,2055228.8,21
22,44,55,3.9,6,2.1,7.1,13,1.8,3,6,8.2,3,0.9,1028239.6,13
22,45,48.5,2.1,9.7,1.2,6.2,9.8,0.7,6.2,2.8,2.8,3.8,3.2,969941.8,13
22,46,29,0,4.3,0,3.7,9.9,0,1.8,4.7,2.8,1.8,0,539658.1,7
22,47,34,0.7,1.9,0,3.7,5,1.2,8.2,10.7,1.3,1.3,0,757022.3,10
22,48,36,3.9,2.2,1,5.9,7.2,0.8,2.8,8.6,2.8,0,0.8,880869.6,10
22,49,126,2,10.2,5.9,18.2,23,1.9,22.1,28.3,9.5,2.9,2,2430419.5,26
22,50,66,1.9,4,1.9,8.8,16.1,1,11.9,6.2,3.3,6.9,4,1441475.1,19
22,51,95,5,6.2,6.2,16.8,16.1,2,8.7,24.8,4,5.2,0,2166998.3,17
22,52,204,8.6,13.3,12.1,25.8,41.8,1.1,36,44,4.8,11,5.5,4334522.8,30
22,53,126.5,7.8,9.3,8.1,18.7,31,3.2,12.2,24.1,7.1,5,0,2278481.9,21
22,54,74,6,3,6.1,13.1,9.7,5.1,8.8,10.9,4.2,5.1,2,1639808.2,16
22,55,121,1.8,15.6,8.3,13.8,32.1,2.1,15.1,22,3.1,6.2,0.9,2584613.3,26
22,56,214,8.8,26.1,11.3,34,49.9,3.8,31,26.2,15,5.9,2,4609025.1,21
22,57,175,4.9,25.9,6,28.3,53.8,3.5,19.3,9.3,12.9,9,2.1,3774408.9,24
22,58,212,14.1,23,4,47.8,36.7,8,22.3,25,19.8,10.3,1,4621018.2,24
22,59,474.5,29.9,30.2,32.4,84.1,80.1,15.4,87.4,68.2,27.8,16.1,2.9,1.03881883E7,32
22,60,60.5,1.5,3.9,5.1,8,12.9,1,11,8,4,5.1,0,1433724.1,8
22,61,91,8,8.3,9.7,12.8,19.1,1,19.9,2.2,5.9,2,2.1,1972056.4,18
22,62,100,0.9,5,1.9,18.5,15.5,5,13.4,22.2,10.1,7.5,0,2139742.2,24
22,63,193,4.8,13,6.4,27,32.1,5.8,31.1,44.2,9.4,17.3,1.9,4036073,36
22,64,56,5.8,0.7,1.8,14.1,5.3,1.8,11.1,3.3,5.8,5.3,1,1285607.2,17
22,65,171.5,5.9,17.1,13.5,20.1,39,5.5,31.2,19.8,8.5,9.9,1,3331078.2,27
22,66,97,2.8,7.9,3.9,13,23,1,16.3,18,6,4,1.1,2109283.6,20
22,67,142,5.7,18.1,5.9,20.9,27.8,4.2,18.1,25.3,9.8,3.9,2.3,3150385.2,29
22,68,397,36,43.9,15.8,85.1,84,11.7,27.1,28,40.2,11.1,14.1,7739772.6,26
22,69,224,11.2,22.4,20.3,46,45.5,5.7,21.3,25.4,19.3,3.9,3,4502500.8,27
22,70,319.5,16.8,35.5,21.1,48.1,76.1,4.7,61.2,34.1,11.1,7,3.8,7364735.9,33
22,71,99,0,7,3,10,19,0.6,20.8,25.2,9.3,4.1,0,2493737,20
22,72,493.5,18,52.3,31.8,88.9,121.7,12.5,51.1,59.4,40.7,10.1,7,1.08035486E7,38
22,73,255.5,19,23.5,15.3,41.4,50.8,4.9,40.9,41.7,11.2,4.7,2.1,5708922.4,36
22,74,259,16.8,20.1,10.9,45.1,45,8,38,34.9,22.4,12.9,4.9,5449124.8,30
22,75,90.5,3.7,8.4,5.8,17,19.7,1.5,13.3,15.5,2.9,1.9,0.8,2023454.7,21
22,76,242,18.7,9.3,8.9,58.7,32.7,7.9,33.9,31.3,23.5,12,5.1,5607113.1,28
22,77,11,0.7,1.7,1.2,1.7,2.6,0.5,1.1,1,0,0.5,0,201930.7,5
22,80,644,27.1,50,31.3,110,131.8,23.3,95.8,90,45.6,31.1,8,1.58905081E7,29
22,81,322,13.9,45.7,15.2,46.8,81.8,5.9,33.1,27.5,32.5,7.3,12.3,7885498.7,26
22,82,1058.5,59.5,91.2,46,197.1,224.9,27.8,134.9,127.3,81.6,34.1,34.1,2.69064342E7,28
22,83,589,20.3,53.9,31.2,93.4,111.8,13.8,97,97,32.4,14,24.2,1.46219847E7,26
22,84,151.5,6.8,15.2,2.5,22.1,41.1,5.7,21.8,20.7,6.3,5.2,4.1,3791023,26
22,85,451.5,13.9,54.6,25.9,60.3,119.8,6.1,76.1,36.8,36.2,14,7.8,1.08933461E7,27
22,86,397.5,26.4,46,13.7,98.4,69,9.5,46.1,26.8,38.4,13,10.2,9257988.3,29
22,87,935.5,47.3,97.7,58.3,152.1,191.8,20.5,100,134.1,59.2,55.4,19.1,1.92489507E7,37
22,88,330,21.1,37,13.7,62,81.3,10.9,47.2,24,17.1,8.7,7,7708090.8,27
22,89,842,40.4,104.3,35.9,162.2,176.1,30.2,89.9,84.8,74.1,38,6.1,1.88817115E7,29
22,90,298.5,16,30.3,18.9,58.3,61.6,8.9,33,29.2,26.7,10.1,5.5,6930206.7,28
22,91,219,17,26.6,10.4,34.8,44.1,7.9,26.2,24.1,14.8,9.1,4,4808829.9,28
22,92,824.5,34.1,96.1,35.8,129.1,183.9,22.7,106.3,97.2,75.3,31.1,12.9,1.88153377E7,26
22,93,310.5,8,22.9,17,41.1,75.2,6,52.9,41.9,22.4,17.1,6,7099954.7,28
22,94,7874.5,302.7,685.9,588.5,1174.9,1531.9,133.8,1051.1,1392.3,409.4,481,123,1.536714158E8,24
22,95,3099.5,84,194.5,194,455.9,558,49.5,415.1,652.9,141.5,299.1,55,6.78744089E7,5
23,0,184,5.7,21.4,16.4,11.8,48,2,16.7,34.8,2.3,17,7.9,3846996.1,21
23,1,66,1.9,9.2,4.9,11.1,20.9,2,6.2,2.1,6.8,0.9,0,1296240.2,15
23,2,594.5,26,63.6,36,92.9,146.9,16,68.3,53.9,46.7,31.9,12.3,1.18167328E7,29
23,3,350,19.9,43.6,11.1,69,73.6,14.5,29.1,30.1,34.6,16.3,8.2,7180311.7,32
23,4,65.5,3.6,6.2,3.1,7.8,19,0,8.1,5.7,6,5.1,0.9,1586800.7,15
23,5,655.5,28.6,50.2,44.5,125.2,144.8,13.5,110.2,56,47.6,23.1,11.8,1.40260015E7,21
23,6,35,0,3.9,1.9,2.9,8.9,0.6,7,5.1,1.3,3.4,0,840118.4,12
23,7,268,11.9,24.3,8.1,36.7,52.8,7.5,29.1,56,23.2,11.1,7.3,6225776.7,16
23,8,277.5,16.2,22.9,16.5,43.3,72.5,6.6,51.3,22.7,15.8,1,8.7,6437178,37
23,9,276.5,13,28.2,21,35,53.7,5.1,54.8,32.1,12.5,18.3,2.8,5707352.1,19
23,10,217.5,4.4,21.5,13,32.2,48,3.1,41,20.9,14.4,12,7,4535661.4,9
23,11,1848,89.3,149.7,102.6,278,325.1,55.8,266,260.7,114.5,162,44.3,3.52617733E7,29
23,12,24,0.4,2,1.3,3.7,5.9,0.4,5.5,3.1,0,0,1.7,503465.2,7
23,13,33,0.5,2.8,1.7,5,8.2,0.5,7.7,4.4,0,0,2.2,692264.7,11
23,14,27,0.8,3.2,0,3.5,8.9,0.5,3.2,3.6,1.9,1.4,0,664239.7,8
23,15,62,0,5.2,3.3,6.2,15,1,6.5,8.8,7.5,5.2,3.3,1175011.6,22
23,16,49,0,5.5,2.9,3.1,16.4,0,11.3,3.9,2.8,3.1,0,989417.5,15
23,17,53,0.7,6.8,2.3,11.8,13.1,1.8,5.2,5.2,5.1,0,1,1005367.6,15
23,18,47,2.7,2.9,3,4,9.1,1.2,9.2,11.9,0,3,0,1050116.5,12
23,19,179,8.7,19.1,8.8,29,36.9,6,19,19.1,15.9,9.3,7.2,3310427,22
23,20,65.5,0,5.1,3.6,7.7,15,0,14.3,16,0.7,3.1,0,1243148.1,11
23,21,29.5,0,3.4,1,2.9,8.8,0,7.3,1.1,1,2,2,684841.5,10
23,22,68,0.8,4.9,4.2,7.9,13.3,2.8,13.9,12.3,4.1,1.9,1.9,1419463.6,19
23,23,341.5,11,20,19.9,46,70.1,8.8,52.9,66.1,15.3,23.1,8.3,6246545.1,26
23,24,225.5,10.6,23.5,9.6,31.1,35.3,2,38,45.9,8,21.5,0,4563208.6,29
23,25,69,2,10.1,5,7.8,16.1,2,13.8,2.9,5.9,2.3,1.1,1514083.5,15
23,26,63,0,1.1,4.1,4.4,14.8,1.1,13,15.7,0,8.8,0,1452016.1,19
23,27,52,0.7,3.1,3.3,5.6,10.2,1,5.9,9,5.2,6.8,1.2,1155636.2,17
23,28,77,1.8,4.7,2.7,8.1,17,3.8,14.4,13.1,2,7.3,2.1,1554604.1,22
23,29,64,1.8,4.1,5.2,6.2,9.9,0,9.8,13,2.7,8.9,2.4,1304744.6,11
23,31,16.5,0.5,0.5,0,1.2,5,0.3,4.5,2.1,0,1.2,1.2,342237.1,4
23,33,5,0.1,0.2,0,0.5,1.2,0,0.7,1.8,0,0.2,0.3,122930,2
23,34,319,7.7,31.2,10.9,50.1,59,8.3,35.1,50.9,27.5,30.3,8,5884250.1,23
23,35,263,12,11.3,10.1,32.9,48.9,7.9,48.1,38.9,21.7,25.2,6,5756703.2,22
23,36,95.5,4.7,7.1,2.1,18.1,25.9,0.9,13.2,11.9,5.4,2,4.2,2097809.7,18
23,37,85,2,8.4,3.7,13.1,18,0.3,12.1,10.4,9,3.8,4.2,1772404.5,16
23,38,1043,38.5,81,85.7,188.7,184.1,30.7,170.2,173.7,51.5,24.7,14.2,1.97965524E7,32
23,39,135,6.9,8,15.7,25.6,32.7,0,19.4,17,4.1,3.2,2.4,3160426,28
23,40,151,4.8,7,9.9,15.2,33,3.1,32.8,32,5.9,4.2,3.1,3377635.6,17
23,41,83,5,6.8,7.8,18,13.1,4,8.1,9.4,7,2.9,0.9,1825437.3,15
23,42,40.5,1.3,2.4,2.8,5.8,8.9,0,4,10.8,0,3.2,1.3,891283.5,14
23,43,34,3,4.8,1.1,5.2,6,0.8,3,3.1,3.8,3.2,0,642297.1,10
23,44,43,2,3.9,2.2,5.8,12.1,2,7,4.2,3,0.8,0,878774,10
23,45,43,2,2.9,2,4.8,12.1,1.1,5,8.8,0,2.1,2.2,897248.6,10
23,46,51,0.8,4.1,5.1,5.1,10.9,0.9,6.9,11.9,3.1,2.2,0,900298.6,9
23,47,20,0,3,0,2.6,7,0,1,3.4,2,1,0,372178,6
23,48,18,1.9,1.2,0.5,3,3.7,0.3,1.4,4.3,1.4,0,0.3,440434.8,4
23,49,81,1.9,7.9,4.1,10.8,11.9,0,14.9,10.9,8.2,9.2,1.2,1440614.2,26
23,50,37,0.8,3.9,0.9,6.3,5.3,0,7.3,7.8,0.8,3,0.9,734853.3,13
23,51,56,3.9,0.8,0.9,10.2,11.1,0,13,5.9,4.9,0.9,4.4,1130885.6,14
23,52,599,23.4,50,44.4,84.5,115.4,14.1,81.8,108,27.5,43.7,6.2,1.17077495E7,46
23,53,391,12.7,39,20,47.8,81,9,72.9,63.4,19.7,18.3,7.2,7659002.6,31
23,54,295,11.9,33.3,9.7,43.9,65.9,9.1,43.3,35.1,17.6,19,6.2,6244349.8,35
23,55,106,0,19.1,4.9,10,26.7,0.9,19.2,16.4,2.7,2,4.1,2494555,23
23,56,384,11.6,37.8,16.2,56,92,8.6,56.3,58.2,25.8,12.4,9.1,8550318.9,31
23,57,100,2.8,14,6.8,12.1,27.9,1,11.9,2,7.1,9.3,5.1,2079793.1,21
23,58,244,11.8,23.5,14.2,28.8,58.9,4.1,44,37,8.5,9.2,4,5358428.1,27
23,59,150,7,10.2,7.8,35.2,14.9,5.8,22.2,26.6,13.3,6.1,0.9,3394083.8,24
23,60,243.5,3.9,21,10.8,43.5,51.1,6,32,40,20.3,13.9,1,5159726.8,28
23,61,91,1.6,10.4,3.1,9.8,13.2,0.8,16.5,18.5,5.9,8.8,2.4,2047584.5,25
23,62,133,5.7,10.1,9.1,23,30,9.7,19.1,11.2,6.8,6.2,2.1,2825181.4,23
23,63,70,5.9,1.1,0.9,22.3,9.7,1.1,9.6,9.3,4.8,4.2,1.1,1599024.8,18
23,64,182,6,17.3,9.1,30,36.1,1.6,22.1,36.1,11.8,9.3,2.6,3784304,35
23,65,885,45.1,68.7,45.4,131.6,150.5,22,122.1,155.8,54.4,81.1,8.3,17365926,43
23,66,125,8.9,5.4,4.7,22.9,28,2.8,22.2,21.1,5.7,2.2,1.1,2484803.2,28
23,67,105.5,9.3,8.5,8.8,22,23.8,0,10.9,11.1,8.1,3,0,2040161.9,24
23,68,75.5,2.8,4.6,6.1,9.9,16.3,1,7.9,18.8,4,1,3.1,1554549.7,17
23,69,109.5,6.8,6.9,9.1,23.9,24.1,3.2,10.9,13.3,7.3,4,0,2617576,22
23,70,400.5,13.8,36.6,17.8,64.1,78.7,4.5,86.3,49.2,26.9,15.5,7.1,9122630.3,46
23,71,253.5,15,21.1,22,39,66.3,5.9,38.3,24.3,15.8,2.7,3.1,5829629.9,24
23,72,848,43.9,95.1,40.7,146.2,179.2,26,106.9,103.5,62.4,33.3,10.8,17537634,44
23,73,32,0,2,2,4.2,9.9,0.3,8.9,3.1,0.6,0,1,713084.9,7
23,74,143.5,5.6,20,9,18.1,38.1,3.9,14,17.2,9.5,4.2,3.9,3066686.5,21
23,75,265,10,22,16.1,57.8,43,7.8,41,32.3,12.3,18.9,3.8,6073193.2,27
23,76,153,7.7,15.6,8.5,20,38.9,4.2,22.9,17.3,5.6,10.3,2,3100150.8,15
23,78,32,1,1.9,4,5,10,0,3.1,4,1,1,1,843915.4,3
23,79,894.5,47,106.3,43.2,183,197.1,21.5,107.3,76.9,82.1,12,18.1,2.08809892E7,16
23,80,76.5,1.9,11.1,5.1,4.1,22.9,1.7,17,5.1,4.4,2.1,1.1,2281588.3,15
23,81,61,1.9,6.8,6.9,5.1,15,1.1,14,4.1,4.1,2,0,1590331.1,9
23,82,812.5,58.6,84.9,40,170.8,154.5,22.9,120.8,84.3,54.6,12,9.1,1.95793933E7,38
23,83,470.5,25.2,42.4,17.8,69.4,103.2,11.6,84,69,20.6,17.2,10.1,1.08934265E7,44
23,84,507.5,28.9,54.2,32.5,101.2,108.2,11.9,73.1,41.2,38.7,7.8,9.8,1.17641754E7,27
23,85,975.5,48.1,101,42,175.1,186.1,30.7,147,119.3,69,37.1,20.1,2.30103781E7,40
23,86,323,16.6,29.9,14.2,58.1,66.9,5.9,55.4,43.2,19,4.9,8.9,7563329.3,33
23,87,50.5,2.5,5,2.5,6.8,11.8,0,11.9,5.9,2.5,0.8,0.8,1339309.7,16
23,88,270,16.3,21.3,14.9,44,63.2,7,39.7,27.9,14.7,5.1,15.9,6298802.5,26
23,89,287,18.9,38.8,12.9,52,65.1,8,30,21.9,20.2,6.1,13.1,6451111.7,26
23,90,179,9.3,20,8.1,33.7,37.1,4.8,26.7,17.1,12.7,3.2,6.3,4235903.1,24
23,91,271.5,20.1,34.2,15,76.1,57.1,8.7,14,17,19,5.1,5.2,6332114.5,25
23,92,527,19.1,52.2,31,101.8,120.2,12.5,71.1,58.9,36.2,14.9,9.1,1.26916641E7,29
23,93,447,12.8,37.9,25.6,74.3,103.8,14.5,58.9,57.1,40.1,15.9,6.1,1.00972708E7,21
23,94,7035.5,335.4,620.9,566.7,1282.2,1368.9,154,933.7,845.9,411.7,437,79.1,1.285959151E8,24
23,95,1017.5,54.4,82.4,47.2,178.9,201.2,21,145.9,159,64.5,54,9,2.00681296E7,12
24,0,146,4.9,16.2,10,14.9,33,0,32.2,21.9,5.9,7,0,2987315.7,12
24,1,53,1.9,5.2,4.2,5.3,16.9,1.9,8.8,2.9,2.3,2.9,0.7,1348408.3,15
24,2,57,5.7,5,1,9.8,10.3,1.6,4,14.9,4.7,0,0,1007470,15
24,3,45,0,4.7,3.1,1.9,10.2,0,13.8,4.7,4.3,2.3,0,990778.4,14
24,4,356,17.1,30.6,23.9,59.1,67,8.9,59.7,45.9,19.5,22.3,2,7984592.5,28
24,5,167.5,2.9,16.8,9.7,24.1,38,3.9,26.8,18.2,14.1,9.9,3.1,3796186.6,24
24,6,48,0.8,0,4.9,7.9,11.2,0,14,4.9,2.1,2.2,0,1081064.8,11
24,7,23,0.7,3.5,1,3.9,6.9,0.7,3,1.2,1.3,0.4,0.4,526965.2,8
24,8,48.5,0,4.8,4.8,4.9,12.8,0.9,4.9,8.8,4,0.9,1.7,988480.2,17
24,9,52,0.8,10,5.1,3.2,16.9,0,4.3,5.8,4.1,0.9,0.9,1212107.6,13
24,10,138,8,22.8,7.3,23.2,36.3,3,10.9,13.8,10.9,0.7,1.1,2765167.7,18
24,11,88,3.3,6.1,3.3,10.4,25.9,0,12.6,12.2,8.1,4.1,2,2047894,20
24,12,233,9.9,20.8,10.9,41,50.1,4.5,34.1,19,29.4,10.3,3,4565335.5,22
24,13,67,8.1,4,2.9,13.3,10.3,3.9,8.9,4.7,2.9,2.9,5.1,1280137.5,17
24,14,318,18,28.6,15.8,59.7,61.5,4.1,50.2,42,18.2,10.2,9.7,6787985.8,30
24,15,44,2.9,1.8,1.3,11.4,8.3,1.8,5.9,4.6,0,2.9,3.1,985583.7,14
24,16,68,3.7,4.8,0,16.8,12.4,0,13.2,6.8,4.7,5.6,0,1444510.7,16
24,17,431,14.4,43.2,18.6,57.3,90.5,9.9,57.3,76.2,23.9,35.3,4.4,8202655.3,32
24,18,61,3,6.7,1,10,16,1.9,11.1,1.1,6.6,1.6,2,1284745.1,18
24,19,43,0,3,1.8,4.9,12.1,0,5.1,8.7,1.8,2.2,3.4,874902.3,13
24,20,22,0.7,2.4,1.5,2.7,5.6,0.3,3.1,2.9,0.7,0.9,1.2,441487.2,6
24,21,49,1.3,5.3,3.6,6.1,12.5,0.7,6.7,6.2,1.3,2.4,2.9,983312.3,13
24,22,39,1.7,1.8,0,5.1,10.2,0.6,7.4,6.1,3.9,2.2,0,824686.6,14
24,23,191.5,0.9,12.4,11.1,15.1,30.8,0.9,47.1,46,2.9,21.2,3.1,3804130.9,20
24,24,48,0,4.1,2,2,12.3,0.9,8,6.8,4,7,0.9,1205982.9,11
24,25,18,0.7,0.6,1.1,2.5,1.8,0.2,5.5,2.9,1,0.6,1.1,409809.4,5
24,26,48,3,0.7,1,11.2,11.2,1.8,4.8,6,3,2.2,3.1,966599.8,13
24,27,62,0.6,6.2,2.8,6.2,14.2,0,8.1,16.8,1.2,4,1.9,1169802.1,17
24,28,68,1.9,6.1,3.1,6.1,11.2,0.9,15,15.9,4.6,3.2,0,1382331.1,16
24,29,1028.5,42.1,72.2,33.4,142.8,175.4,17.7,137,212.3,51.7,134.1,9.8,1.93759354E7,37
24,31,5,0.3,0.6,0.1,0.8,0.9,0.1,0.8,1.1,0.2,0,0.1,85107.9,2
24,32,11,0,2,0.2,2.2,2.4,0.2,1.3,0.9,0.2,0.9,0.7,221724.9,4
24,33,30,3.9,0.9,2.1,8.1,6,0,0.9,5.1,3,0,0,713288.8,6
24,34,71.5,2.8,6.4,4.1,9.2,19.2,0.9,8.8,10.1,4.1,1.1,4.8,1626019.4,16
24,35,119.5,4.8,16.1,5.5,18.7,30.4,1.1,9.8,11.1,14.2,4.8,3,2773343.5,22
24,36,68.5,1.8,7.3,2.8,9.2,16.1,1.2,9.8,9.2,4.1,2.9,4.1,1388045.3,12
24,37,118,3.1,16.8,6,15.9,23.9,2,22,15.1,8,2.9,2.3,2754564.4,17
24,38,2972.5,108.9,253.1,208.2,444.1,510,75.9,345.1,525.9,159.5,311,30.8,5.61353106E7,29
24,39,1244.5,34,112.9,80.3,185,223.7,26,165.8,194.9,72.6,131.2,18.1,2.43514411E7,29
24,40,142.5,7.2,18.6,11,22.9,22.9,4.8,23.2,15.8,6,10.1,0,3197472.2,18
24,41,133,4.8,5.7,9.9,17.3,30.7,1.5,31.1,8.8,9.6,9.4,4.2,2745523.4,25
24,42,40,0.6,1.8,2,8,7.4,0.6,6.2,6.2,6,1.2,0,792958.2,13
24,43,118,2.8,11.1,6.1,12.8,25.9,4,19,19,5.4,8,3.9,2092337.4,20
24,44,289,12,20.4,11.6,46,56.2,7.3,40.1,51,18.5,22.9,3,5168920.3,16
24,45,17,0,1.2,0,1.3,3.4,0.4,1.9,3.9,0.4,2.8,1.7,373760.3,7
24,46,69,1.8,2.1,0,15,15.9,0,7.8,9.3,10.9,5.1,1.1,1369138.8,17
24,47,21,1.5,2.1,0.6,3.5,5.5,0.6,2.4,2.4,1.2,0.6,0.6,397450.3,7
24,48,77,4.8,4.7,3.8,14.8,7.1,1.3,10.4,20.9,1.8,7.4,0,1653741.4,20
24,49,43,3,0,4.2,6.8,5.7,1.1,1.9,12.9,3.1,4.3,0,906427.1,12
24,50,70.5,1.1,7.4,7.3,14.6,16.7,2,7.9,7.1,2,3,1.4,1372896.9,18
24,51,39,0,2.7,1.9,0.6,7.8,0,9.1,11.4,0,3.3,2.2,795701.3,15
24,52,57,5,2,0.8,14,5.1,2,5.1,9.9,4.1,7.9,1.1,1140265.5,9
24,53,162,8.9,7.1,3.8,26.3,30.6,2,38.4,20.1,10.8,11,3,4140630.3,33
24,54,213,7.6,19.7,9.8,21.1,50.8,2.7,38,40.3,4.8,10.2,8,4788016,36
24,55,181,4.7,13.2,8.2,25.9,30.9,4.2,35.7,37.8,6.1,11.2,3.1,4093321.8,24
24,56,257,9.9,24.5,14.2,32.1,61.2,1.7,34.8,48.2,11.4,14,5,5913991.3,26
24,57,307.5,20.2,19.2,16.7,44.2,55.1,3.8,51,59.3,17.1,10.9,10,7626371.4,25
24,58,73,1.9,5.1,3,11.9,20,1,11.1,8.1,4,5.9,1,1690695,15
24,59,301.5,17.8,26.4,18,55,62.1,8.7,27.7,58.4,14.6,10.9,1.9,6671099.2,24
24,60,152.5,6.8,10.7,9.8,28.1,29.8,4.6,23,19.1,8.9,6.1,5.6,3369449.5,26
24,61,148.5,8.5,14.9,10.9,26.8,26.8,6.1,16.4,10.2,14.5,11.3,2.1,3046332.8,26
24,62,114,8.2,9.3,5.7,20.7,25.8,1.1,18,16.4,5.7,3.1,0,2467910.8,23
24,63,108.5,5.1,10.7,8.2,16.7,29.7,2,12.8,13.3,5.8,1.1,3.1,2452393.9,22
24,64,131,5.9,9,5.1,26.1,26.3,4.7,13.2,20,9.6,8.1,3,2706405.5,23
24,65,92.5,1.3,8.7,3.9,15.6,18.2,4.6,14.9,18.8,2.2,3.2,1.1,2126927.5,25
24,66,76,4.9,2.8,0.8,15,8.1,2.8,11.2,16.1,7,6.4,0.9,1498326.3,20
24,67,254,12.8,32.6,20.8,40,51.9,10.9,24,30.2,20.2,9.6,1,5008745.1,39
24,68,227,14,18.9,16.9,37.2,54.8,8.8,27.1,20.5,20.9,2.9,5,4870922.2,26
24,69,273,16,14,12,66.8,43.5,11.4,38.2,35.8,19,12.2,4.1,6057848.5,26
24,70,236,10.9,24.2,15.1,33.2,46,8.5,44.7,30.3,10.8,9.2,3.1,5322598.1,34
24,71,2128,63.6,154.8,140.2,287.3,422.2,32.2,298.2,393,99.5,215.4,21.6,4.18737907E7,37
24,72,3502,158.7,289.7,301,656.1,645.1,85.8,435,443.9,185.5,255.1,46.1,6.11291125E7,29
24,73,245,7.9,30.1,8.9,40.8,52,8.2,34.8,26.5,18.9,10.8,6.1,5126546,30
24,74,369.5,25.1,40.2,14.6,91.1,60.3,16.5,46.8,35.2,26.6,10.9,2.2,8019171,36
24,76,17,0,3.3,1.3,1.7,6,0,1.3,1.3,0.4,0,1.7,308199,3
24,77,7,0,1.4,0.5,0.7,2.4,0,0.6,0.6,0.1,0,0.7,126905.5,2
24,79,331,19.9,18.6,13.2,59.8,56.9,9.9,49.8,56.8,20.3,21.9,3.9,6981361.4,10
24,80,790,39.7,93.9,51.2,145,185.1,23.7,76.1,86.9,53,18,17.4,1.87379287E7,21
24,81,575.5,38.9,59.6,30.7,119.1,111.1,23.8,68,49.6,49.3,16.1,9.3,1.37688983E7,34
24,82,651.5,43.1,68.1,26.4,151.3,130.5,21.5,76.1,58.6,53.6,12.2,10.1,1.57069658E7,40
24,83,2125,144.1,196.2,161.1,441.7,380.9,62.9,284,183.8,153.1,98.2,19,3.98835629E7,29
24,84,3099.5,137.9,279.6,258,554.9,600.1,93.5,346.8,331.9,213.5,240.3,43,5.75690269E7,13
24,85,463.5,23.9,39.2,33.9,75.8,102.5,13.1,76.1,42.2,33.5,17.1,6.2,1.05586419E7,34
24,86,343,14.2,28.1,20.8,56.1,69.7,6.4,45.1,58.1,27.5,14.4,2.6,7850893.2,39
24,87,476,32.4,60.6,28.3,85,103.8,14,62,38.9,35.7,8,7.3,1.08467318E7,25
24,88,335,26,22.8,15.3,72.9,66.1,10.9,47.2,32.5,24.3,8.9,8.1,7881415.6,23
24,89,82.5,3,8.9,3.1,11.8,26.5,1.9,11.9,12.9,1.4,0,1.1,2067578.6,21
24,90,370.5,13.6,44.3,23.9,73.9,66.9,11,44.1,43.1,27.4,13,9.3,8186789.3,20
24,91,199,12,23.1,9.1,30.6,45.2,1.8,25.9,25.2,15,7.9,3.2,4461364.5,22
24,92,120.5,0,10.6,5.9,11,22.8,0,29.2,27.4,2.5,7,4.1,2943156.3,22
24,93,822,20.2,58.7,40.3,109.1,160,16.2,152.2,168.6,43.4,34,19.3,1.92304846E7,34
24,94,165,11.1,8,11.4,34,35.1,3.6,31.3,17.4,10.1,2.1,0.9,3874848.5,21
24,95,890,32,84.9,50.2,137,216,23.1,108,121.8,54.9,35,27.1,2.12438823E7,21
24,96,1,0,0.1,0.1,0.2,0.2,0,0.1,0.1,0.1,0.1,0,21041.5,1
25,0,37,2,2.5,2,7.1,9.1,0,2,3.2,5.3,3.8,0,781541.6,12
25,1,48,3,4.8,3,12.1,11.2,1.9,4.2,3,1.9,1,1.9,1006151.9,11
25,2,16,0,1.6,1.8,1.8,3.2,0,6.2,1.4,0,0,0,399162.3,7
25,3,32,0,3.2,3.7,3.7,6.3,0,12.3,2.8,0,0,0,798324.5,10
25,4,31,1.2,3.1,3.1,3.5,4.7,1.2,4.2,1.9,1.9,5,1.2,576620.3,12
25,5,47,3,3,3.8,6.3,15,1,3.8,6.3,3.8,1,0,1066187.5,16
25,6,36,0.7,1.6,1.6,7.2,7.2,0,5.8,7.2,1.3,1.3,2.1,905412.3,13
25,7,30,1,4.4,1.3,5,9,1,4,1.4,1.7,0.6,0.6,687346,11
25,8,1078,42.9,79.3,69.6,177.6,203.8,29.3,139,164.1,69,95.4,8,20777536,26
25,9,52.5,2.5,3.9,1.9,6.9,10,0.9,8.3,10.8,5.2,2.1,0,1200603.7,14
25,10,159,7.7,17.1,8.4,24.2,32.2,5.1,27.6,18.6,16,1.1,1,3253558.4,18
25,11,164.5,9,17.6,6.8,29,46.1,6.8,13.9,18.2,11,6.1,0,3554766.6,21
25,12,67,5.2,13.3,1.2,6.8,14.9,0.9,9.1,5.8,0.9,6.8,2.1,1416770.9,15
25,13,380.5,9.9,30,19,60.2,86.9,7.9,51.3,47.2,34.8,25.2,8.1,8282053.1,32
25,14,79,6,6.1,5.1,9.9,18,0.9,9.7,11,5,4.3,3,1831855.8,16
25,15,106,2.3,12.9,7.1,14.1,33,0.5,11.8,11.9,7.1,0,5.3,2294566.8,21
25,16,54,2,2.4,2.9,7.9,7.9,0.9,15.3,9.9,0.9,3,0.9,1149851.5,17
25,17,84.5,2.7,11,3.2,12,18.8,1.8,11.9,12.1,7.8,1.9,1.3,1909745.2,27
25,18,32,1,3.7,2,4.2,6.8,1.2,5,6.8,1.3,0,0,728536.4,9
25,19,23.5,0,0.9,1.5,2.2,7.9,0,4,4,0.8,2.2,0,539954.8,10
25,20,189,8.1,22.3,6.7,26.9,37.8,3.9,23.9,27.5,11.8,11.7,8.4,3388117.7,22
25,21,91,0.9,11.6,2,4,19.9,0,24.1,16,1.3,10.2,1,1969155.6,18
25,22,42,0.6,2.8,0,1.4,6.9,0,12,12.2,1.9,4.2,0,933109.8,17
25,23,82,0.7,1.8,3.3,8.2,13.3,0,13.3,28.1,1,12.3,0,1841667.8,23
25,24,67,2,1.9,4.9,7.7,12,2,10.3,9.5,4,10.7,2,1230109.4,15
25,25,40,2,1.3,2,5.7,4,0.7,12.7,6.3,2,1.3,2,910687.3,9
25,26,48,1.8,7.1,2.1,2.9,13,0.8,6.2,12.1,0,0.8,1.2,1017559.5,12
25,27,77.5,1,3.4,1.2,7.9,18.2,0,13.6,25.1,0.9,6.2,0,1723149,21
25,28,115,3.8,15.1,4.4,19,24.8,1.7,11.5,22.1,4.4,7,1.2,2352657.1,25
25,29,208.5,6.8,13.3,8.3,31.1,41.5,3.9,29.8,44.1,10.1,12.4,7.2,4158715.9,33
25,30,1,0.1,0.1,0,0.2,0.2,0,0.2,0.2,0,0,0,17021.6,1
25,31,5.5,0.3,0.7,0.1,0.9,0.9,0.2,0.9,1.2,0.2,0,0.1,93618.7,2
25,32,514.5,27.2,49.8,31.8,86.8,87.5,6.8,70.3,68.2,42.3,38.9,4.9,9306281.3,31
25,33,29,0,5.1,0.7,5.8,6.3,0.5,3.7,2.4,0.5,2.4,1.6,584547.6,6
25,34,207,12.8,21.7,10.1,36.8,43.2,6.3,27.3,24.9,16.8,3,4.1,4625084.3,28
25,35,496.5,15.9,47.1,31.5,69.7,119.2,8,61.1,75.7,27.1,34,7.2,1.06614248E7,31
25,36,53,2,2.9,0,7,10,0,13.8,8.1,2.1,5,2.1,1347790.6,10
25,37,48.5,0.5,3.8,2.9,1,10.1,0,14.1,11.7,0,2.4,2,1175349.7,14
25,38,3007,135.7,299.1,179.2,459.2,555.1,78.7,360.9,474.9,186.8,242.5,34.9,5.12654773E7,30
25,39,1032,38.8,90.5,71.8,147.9,210.4,22.5,137.1,152.7,59.7,80.3,20.3,2.06133596E7,39
25,40,253,7.6,31,16.3,34.4,53.4,5.2,41.8,36.9,13.6,9.9,2.9,5602796.1,35
25,41,53,1,9.2,2.9,5.7,14.9,1,4.2,5.3,6.8,1,1,1067863,13
25,42,36,0,0,5,3.8,8.2,0,4,4.2,0,5.8,5,753588,9
25,43,50,4.2,5.8,3,8,10,2,5,5,5,2,0,758215.7,13
25,44,26,0,1.8,0,1.9,5.2,0.7,3,6,0.7,4.1,2.6,571633.4,9
25,45,58.5,1.8,6.2,0,8,14.2,2.1,9.8,11.1,3.2,0,2.1,1276855.3,12
25,46,107,3.8,7.3,5.2,17,19.1,4.8,19,14.9,4.6,11.3,0,1801069,20
25,47,71,2.4,4.1,3.5,11.5,14,0.4,11.2,11.6,3.2,5.6,3.5,1482528.8,15
25,48,72,0.8,3.6,1.1,9.5,14.8,5,11.6,14.9,5,4.3,1.4,1231735.2,23
25,49,47,0.8,3.1,0,6,10.8,1,7.1,12.2,4.8,1.2,0,1107703.8,14
25,50,84,4.9,5.9,1.8,11.1,10.3,2.1,17.8,14.9,3.8,6.3,5.1,1540233.9,22
25,51,36,1.9,2.1,3.1,5,7.1,2.8,5,5.9,3.1,0,0,715109.9,8
25,52,41,0.9,4.1,0,4.1,12,1.1,8.2,5.8,0,2.9,1.9,834136.6,11
25,53,80.5,6.8,7.1,2.9,18,16.1,0.8,8.1,12.9,5.8,2,0,1571321.3,18
25,54,102.5,3.6,9.3,9.6,13.7,22.1,0,14.6,18.3,7.2,3.1,1,2240008.7,25
25,55,245,9.9,27.6,18.9,34,55,5,33.2,37.1,9.5,9.8,5,5839016.2,31
25,56,2303,67.4,183.4,150.1,316.3,425.1,38.9,336.8,383.1,112.7,252.2,37,43861967,26
25,57,2494,74.1,236.2,142.6,367,523.9,50.7,353.8,364.4,148.1,169,64.2,5.10788119E7,26
25,58,205,6.6,28.1,8.9,26.7,56.4,5.9,22.1,31,10.9,6.1,2.3,4902299.3,26
25,59,347.5,17.7,25.9,18.9,64,82,9.9,41.3,44.2,23.5,13.1,7,7565520,26
25,60,152,6.4,11,7,26.4,32.5,3.6,20.4,21,14.2,6,3.5,2963565.5,36
25,61,177,14.8,14,12.2,30.3,31.1,5.8,24.6,29,7.1,5.1,3,3648139.1,27
25,62,159.5,7.8,15.2,10.1,25,36.8,3,20.9,18.6,11.8,8,2.3,3235905.6,29
25,63,297,14.4,30.9,18.5,55,49.4,11.1,46.9,34,20,12,4.8,6339388.1,33
25,64,76,2.3,7.3,6.3,10.1,19.8,0.5,8.9,7.3,4.9,7.8,0.8,1490157.5,22
25,65,125,9.1,8.3,3.8,23.9,24.8,0,23.1,11,16.1,1.8,3.1,2487862.2,21
25,66,167.5,14.5,10.6,4.9,32.2,33,5.6,21,17.2,12.5,13.2,2.8,3504169.4,31
25,67,204,15.7,13.2,13.2,49.3,27.4,7.2,31.3,25.8,17.8,2,1.1,4105373,27
25,68,191,5.8,17.8,8.2,36.3,47,5.9,28.9,23.1,11.7,3.2,3.1,4270604.3,32
25,69,750,42.9,76.1,37.9,149.1,131.2,22.1,97.3,92.1,75.6,19.7,6,1.62264471E7,35
25,70,389.5,10.9,41.3,26.9,57.8,96.8,8,57.1,51.4,24.9,8.2,6.2,8930472.2,39
25,71,3246,169.3,329.9,226.8,493.8,660.8,78.9,394,461.8,208.5,183.2,39,6.04657783E7,40
25,72,2065.5,96.1,213.9,134.6,332.8,481.1,39.5,244.2,240.3,135.6,115.2,32.2,4.19699613E7,39
25,73,343.5,4.9,34.7,12.2,54.1,68.5,10.6,52,60,24,9.1,13.4,7981970.6,29
25,74,172,10,14.4,5.9,29.2,35,3,25,26.1,13.3,7,3.1,4201331.6,27
25,75,32,0.9,1,1,8,3,3,5,5.1,4,0,1,641121.9,4
25,76,10,0,2,0.7,1,3.6,0,0.7,0.7,0.3,0,1,181293.6,3
25,77,17,0,3.4,1.2,1.7,6,0,1.3,1.3,0.4,0,1.7,308199,4
25,79,1,0,0,0,0.2,0.2,0,0.3,0.2,0,0.1,0,22959.1,1
25,80,380.5,15.5,34.2,13,58.8,85.1,8.1,62.7,54.3,22.6,12.1,14.1,8686410.8,22
25,81,771,33,106.4,41.9,122,220.9,11.4,81.3,54.2,60.2,14.8,24.9,1.82080807E7,34
25,82,280,7.2,40.8,11.3,40.1,80.2,3.3,46.3,24.8,14.2,2.3,9.5,6572682.3,17
25,83,3577.5,174.3,327.9,186.7,651.4,645.4,124.7,475.9,470.2,274.1,188,58.9,7.35177509E7,26
25,84,5605.5,290,538.6,409.5,1062.9,1071,156.5,675.7,693.1,379.8,273.2,55.2,99444988,22
25,85,885,42.8,107,53.1,163,201.5,19.7,79.7,107.1,58.2,20.9,32,1.99339919E7,34
25,86,374,13,38.5,10.1,67.9,72.2,8.7,52,58.2,34.8,15.8,2.8,8483909.5,30
25,87,308,15,31.9,13.1,79.1,55.4,12.9,44.8,20,28.8,2.1,4.9,7199607.5,29
25,88,497,26.8,49.7,22.1,101.3,106.9,9.6,61.9,41.8,43.4,22.2,11.3,1.07012428E7,33
25,89,180.5,4.9,21.3,9.2,30.7,49,11.8,13.1,17,18.5,3,2,4057551.7,20
25,90,26,0.8,2.9,1,5.2,7.1,2,3.1,3.1,0.8,0,0,663213.8,7
25,91,286,15.8,30.4,20.7,47.2,77.1,6.4,21,28.4,23.5,8.2,7.3,6401361.1,30
25,92,275.5,11.6,21.6,10.3,49.9,64.9,7,42.9,27.1,19.8,11.9,8.5,6127212.9,18
25,93,58,0.9,3,0,11.1,12,3.9,10.1,8.9,8.1,0,0,1211071.4,10
25,94,625.5,24.9,58.7,32.9,109,129.9,19,87.1,92.3,45,19.8,6.9,1.37640312E7,30
25,95,403.5,12.9,44.5,16.9,53.1,91.8,8.9,68.8,66.2,22.2,14.2,4,9370714.3,17
25,96,495.5,21.5,42.2,35.4,93.8,109.8,15.1,57.7,57.1,29.1,27.9,5.9,1.00791929E7,10
26,0,38,0,3.9,3.2,0,11.1,0,12.9,0.8,2.1,0.8,3.2,848579.4,11
26,1,562.5,22.4,38.1,29.4,71.8,93.2,12.7,70.2,105.8,30.7,80.8,7.4,1.15323532E7,32
26,2,44,0.7,8.1,1.3,3,8.9,0,6,8.9,0.7,6.4,0,803963,12
26,3,180,1.8,9.2,12.9,14.2,31.7,0,21.8,38.2,3,43.1,4.1,3604160.6,15
26,4,28,4,1,2.8,7.2,2.3,0,6.1,2.8,1.8,0,0,562164.4,11
26,5,36,0,7.6,1,5.4,7,0,6.1,7.2,0.6,1.1,0,768867.6,14
26,6,19,0.6,1.9,1.5,2.1,5.3,0.4,3,3.2,0.4,0,0.6,342810,7
26,7,47,1.9,4.3,2.9,6.6,9.4,0,7.3,9.7,4.3,0.6,0,975027.3,19
26,8,76,0.7,9.1,4.3,9.8,17.2,1,12.9,7.8,4.3,7.9,1,1881965.2,16
26,9,57,1.9,3.8,2,17.1,16.1,1.9,5.8,2.6,3.8,1,1,1105947.5,17
26,10,126.5,3.9,12.7,9.1,16,35,2.8,17.4,13,9.5,7.1,0,2915105.9,24
26,11,46,0,3,4.2,4.8,10.8,0,11,7.7,1.9,0,2.6,1067988.5,19
26,12,66,4.7,6.1,4.9,7.9,15.8,1.2,16,3.1,2,4.3,0,1368380,14
26,13,166.5,9.7,16,6.5,29.8,38.3,3.8,27,23.2,6,1,5.2,3752663,28
26,14,56,1.8,4.1,2.9,9.9,10.9,1,9.2,9.8,5.4,1,0,1174827.7,15
26,15,905,42.8,81.8,51.8,152.1,141.9,29,147.1,118.6,57.2,69.4,13.3,1.82341229E7,25
26,16,151,1.9,13.7,11,18.1,32.8,2.7,29.9,24.9,7.6,5.5,2.9,3238751.8,18
26,17,56,5.8,3.9,2.1,11.1,7.9,2,8.3,6,5,3.9,0,1084713.5,10
26,18,25,0,0,0,1.9,5.8,0,5,10,0,1,1.3,559815.4,9
26,19,68,1.9,2.1,4.7,7,14.1,0,8.9,10.1,1.9,11.2,6.1,1361408.6,19
26,20,29.5,1.8,5.1,0.8,5.2,5.9,0,3,3,2.6,2.1,0,474493.1,10
26,21,44,0,6,2,2.8,11.2,0.6,7,10.2,1.2,3,0,900656,14
26,22,30,0.9,2,0,2,4.8,1.3,10,6,1.3,1.7,0,680515.3,11
26,23,37,0.5,5.3,0,3.2,9.8,0,11.1,3.2,0,3.4,0.5,960345.6,15
26,24,53,0,3.7,6.2,2.3,10.8,1,8.2,17.7,1,2.1,0,1116249.6,17
26,25,25,0,2.8,0,2.2,5.8,0,2.8,7.8,0,2.2,1.4,617660.8,12
26,26,44,0.8,1.5,2.6,5.6,6.2,1.2,7.7,7.9,3.8,6.7,0,885398.8,14
26,27,92,5,8,1.7,13.2,12.1,4,16.8,21.6,3.1,5.4,1.1,1698686.3,20
26,28,113,8.8,10.8,4.3,21.8,16.8,4.1,12.8,16.9,6.1,8.4,2.2,2048042.1,21
26,29,113,2.6,10.8,6.8,16.1,23.1,2.9,18.2,16.5,9,6.1,0.9,2462353.2,21
26,30,56,2,4,0,6.9,6,0,18,11.1,1,7,0,1073255,8
26,31,66,2.3,8.4,1.7,9.2,16.2,1.7,8.5,9.6,4.8,3,0.6,1224798.8,14
26,32,341,15.9,36.4,27.2,53.6,70.2,9.9,39.3,47.1,22.6,16,2.8,5818347.2,22
26,33,285,24.2,19.4,17.1,50.7,41.9,5.3,42,44.3,16.3,15.9,7.9,5327442.9,22
26,34,56,1.1,8.2,1.8,5.9,11.7,0,6.9,8.2,4,7,1.2,1327284.8,12
26,35,134,7.7,11,7.8,18,40.3,3.1,19.9,10.9,9,3.3,3,3076025.8,21
26,36,75.5,1.9,4.2,1.8,3.9,21.2,0,21.3,5.9,3.9,9.4,2,1666155.5,21
26,37,173,6,18,9,18.1,51,1.9,29,24,7.1,5,3.9,3898604.6,18
26,38,204,5.8,17.7,9.2,22.9,50.1,2,31,41,17.1,3.9,3.3,4875060.6,32
26,39,328.5,11.1,33.5,27.1,42.9,82,5.2,46.9,38.9,18.9,9,13,7402152.6,27
26,40,289,6.8,32.2,14,23.2,77.6,3.2,47,54,9.8,16.2,5,5834033.2,19
26,41,31.5,0.9,0.3,0.9,5.2,3,2.1,9,7,0.9,2.2,0,780977.3,9
26,42,112,6.7,8,8.6,22.1,20.6,5.9,12.3,12.6,4.9,9.3,1,2261487.4,23
26,43,83,2.8,5,1,9,14.1,1.9,18.2,18,5.9,7.1,0,1801897.7,20
26,44,32,0,0,5,1.9,6.9,0,7.2,7.8,0,3.2,0,606818.4,9
26,45,40,0,1.7,4,7.3,7.3,0.7,3.3,12.7,0.7,2.3,0,846157.2,12
26,46,34,0,3,2.2,3.2,6,0,7.8,7.8,0.7,2.3,1,801671.3,13
26,47,47,0.8,3,2.2,6.1,9.8,2.2,6.1,14.8,0.9,1.1,0,987647.8,10
26,48,48,0.9,6.2,1,9.8,4.9,2,7.1,7.9,4.1,4.1,0,949196.6,8
26,49,65,3.9,5,1.1,13.8,3.1,3.1,12.1,19.8,2,0,1.1,1317705.6,15
26,50,98,4,5.5,5.1,16.9,17.2,3.8,12.4,16.8,9.2,7.1,0,2130495.5,16
26,51,127,9.1,8.3,6.7,19.9,24.8,4,21.1,16.2,9.2,7.7,0,2962982.4,26
26,52,241.5,9.3,32.6,10,51.8,44,9,18.4,26.2,24.2,8.7,7.3,4755187.5,30
26,53,220,17.4,18.3,11.2,42.2,47.1,5.8,28.8,24.1,9.4,7.7,8,4624274.4,33
26,54,237,9.9,16.8,5.9,31.8,51.2,7.6,33.3,50.8,17.9,8.4,3.4,5022110.7,29
26,55,196.5,1.9,17.5,10.2,18.3,47.3,3.6,52.2,26.1,7.8,4.4,7.2,4753545.7,37
26,56,1336,48.7,99.2,72,213.8,212,29.9,198.9,235.3,69.2,109,48,2.90765601E7,37
26,57,4433,156.9,329.3,299,735.9,853.2,106.7,638.2,691.9,210,320,91.9,9.15304692E7,34
26,58,158,3.1,23,10,19.9,43.1,2.8,14.8,18.2,14.9,4.1,4.1,3408268.9,16
26,59,214,14.8,19.4,11.1,45,29.8,5.1,37.8,25.4,13.6,8.9,3.1,4516368.4,25
26,60,68,2.1,1.1,1.2,11.7,6.8,1.1,21.8,15.1,2.2,4.9,0,1445797.1,14
26,61,108,6.8,6,4.1,32,15,4.8,14,8.2,11.1,3.1,2.9,2194957.2,15
26,62,167.5,7.7,18,5.9,25.3,33.5,4.9,20.5,27.2,10,11.5,3,3608308.9,28
26,63,133,8.7,15.3,10,21.9,23,3.9,14.9,18.9,8,7.3,1.1,2601983.3,29
26,64,114,1.8,6.6,3.7,25.2,23.3,3.5,14.1,11.5,11,12.3,1,2468045.1,26
26,65,711.5,41.1,59,47,140.7,122.8,20.8,86.2,97.4,58.4,32.1,6,1.37031187E7,36
26,66,164,6.6,20.8,8.9,22,31,1,33.7,25.9,6.2,6.7,1.2,4071206.9,31
26,67,137.5,2,16.8,10,12.2,39.6,1.1,15.3,23.1,4.6,6.7,6.1,2758275,26
26,68,231,21.5,28.2,9,46.3,49.8,9.7,16.7,21.8,18.1,5.1,4.8,4800322.6,26
26,69,273,18.4,30.8,14.1,46.8,58.9,6.2,30.1,41.8,17.9,7,1,6372248.8,26
26,70,195.5,7.8,21,12,42.9,43.2,7,23,14.4,17.8,3.7,2.7,4326027.1,20
26,71,503.5,20.7,37.8,42.1,78.8,98,9.6,83.9,75,26.5,20.8,10.3,1.17005165E7,30
26,72,183,13,10.9,9.1,41.6,31.9,10.1,31.3,18,8.8,4,4.3,4330796.1,30
26,73,277.5,17.7,24.5,14.1,46.2,55.1,8,53.9,35,17.2,2.8,3,6361733.6,30
26,74,139,7.8,8,3.1,24.8,28.9,2.5,27.1,24.1,9.6,2,1.1,3212732,23
26,75,398,18.1,40.7,19,73.8,80.8,11.7,51,48.1,26.4,20.1,8.3,9119242.5,34
26,76,89,3.6,12.8,1.8,12.5,20.5,0.9,10.5,11.7,6.6,5.1,3,1859630.1,19
26,77,565,33.6,57.5,36.1,124.9,117.1,20.6,53.9,59.2,40.1,15.2,6.8,1.15250913E7,39
26,78,1010,52,94.7,66.2,203,195.1,32.9,119.1,122.8,73.3,42.9,8,1.82345792E7,11
26,80,877.5,40.6,91.5,54.1,153.9,165,12.5,114.2,112,44.1,77.7,11.9,1.80653789E7,21
26,81,2969,125.5,259.3,209.6,513.1,600,62.5,370.3,388.9,155.9,236.3,47.6,5.84656612E7,29
26,82,355,11,29.5,26,37.9,75.9,7.4,64.1,62,13.1,16,12.1,8302728.9,10
26,83,249.5,10.5,23.8,14.8,37.2,60,8.8,31.2,29,22.3,2,9.9,5399321.6,20
26,84,767,40.8,64.8,42.7,152.8,137.9,14,101.2,125.5,44.3,32.1,10.9,1.73000097E7,25
26,85,472.5,21,43.6,17.1,77.2,105.7,14.9,69.9,62.9,27,17.9,15.3,1.07881884E7,19
26,86,507,27.7,55.8,24,102.4,111.1,13.1,52,40.1,49.8,18,13,1.12304761E7,23
26,87,62,6.8,3.7,0.8,21,10,5.1,8,3,1.6,1,1,1475535.6,13
26,88,100.5,3.5,14.2,1.4,20.3,21.9,0.9,13.2,13,10.1,2,0,2170512.4,18
26,89,482,22.1,64.2,27.9,106.3,100,13.9,46.5,51,36.4,8.8,4.9,10481796,27
26,90,363.5,14.1,33.9,19.1,67.9,85,11.7,37,31.3,35.3,18,10.2,8048318.2,31
26,91,237,7.7,22.1,15.1,44.9,54.8,10.7,23.1,22.3,15.9,12.1,8.3,4800122.3,17
26,92,274,5.7,26.9,20.2,47.1,66.9,7.9,44.1,17.6,21.9,11.8,3.9,6041568.3,29
26,93,112.5,4.2,10,5,20.7,17.9,5.7,18,18,7.5,3.3,2.2,2371819.4,19
26,94,565.5,31.1,66.8,27.2,113,122.8,22.5,59,47,48.9,15.2,12,1.19769626E7,32
26,95,348.5,19,37.5,16.8,52.9,68.8,7.1,64.2,41.9,18.9,13.3,8.1,7320928.9,31
26,96,222,15.8,25.1,13.1,40.1,48.2,3,26.9,24.9,11.9,6,7,5060097.5,14
27,0,32,2.1,4.6,1.1,7.1,7.3,1.1,3.8,0,3.7,0,1.2,611339.9,9
27,1,26,1.7,3.9,0.9,5.6,6,0.9,3,0,3,0,1,496713.6,9
27,2,21,0,2.9,0,1.2,8.7,0,1.3,4,0.8,2.1,0,433071.2,10
27,3,31,1.9,0,0,4.1,6.7,1.2,3.1,9.6,3.1,1.3,0,738187,11
27,4,135,7.1,8.1,5.4,25.6,30.8,2.1,18.7,22.5,6.2,7.1,1.4,2767896.1,16
27,5,114.5,5.2,12.7,5.7,21.9,27.2,3.3,8.2,17.9,5.8,5.3,1.3,2374274.6,17
27,6,34,1.4,3.4,2.9,3.8,9.7,0.5,5,5.4,0.5,0,1.4,613449.8,11
27,7,27,2.3,0,0,7,3,0,3.9,7,2.7,1.1,0,604115.9,10
27,8,25,1.8,1,1.1,4,4.4,0.5,2.6,4.5,1,1.4,2.7,552537,8
27,9,20,1.4,0.9,0.9,3.1,3.6,0.3,2,3.7,0.9,1.1,2.1,442029.7,7
27,10,22,0.4,3.1,0.5,3.5,4,0,3.5,4.8,1.3,0.9,0,511077.2,7
27,11,44,1,6.1,1.3,6.9,8,0,6.9,9.4,2.5,1.9,0,1022154.4,14
27,12,123,7.2,11.9,10.1,24.2,22.1,2.7,22.3,16,2.7,2.8,1,2541220.9,19
27,13,140,5.1,14.4,6.9,11.2,40.9,1.7,24.8,18.5,8,4.1,4.4,3180509.8,25
27,14,19,0,2.2,0.7,2.8,3.7,0.2,2.9,3.1,1,1.7,0.7,386740,6
27,15,45,0,5.5,1.5,6.5,8.7,0.6,6.9,7.5,2.7,3.6,1.5,915963,10
27,16,140,4,12.8,8.3,23,30.1,0.9,30.1,14.6,8,6.2,2,3025724.1,22
27,17,275,14.6,33.9,11.7,55.3,45.8,7.9,36,39.3,18.4,11.1,1,5472958.3,20
27,18,74.5,3.1,11.2,1.9,13.1,15.7,1,4.9,9,5,4.4,5.2,1821734.6,20
27,19,659.5,14.3,39.3,48.3,87.8,117.3,12.3,97.2,140.2,25.6,71.2,6,1.34066701E7,36
27,20,65,2,4.5,4,4.9,17.8,2,14.1,6.8,2.5,4.2,2.2,1454673.5,15
27,21,53,0.9,5.2,1,9,13.1,1.8,12,1,3.1,1.8,4.1,1155150.5,12
27,22,14,0.6,0.8,0,0.8,2.1,0.7,4.8,2.8,0.7,0.7,0,317573.9,6
27,23,95,2.9,6.9,2,11.3,17.8,1,13.7,26.1,7,6.3,0,1857899.2,19
27,24,66,0,7.7,4.3,4.9,12.3,0,10.8,11.4,4.9,9.7,0,1339637.9,22
27,25,729.5,32.9,81.5,43.4,94.9,144.9,6.8,104.1,113,32.1,70.9,5,1.38924036E7,29
27,26,17,0.2,0.7,1,2.4,2.4,0.7,2.7,2.7,1.7,2.5,0,342085.9,8
27,27,67,2.2,5.9,3.8,7.8,13.9,0.9,8.4,15.2,6.9,1,1,1309846.4,13
27,28,4,0,0.4,0,0.1,0.8,0,1.1,0.5,0.4,0.4,0.3,70139.6,3
27,29,70,3.7,4.6,1.8,11.6,9.4,1.8,12.1,9.1,8,6,1.9,1393344.9,19
27,30,121,10,13.1,2.8,17.8,26.2,4.1,16,15.2,8.8,6,1,2210868.5,15
27,31,67,0,5.4,3.1,7.6,16.5,0.9,5.5,12.9,6.8,7.3,1,1285981.2,21
27,32,68,6.2,6.9,0,11.8,6.2,2,11,9.1,7.7,4.9,2.2,1184442,16
27,33,28.5,0.8,2.6,0.9,6.1,9.1,0,1.1,5,0,2.9,0,531285,8
27,34,91,5,4.8,4.2,16.1,21.8,0.9,15.7,13.1,6.1,2.1,1.2,1950152.7,15
27,35,77,0.7,10.9,5,6.3,23.7,0.7,8.9,9.4,4.2,5,2.2,1454745.6,15
27,36,136.5,4.8,7.1,2.7,22.7,29.2,3,16.9,29,10.8,6.2,4.1,3105425.1,17
27,37,657.5,36.1,77.9,31.2,107.8,140.9,10.8,66.2,99.9,46.3,30.3,10.1,1.34460104E7,24
27,38,137,3.9,13.9,10.9,10.3,32.9,3,22.1,23.9,4,9,3.1,3022124,12
27,39,109,4.2,13,7.8,18.7,25.2,3.1,15.9,9.1,7,1.8,3.2,2457344.1,12
27,40,193.5,7.7,16.6,9.2,42.6,41,5.9,21.1,17.3,26,2,4.1,4326847.3,23
27,41,218.5,11,12.5,11.4,27.6,36.5,0.8,46.1,39.9,7.9,20.9,3.9,4700381.2,26
27,42,230,7,16,14.3,28.2,45,3,50.7,38.3,14.3,10.2,3,4876699.5,23
27,43,100.5,2.8,3.6,6.2,22.7,15.7,6.8,22.2,8.4,5.1,6.1,0.9,2392273.4,23
27,44,146,2.9,15.9,6.8,23.7,29.1,2.1,18.9,13.2,10.2,11,12.2,2817072.2,23
27,45,80.5,1,10.9,2.1,9.7,18.8,4,11,11.2,7.2,3.5,1.1,1430924,15
27,46,85,1.8,6.1,2.2,10.8,19.9,0.9,15.8,15.1,5.7,3.2,3.5,1676668.8,20
27,47,41,1.9,2.7,4.1,4.1,8.1,0,6,8.1,1.2,2.7,2.1,674934.4,12
27,48,607,19.9,57.3,35.3,74.5,102.9,11.2,95,104.2,34.7,60,12,1.15011192E7,32
27,49,183.5,5.8,16.9,11.1,16.2,30.1,3.8,18,43,12.5,23,3.1,3804708,24
27,50,95.5,5.8,8.6,4,19.1,19.2,3.8,7.9,14.2,9.8,2,1.1,1854364.7,15
27,51,108,7.7,15.4,2.7,14.9,24.8,2.9,12.5,17.1,4.9,5.1,0,2073243.2,24
27,52,112.5,1,12.3,3.1,17.8,26.1,3,14,10.1,13.1,10.2,1.8,2349720.7,14
27,53,141.5,5.5,15.5,11,28,33,2.6,7.4,20.1,12.2,5.3,0.9,3067283.5,24
27,54,92,3,10,4,12.2,20.9,1.6,14.2,16.3,7.2,0.7,1.9,2018305.2,21
27,55,54,2,7,3,4.3,14.1,0.9,10.8,5.9,1,3,2,1242287.2,13
27,56,133.5,3.5,8.1,6.9,16.8,33,3.5,21,24,2.7,8.2,5.8,3363942.2,17
27,57,209.5,3.2,21.1,7.5,23.9,39,2,45,48.9,3.9,11,4,5102066.6,19
27,58,292.5,10.7,23.2,18,53.1,52.4,6.1,38.1,48.2,26,13,3.7,6230451.8,35
27,59,407,12.8,48.1,26.9,70.3,92.9,11,47.3,43,24.9,20.8,9,9251527.9,37
27,60,67,2.9,4.9,2.1,7.8,12.3,0.9,15.1,11,2.9,3.8,3.3,1595844.5,13
27,61,146,10.1,8.4,8.8,32,25.3,3.2,14.3,24.5,14,4.6,0.8,3145157,24
27,62,48,1.9,6,0.9,7.2,11.1,0,14,3.9,2.1,0.9,0,1028984.1,12
27,63,217.5,4.3,22.3,8.5,32.1,53,7.1,36.3,28.9,12.5,9.7,2.8,4502309.8,34
27,64,111,4.1,10.2,4.2,14,21.7,2.9,20.1,17.1,8.9,6.9,0.9,2191763,25
27,65,80,0.9,7.1,5.3,8.8,13.1,3.1,17.8,7.1,4.8,10,2,1657686.7,19
27,66,137,9.9,6,9.1,30.9,19,6,18.9,21.3,8.9,6,1,2879401.1,31
27,67,296,15,32,11.2,59.4,63.6,8.7,34.8,36.1,19.9,12.2,3.1,6413793.2,41
27,68,292.5,10.8,34.9,14.9,60.3,56.6,8.7,28.2,41.3,27.8,6,3,6266097.5,37
27,69,211,11.8,26.2,11.9,46.9,48.1,4.1,25.1,13,16.5,6.4,1,4683868.8,26
27,70,470,26.8,33.1,36.2,80.9,95,19.4,57.1,58.4,32,24.1,7,1.04001085E7,25
27,71,633,23.2,65.9,38.8,81.7,151.2,8.9,82.1,101.2,36.6,31.3,12.1,1.47021911E7,35
27,72,287.5,13.8,34.3,8.8,41.1,78,6.3,36.9,34.3,19.2,9,5.8,6404305.4,24
27,73,255,11.4,22.7,20,38.6,56,3.1,43.4,28.8,9.6,16.1,5.3,5790586.7,30
27,74,168,9.4,16.7,2.2,28.8,34.2,2.9,30.9,28,6.9,7,1,3816078.9,29
27,75,359.5,15.7,36,21.6,54.9,73.8,5.9,61.2,46.9,17.1,16.1,10.3,8023182,29
27,76,175,5,12,8,35.9,36.1,4,25,24,14.2,7.8,3,4152657.8,14
27,77,3,0.2,0.4,0.1,0.5,0.5,0,0.6,0.3,0.1,0.2,0.1,57055.8,1
27,78,307,20,32.6,12.9,68.1,50,6.9,40.9,47,13.6,11,4,5566589.6,3
27,79,2854,127.4,251.1,168.6,458.1,535.1,69.8,372,405,179,220,67.9,6.31647728E7,10
27,80,846,40.5,76.8,57.2,151.9,174.1,18.4,137.1,94.9,46.1,36,13,1.96349855E7,14
27,81,4381.5,245.9,458.3,373.2,875,854.9,126.5,480,447.8,273.4,177.5,69,7.93109152E7,32
27,82,830.5,35,86.9,54.9,129.1,203.9,19,94.8,107.1,59.5,21,19.3,1.98918014E7,20
27,83,467.5,16.7,49.9,13.9,79.1,103,9.2,63.3,70,25.3,23,14.1,10805885,30
27,84,580,30.5,56.2,34.7,106.3,126.2,13.6,56.8,85.3,42,15.1,13.3,1.24011492E7,36
27,85,122.5,7.9,10.2,3,18.9,29.1,4.2,17.2,11.1,12.3,7.7,0.9,2939300,22
27,86,99,4,9.7,7,19.8,27.2,1.1,9,11.1,6,4.1,0,2175682.2,19
27,87,1030,37.5,108.9,58.7,151.9,240.9,23.8,129.1,144.6,68.3,48.1,18.2,2.04476344E7,34
27,88,472.5,28,64.6,37.1,92.9,109,15.7,33.8,22.2,47,9.1,13.1,8964640.6,23
27,89,138.5,3.7,9.7,5,20.9,30.1,2.9,22.4,27.3,6.7,8.1,1.7,3593224.4,22
27,90,365,16.8,35.6,18.5,80.7,77.5,8.9,46.4,34.7,35.9,8,2,8051435.9,30
27,91,220.5,11,18.1,10.9,46.8,40.1,7.8,28.9,26.4,22.4,5.1,3,4541642.5,17
27,92,237,15,24.1,12.2,41.9,57.9,3.9,37,21.2,8.5,7.1,8.2,5225160.8,21
27,93,871,30,79,53.9,159.8,155.2,17.5,121.8,129.1,52.4,63.3,9,1.81936882E7,22
27,94,336.5,14.5,31.5,26.9,66.2,73.9,9,34.8,34.1,23.7,14.9,7,7095866,18
27,95,180,3,20.1,7.4,21.8,51,3,25.1,23,14.5,5.1,6,4397955.3,13
27,96,408,9.8,36.2,20.2,64.9,80,11.7,77.9,47.9,16.9,31.3,11.2,8936918.9,17
27,97,633,24,42.7,25,96.8,118.9,14.9,106.1,117.1,29.4,48.2,9.9,1.41534365E7,12
28,0,48.5,1.7,3.5,2.3,9,12.4,0.8,11.1,5,1.9,0.8,0,867692,15
28,1,27,1,0,0,1,1.3,0,2.8,15.1,0,5.8,0,572653.8,10
28,2,9,0.9,0.2,0.3,1.8,1.5,0.6,1,1.1,1.5,0.1,0,143917.8,5
28,3,35,2.2,3.9,0,3.9,8.8,0,5.9,6.3,0.9,3.1,0,637548.4,11
28,4,17.5,1.4,0.7,1.2,4.2,3.4,0.3,3.4,1.2,1,0.7,0,342701.9,7
28,5,21,1.7,0.9,1.5,5.2,3.9,0.4,3.9,1.4,1.2,0.9,0,411242.4,7
28,6,129,6.1,11.8,7,15.9,38.1,2.8,17.2,12.2,11.8,4,2.1,2576636.6,18
28,7,22,0,0.9,2,4.3,4.3,0,5.8,2.1,2.3,0,0.3,493642.8,8
28,8,162.5,9.7,13.3,9.1,34.1,29.1,2,26.1,20.2,7,10.9,1,3544518.9,18
28,9,54,3.1,7.7,3.8,4.3,21.6,0,5.4,1.7,5.3,0,1.1,1224965.3,19
28,10,39,0,3.9,3.9,5.1,11.2,0.9,6.2,0.9,1.8,5.1,0,785469,12
28,11,29,0,1.9,1.9,4,1,0,10.3,5,1,2.9,1,526863.3,10
28,12,271,13,19.9,13,37.2,43.8,4.8,57.5,37.4,17.6,21.1,5.7,6122435.1,41
28,13,5478.5,178,500,347,718.8,1073.1,109.9,672.1,941,298.5,577.1,63,104527560,13
28,14,231.5,9.5,24.7,17.3,22.2,58.2,2.5,26.8,38.2,8,15.9,8.2,4970077.1,29
28,15,376.5,12.8,32.8,16.7,51.9,86.2,4,79.1,45.1,21.8,15.9,10.2,8804530.1,27
28,16,88.5,7.3,2.8,2.8,20.3,18.8,2.5,9.7,14.1,8.4,0,1.8,1927147,20
28,17,40,1.9,3.2,0,7.3,4.8,2.8,4,9.9,2.8,3.3,0,940037.2,12
28,18,45.5,1.8,4.5,0.7,10.8,9.1,0,7.3,6.1,2.3,2.9,0,924077.7,17
28,19,714.5,25,44.5,36.1,87,119,13.6,97.9,154.1,39.4,91.9,6,1.36150438E7,15
28,20,87,3.6,6.2,3.9,11.9,18,3.9,13.1,13.5,2,10.9,0,1739290,13
28,21,23,0.9,3,1.1,1.6,6.7,0.9,2.3,2.6,2.5,0.3,1.1,409061.7,7
28,22,16,0,2.5,1.6,2.2,3.7,0,2.5,1.8,0.3,0.7,0.7,317028.5,5
28,23,27,0,4.3,2.7,3.5,6.1,0,4.4,3.1,0.6,1,1.3,534985.5,8
28,24,15,0.4,1.9,2,1.1,3.1,0,3.1,0.9,0.5,2,0,313050,5
28,25,311,18.9,22.4,26.1,42,55,6.9,34.1,49,12.5,43.1,1,5789008,12
28,26,66,4.1,1.1,2.8,5.1,6.9,0.6,13.2,25.1,0,6,1.1,1509887.5,18
28,27,93,2.7,2.8,4.9,14.2,13.9,4.7,20.9,15.3,6.7,5.5,1.4,2033659.3,19
28,28,17,0,0.8,1,1.7,3.3,0,4.1,2.9,0.7,1.5,1,393017.3,7
28,29,22,0,1.2,1.2,2.2,4.3,0,5.5,3.8,0.8,1.7,1.3,508610.7,4
28,30,30,0.9,0,0,3,2.1,0.9,3.8,13.2,0,4,2.1,677081,7
28,31,145,5,22,6.2,21.9,33.9,3,17,17.9,4,11.1,3,2510276.4,10
28,32,67,3.8,4.1,5.1,5.1,13.9,1,11,9,4,6,4,1106949,5
28,33,65,0.7,11.1,3.2,9.9,10,2,8,9.1,2.8,6.1,2.1,1294425.5,11
28,34,64,1.1,6.7,2,4.1,19.2,1.9,4.7,14.1,3,2.1,5.1,1491321.9,13
28,35,68,2.9,9.1,2,11.8,13.1,0,9,12,2.9,3.1,2.1,1527679.5,14
28,36,13,0.5,0.8,0.7,0.8,4,0.5,2.6,2.5,0.6,0,0,268414.3,6
28,37,290,11.1,21.2,17.9,37.2,60,8.3,38.9,60,16.3,16.1,3,6026010.5,16
28,38,184.5,8.2,17.5,4.8,39.1,39.9,10.2,20,19,16.1,5.9,3.8,3961060.4,13
28,39,55,0,9,3,3.2,14.8,3,14.8,3.2,2,1,1,1103192.2,11
28,40,254,11.3,21.9,8.1,42.1,59.3,6,53.7,23.8,10.9,14.1,2.8,5367412.5,17
28,41,1691,62.3,131,114.5,256.1,311.2,24.8,261.2,271.3,96.3,143.1,19.2,3.25907436E7,32
28,42,82,1.9,4,3.8,9.3,18,3,18.7,13.3,6.9,2.1,1,1714239,19
28,43,34,1,3.8,3.1,7,5.8,1.1,2.1,6.1,0,4,0,779008.3,8
28,44,22,0,0,2,0.9,4,0,6,7,0,2.1,0,525263.1,6
28,45,79.5,2.1,8,3,10.9,19,2.3,8,15.2,5,4.9,1.1,1468586.8,16
28,46,105,0.9,10.9,1.4,9,20.8,2,15.9,23.1,9.6,11.4,0,2112324.2,23
28,47,93,6,7,4.3,12,20,4,13.7,6.1,10,8.8,1.1,1552660.1,14
28,48,40,0.8,0.5,2,5.1,3.2,0.8,6.3,12,5.3,4,0,904509.1,12
28,49,51,0.9,5.7,1.4,8.1,15.7,1.3,4.2,5.9,5.7,2.1,0,1013741.4,13
28,50,48,0,1.8,2.9,4.8,8,0,12.2,10.3,0.8,4.8,2.4,1114614.8,17
28,51,45,2.7,3,3.8,4.2,13.3,0,6.1,8.1,2.9,0.9,0,856198.5,11
28,52,153,7.5,12.9,4.2,31.3,26.2,7,13.3,23,13.8,11.8,2,3375867.9,24
28,53,93,3.8,10.1,3.9,12.3,23.3,1.9,14.2,11.9,2.6,5,4,2033611.6,20
28,54,74,3.9,3.9,2.9,12.9,9.7,2.3,14.3,14,4.8,4.2,1.1,1637733.8,18
28,55,194,8.2,15.9,4.9,37.5,34.1,2.7,34.7,28.9,18.7,6.2,2.2,4370988,30
28,56,178,4.9,9,13.8,26.2,35.9,4,37.8,22.5,4.7,13.1,6.1,4314770.1,33
28,57,198,16.9,15.8,14.3,32.7,32.9,7,17.4,36.1,13.8,11.1,0,4288863.7,24
28,58,95,2.9,10,5.1,11,21,0.9,22.1,17.1,3.9,1,0,2254569.6,9
28,59,117,3,10.1,4,15.7,22.9,3.8,26.9,13.3,4.1,9.1,4.1,2563743.7,21
28,60,275,9.4,26.2,8.8,41.2,62.9,8.9,45.9,33.2,16.2,20,2.3,5989594.3,37
28,61,252.5,12.1,20.5,10.2,57.7,51.1,7,34.1,20.9,23.8,13.2,1.9,5182172.4,37
28,62,73,1.5,6.4,5.1,16.3,9.5,2.6,9.1,10.1,6,4,2.4,1545403,20
28,63,160,4,21,8.3,22.6,37,5,22.4,17.7,15.1,3.1,3.8,2941587.8,21
28,64,88,4,6.1,10.4,12.7,18.8,1,12.8,16.2,1.8,3.2,1,1973842.8,23
28,65,265.5,13.7,22,10.8,40.8,55.5,2.1,49.2,42,12,8.1,9.3,5645693.5,39
28,66,112.5,4.7,11.1,8.5,19.2,23.1,3.9,12.9,11.9,8,8.1,1.1,2275755.8,21
28,67,122.5,3.9,13,1.9,19.4,29.3,2.7,12.7,20.9,3.2,8.3,7.2,2871551.3,31
28,68,198,4.8,22.9,10.9,37.2,40,5.8,25.1,23.2,18,5.9,4.2,4376096.4,25
28,69,148,4.1,10.9,8.9,14.8,34.2,2.8,24.1,35,6.1,6,1.1,3296359.9,25
28,70,179,12.6,13.9,5,47.3,33.9,7.9,25.8,16.1,9.9,3.4,3.2,4009691.1,25
28,71,247,17,15.1,19.2,53.8,58.9,6.1,21.1,19.1,28.7,5.8,2.2,5621779.6,26
28,72,356.5,18.8,43.6,24.1,77,88.2,10.5,23.6,28.1,27.6,11.1,3.9,7697490.9,34
28,73,491,19,42.8,29,78.7,98,13.9,67.7,73.1,29.3,36.4,3.1,1.09609956E7,34
28,74,267.5,24.1,21.2,19,52.9,63,4.7,23.1,30.9,16.8,7.4,4.4,5893722.5,33
28,75,110,2.8,7.5,4,14,26.2,0.8,21.2,23.1,8.4,0.9,1.1,2820745.9,17
28,76,30,3,0.6,0.7,7.1,4.3,3,4.3,4.5,1.7,0.8,0,820238.3,7
28,77,888.5,47.1,81,42.7,182.9,161.3,21.9,126.1,92.5,63.6,46.1,23.3,2.03338047E7,22
28,78,673.5,53,64.1,37.8,142,136,22.6,76.7,54,44.9,30.1,12.3,1.41419938E7,14
28,79,4233.5,234.8,389,258.5,845.3,813.5,124.9,477.8,465.1,276.2,236.4,112,93715035,33
28,80,1019,46.8,79,68.3,137.4,231.9,17,152,194.3,35.4,41.1,15.8,2.35937466E7,27
28,81,1621.5,79.1,186.2,98.5,259.6,334.9,48.3,187.9,217.1,122.6,59.8,27.5,3.70984208E7,32
28,82,137,10.1,12.6,3.7,34,24,2.9,15.2,13.2,10.4,5.8,5.1,3150908.2,17
28,83,346,20,30,9.9,67.1,75,16.7,34,44.9,32.3,7.3,8.8,8011924.1,25
28,84,130,7.3,15.9,9.1,24,30.2,4.1,14.9,5.7,14.7,0,4.1,2757587.4,19
28,85,470.5,25,40.9,20,94.9,88.6,23.7,56.2,51.2,39.8,19.2,11,1.04631957E7,35
28,86,172,6.8,12.5,3.7,45.1,33.2,11,17.9,20,16.5,3.1,2.2,4080159.6,16
28,87,136.5,7.2,9.5,7.9,24.9,30.1,5.8,14,16,14.9,4.1,2.1,2910227,19
28,88,250.5,21.7,24.1,16.2,51,51,6.7,25.1,19.9,16.3,11.7,6.8,5587615.1,32
28,89,115,8.9,11,8.1,23.8,17.2,3.2,18.7,9.1,10.9,2.1,2,2649975.2,18
28,90,238,14.9,24.9,15.1,44.9,46.1,9.1,24,31.9,21,5.1,1,4507989.9,12
28,91,272.5,16.2,33.7,11.3,56.1,64,3.7,25,25.2,24.2,10,3.1,5718416.4,30
28,92,24,0,1,0,1.2,8,0,6.1,3.9,1,2.8,0,513062.7,8
28,93,247.5,14.8,14.8,12.1,41.8,53.2,8,24.4,41,22.2,9,6.2,5311753,25
28,94,856.5,44.5,73.3,58.3,189.9,164.8,37.9,109.1,72.3,82,14.2,10.2,1.71215977E7,25
28,95,241,16.1,33.2,9.9,53,44.7,5.9,23.1,22.8,19.1,6.1,7.1,5187624.8,21
28,96,733.5,29.9,55,49.4,121.2,135.3,17.7,90.6,137,32.2,51.3,13.9,1.62475221E7,25
28,97,268,10.4,20.9,13.1,33.1,50.1,5.2,41.1,57.1,7.8,25.2,4,6622828,27
28,98,1,0,0,0.1,0.2,0.3,0,0.2,0.1,0.1,0,0,21475,1
29,0,81.5,6.2,3.3,0.9,5.3,13.7,0,9.1,21.3,3.2,16.3,2.2,1568341.9,20
29,1,40,0,0.8,1.8,2,8,0,16,3.2,0.8,6.2,1.2,937298.5,10
29,2,7,0.7,0.2,0.2,1.3,1.1,0.5,0.9,0.9,1.1,0.1,0,111936.1,3
29,3,37,3.6,1.3,1.4,7.2,5.7,2.3,4.4,4.9,5.7,0.5,0,591661.9,13
29,4,28,1.1,1.1,1.8,1.8,12.2,0,1.8,4.1,1.7,2.4,0,711421.3,11
29,5,10,0.9,0.3,0.7,2.3,2,0.1,2,0.7,0.7,0.3,0,195829.7,6
29,6,21,0,0.7,1.7,4,4.2,0,5.6,2.1,2.3,0,0.4,471204.7,8
29,7,32,2.1,4.9,1,5,7.9,0,2.1,1,3.9,4.1,0,528643.8,8
29,8,218,14,12.2,6.8,48.7,41.9,3.9,24.9,23.9,22.1,14.3,5.3,5012627.8,21
29,9,34,0.7,3.3,1,3.9,8.1,0.7,9.2,3.9,0.9,1,1.3,743648,12
29,10,435,19.7,44.9,24.5,77.9,87.8,8.9,53.1,57.3,31,24,5.9,9233049,25
29,11,84.5,0,10.9,5.6,8.1,22.5,0.9,16.1,10.2,1.2,7,2,2048795.6,21
29,12,649.5,15.7,55.5,24.8,107.3,128.5,11.9,125.1,96.3,30.6,36.4,17.4,1.45686317E7,40
29,13,3247,78.6,217.3,175.5,387,543.3,63.6,467.2,774.7,114.2,368.8,56.8,7.17157274E7,39
29,14,571.5,14.1,37.3,22.8,66.1,99.9,2.7,109.1,127,20.1,59.2,13.2,1.33589602E7,28
29,15,18.5,1.9,0.9,1.5,3.8,4.7,0.4,1.3,1.9,0.8,0,1.3,395742.4,3
29,16,110.5,5.1,10.9,3.9,23,26.9,3.4,9.9,10.2,13.2,1.9,2.1,2356248.1,19
29,17,167.5,4.6,18,7.5,21.9,41.2,3.1,23.1,30,8.7,9.4,0,3495336.9,24
29,18,69.5,3.9,4.5,2.3,11.9,11.7,0.9,10.9,13.9,3.8,4.4,1.3,1590147,17
29,19,162,5.7,20.7,11.9,12.9,44.2,3.1,20,24.3,7.2,10.1,1.9,3379282.9,27
29,20,43,1.7,4.1,0.9,5,12.3,0.8,6.3,6.1,2.9,1.7,1.2,890399.1,12
29,21,4,0.1,0.5,0.1,0.3,1.2,0.1,0.4,0.5,0.5,0.1,0.2,71141.1,1
29,22,8,0,1.3,0.8,1,1.8,0,1.3,0.9,0.1,0.3,0.5,158514.3,4
29,23,75,3.9,8,2.1,9.1,15.2,2,13.7,11.1,1.7,6.1,2.1,1470334.3,14
29,24,137,2.6,18.1,7.1,16.2,28.1,4.9,19.9,20.2,6.1,13.8,0,2610411.5,18
29,25,22.5,0.5,2.7,2.9,1.8,4.8,0,4.8,1.3,0.6,3.1,0,469575,6
29,26,9,0.2,0.8,0.3,1.1,1.9,0,1.1,2.2,1.1,0.3,0,173460.6,1
29,27,24,0.6,2.3,0.6,2.8,5,0,2.8,6.1,2.6,1.2,0,462561.6,10
29,28,34,1.1,0,2.9,3.2,5.9,1.1,6.8,9.1,0,3.9,0,749135.6,11
29,29,13,0,0.6,0.8,1.3,2.6,0,3.1,2.1,0.5,1.2,0.8,300542.6,7
29,30,22,0,2.2,1.1,2.2,7,0.9,2.9,3.7,2,0,0,337938.5,9
29,31,85,7,8.2,4.2,13.8,9.7,0,17,12.7,3,8.3,1.1,1691918.8,11
29,32,126.5,2.8,13,13.8,15.2,26.2,0.5,14.8,22.1,9.9,8.2,0,2259167.3,13
29,33,43,0.8,5.9,2.2,6,8.9,0,4.9,8.1,2.1,4.1,0,845513.6,9
29,34,43,0,6.2,0.8,8.9,10.3,0.7,4.1,5,4.9,1,1.1,894533.9,11
29,35,91,2.7,9.4,7.1,8.6,20.1,2.2,9.5,15.2,4.4,6.6,5.2,1965906.7,22
29,36,47,1.7,3,2.4,3,15.2,1.7,9.4,8.8,1.8,0,0,970421.3,15
29,37,175,4.5,18.1,10,19.1,36.1,5.5,32.7,28.8,7,10.1,3.1,3412120.1,12
29,38,133,1.9,9.7,4.1,9.3,27.2,0,33,24.9,5.9,14,3,2710279.8,15
29,39,201.5,11.9,16.7,22,31.1,35.9,3.9,19.1,29,18.6,7.2,6.1,3889659.1,24
29,40,277.5,12.2,28.3,15.8,52.3,51.1,6,40.5,38.2,19.1,13.2,0.8,6092766.1,29
29,41,369,8.9,36.6,33.3,44.9,101.3,9.1,46.7,53,14.1,15.1,6,7496413.3,34
29,42,439,23.7,52.3,26.9,66.2,82,11.7,50.1,48.6,48.3,24.3,4.9,7567480.7,32
29,43,130,4,10.8,7.2,15.7,29,2.7,19,26.1,7.1,6.1,2.3,3057302.8,24
29,44,97,5.1,8.4,1.2,14.5,22.1,1.9,17,16.2,7.7,2.9,0,1759484.9,22
29,45,50,1,1.9,1.2,8.8,10.9,0.9,8.1,13.2,1.9,2.1,0,1053260.8,11
29,46,19,0,1.8,2.2,2.3,5.2,0.5,0.8,1.8,0.5,3.9,0,349104.2,6
29,47,40,1.9,2.4,1.6,5.5,6.8,0.4,2.7,10.3,1.5,6.9,0,799675.8,9
29,48,72,2,7.9,3,9,11,3,14,10.3,5.8,6,0,1489336.3,11
29,49,28,1,0,2.8,4.2,4.7,1,7.2,4.9,1.1,1.1,0,409945.2,12
29,50,71,3,6.2,3,14.2,16.8,0,11.8,11.9,4.1,0,0,1377944.5,18
29,51,59,0,4.8,3.2,5.9,11,0,9.2,12.4,4.8,7.7,0,1182256.2,22
29,52,364,11,23.2,16,65.6,68.8,6.9,53.1,57.3,14.1,37.7,10.3,7101190.4,23
29,53,176,6.8,15.7,7.8,28.3,45.3,4.7,25.9,20.2,6.8,7,7.5,3572470.3,26
29,54,67,4.1,9,1.1,12.2,13.6,2.9,6.8,7.9,5.1,4.3,0,1183601.9,17
29,55,212.5,14.1,19.1,8,41.5,40.1,3.6,29.8,31.3,14.5,7.3,3.2,4518219.7,33
29,56,128,5,16,15.2,21.2,26.8,3.3,13.2,11.9,10.4,3,2,2460275.8,13
29,57,389,19.3,35.2,21.2,44.1,76.5,3.8,57.4,90.8,13.7,24.1,2.9,8315830.4,34
29,58,172.5,5.9,19.1,5.9,29.6,35.7,4.8,18.9,29.3,9.8,10.2,3.3,4064745,26
29,59,139,4.1,13.1,7.1,16.5,33,5.4,8.2,33,7.3,10.2,1.1,2996355.6,21
29,60,89,1.8,7.8,2,12.8,21.2,1.9,12,15.3,8,6.2,0,2006011.5,19
29,61,393.5,21.1,32.5,16.7,80.7,87.9,12.1,50.2,41.4,32.9,7.3,10.7,8622865.8,36
29,62,240,10.2,20.1,18,39.9,54,7,33.7,33,17.1,7,0,5465721.8,32
29,63,143.5,6.6,13.3,7,25.3,31.7,4.7,24,18.1,8.1,1.8,2.9,3003251.2,20
29,64,141,12.2,2.8,3.9,31.9,23.4,3.9,22.1,20.9,7.8,8,4.1,3300585.4,27
29,65,180,7.1,18.6,1.9,25.2,39.6,3,27.2,28.4,13.2,11.9,3.9,3962296,25
29,66,41,1.7,0.2,1.3,4.1,5.8,2.2,9.9,6.9,2.4,4.1,2.4,1002851.8,13
29,67,257,8.9,32.3,14.3,26.7,59,5.8,40.8,32,15,20.2,2,5731620.2,29
29,68,945,40.6,90.3,51.1,157.6,170.8,22.9,131.2,147.2,47.8,71.3,14.2,1.84554878E7,32
29,69,500,31.2,42.4,17,100,86.1,11.2,62.9,71.1,41.7,27.3,9.1,1.05956936E7,34
29,70,262,18.1,14.1,12,57.9,50.3,8.6,35.8,35.2,14.6,11.3,4.1,5595319.6,36
29,71,250.5,9.8,19.5,11,54.1,58.2,10.1,33.7,18,26,6,4.1,5562020.1,25
29,72,357,25.9,31.4,21.4,62,66.7,13.1,42.3,26.3,38.7,18.2,11,7006678.3,35
29,73,417,24.8,32.7,17.7,66.9,92,6.9,52.2,65.2,27.5,27.3,3.8,9078307.3,21
29,74,226.5,11.4,26.2,6.8,35,54.9,5.9,25.8,25.9,18.2,9.1,7.3,5320876.3,30
29,75,240.5,11.9,21.7,10.2,46.1,53.1,7.2,27.4,36.8,13.7,6.2,6.2,5823515.9,28
29,76,11.5,1.2,0.2,0.2,2.7,1.6,1.2,1.7,1.7,0.8,0.2,0,314424.7,4
29,77,301,3,32.2,23.1,41.1,73.8,9.8,52.9,25.1,19.9,7,13.1,7411837.9,13
29,78,77,1.7,4.1,3.3,10.9,13.7,2.2,12.9,23.9,1.9,2.4,0,1952888,17
29,79,180.5,6.1,14.9,12.8,31.1,38.1,8.1,33,16.6,10.7,7,2.1,4381523.1,23
29,80,487.5,23.6,52.3,27,80.7,120.2,14.8,74,42.4,30.4,6.1,16,1.17177206E7,28
29,81,701,29,69.1,32,111.1,159.1,23.7,129,69.1,52.1,10.9,15.9,1.73591017E7,25
29,82,575,29.3,52,35.9,111,124.2,18.6,88.6,45.8,37.9,16.4,15.3,13798959,39
29,83,332,13.7,30.8,13.7,60.5,67.2,8.1,42.7,56.1,19.9,11.1,8.2,7545985.8,28
29,84,258.5,10.5,27.3,12.2,53.4,47.8,10.2,35,28.2,18.8,10.3,4.8,6334536.1,34
29,85,184.5,14.1,21.2,8.3,34.3,43.1,6.2,17.2,17.8,13.7,1.9,6.7,4204280.1,21
29,86,312.5,14.3,40,15.1,53.8,85.1,4.4,26.3,28.3,27.4,6.9,10.9,6412874.4,25
29,87,445,18.9,37.8,22.1,71.2,79.2,12,74.7,66,24,34.1,5,9643666.3,21
29,88,1479,64.3,98.8,135,301.1,205.9,33.2,172.8,221.9,64.1,151.8,30.1,3.15676857E7,15
29,89,122,9.9,13,9.9,27.9,22.9,5,10.2,10,11.2,0,2,2802024.9,18
29,90,136.5,8.2,15.7,3.1,26,33.4,5.1,19.1,9.3,12.1,2.5,2,3387096.8,19
29,91,117,3.9,13.7,3.1,28.6,24.1,5.5,15,2.9,7.9,7.2,5.1,2465147.1,13
29,92,281,10.6,29.8,12.9,51.8,58.2,8.1,40.3,30.7,18.4,14.1,6.1,6058645.6,21
29,93,397,24.2,36,20.1,75.5,76.9,14.9,46.1,53.2,25.1,21,4,8172349.9,24
29,94,55,1.9,7,4,7.1,13.9,2.2,5.9,5.1,6.8,0,1.1,1136265.5,10
29,95,115,5.2,15.2,5.2,24.9,19,4,15.2,13.8,11.1,0.7,0.7,2347117.1,18
29,96,198,5.6,21.1,13.2,28.1,53.1,2,24.1,22.9,10.8,13.2,3.9,4265562.5,27
29,97,601,28.9,68.3,43,96.8,121.4,12.9,75.2,82.1,39.2,20.1,13.1,11851504,32
29,98,78,3.7,3.9,4.2,12.9,20.8,1.7,14.9,6.9,6.1,2.1,0.8,1675052.6,14
30,0,41,1.6,2.1,2.5,5.6,4.9,0,8.1,8.8,2.1,5.3,0,866078.6,15
30,1,123,2.4,8,6.3,20.6,29.1,1.1,15.8,19.1,8,10.1,2.5,2511597.4,21
30,2,13,0.5,0,0.5,2.6,2.1,1.3,2.6,2.6,0,0.8,0,267262.3,6
30,3,33,0,6.1,0,3.3,9.9,0,1.6,6.1,3.3,0.5,2.2,606497.1,13
30,4,178.5,9,12.1,11.1,28,32.8,3.7,29.9,29,11.6,10.3,1,3993083.1,15
30,5,30,0,3.5,0,6.9,6,0.9,7.6,2.1,2.1,0,0.9,441637.3,12
30,6,934,38,61.2,60.5,137,141.7,19.1,126.1,177.8,53,114.5,5.1,1.87009979E7,26
30,7,44,2,4.9,3,6,10.1,0.9,8.1,0.9,6,2.1,0,1116241,10
30,8,58,0.8,5.9,2,3.8,15,0.8,5,10.3,7.1,2.1,5.2,1462972.9,13
30,9,4,0.1,0.3,0.2,0.4,0.8,0.1,0.7,0.7,0.4,0.2,0.1,98987.9,1
30,10,49,1,4.9,1,6.9,7.2,0,9.2,9,2.9,4.9,2,1096982.7,9
30,11,121.5,2,8.6,8.1,13.8,34.2,0.8,25,19.9,6,1,2.1,2858679.8,19
30,12,560.5,24.1,48.5,14.9,74.3,84,12,122.2,121.9,29.9,21.8,6.9,1.30350387E7,36
30,13,45.5,0,5.6,1.9,1,12.9,1,11.8,6.2,1.9,1.9,1.3,1046177.5,11
30,14,45,0.8,1.6,0.8,5.9,9.6,0,8.2,9.6,2.5,3.5,2.5,1024068,14
30,15,94.5,5.1,14.9,5,15.9,20,2.4,11.1,13.1,4.9,1.1,1,2174735.7,12
30,16,928.5,41.1,77.1,64.1,152.1,171.6,21.2,139.7,135.3,51.2,68,7.1,1.84467252E7,25
30,17,150.5,11.8,13,6,33.1,23.1,5.5,21.1,18,10.8,7.2,0.9,2943568.7,20
30,18,133,5.7,17.1,9.9,16,41.1,3.9,12.3,10.9,7.5,3.2,5.4,2521915.6,27
30,19,31,0,2.1,2.1,4,10.8,0,4.1,6.2,1.7,0,0,718042.3,11
30,20,33,1.8,3.5,0.6,2.7,8,0,7.2,2.7,1.9,2.7,1.9,648573.3,11
30,21,40,0,0.8,4,5.8,4,0.8,9.4,5.8,1.8,6.2,1.4,776089.5,12
30,22,98.5,3,11.2,0.8,7.9,18.2,0,21,15.2,4.2,16,1,2083694.6,13
30,23,23,0.8,0,3.9,3.9,5,1.2,3,3,0,2.2,0,426104.9,10
30,24,9,0,0.6,0,0.6,2.6,0.3,1.7,1.8,0.6,0.4,0.4,215094.2,4
30,26,2,0.1,0.1,0.2,0.2,0.4,0,0.3,0.2,0.2,0.3,0,46856.6,1
30,27,18,0.6,1.2,1.2,2,3.8,0,2.6,2,2,2.6,0,421709.2,2
30,28,85,2.5,9.3,2.8,13.1,20.2,2,11.1,19.2,0.9,3.9,0,1789608,15
30,29,8,0,0.3,0.5,0.8,1.9,0,1.3,2.1,0,1.1,0,164966,3
30,30,42,1.6,2.1,2.5,5,5.8,1.1,7,7.1,1.6,8.2,0,837102.1,13
30,31,99.5,5.1,10.9,5.5,21.9,17,0,9.2,15.9,7.1,6,0.9,1762943.2,16
30,32,39,0.7,3.9,3.2,3.2,10.2,0,1.7,5.9,3.2,6.1,0.9,798285.4,11
30,33,107.5,2.9,20.2,3.9,13.9,26.2,0.9,12.8,9.1,10.7,6.9,0,2042063.5,11
30,34,41,2.3,3.8,2.3,7.4,11.3,0.6,4.3,0.8,5.9,0,2.3,672463.1,8
30,35,14,0.8,1.2,0.8,2.5,3.9,0.3,1.4,0.3,2,0,0.8,229621.6,3
30,36,38,2.2,0,2.9,6.9,3.8,0.9,10.1,5.1,2.2,2.9,1,850042.5,11
30,37,61,2,6.1,3.2,10.7,9.1,3.1,9.1,9,1,6.5,1.2,1239170.8,16
30,38,141,5.8,12.3,8.7,17.9,35.1,1.9,19.9,19.1,7.2,11.1,2,3213069.2,21
30,39,26.5,2.9,0.4,0,2.9,5.1,0,6,7.1,0,2.1,0,625652.6,9
30,40,40,3,4,8,4.9,12,0,3.1,3.1,0.9,1,0,889719.9,10
30,41,30.5,0,2.5,0.9,5,8.1,0.9,4,4,0,4,1.1,656952.2,4
30,42,5,0.1,0.5,0,0.5,0.7,0,0.5,2,0.5,0.2,0,84962.9,2
30,43,50,0.5,5.5,1,3.6,6.9,0,8.6,19.2,4.1,0.6,0,1111893.7,8
30,44,86.5,2.8,7,4,14.7,16.8,0.8,11.9,12.4,7.6,5.6,2.9,1866251.5,18
30,45,85,5.1,2.9,1.9,16.1,12.1,0,19.2,21.9,1.8,4,0,1692556.6,9
30,46,826.5,38.8,58.9,42.9,115.9,157.7,16,103.8,150.3,55.7,64.4,22.1,1.57472031E7,27
30,47,160.5,5.6,12.5,6.5,26.7,29.9,2,22.5,29.2,12.9,11.6,1.1,3238895.3,27
30,48,81,1.9,10.1,1.5,8.3,19.9,1.9,14.3,17.4,0.9,4.8,0,1601161.9,19
30,49,59.5,1.9,7.5,4.1,4.8,16.2,0.8,5.1,9.1,4.1,5.1,0.8,1213980.9,15
30,50,122,4.7,10,7,25,21,2.1,17.1,14.9,12,8.2,0,2401689,19
30,51,63,5.8,4,0,15.9,9,5.1,7.2,10.2,3.8,1,1,1316956.1,13
30,52,102,2.9,11.8,3.8,15.2,18.8,5.1,14,15.1,4,8.3,3,2078709.5,17
30,53,174,8.8,18.4,5,31.3,34,3,20.3,32.1,13,5.1,3,4249188.1,26
30,54,103.5,4.9,11.2,3.9,17.3,26.2,3.6,8.1,11.2,10.1,3.9,3.1,2177132.1,18
30,55,45,2.9,6.1,5,10.1,10.1,0.8,0,2.9,7.1,0,0,1052290.4,7
30,57,1527.5,61.5,123.6,84.1,230.7,293,32.4,212.1,269,88.9,114,18.2,2.93207101E7,19
30,58,138,1,7,7.9,19.9,23.1,3.9,27,34,1.1,9.9,3.2,3130665.4,11
30,59,321.5,10.9,32.4,15.9,59.3,69.8,6.9,45.9,40.3,16.3,22.9,0.9,7359743,32
30,60,261,16.3,17.9,16.3,43.5,48,7.8,32.9,49.7,11,14,3.6,5306811.5,26
30,61,202,12.1,29.2,3.8,42.9,38.8,7,26.2,21.1,14.8,5.2,0.9,4355837.4,22
30,62,516,20.9,43.4,34.8,63.8,122.1,8,64.3,84.1,25.6,45.2,3.8,1.08486303E7,23
30,63,149,6.9,14.9,8.1,26.9,35.1,5.8,15.9,17.1,9.9,7.3,1.1,3087742.8,24
30,64,311.5,7.9,38.1,15.9,37,84.9,6.9,36.1,37.1,18.5,24.8,4.3,6234242.2,33
30,65,529,23.9,51,27.2,94.8,91.9,7.6,89,76.9,27.1,33.3,6.3,1.03771304E7,31
30,66,219.5,13,20.1,15,40.9,47.1,8,29,14.2,17.3,5.9,9,4352910,17
30,67,600,35.6,44.5,25.9,116.1,105.1,12.9,81.9,103.1,29,35,10.9,1.27525994E7,12
30,68,43.5,0.9,2.5,1.9,6,10.1,1.1,14.9,1.1,1.8,2,1.2,1052545.2,9
30,70,160.5,13,11.6,4,43.9,34.9,8.6,11.9,17.2,10.6,3.9,0.9,3174560.1,17
30,71,258.5,18,23.4,10.1,57.2,55.6,5,35.2,20.2,25,3.9,4.9,5820787.4,27
30,72,221.5,8.7,29.7,9.8,38.9,51.1,3.8,24.5,29,15,7,4,4515137,27
30,73,133,8.1,13,11.7,29,25.1,0.8,10,19,13.3,1,2,2811949.3,21
30,74,4,0.3,0.6,0.1,0.7,1,0.1,0.2,0.7,0.2,0.1,0,92812.4,1
30,76,13,0.2,0.8,0.6,1.8,2.6,0.4,1.8,2.6,0.6,1.3,0.3,310148.5,4
30,77,49,0.8,3,2.4,7.1,9.5,1.7,7.1,9.5,2.4,4.7,0.8,1169021.3,4
30,78,725,32.5,79.1,38.6,136,153.8,22.7,72.4,92.1,50.1,33.9,13.8,1.72030753E7,24
30,79,347.5,19.7,33.1,14.9,64.1,73.3,10.4,53.1,49.9,15,7.3,6.7,8481974.4,35
30,80,113.5,5,14.5,5,18.9,32,0.9,10.9,13.2,4,4,5.1,2623307.5,20
30,81,336.5,16.7,41.2,20.1,53,89.1,9.9,37.1,37.3,24.2,1.9,6,7783133.1,35
30,82,452,28.5,49.6,22.8,85.1,109,10.9,63.7,28.5,35.8,6,12.1,1.08949903E7,33
30,83,607.5,22.9,74.2,38.2,109,146.1,12.8,84,51.5,43.2,14.6,11,1.41056737E7,38
30,84,157.5,12,9,9.2,28,40,7.9,15.9,16,8.3,6,5.2,4030566.7,30
30,85,522,43,48.4,27.2,144,78,19.6,56.1,40.3,46.5,12.9,6,1.13703036E7,23
30,86,156,13.9,16,7.1,30,32,0,23.2,14.9,9.8,7.1,2,3254992,9
30,87,463.5,24.7,48.6,34.1,72.6,117.1,15,58,41.1,35,8.2,9.1,1.01620547E7,23
30,88,269,14.9,22.8,15.2,46.1,66,9.9,19.1,40,17,8.9,9.1,5397140,16
30,89,273.5,11.1,29.8,12.3,50,53.9,7.9,42.7,24,23.8,11,7,6091927,19
30,90,450.5,30.1,40.5,20.9,79,77.8,16.1,60.1,63,38.9,15.1,9,9331833.5,19
30,91,250.5,17.2,26.8,9.9,48.8,54,10.2,37,22,9,8.9,6.7,5610540,23
30,92,716.5,38.9,74.8,48.2,133.3,147.1,12.7,82,83,52.4,30.8,13.3,1.39559251E7,31
30,93,143,12,12.6,12,28.9,30,7.9,13.3,12,7,0,7.3,2838686.6,17
30,94,121,6,8.9,5.2,26,23.1,4.9,23.2,12,6.8,3.9,1,2521863.5,11
30,95,438.5,23.9,41.5,24,76,100.1,19.8,50.9,49.8,26,16.2,10.3,8831938.2,15
30,96,67,2,4,5,9,13.8,1,14,10.8,5,1.2,1.2,1494739.2,6
30,97,220,14.5,12.4,13.3,43.9,30.8,8.8,34.1,34.3,13.7,6.9,7.3,4586493.9,22
30,98,76,4,5.8,5.6,13.9,10.4,1,13.4,10.5,2.9,5.6,2.9,1588417.7,9
30,99,3,0.2,0.3,0.3,0.3,0.6,0,0.5,0.5,0,0.3,0,68814.7,1
31,0,19,0.3,1.6,1.6,1.9,3,1,3.6,5,0.3,0.7,0,399740.9,7
31,1,19,0.3,1.6,1.6,1.9,3,1.1,3.5,4.9,0.3,0.8,0,399740.8,6
31,2,18.5,0.7,0,0.9,3.6,2.9,1.8,3.9,3.6,0,1.1,0,380334.8,6
31,3,33,1.7,3.8,2,10.9,3.9,3.2,2,2.3,0.9,2.3,0,648898.1,10
31,4,50,4,4,0,15.9,12.1,1,5,1,5,1,1,1038220.6,11
31,5,30,2.1,0.9,0.9,5.1,3.9,0.9,2.1,9,0,5.1,0,526818.9,14
31,6,143,7.1,13.9,5.1,22,29,1,19,19,6.9,18,2,2771485.1,16
31,7,72,1,12.8,5.2,6.1,15.7,0,7,10.1,6.1,5,3,1376333.3,10
31,8,36,0.6,2.9,1.6,3.6,7.2,0.6,6.6,6.6,3.6,2,0.7,890890.8,12
31,9,118,3.7,13,5.1,7.2,30.7,2.1,19.6,22.4,2.9,7.5,3.8,2408986.4,21
31,10,98.5,3.2,16.8,3.8,10,27,3.1,10.8,12.1,8.5,1,2.2,2140964.7,20
31,11,83,3,4.6,7.2,15.1,21.7,0.7,15,6.2,1.2,4.3,4,1667573.1,12
31,12,66,6.3,13.1,2.8,11.9,13.1,0,4.1,6.8,3.9,1.7,2.3,1547318.9,11
31,13,315.5,8.3,20.9,20.1,52.1,72.3,9,53,36,23.8,8,12,7114809.2,13
31,14,98,3.9,12.6,7.2,4.9,26,2,15.1,16,4.4,3.8,2.1,2019425.2,18
31,15,10,0.2,0.4,0.2,1.4,2,0,1.8,2,0.6,0.8,0.6,227570.6,4
31,16,180.5,6.9,17.7,3.9,24.9,43.1,1.7,23.1,37,16.1,2,4.1,3679167.6,31
31,17,64,2.9,3.9,2.9,12.1,15.9,1.9,10.2,6,3.2,5,0,1480724.3,15
31,18,61,0.7,3,2,6.6,17.3,0.7,11,8.5,2,9.2,0,1326014.5,18
31,19,161.5,14.7,11.5,10.5,23.3,24.5,5.9,19,35.3,7.4,5.1,4.3,3277901,32
31,20,4,0.2,0.4,0.1,0.3,0.9,0,0.9,0.3,0.3,0.3,0.3,78614.9,2
31,21,61,5.8,2.9,1.8,8,7.3,1.8,11.2,12.1,2.1,8,0,1286849.3,19
31,22,70,3,5.1,1.1,10.2,8.8,0.8,10,17,3.1,8.9,2,1539939.8,12
31,23,26,0,0.9,2.2,0.9,7.8,0,5.2,6.9,0.9,1.2,0,526130.3,12
31,24,2,0,0.1,0,0.1,0.6,0.1,0.4,0.4,0.1,0.1,0.1,47798.7,1
31,25,32,0,2,0,2.1,9.2,1.1,6.2,6.5,2,1.4,1.5,764779.4,12
31,26,8,0.2,0.6,0.7,0.8,1.7,0,1,0.8,0.8,1.4,0,187426.4,5
31,27,34,0.8,5.1,1,5.1,9,1,4.1,1.1,1,5.8,0,567554.6,9
31,28,44,0.8,3,2.3,13.5,8.9,2,5.8,1.2,3,2.3,1.2,1036288.8,12
31,29,22,0,0.6,1.6,2.2,5,0,3.8,6,0,2.8,0,453656.2,7
31,30,32,2,2,3,3.2,3.9,0.8,2,7,1.1,7,0,734357.3,7
31,31,39,2.8,3.2,0.7,7.3,7.4,0,5.8,6,3.2,1.9,0.7,920073.6,10
31,32,34,0,4.8,0,2,8.1,0,6.9,9.1,0,2.1,1,755402.4,9
31,33,132,6.9,17.1,7.1,19.6,33.2,4,19.2,15.2,4.8,0,4.9,2715813.9,21
31,34,104,4.7,8.9,7,17.3,24.2,4.8,12.1,13.8,4.9,4,2.3,2539794.3,14
31,35,76,3.8,5.9,5,6.2,19.1,1.3,10.9,15.9,1.9,6,0,1679661.5,18
31,36,209,15.8,22.9,7.9,44,37.3,11.1,28,15.9,16.1,6.8,3.2,4092907.9,23
31,37,203.5,14,18,7.4,41.1,31.7,6.3,34.7,27.1,9.1,8.8,5.3,4427018.2,25
31,38,767.5,30.8,66.4,51.3,114.9,135.2,22.3,98.3,122.9,50.1,65.3,10,15328979,32
31,39,189.5,1.6,18.9,9.7,15.3,40.1,3.3,34.2,41.8,6.3,8.2,10.1,3840672.2,23
31,40,27,1.9,2.4,0,8.1,1.9,0,3.5,3,2.3,3.5,0.4,653734.8,9
31,41,19,1.3,1.8,0,5.7,1.3,0,2.5,2,1.5,2.5,0.4,460035.6,6
31,42,10,0.1,0.9,0,1,1.6,0,1,4,1.1,0.3,0,169925.9,4
31,43,103,5,8.7,4.1,17.1,29.6,1.8,12.1,17.1,3.1,1.3,3.1,2148882.1,19
31,44,141,4.9,20.4,4.1,20.2,33.3,5.1,16.8,16.4,10.1,6.8,2.9,2607976.4,22
31,45,2,0,0.2,0.1,0.3,0.3,0,0.4,0.2,0.2,0.2,0.1,41552.6,1
31,46,5,0.2,0.2,0.5,0.7,0.7,0,1.1,1,0.1,0.5,0,105178.9,1
31,47,12,0.4,0.4,1.2,1.6,1.6,0,2.8,2.6,0.2,1.2,0,252429.4,2
31,48,47,2.1,3.9,0.9,9.3,7.2,2.1,11.9,3.9,2.1,2.7,0.9,1192052.5,12
31,49,116.5,5.9,9.2,4.8,12.3,17.9,2.9,27.4,23.3,2.9,8.9,1,2587867,23
31,50,48,2.9,4.8,4,9.9,6.1,1.9,2.1,7.3,4.8,3.2,1,1064815,9
31,51,84,0.9,1.5,3.9,10.1,17.2,2,16.2,17.1,2.6,11.3,1.2,1849483.7,19
31,52,30,0.6,0.6,3,1.6,5.5,0.6,5.5,9.3,0,2.4,0.9,655348.3,8
31,53,9,0.2,0.2,0.9,0.5,1.6,0.2,1.6,2.8,0,0.7,0.3,196604.5,1
31,54,92,6.6,7.1,1.9,18.9,13.9,0,12,13.9,10.5,6.2,1,1852263,11
31,55,93,4.9,5.9,3.1,14,19,2.2,13.9,10.8,8.1,8.1,3,2070429.2,10
31,56,257,6.8,21.6,15.4,45,53,7.5,32,40.8,13.8,16.4,4.7,5375238.2,32
31,57,284,11.8,19.6,13.1,60.5,54.3,5,51,43.3,17.7,6.4,1.3,6525073.3,29
31,58,931.5,27.4,97.6,44.8,128.2,211.3,17.8,136,130.2,46.8,76.3,15.1,1.96296367E7,24
31,59,868,41.4,76.2,41.5,135.9,188.3,15.9,150.9,115.2,36.8,42,23.9,1.86258307E7,29
31,60,259,19,20.4,12.9,47.7,49,6,38.9,39.1,16.7,5.9,3.4,5446521.5,25
31,61,703,34.6,46.8,33.4,126.9,126.1,26,87.7,118.1,42,50.2,11.2,1.46048362E7,22
31,62,2377.5,82.9,205.4,184.6,374.9,444,58.9,322.8,332.2,150.9,193.1,27.8,4.30790644E7,26
31,63,214,4.7,18.2,6.8,29.1,46.1,4,29.1,39.9,15.2,18,2.9,5074765.5,20
31,64,292,13.1,24.3,16.9,34.9,51.1,3.9,49.3,69.7,9.4,15.5,3.9,6242686.3,29
31,65,65,1.1,8.9,1.2,10.9,12,1.9,8.1,10.2,5.8,4.9,0,1451900.6,12
31,66,338,31.7,18.3,5.9,100.1,44.3,16.3,42,30.2,33.5,11.8,3.9,6953369.6,28
31,67,198.5,12.1,23.3,10,44,42,8.6,19.3,12.8,18.2,4,4.2,4098191.1,23
31,68,281,14.5,31.1,9,54.1,66.3,3.5,43.2,22.9,25.8,3.6,7,6117392.1,25
31,69,151,6.1,8.9,6.7,25.8,33.2,2.8,17.8,21.1,15.1,9.9,3.6,3759046.6,23
31,70,87,5.1,7.1,3,22,16.8,3.8,9,11.3,5.9,3,0,2126972.5,15
31,71,408.5,22,37.2,22.4,83,86,12.3,55.5,34.2,32.4,15.1,8.4,9386200.7,39
31,72,89,3.7,11.7,1.9,17,21.9,1.5,5.6,16.1,2.5,7.1,0,2051327.7,18
31,73,363.5,16.6,31.2,10.3,70.1,81.7,8.4,54.9,32.7,31.3,20,6.3,8246924.4,40
31,74,1,0.1,0.1,0,0.2,0.3,0,0,0.2,0.1,0,0,23203.1,1
31,77,56.5,1.9,6.5,2,7,9.1,3,5,16,1,4,1,1341794.7,7
31,78,300.5,9.9,39.7,10.9,47.9,62.8,8.7,40.8,38,25.5,12.2,4.1,6742659.2,18
31,79,254.5,7,28,14,29,54.2,2.1,49.8,32.1,11.3,21,6,5726886.9,17
31,80,437.5,21.2,39.6,25.1,71.1,105.2,12,45.7,51.9,32.5,23.4,9.8,9598631.7,26
31,81,667.5,29.4,72.9,38.6,135.8,146.2,23.9,79.9,49.7,60.9,13.3,16.9,1.34822257E7,28
31,82,179.5,11,21,8.8,42.9,42.1,9.9,13.3,6,16.4,3,5.1,4164639.5,22
31,83,166,10.9,13.4,8,40,27.7,7.7,19.1,18,11.8,6.4,3,3690460.5,19
31,84,119,7.7,10.6,8.1,27.2,17.1,0,10.4,19,8.8,7,3.1,2704710.3,20
31,85,106.5,5.7,10.3,4.5,23,18.1,3.2,12.9,9.8,10.1,4.9,4,2761836.8,23
31,86,81,7,4.9,6,16.9,19.8,3.2,11.8,2,4,4.3,1.1,1740020.5,12
31,87,426,24.2,57.9,21.1,68.9,110,15.1,39.1,27,39.7,10.8,12.2,9349935,20
31,88,291,21.1,31.5,12.3,73.1,48.2,16,25.2,29,25.7,6.9,2,6690169.6,23
31,89,45,0.8,4.5,1.3,3.9,9,0.3,13.2,4.8,0.8,2.1,4.3,1145200.4,13
31,90,332,22.9,38.3,20.3,75.6,59.4,18.9,29.4,25,26.1,11.1,5,6772740.1,21
31,91,251.5,12.5,26,14.8,38,58.2,7.7,35.2,32.2,15.9,9.1,1.9,5233333.2,27
31,92,250.5,13.9,17,13.7,32.3,62.3,4.1,40.8,40.1,12.3,8.8,5.2,5463771.3,23
31,93,134.5,7.2,12,4.6,29.2,26,2,17.8,15.8,12.8,6.2,0.9,3069921.9,20
31,94,77.5,0,2.9,7.4,8.2,19.9,1,23.1,8.2,0.7,2.2,3.9,1846773.4,17
31,95,314.5,22.9,32.4,14.4,61.2,69.9,12.6,44.8,19.8,22.3,2.9,11.3,7074208.1,22
31,96,410.5,19,51.5,22.8,77.8,77.1,11.1,56.9,37.8,36.3,9.3,10.9,8594036.7,34
31,97,275.5,14.8,24.1,10,44,55,6.9,56,34.2,15.5,13,2,6052696.1,16
31,98,173,8.9,16.1,5.8,30.1,32.2,4,21.7,33.2,4.9,10.1,6,3489736.2,16
31,99,105,0,9.1,6,14,15.9,1.9,16,28.8,9.1,1.1,3.1,2016085.7,12
32,0,29.5,1,1.4,0,4.8,5.5,1.9,7.1,1.9,1.9,4,0,637496.1,13
32,1,7,0.6,0.3,0.6,0.8,1.9,0,0.6,1.4,0.3,0.4,0.1,162274.3,3
32,2,56,1.7,7.2,5.6,8.8,8.2,3,5.4,8.3,6.8,1,0,917645.7,15
32,3,23,1,2.6,0,2.3,6.6,0,7.6,1.3,0,0.3,1.3,483533.9,10
32,4,35,0.5,5,1.2,3.3,9,0,9,4,3,0,0,651336,13
32,5,110,6.1,7.8,4.3,20.1,21.9,3.5,12.9,19,8,3,3.4,2174036.4,16
32,6,32,2.1,3.2,1,3.8,4.6,1,4.2,4.9,2.1,5.1,0,677347.8,12
32,7,28,1.4,3.4,2.8,2.2,6.2,0.6,5,3.4,1.4,0.8,0.8,659659.6,9
32,8,3,0.1,0.4,0.2,0.6,0.7,0.1,0.3,0.2,0.2,0.2,0,56853.5,1
32,9,52,2.2,6.9,3.5,10.4,12.1,0.9,5.6,4.3,2.6,3.5,0,985460.2,16
32,10,55,0.6,5.4,2,12.6,9.2,0.6,5,10.9,5.4,3.3,0,1065981.2,13
32,11,22,0,0.9,1.2,2.2,5.9,0,4.7,1.3,2.9,2.9,0,594615.1,10
32,12,111,3.7,13,4.9,20.9,27,5.2,9.2,9.9,9.9,4.2,3.1,2328465.6,16
32,13,69,1.6,5.9,2.2,9,15.2,1.9,12.3,8.9,5,5,2,1448413.1,14
32,14,266,15.3,31.7,12.9,47.8,60,9.7,28.7,22.9,23.8,12.3,0.9,5096615,22
32,15,85,1,9,5.1,15.1,14.9,0.8,14.1,16,7,2,0,1970252.9,16
32,16,52,2.4,5.3,0,10.3,10.6,0,5.9,10.8,4.5,0.9,1.3,1093585.3,15
32,17,98,2,11.3,5.1,10.7,24,3.7,9.9,19.2,4.9,7.2,0,1951817.3,20
32,18,60,4.1,8,2.9,9,10.7,1.5,10.1,12,0.6,1.1,0,1120649.5,11
32,19,768.5,33.7,72.1,31.9,102,149.8,16.4,90,130.3,52.3,82.2,7.8,1.41424744E7,36
32,20,220,16.7,8.8,10.1,39.3,35.7,4.8,42.6,35.7,10.2,13.9,2.2,4931498.2,41
32,21,185,10.7,15,3.1,29.9,33.9,4,32.9,25.2,9,18.2,3.1,3812236.6,20
32,22,26,0,3.1,0,0.9,9,0.9,3.1,5.2,0.9,1.8,1.1,675184.5,9
32,23,46.5,2.8,5.5,1.9,10,8.2,1,7,4.9,1.2,4,0,846193.4,13
32,24,58,1,3.9,4.4,8.8,12.9,2.8,13.9,7.2,1.9,1.2,0,1129692.3,17
32,25,57,0,3.1,0,1,11.8,0.9,15.1,19.2,0.6,3.1,2.2,1278900.9,18
32,26,70,0,0.9,4.9,7.8,16.1,2.1,13.1,17.2,0.9,7,0,1700953.2,18
32,27,9,0,1.6,0.3,0.9,4,0,1.1,0.9,0.2,0,0,162088,3
32,28,1,0,0.1,0.1,0.1,0.2,0,0.2,0.3,0,0,0,23130.3,1
32,30,12,0.6,0.8,0.4,2,2,0.6,1.8,2.2,1,0.4,0.2,252677.4,3
32,31,74.5,0.9,6.8,6,8.2,15,0,10.8,11.1,7.5,5,3.2,1701057.2,17
32,32,86.5,2.7,6.2,4.9,14,19.9,3,16.2,8,3.3,4.2,4.1,1863128.7,16
32,33,48,2,7,2.8,6.1,9.3,0.8,8,7.1,2,2,0.9,1091211,11
32,34,35,0,5,0,2,10.8,0,3.8,8.2,2,0,3.2,717229,7
32,35,156,4.9,22.2,8.9,15.8,37,5,19,17,13.1,7.1,6,3344576.2,10
32,36,21,1.2,2.2,0.8,3.4,3.4,0.3,3,4,1.2,0.8,0.7,450281.3,8
32,37,75,1.8,6.6,4.1,10.5,19.5,0.6,9.7,13.9,4.9,2.6,0.8,1827454.7,15
32,38,21,1.3,2.7,1.6,1.7,5.6,0.4,2.8,2.8,0.8,0.9,0.4,491175.7,3
32,39,239,7.9,15,9.1,35,51.8,6.5,34.1,44,12.9,18,4.7,5360200.6,37
32,40,7,0.6,0.2,0.4,1.1,1.1,0,1.7,0.7,0.6,0.4,0.2,167806,1
32,41,6,0.6,0,0.3,0.9,0.9,0,1.5,0.6,0.6,0.3,0.3,143833.8,3
32,42,34.5,0.5,2.3,4.6,3.1,5.6,1.2,8.7,4.6,1.1,2.3,0.5,714277.2,7
32,43,21,0.3,1.5,2.7,1.8,3.3,0.9,5.4,2.7,0.6,1.5,0.3,434777.4,4
32,44,218.5,14.5,11.8,12.9,37.1,32.3,7.8,35.2,36.4,12.6,15.7,2.2,4036589.9,29
32,45,50,1,1.9,3.1,3.8,14.2,1.9,5,11.9,3.1,4.1,0,1204741.9,9
32,47,244.5,7.3,25.7,8.9,42.2,41.1,10.4,37.1,30.3,17.8,17,6.7,4659224.9,29
32,48,211,6.5,16.3,10.8,41.9,37.1,6.1,26.9,35.2,11.1,15.9,3.2,4532956.5,24
32,49,130,2.8,9.7,6.3,14.7,26.9,1.4,22,28.7,3.9,9.7,3.9,2906765,21
32,50,413,12.1,27.9,23.8,53.6,70.1,7.8,60.6,94.1,20.8,38,4.2,8672923.2,31
32,51,110,2.1,9.7,4.1,8.9,15.3,2.2,29.7,25.3,6.7,4.9,1.1,2726377.2,23
32,52,47,3.4,3.7,1.4,7.1,8.7,0.7,6.5,8,2.9,3.9,0.7,1010197.9,10
32,54,53,4,2,5,9,11,0,7,8,2,4,1,1192394.6,2
32,55,2311.5,97.5,190.4,166,353.9,444.1,65.9,246.8,344.4,146.3,226.2,30,4.64401303E7,34
32,56,730,22.4,56.3,41.1,91.6,148.5,14.2,121.7,118,52,53.1,11.1,1.56492916E7,43
32,57,172.5,12.6,16.4,6.4,41.3,36.2,5.6,18.1,12.5,18.9,3.5,1,4068952.5,11
32,58,519.5,28,46.5,34.9,99.3,109,11.7,71.1,58.7,31.2,22.9,6.2,1.15012931E7,32
32,59,83,6.3,1.4,5.4,12.9,12.1,1.1,16.9,17.9,4.9,3.1,1,1807784.9,15
32,60,141,8,11.9,7.1,26,26.9,4.8,22.9,16.9,5.1,9.4,2,3415453.8,16
32,61,363.5,16,29.6,29.9,62.1,76.8,8.1,53.7,53.1,19.9,14.3,0,7864668.3,19
32,62,228,11.2,18.9,13,44.2,43.9,8,28.2,37.6,13,4.9,5.1,5238094.4,21
32,63,445.5,23.3,41.9,20.2,101,81.1,17.5,52.3,52.1,42.3,11.8,2,1.00212892E7,33
32,64,206,11.9,15.2,5,44,40.1,10,24.9,29.2,17.9,6.9,0.9,4356421.6,24
32,65,119,11.2,11.7,3.1,28,16.1,6.2,12.9,17,11.1,0.7,1,2734713.2,13
32,66,175.5,11.8,16,10.3,41.1,36.8,9.1,16,11.2,13,5.1,5.1,3942119.5,23
32,67,226,10.9,23.6,7.7,62.2,43.8,4.8,26,18.1,21.8,5.1,2,4959415,30
32,68,237,17.3,20.4,10.5,60.5,45.3,7.5,36.8,17.3,18.5,0.9,2,5844830.5,25
32,69,442,22.4,41.7,11.9,103,80.8,17,48,55.8,40.1,14.3,7,1.02264624E7,34
32,70,19,1.5,1.5,1.5,2.3,6.4,0.4,1.9,1.5,0.4,1.2,0.4,516519.5,4
32,71,728,39.2,63.9,46,150.3,149.2,28.9,86,86.8,50.7,18,9,1.56701127E7,36
32,72,961.5,59.1,110.4,55,188.2,203.6,36.1,87.1,71.8,84.3,58,7.9,1.85982766E7,29
32,73,277,11.7,24.6,14,42.3,60.9,13.1,46.2,29,11.8,14.2,9.2,6184150.6,37
32,77,11,0.8,1.6,0,2.4,2,0,1.1,1.6,0.9,0.4,0.2,282362.8,3
32,78,394,16.7,45.2,22,83.9,87,14.1,40.8,25.2,38.1,10.1,10.9,8146776.2,13
32,79,354,17.1,30,13.1,66.1,72.1,7.1,67.8,37.9,27.9,10.9,4,8349682.5,26
32,80,319.5,8.7,26.7,12.8,47.8,59.7,7,65.3,53.1,19.6,17,1.8,7908831.8,30
32,81,110,4.8,4.9,6.1,18,21.1,3.4,21.2,16,1.4,9.1,4,2755101.5,15
32,82,17,0,2,1.4,0.6,4.1,0,6.1,2,0,0,0.8,401053.6,3
32,83,156.5,6.7,12,12.7,31.3,29.9,0,26.4,20.7,10.3,3.2,3.3,4009743.7,22
32,84,865.5,32.8,62.8,57.1,165.1,166,25.4,116,111.1,71.6,42.3,15.3,1.94358713E7,32
32,85,132,6,12,6.9,17.1,37.2,2.5,16.1,18.8,6,3.2,6.2,2990499.6,15
32,86,231.5,10.1,15.4,11,40.8,50.8,4,33.2,37,12.1,11.1,6,5351472.4,18
32,87,74,1.2,5.9,1.9,4.9,21,0,23,7.2,1.7,2,5.2,1923790.8,13
32,88,315.5,17.1,25.3,23.9,63,64.3,13.4,41,28,21.4,9.1,9,6869705.2,19
32,89,251,12,28,11,43.9,60.2,4.1,31.3,28,14.6,12.9,5,5459960.5,23
32,90,314.5,25,22.8,14.7,87.2,47.6,13.9,32.2,27.1,30.2,9.7,4.1,6903662.9,24
32,91,128,13,14.1,6,30.8,21,5,11.9,14.2,9.9,2.1,0,2178660.4,14
32,92,176.5,17.1,14,7.1,31.8,31,4.8,25.1,21,15.7,6.9,2,4023555.8,12
32,93,685,22.5,69.1,46.4,116.1,133,15,104.1,87.9,46.8,30.2,13.9,1.44022693E7,10
32,94,409.5,18.5,38.4,27.1,85.9,94.1,5,59,45,21.5,0,15,8400203.4,11
32,95,2683.5,114.6,198.6,174.9,499.9,503,73,344.7,362.9,158.5,212.1,41.3,5.72738756E7,25
32,96,230.5,12.8,24.7,9,45.2,42.1,6.9,31.3,26.4,19.3,8,4.8,5137689,23
32,97,497.5,22.1,32.4,18.2,69.4,86,9.6,81.2,95,26.5,55.1,2,1.01776021E7,28
32,98,282,18,25.9,22.9,67.1,61.1,10.3,25.2,16.1,19.4,10.9,5.1,5923373.7,15
33,0,144.5,2.7,6,6.6,14,22,2.1,28.1,39.9,5.9,17.2,0,2910455.2,26
33,1,30,2.5,1.5,2.5,3.1,8.1,0,2.5,5.8,1.5,1.9,0.6,695461,12
33,2,879,22.4,55.1,43.2,78.1,130.1,13.5,121.9,214.9,47.6,145.2,7,1.70447897E7,27
33,3,26,1.2,3,0,2.6,7.4,0,8.7,1.4,0,0.4,1.3,546603.6,10
33,4,21,0.7,1.3,0.7,2.3,5.6,0.3,3.8,2.3,2.7,1,0.3,454297.4,9
33,5,31.5,0.9,2.1,1,3.5,8.5,0.5,5.5,3.5,3.9,1.6,0.5,681446.1,14
33,6,12,0.6,1.4,1.2,1,2.6,0.2,2.2,1.4,0.6,0.4,0.4,282711.2,5
33,7,28,0,0.9,2.8,4.9,7.2,0,6.1,4.2,0,0.9,1,662079.6,11
33,8,6,0.2,0.8,0.4,1.2,1.4,0.1,0.6,0.5,0.4,0.4,0,113707,3
33,9,494,24.1,39.3,19,79.1,101,12,60,80.1,29.8,38.2,11.4,1.03743412E7,26
33,10,27,0,1,0,3.1,1.8,1,8.1,9,0,1.8,1.2,688219.2,11
33,11,101,1.7,9.5,2,9.7,21,0.8,17.1,23.7,8.2,5.1,2.2,2431233.7,22
33,12,33,0.5,2.1,1,3.7,7,1,5.2,9.9,0,1.1,1.5,877288.9,13
33,13,82,5.7,6,7.1,15,22.9,0.9,6.9,7.2,5.3,4.2,0.8,1761120.2,15
33,14,48,0.9,5.7,2.1,7.1,11.1,1.8,9.1,3,1.8,2.3,3.1,937149.9,12
33,15,110,3,11.7,5.9,6.9,31.4,2.2,11.3,17.5,9.1,10.1,0.9,2551407.2,22
33,16,56,3.8,3.8,2,6.7,10.1,2,3,5.4,5.8,8,5.4,1036348.9,13
33,17,94.5,0.4,8.7,0.7,16.1,24.1,4.1,11.2,17.7,6.7,4.8,0,1992582.5,26
33,18,49.5,0,4,0,4.1,12.8,2,13.1,7,2.7,2.9,0.9,1067938.1,16
33,19,48,3.1,4,3.1,11,6.9,2.5,5.9,4.8,2.7,4,0,911130.3,11
33,20,75,5.5,5.5,0.9,16.1,14.1,3,12,11.3,2.7,3.9,0,1640865.3,17
33,21,104.5,4.1,7.5,4.2,22.1,12,3.1,15,18,8.7,8.7,1.1,1974462.4,20
33,22,41,1.3,2.8,2.8,4.8,8.2,2.8,9.9,3,2.8,1.3,1.3,873849.8,12
33,23,49,1.8,3.1,0,8.9,11.2,0.9,8.9,9.1,1.8,2.4,0.9,1059833.5,13
33,24,40,1.6,4,0.9,7.1,11.1,1.6,4.9,2.4,3.1,0.9,2.4,758345,10
33,25,336,12,28.4,25.8,47.4,69.2,7,36.6,64.5,26.6,15.8,2.7,6925000.2,38
33,26,69,0.8,3,1.6,5.2,21.3,1.1,12.1,15.2,2.3,6.4,0,1538383.7,21
33,27,8,0,1.4,0.3,0.8,3.5,0,1,0.8,0.2,0,0,144078.2,3
33,28,3,0,0.2,0.2,0.2,0.7,0.1,0.5,0.9,0.1,0.1,0,69390.8,1
33,29,597.5,21.9,41.6,28.6,74.7,117.2,11.2,87.2,109.5,37.4,59.2,9,1.14914817E7,18
33,30,15,0.7,0.9,0.5,2.4,2.4,0.8,2.3,2.9,1.4,0.6,0.1,315846.8,4
33,31,43.5,2,2.8,1.3,7.3,7.3,2.4,6.7,8,3.8,1.4,0.5,915955.8,11
33,32,38,3.8,2,3.1,7,7,0.8,7.3,6.1,0.9,0,0,811369.7,12
33,33,194,7.9,16.1,3,29.8,37,3.1,29.9,32,16.1,10.1,9,3980418.7,16
33,34,30,1.1,1.1,0,4.1,7.9,1.1,7.9,4.9,1.9,0,0,726001.3,9
33,35,188,1.9,15.6,14.2,19.9,42.1,3.7,29.9,32,11.6,11,6.1,4807807.9,17
33,36,102,2,7.9,5.9,19.3,17.9,0.9,14.9,19.3,6.7,5.2,2,2610397.6,19
33,37,228,10.9,19.9,11.9,37.9,47,4,43,33.3,11.1,7.9,1.1,5053982.3,18
33,38,92,4.8,7,5.4,10.4,18.3,2.5,17.1,20.3,1.3,4.3,0.6,2025222.9,17
33,39,559,22.8,72.6,24.2,94.3,130.8,18.9,63,58,50.4,17,7,1.02126442E7,24
33,40,303,18.9,33,22.3,45.2,63.9,10.7,42.4,38.2,17.8,9.7,0.9,5591018,29
33,41,24,2,0.6,1.3,3.9,3.9,0,5.8,2.6,2,1.3,0.6,575334.9,2
33,42,36,0.8,0,1,9,3.9,1,7.1,7.2,0,6,0,651829.2,9
33,43,76,5.2,7,4.2,8,16.9,0.9,8,15.8,1.1,5.9,3,1462328.2,11
33,44,115,4.1,15.6,10,15,25.8,0.8,16.1,17,6.6,2.9,1.1,2454157.1,12
33,45,43,0.9,4,2.1,8.9,4.1,0.9,9.9,2.1,8.9,1.2,0,955459.4,10
33,46,54,5.2,0.9,0,11.9,10.8,3.1,5.2,7.9,7,2,0,1238744.9,13
33,47,137,6.9,8.1,3.8,34.1,22,6,18.1,18.8,10.2,2.9,6.1,2970006.7,12
33,48,352.5,15.8,39.6,13.6,49.2,85.6,7.6,35,62.1,22.9,18.2,2.9,7430018.1,37
33,49,195,11,16,9.1,50.9,33,10.7,19.2,11.1,25.9,5.1,3,3795410.2,23
33,50,29,1.7,3.1,1.1,6.6,4.9,1,4.2,3.1,0.6,2.1,0.6,603796.4,4
33,51,95,1.4,8.4,2.7,9.5,15.4,0.9,13.8,21.6,2.5,15.1,3.7,1820717.8,24
33,52,18,1.2,1.5,0.6,2.7,3.4,0.2,2.5,3,1.1,1.6,0.2,386884.2,5
33,53,445.5,25.9,42.2,15.9,75,101.2,12.3,38.8,71,30.7,23.2,9.3,9576445.6,24
33,54,247,8.9,22.7,12,44.2,45.6,7,24.8,42.1,24.4,10.1,5.2,5362564.2,19
33,55,469,23.1,51.3,23,72,104.1,16.9,66.3,56,30.3,16.2,9.8,1.02322338E7,25
33,56,18,0,1.6,0.5,2.6,3.7,0,6.9,0.5,1.6,0.6,0,390140.8,3
33,57,375,21.7,29.3,21.3,58,85.9,13.4,45.3,52.1,26,15.1,6.9,8427055.7,17
33,58,124,5,18.1,5.1,24.9,25.2,2.9,16.8,16,6,2,2,2825011.5,12
33,59,272,8.7,21.9,16.1,51,56.7,4,39.9,24.5,26.5,12.3,10.4,5755247.8,26
33,60,509,25.2,60.7,17.1,76.1,109.2,10.4,59.3,86.8,32.5,24.9,6.8,1.03152122E7,21
33,61,262,5.8,20.3,21,49.1,64.1,10,23.1,30,26.5,9.9,2.2,5676271.9,15
33,62,104,5,9.2,4.7,24,24.2,5.9,12.1,5,8.9,5,0,2269362.8,18
33,63,100,1.9,8.4,7,15.8,25.1,2,14.1,10.1,10.6,1.1,3.9,2379948.1,15
33,64,174,11.8,10,6,40.9,37.1,6,16,18.9,20,5.2,2.1,4056660.5,17
33,65,174,5.8,22.3,11,39,43,1.7,18,15,13.9,3.2,1.1,3752032.7,23
33,66,566.5,36.1,73.6,26.1,120.9,121.9,15.4,52.9,43.7,52.6,18.3,5,1.14718799E7,21
33,67,460.5,15.5,47.1,17,70.7,102.9,12.1,67.8,67.1,27.1,20,13.2,1.15020221E7,35
33,68,191,4.6,17.4,6.1,31.2,44.1,3.9,31.9,32.2,9.6,6,4,4418301.6,21
33,69,347.5,21.4,34.2,15.8,74,78.2,10.9,38.8,29.9,23.8,14.1,6.4,8159290.3,40
33,70,220,8.3,23.2,8.8,38.6,51.4,5.8,33.9,17.6,16.8,10.1,5.5,5634402.8,29
33,71,290,16.8,33.2,3.9,47.4,64.9,9.6,32.2,47.9,20,8,6.1,7102415.5,30
33,72,781.5,27.3,69.3,43.2,124.2,182,23,96,102.5,58.5,41.5,14,1.75216551E7,42
33,73,385.5,26,35.7,15.2,88.9,75.5,9,44.1,54.2,25.4,7.8,3.7,8825755.7,50
33,74,38,0,3.9,5,3.9,8,0,9.2,5,0.9,2.1,0,911697.7,7
33,77,73.5,5.5,10.3,0.7,15.9,13.2,0.7,7.1,10.3,6.1,2.6,1.1,1886696.9,10
33,78,33,1.1,2.1,0,8.8,3.9,1.1,5,9.9,0,1.1,0,826429.4,7
33,79,537.5,13.9,51.2,20.1,89,114.9,18.4,78.9,72,48.7,17.4,13,1.25071246E7,30
33,80,1771.5,81.4,123.6,131.2,304.1,346.9,37.2,230.9,247,77,148.2,44,3.73111118E7,18
33,81,303.5,11.1,41.2,9.1,59,60.9,5.9,34.2,44,20,15,3.1,6532850.1,22
33,82,532.5,26.3,51.2,37.2,90.9,119.4,12.1,76,70,21.3,14,14.1,1.19967077E7,28
33,83,718.5,32.9,90.5,48.8,137,139.8,17,97.4,72.2,48.7,22.2,12,1.47111336E7,34
33,84,152,2,21.9,7.1,23.2,37.8,2.9,23,12.1,14,5.9,2.1,3597745,18
33,85,366,18,34.9,19.4,61.7,94.8,6.3,55,33.9,27.4,8.2,6.4,8487048,22
33,86,169,7.9,17.9,12,25.6,39.1,6,31.1,15.1,11,2.2,1.1,3702605.2,21
33,87,251.5,9.4,20,13.5,45.3,55.5,4.8,37.1,33.1,18.2,7.3,7.3,6432094.8,26
33,88,333.5,17.1,29.6,20.9,59.1,72.3,13.2,47,31.8,28.2,9.2,5.1,7972289.8,28
33,89,30,1.2,1.2,1.8,3,9,0,3,1.8,3,4.2,1.8,690374.1,7
33,90,311.5,12.9,25.5,17.3,55,57.1,2.9,34,53.9,18.4,31.5,3,6615636.1,24
33,91,408,16.5,29.6,22.2,72.5,77.9,10.9,54,69.9,32.6,15.1,6.8,8793727.2,42
33,92,41,1,7.1,1.1,5.9,13.7,0,2.1,7.1,0,0,3,927122,9
33,93,324.5,12,49.7,22.9,50.8,79.9,6.9,31.1,27.9,29.8,8.2,5.3,6108264.1,21
33,94,213,11.9,20.1,7.5,39.8,48,1.7,29,27.4,13.3,11.4,2.9,4638024.5,24
33,95,278.5,12.8,26.6,21.1,51.1,59.9,6.1,44.9,29.1,14.8,4.1,8,5948005.3,15
33,96,328,16.2,30.7,19.3,49,82.7,6.8,48.7,31.3,18.4,9.8,15.1,7233833.6,20
33,97,298,9,30.8,13.4,66.9,56.1,7.2,41.1,27,26.4,10.9,9.2,6651422.6,14
33,98,192,7.8,15.8,15.1,38.9,48,7.1,19.1,18.1,11.8,5.2,5.1,4677808.5,17
33,99,25,0,1,1,1.2,6.9,0,6.9,7.1,0.9,0,0,522324.2,5
34,0,38,0.8,6,2,5,11.2,0.8,3.9,7.2,1.1,0,0,803491,10
34,1,24,2.4,2,1.1,4,5.8,0.5,4.7,0,0.7,1.4,1.4,524240.2,8
34,2,48,0.9,1.8,0.9,2.3,10.8,0.9,6,15.2,0.9,7,1.3,1020623.7,15
34,3,35,0.6,1.1,1.1,7,7.7,0,7.7,5.2,2.1,1.1,1.4,844370.2,11
34,4,69.5,1.9,4.7,3.1,10.8,11.2,1.1,12.1,15.2,5.3,4.1,0,1345135.9,13
34,5,19,0,3.2,0,0,5.1,0,6.2,0.7,0,3.8,0,359880.3,12
34,6,21,1.1,2.1,1.5,3,5.7,0,2.1,1.6,1.2,2.1,0.6,409751.4,7
34,7,43,2.1,4.3,2.8,6,11.4,0,4.5,3.5,2.2,4.7,1.5,839014.5,12
34,8,127,7.9,10.1,8.9,15.7,20.1,1.1,22.9,21,7.1,10.1,2.1,2652383.5,19
34,9,17,0.2,0.8,0.5,2.8,3.3,0.3,2.8,3.3,1.5,1.5,0,368516.9,6
34,10,85.5,2,8.1,4.1,7,15.9,1.4,18.9,21.2,4.9,2,0,1784572,19
34,11,35,1.8,2,3.8,7,5.8,1.2,5,3.3,3,2.1,0,660874.7,13
34,12,45.5,0.7,4.6,1.2,4.9,9.6,0.7,13.9,6.4,1.2,2.3,0,1042429.4,15
34,13,52,1.9,0.9,1,10,9.2,0,11.8,7.1,3,6,1.1,1138117.3,11
34,14,32,0,1.3,0,3.7,6.3,0,6.5,7.8,1.9,3.2,1.3,641062.4,13
34,15,266,14.7,28,13.4,41.1,61.8,7.3,35,24.1,18.8,14,7.8,5188685.3,19
34,16,61,1,5.9,4,2,16,0,13,11.9,0.9,2,4.3,1271851.9,16
34,17,121,6.2,11,3.8,25.1,25.1,6.8,11.7,12,10,8.4,0.9,2605091,14
34,18,115,7.1,11.1,4.9,18,25.7,3,13.9,7,18,5,1.3,2264836.4,22
34,19,43,2.9,8.1,2.9,1.9,10.1,0,8.1,2.1,1.9,5,0,973292.9,12
34,20,75.5,5,8.4,4.3,8.3,19.9,0.9,9.8,9.2,5.7,3.1,0.9,1809048.4,21
34,21,67,3,3.2,4,9,8,0.6,12,20.5,1,2.3,3.4,1412594.8,20
34,22,73,2.8,6.2,3.2,12.1,15.1,2.8,19,8,1.7,1,1.1,1529349.8,16
34,23,78,2.9,4.2,5.9,12,14,2.1,11.9,13,7.9,4.1,0,1530737.6,14
34,24,134,8.5,10.8,7.9,19.4,32,7.8,20,17.3,3,4.3,3,2868882.3,26
34,25,59,2.9,2,0,17.3,6.9,0.8,13.9,11,0.8,3.4,0,1527616.2,15
34,27,33,1.8,4.7,1.9,2.1,6.6,0.9,5.7,8.4,0,0.9,0,708185.2,9
34,28,80,2.2,7.2,4.4,13.9,22,1.8,16.2,5.4,4.3,1.3,1.3,1832472,13
34,29,259,8.9,21.7,11.1,33.9,48.8,4,41.2,43.3,16.1,19.1,10.9,4864063,20
34,30,78,1,2,5.2,6,13,2.1,16,18.8,2.1,10.8,1,1630930.2,19
34,31,17,0.2,0.2,1.6,0.8,4.1,0.7,3.6,3.4,0.8,1.1,0.5,394763,5
34,32,7,0,1.3,0,0.5,1.5,0.2,0.6,1.3,0.3,1.3,0,155792,3
34,33,33,0,4.9,1,6,8.9,0.9,3.1,2.1,1,5.1,0,734429.7,6
34,34,132,3.2,9.4,4,18.3,27.7,0.9,28.5,25.9,6.1,4.8,3.2,3023553.5,16
34,35,221.5,6.8,27,11.1,26,42.1,3,33,46.1,14.5,10.9,1,4739508.8,9
34,36,262.5,16,34.9,16,47.7,64,12.1,17,15.2,26.6,10,3,5452861.7,14
34,37,49,4.9,4.1,2,8,14.9,0,10.9,2.2,2,0,0,1162743.9,7
34,38,32,0,3.6,0,2.1,12.3,0,1,6.8,1.9,3.2,1.1,723137.4,12
34,39,233,17.9,23.8,7,53.3,30.9,4.8,40.5,20.6,16,6.2,12,4686319,26
34,40,474,20.6,50.6,22.8,85.5,94,12.9,59.3,72.1,35,17.2,4,9225304.4,32
34,41,187,9.9,16,8.2,38.1,42,7.2,20.9,16.9,15,10.9,1.9,3734036.3,16
34,42,414.5,17.9,37.1,29.1,69.9,78.3,8.1,74.8,45,28.4,21.8,4.1,8632898,30
34,43,1,0,0.1,0,0.2,0.2,0,0.2,0.1,0.1,0.1,0,21858.7,1
34,45,348,29.2,31.6,16.5,87.9,56.1,17.5,35,26,34.1,9.9,4.2,6605602.5,25
34,46,90.5,4.3,6.3,5.5,21.2,13,4.1,9.1,8.3,10,6.4,2.3,1958999.9,10
34,48,5,0.2,0.3,0.2,0.8,0.5,0,1.7,1.1,0.2,0,0,111071.5,2
34,49,235,14.7,24.1,2.9,55,51,11.8,23.8,22.2,23.3,4.1,2.1,4758687.3,19
34,50,179.5,13,13.3,3.2,51.9,23.1,13,27.8,17.9,7,7.1,2.2,3828365.9,19
34,51,193,7.6,26.9,6.8,30.9,41.1,6.5,28.2,23,11.1,6,4.9,3731139.2,17
34,52,93.5,5.8,4.6,3,16.8,19.9,1.1,12,18.9,4.9,4.1,2.4,1827253.7,16
34,53,43,3.9,0.9,2,10.8,11,2,2.9,4.1,4.1,1.3,0,1109397.1,9
34,54,369.5,18.8,39.9,18.9,72.1,80.8,11.8,29.2,39.1,38.5,14.2,6.2,7616890.7,15
34,55,149.5,16.2,12.6,4,40,32.1,5.8,15,3.9,18.9,1,0,3502780,12
34,56,145.5,9.1,13.3,5,34,26.8,3.1,23,11.2,11.1,5.9,3,3129133.3,10
34,57,193.5,11.1,26.8,8.1,40.9,31.8,2.8,23.1,17.2,22.5,7.2,2,3907162.2,16
34,59,142.5,7,12,6,30.9,32,10.3,14,11.1,11.9,2.2,5.1,3080106.8,10
34,60,17,0.5,1.2,0.5,2.1,3.8,0,3.8,1.7,1.7,1.2,0.5,449048.6,4
34,61,337.5,26.9,28.9,14.4,70.2,66.8,7.9,45,32.2,29.9,13.1,2.2,7570934.6,20
34,62,340,23.4,34.4,10.1,82.3,64.8,19,38.2,21.8,34.2,7.8,4,7139571.9,27
34,63,487,27.7,49,14.7,88.2,105,17.9,71.9,33.2,42.9,19.3,17.2,1.05457134E7,34
34,64,219,7.9,28.5,8.9,43,52.9,6,31,18.1,15.5,4.9,2.3,5117503.5,21
34,65,229,13,14.5,13.8,41.1,44,8.8,27.1,34.8,13.4,10.1,8.4,4979614.6,32
34,66,540,29.2,45,12.8,121.6,100,20.1,69.9,58,46.2,25,12.2,1.21011948E7,16
34,67,373,16.6,45.3,16.4,62,93.8,13.3,46.2,36,23,10.5,9.9,9386872.1,23
34,68,248,30,16.8,7.8,70.4,41,8.7,27.7,21.2,17,3.3,4.1,5680707.9,25
34,69,343,30.1,28.1,11,85.9,57,10,40.8,38.1,30.1,10,1.9,7780762.3,27
34,70,215.5,15.1,21.9,16.9,39.9,61,6.9,15.1,16.1,13.4,4.2,5,4814444.6,17
34,71,497,14,42.9,28.2,77.4,118.2,13.8,63,73.4,34.9,10,21.2,1.21443889E7,33
34,72,148.5,4.8,17.4,8,22.5,36.4,3.2,19,19.9,9.6,5.8,1.9,3177970.3,27
34,73,552,29.6,50.7,24.3,81.2,114,11.3,84.2,77.9,35.1,34.8,8.9,1.23862947E7,31
34,74,69.5,2,7.5,4,9.9,17.9,0.9,9.9,12.2,4,0,1.2,1786344.6,12
34,76,37,3.1,5.1,0.9,5.1,7.1,0.9,8.8,2,3.1,0.9,0,797382.7,8
34,77,845,40.5,81,37,141.9,184.2,19.7,121.9,109.7,56,39.2,13.9,1.89026333E7,40
34,78,488.5,20.5,36.7,20.9,89.1,107,18.2,64.2,65.1,22.8,31.2,12.8,1.13277305E7,33
34,79,257,10.1,32.9,13.2,63.1,55.8,3.9,25.2,15.8,23.9,5.2,7.9,5481841,18
34,80,338.5,5.4,24,18,47.1,70.9,8.3,59,66,22.6,7.9,9.3,7936320.1,15
34,81,360.5,18.8,27.7,15,72.1,68.9,16.9,43.8,45.3,28.5,10.1,13.4,8384603.8,35
34,82,160,9.9,16.1,12,21,37.2,2,19.8,21,5.8,9.4,5.8,4035380.3,21
34,83,204.5,8.1,17.3,19,32.6,47.9,6.1,32.3,17,8.7,12.1,3.4,5267276.5,29
34,84,795.5,52,65.9,38.9,176.9,157,25.6,109.6,82.1,54,18.1,15.4,1.78981268E7,28
34,85,947,43.2,92.2,42.8,142,209.1,13.6,140,139,68,37.3,19.8,2.40416414E7,35
34,86,64,5.8,1.1,2,15.8,12.1,0.9,8,7.1,3.9,7.3,0,1433605,12
34,87,715.5,23.3,76.7,52.3,117.2,171.4,11.8,123.9,57.8,38.9,24.9,17.3,16150603,27
34,88,170.5,11,9.8,5.1,37.9,32.3,6.8,25.8,15.2,11.5,5,10.1,4077374.1,15
34,89,119,6.5,6.9,8.5,27,23,2,16.4,13.9,11.9,1.9,1,3269916.9,18
34,90,523,28,42.4,40.4,94.8,107.8,19,73.3,54.3,29.9,21.3,11.8,1.11494549E7,27
34,91,102,4.9,9.1,6,16.9,27.2,5.9,10,11.9,5.1,3,2,2242542.2,15
34,92,133,7.7,9.3,8.8,24.2,26.2,4.7,19.9,18.2,5.9,4.1,4,3005825.4,19
34,93,198.5,10.8,20.8,9.7,38.8,43.1,6.2,27.1,19,12.1,6.9,4,4038104.5,19
34,94,78,1.8,10.2,1.9,10,24.2,1.8,11,6.9,8.1,2.1,0,1809314.9,15
34,95,272,15.9,33.9,22.4,36.6,69.2,4.9,32.1,23.1,20.1,10.9,2.9,5296882.4,20
34,96,167,1,20,11.1,13.1,42,4.9,34.8,22,7.8,5.2,5.1,3796791.3,13
34,97,98.5,5.1,7.5,1.9,16,20,1.8,15,18.8,9.2,2.1,1.1,2312943.8,12
34,98,274,11.1,20.8,5.9,32.1,53,3.8,61,42.9,13.1,23.1,7.2,6878261,26
34,99,131,1.8,11,16,12,35,0,23,16,6.2,5,5,2613316.1,6
35,0,13,1.3,1.2,0.6,2.1,3.1,0.1,2.6,0,0.4,0.8,0.8,283963.4,6
35,1,29,1.1,2.9,1.1,4.8,4.8,0,6.1,4.2,2.9,1.1,0,667030.2,11
35,2,39,0.6,2.2,0.6,9.1,5.1,2.1,9.6,7.2,0.6,0.7,1.2,938931.2,14
35,3,47,0.9,4.7,6.1,4.7,15,3.8,2.4,3.3,1.1,5,0,898679.5,16
35,4,49.5,1.9,8.4,3,4.2,14.3,0,7,1.9,3,5,0.8,995100.3,13
35,5,73,3.9,7,0.8,17.2,12.1,1.6,8.4,10.9,6.8,3.5,0.8,1525674.1,23
35,6,48,2.7,4.2,2,7.2,14.7,2.7,4.8,4.8,1.9,0.9,2.1,1128864.3,15
35,7,49,2.9,4.9,0,6.9,9.1,0.9,9.3,4,5.9,3.1,2,1086152,13
35,8,229,9.8,16.7,7.2,42.7,37.7,1.2,37.1,49.7,9.9,13.6,3.4,4571960.6,20
35,9,20,0.3,0.9,0.7,3.2,3.9,0.4,3.3,3.9,1.7,1.7,0,433549.3,7
35,10,32.5,0.7,2.4,3.1,1,11,0,5.1,5.9,0.7,1.3,1.3,646556.3,8
35,11,52,0.8,8.1,1.8,10.8,14.1,1.2,5.1,3.1,5,0,2,1155385.1,9
35,12,862.5,19.9,66.3,56.6,112.3,144.2,12.8,138,154.2,58.9,93.3,6,1.67149449E7,21
35,13,115.5,3.2,12.4,2.1,19.8,20.8,5.1,18.6,15,8.1,8.1,2.3,2300718.3,22
35,14,172,2.9,22.1,7.6,22.1,41.6,2.8,21,23.9,12.8,11.2,4,3517732.1,23
35,15,42,0,1.6,2.3,4.5,8.3,0,8.3,11.1,1.3,4.6,0,887476.8,19
35,16,57,2,5,3.1,9.1,11.1,2.7,10,5,6.9,2.1,0,1396505.7,11
35,17,132,0.8,15.1,10.4,18.9,31.1,1.7,24.2,17.2,10,0.8,1.8,3067143.2,19
35,18,86.5,5.2,11.9,2.8,11,23.3,2.7,9.1,11.9,1.8,6.8,0,1770541.3,21
35,19,60,3.9,3.2,0.7,8.1,17,3,5,9.3,0.7,8.1,1,1256423.3,16
35,20,180,7.5,13,5.7,22.3,37.1,4.9,24.9,34.2,9.1,17.2,4.1,4122021.4,26
35,21,122,5.6,10.7,6,21.2,30,0.7,21,18.2,1.7,4.1,2.8,2538356.9,20
35,22,143,6,14.6,8.4,21.1,27.2,2.6,36.2,13.9,2,7.8,3.2,2791349.6,24
35,23,79,4.3,2.5,0.7,15.4,16.9,6.1,11.3,13.8,2.5,2.1,3.4,1738802.6,20
35,24,114,4.6,10.9,6,18.1,23,4.7,13.2,16.2,6.1,9,2.2,2414235.8,22
35,25,105.5,8,6.2,5.8,14.9,26,3,9.4,15.8,5.1,10.3,1,2128426.5,21
35,27,2,0.2,0.2,0.2,0.2,0.4,0,0.4,0.4,0,0,0,42920.4,2
35,28,106.5,5,6.9,5.4,16.9,17.8,3.9,14.8,17.5,8.1,7.3,2.9,2164100.8,20
35,29,11,0.4,1,0.7,1.1,3.1,0.2,2.8,0.7,0,0.5,0.5,244508.7,4
35,30,99,7,8.8,6.2,22.8,15,4.1,11.2,7.8,9.1,4,3,2005329.2,15
35,31,29,0.6,0.6,2.7,1.2,6.9,1.2,6.2,5.8,1.2,1.8,0.8,673419.3,7
35,32,21,0,3.9,0,1.4,4.4,0.7,1.4,4,1.2,4,0,467376,8
35,33,76,1.7,4.9,5.1,11.1,13.9,3.8,12.3,8.1,9.1,2,4,1761187.6,13
35,34,17,0.8,0.8,0,1.2,1.5,0,1.5,8.7,0,1.6,0.9,353641.7,6
35,35,691.5,17.2,52,36.9,83.2,113.2,8,108.9,169.7,28.9,63.6,9.9,1.50815701E7,20
35,36,3769.5,154.3,300.2,277.2,617,696.7,79.4,431.2,590.3,239.6,318.8,64.8,7.47776843E7,31
35,37,108,4,6.9,9.8,17.3,29.1,4,15.9,9,5.9,6.1,0,2426090.4,10
35,38,60.5,6.1,3.5,2.1,15.8,14.2,2.9,6.1,3.9,3.9,0.9,1.1,1219056.7,8
35,39,59,0,7,5.8,6.9,20.4,0.9,8.1,3.7,0,5,1.2,1151891.3,16
35,40,229.5,14.9,23.3,13.1,53.9,43.1,10.8,25.1,19.9,18.1,6.2,1.1,4450298.9,24
35,41,1802,59,152.8,107.5,245.2,330.1,34.4,246.8,335.1,91,183,17.1,3.38416047E7,20
35,42,195,8.5,18.6,8.9,28.2,37.4,5.7,32.2,19.8,11.6,20.2,3.9,4046896.3,21
35,43,4,0,0.6,0.2,0.7,0.6,0.2,0.7,0.3,0.2,0.5,0,87434.9,1
35,44,16,0,1.5,0.9,1,4.8,0,3.6,0.7,1.5,1,1,337329.6,6
35,45,120,3,6.8,7.9,33,24.8,4.1,14.4,6.3,11.7,4,4,2588997.9,15
35,46,30,1.7,4.3,1.7,6.8,6.8,0,1.7,1.7,1.7,1.8,1.8,659358.1,3
35,48,104,8.9,8.5,1.8,25.2,22.5,1.9,15.4,13.9,3.9,0.9,1.1,2398912,8
35,49,392.5,24.6,37.6,21.8,74.6,75,14.9,50.2,41.1,24.3,19.2,9.2,8489173.5,32
35,50,86,6,7.9,4,23.1,17.9,2.2,8,4.9,6.2,5,0.8,1778953.7,10
35,51,35,2,2,0,3.9,3.9,1.1,5,10.1,1.1,5.9,0,865158.3,8
35,52,251,14.4,31.9,11.1,48.7,61,3.5,24.3,21.9,17.2,15,2,5515918,15
35,53,108,1.9,8.9,3,23,19.1,6.1,11.8,18.9,9.1,4.2,2,2236971.7,11
35,54,91,1.9,6,8.1,18,19.9,2.4,3.1,16,10.5,4,1.1,1881436.7,12
35,55,241,21.6,21.2,7.1,53,46,10.7,40,16.3,16,4.1,5,5268460,15
35,56,198.5,7,31,0.9,44,46,12,14,18.1,21.6,0.9,3,4118632.5,5
35,57,268.5,10.9,29.4,14,56,48.9,13.7,39.1,21.1,20.6,9,5.8,5557211.7,20
35,58,172,7.2,18.8,7.1,41.1,33.9,5.9,15,17,19.9,2.1,4,4199564.9,10
35,59,359.5,12.8,36.4,16,75.1,83.1,11.1,40.2,37,29,14.7,4.1,7963330.1,23
35,60,376.5,19.2,59.5,13.5,67,94.8,10.4,39.8,25.8,35,3.2,8.3,8926751.3,25
35,61,6,0.2,0.4,0.2,0.8,1.3,0,1.3,0.6,0.6,0.4,0.2,158487.8,2
35,62,150.5,7.1,8.9,5.9,38,34.1,1.9,24.9,9.1,15.5,2,3.1,3571363.8,8
35,63,554,40.1,54,21.4,112,94.9,14.8,67.1,69.9,47.6,24.2,8,1.19693867E7,13
35,64,193,20.6,9,7.8,51,36.9,8.1,21.3,12.2,13.1,8,5,4185423.9,30
35,65,170,7.7,13.8,7.2,33.1,34.2,6.8,27.1,15.2,13.9,7.1,3.9,3819030.4,26
35,66,181.5,10.8,15.7,3.8,26.8,43.3,5,25.4,29.9,11.8,4.1,4.9,4531393.5,25
35,67,622,37.4,47.5,23,131,128.2,21.3,77.8,72.8,40.1,29,13.9,15592559,38
35,68,435.5,31.8,43.4,23.3,77.9,110.1,12.9,51.2,38.7,24.1,11.3,10.8,9442212.6,27
35,69,198.5,7.9,19,9,40,40.4,3.9,29.2,23,14.4,9.9,1.8,4752284.5,22
35,70,2478,121.6,225.2,147,464,437.9,60.5,276.1,325,181.6,206.1,33,5.53885949E7,27
35,71,197,16.2,15.6,2.9,46.8,40.1,8.9,25.2,15,17.3,1.8,7.2,4403994.9,28
35,72,376.5,16.7,31.7,8.2,87.9,67.1,13.8,61.2,41.8,32.9,7.2,8,9459217.6,25
35,73,421.5,26.7,41.8,21.8,88.2,89,11.8,52.2,44.2,28.7,9.9,7.2,10149950,39
35,74,85,3.9,9.5,4,8.1,19.9,0,11,22,3.5,2.1,1,1962662,8
35,75,81.5,2.9,6.1,4.9,10.9,22,0.5,16.9,12.1,3.2,2,0,2077815.6,10
35,76,36,0.9,2.9,0,5.1,7,0,12,3.2,0,0.9,4,743473.4,8
35,77,987.5,34,92.1,58.4,141,197.7,17.6,136.1,150,58.4,86.2,16,20189939,20
35,78,447,26.9,49,29.1,79,105,14,48,38.1,39.9,14.9,3.1,8352024.6,9
35,79,177,11.9,12,18,28.9,39.1,3.9,20.8,27,3.1,6,6.3,4023591.5,15
35,80,406.5,20.9,21.9,28.9,71.8,82.2,9,49,59.3,31.2,25.4,6.9,8702540,16
35,81,140,3.8,14,3.9,32.9,32,6.1,14.8,13.1,13.1,2.3,4,3282734.3,19
35,82,77.5,3.8,7.9,3.7,12.2,16.1,1.8,13,12,3,2,2,1877330.5,16
35,83,583.5,26.7,56.8,29,109.5,125.9,15.9,77.5,58.4,48.6,22.9,12.3,1.31483598E7,36
35,84,739.5,32,64.1,39.6,150,138.9,24.9,107.9,99,47.1,22.9,13.1,1.59678112E7,20
35,85,10027.5,360.5,786.4,749.2,1802,1865.8,197.5,1306.1,1410.9,514.9,851.1,183.1,2.044727906E8,14
35,86,660,24.9,57.9,43.6,119.1,142.9,16,92.2,80.3,41.3,25.8,16,1.73793441E7,27
35,87,543,23.4,41.6,30.6,92,121,19,74,57.1,59,10,15.3,1.23837669E7,23
35,88,125,5.8,7,7,24.1,27,7.5,16.9,13.9,7.5,4,4.3,2941596.5,14
35,89,475,26.9,42,24.1,107,96,17.9,52.2,48,28,22.9,10,1.00390593E7,20
35,90,206,12.1,25.1,8.2,47.9,35.9,3,28,14,22.7,3,6.1,4482314.8,13
35,91,257.5,9,21.4,12,45,50.9,9,41,29.4,24.7,9.9,5.2,5154630.3,18
35,92,98,12.2,1.8,1.8,28,20.9,4.9,9.2,7.2,5.8,4.2,2,2287414.3,15
35,93,130,7.9,12.7,8,31.1,18,5,16.2,12.9,10,5,3.2,2467995.4,19
35,94,54,4.7,3.1,1,7.8,14,1,5.1,10,3,2.1,2.2,1358545,8
35,95,128,2.9,12.9,10.9,14,27.2,3,18,16.2,7.7,12.1,3.1,3076376.1,14
35,96,257,4.9,13.1,12.1,46,53.9,4.8,50.9,41,15.6,8.4,6.3,6472639,20
35,97,972,64,89.2,45.4,224.8,153.3,33.4,133.9,102,83.6,31.2,11.2,2.01240297E7,21
35,98,599.5,22.1,63.3,25,91,102.1,12.4,87,101.9,50.5,25,19.2,1.46224039E7,15
35,99,3239,116.4,260.1,196.6,527.9,636,65.5,454,533.1,137.4,262,50,6.77906216E7,15
36,0,16,0.2,0.2,1.8,0.9,4.6,0,3.2,2.1,0,2.5,0.5,368198.6,6
36,1,41,0.9,1,4,6.1,6.7,0,8.8,7.4,0,5.3,0.8,760369.5,16
36,2,259,12,8.6,11.3,32.1,51.8,4,42.2,61.9,9.7,23.5,1.9,5285662.3,27
36,3,28,0,1,0,6.9,5.7,0,5.3,7.3,0,1.8,0,782050.2,14
36,4,35,1.8,2.2,3.3,7.9,6.1,2.8,3.9,3.9,2.2,0.9,0,960624.7,13
36,5,59,1.8,9,2,4.8,13.9,1,6.2,13.2,2.9,4.2,0,1349021,13
36,6,108,11.8,11.2,2.1,19.1,19.1,3.7,12.9,20.1,2.1,5.9,0,2142394.6,16
36,7,42.5,1.6,4.3,2.4,8.8,12.8,1.1,3.1,4.2,1.6,2.6,0,911727,14
36,8,97,0.8,10.2,2.9,6,18.1,2,25,13.9,7.1,8.9,2.1,1965384.4,15
36,9,66,2.9,4.1,2.2,13.6,10.9,2,6.9,11,6.2,5.1,1.1,1305435.2,17
36,10,17,0.1,2.3,0.2,1,6.9,0.9,1.5,2.3,0.2,1,0.6,318304.7,8
36,11,31,0.4,4,0.6,2,12.8,1.3,2.5,4.1,0.6,2,0.7,580438.2,8
36,12,29,0,4.2,1,1,6,0.8,7.2,4.9,1,1.9,1,684178.4,8
36,13,68,3.3,8.9,4.2,6.9,15.8,0,7,13.3,6.2,1.7,0.7,1397867,15
36,14,42,2.7,0,1.9,8,10.6,0,2.7,8.7,4.1,3.3,0,847135.1,12
36,15,53.5,1.9,4.2,2,4.1,15,0,8.4,8.8,2.6,4.4,2.1,1027609.4,18
36,16,259.5,9.1,18.7,9.7,34.2,57.1,4.9,36.1,54.9,9.6,18.1,7.1,5103573.4,25
36,17,36.5,3.1,0,0.7,3.2,9.9,3.1,5.7,5,2.6,3.2,0,753500.2,12
36,18,8,0.8,0,0,1,2.4,0,1,1.6,0,0.8,0.4,181999.2,4
36,19,122.5,4.9,11.1,10.5,16.7,35.3,2.8,12.9,15.4,2.9,1.9,8.1,2551795.1,21
36,20,895,33.1,67.5,60.1,107.8,182.1,15.3,123.3,150.3,42.4,101,12.1,1.74749883E7,23
36,21,675.5,31.8,56.1,36.8,88.1,124.9,14.8,104.1,104.9,43.7,55.2,15.1,13444395,31
36,22,65.5,1.9,6.4,5.1,5.8,19.9,1,6.3,9.9,1,6.1,2.1,1437315,15
36,23,323,24.9,22,14,50.9,62.8,5.9,42,51.3,20,26.2,3,6983239.7,30
36,24,13,0.7,0.4,0.7,2.6,2.2,0,1.5,3,1.5,0.4,0,265954,4
36,25,22,1.2,0.6,1.2,4.4,3.8,0,2.6,5,2.6,0.6,0,450076,2
36,27,30,0,0,2,5,6,1,6,7,0,2,1,736345.9,7
36,28,5,0.2,0.3,0.2,0.8,1,0.2,1,0.3,0.8,0.2,0,111920.3,2
36,29,102,1.9,9,0.9,19,14.1,1.9,14,21.1,13.1,7,0,2141212.8,22
36,30,56,1.4,5.7,5.2,10.3,7.5,2.5,7.7,3.5,2.8,6.6,2.8,1254999.4,15
36,31,10,0.2,1,1,1.8,1.3,0.5,1.5,0.5,0.5,1.2,0.5,224107,3
36,32,69,0,3.9,7,10.2,14.9,1,8.9,14.1,4.1,2.9,2,1599494.8,8
36,33,169.5,5,7,10,20.9,38.2,3.4,45.1,27.9,7,4,1,3633215.7,13
36,34,10,0,1.4,0.6,0.9,2.4,0.3,1.1,1.4,0.4,0.9,0.6,206580.9,3
36,35,103,3.8,6.9,6.9,16.1,17.7,4.1,17.1,17.9,4.2,6.1,2.2,2482631.9,13
36,36,1282.5,91.4,97.4,75,228.2,246.9,40.8,163,152.1,92.3,86.3,9.1,1.95634674E7,17
36,37,97,9.2,5.1,4.9,19.8,16.9,6,9.2,12.9,10.1,1.9,1,1894386,10
36,38,91.5,4.1,13.1,5.8,16,18.9,3,5.4,12.9,6.7,2.6,3,1943507.5,16
36,39,143,5.7,10.9,7.1,13.2,36.2,5.9,26.9,20.8,8,5.1,3.2,3137769,24
36,40,109,4.6,11.2,4.4,15.9,25.2,4,13.9,14.8,6.9,6.9,1.2,2183296.3,20
36,41,528.5,27.6,55.9,35.2,88.7,103,17,62.2,53.9,54.1,23,7.9,9450245.7,20
36,42,259.5,16.4,22.6,12.7,39.8,48.2,8,31.8,43.9,20.2,14.9,1,5606797.9,21
36,43,230.5,14.1,19.8,11,37.1,61,9.6,26,26.7,15.5,2.8,6.9,4725906.7,22
36,44,284.5,15.5,26.4,12.1,54.4,53.9,6.1,48.8,28.7,21.5,10.1,7,5916609.3,25
36,45,65.5,4,3.4,3.1,15.1,10.6,1.1,19,5,1.1,3.1,0,1560805.7,17
36,46,116.5,5.1,11.1,4.5,23.9,25.8,9.1,11.2,13.9,9.3,0,2.6,2482948,13
36,48,176.5,6.6,16.4,12,29,42.2,4.4,33.8,15.1,13,3,1,3803405.6,14
36,49,143,5.1,18.7,10.1,28.2,32.2,0.8,16,15,11.1,5.8,0,3219050.1,19
36,50,198,10.4,24.4,10.1,32.1,50.1,3,20.9,22,17,3.9,4.1,3986205.6,18
36,51,24,1.8,0.6,0.4,5.2,4.4,0.6,5.2,2.4,1.4,1.3,0.7,528842.6,5
36,52,190,23.2,23,4.9,51,30.4,8.8,11.9,13.9,17.9,4,1,3746924.7,16
36,53,29,0.6,2.7,0.6,7,7.1,1.1,1.7,2.8,2.1,1.1,2.2,709534,5
36,54,64,5.4,4.8,2.7,17.4,12.3,3.6,9.5,2.6,3.6,0.8,1.3,1488914.1,8
36,55,205,8.8,14.9,14.8,37.8,62,9.2,23,13.1,14.3,4.1,3,4547423.6,17
36,56,394,20.1,50.4,14,78.1,76,14,56.1,45.9,26.5,8,4.9,8707727.8,15
36,57,280.5,11.2,22.9,13.1,63,44.9,12.4,31.3,31,32.8,16,1.9,6285908,14
36,58,401,15.8,49.4,17.3,63.9,100.1,6.9,53.9,48.1,31.6,8.8,5.2,8831968,15
36,59,159,4.8,23.3,5.1,19,44.1,2.2,22.8,18.9,5.7,3,10.1,4400376.4,13
36,60,605,24.2,57.1,31.3,111,142.8,15,63.2,59.1,73.6,13.9,13.8,13698687,32
36,61,36,0.9,3,0,14,6,3,1.1,0,6,2,0,832744.1,4
36,62,286.5,13.4,24.4,4.6,61.3,53,11.3,34.7,49,13.9,11.8,9.1,6366900.1,21
36,63,359.5,19,30,9,56,80.8,10,57.8,31.1,40.5,17.1,8.2,8072492.5,20
36,64,5,0.3,0.2,0.2,1.5,1,0.3,0.6,0.5,0.2,0,0.2,117935.2,2
36,65,73,0,9.7,2.8,7.1,23,0.9,10.1,15.1,1.4,1,1.9,1787595.4,14
36,66,426,16.6,53,19.2,58,103.2,12.5,60.4,40.3,29.7,20.2,12.9,1.06325172E7,35
36,67,156.5,4.8,15,7.1,23.2,40.2,2,32.9,12.2,10.6,8.5,0,3684529.7,25
36,68,568.5,21.4,62,37.5,104.5,154.1,20.9,60.2,49.9,34.1,12.1,11.8,1.37341894E7,34
36,69,91,3,10.8,7,20.9,12.8,2,16.1,12.2,2.1,2.9,1.2,2436698.4,19
36,70,1001,71.1,88,32,254.9,187.8,47.8,89.3,87.2,96.5,39.2,7.2,2.29906621E7,35
36,71,95.5,3.9,7.6,3.2,16.5,22,2.8,9.4,13.9,6.8,8.4,1,2288501.4,22
36,72,323,24.8,25.1,12.9,58.8,79.1,8.9,48.6,30.3,22.3,6.1,6.1,8017564,38
36,73,192,11,16,9.1,35.9,40.9,1.9,28.3,24,12.7,10.3,1.9,4149710.1,23
36,74,680,21.1,49.6,33,91.6,153.9,13.9,90.3,125.2,38.4,49.4,13.6,1.60872002E7,41
36,75,901,20.3,101.1,51.9,106.3,237.9,11.7,148.9,98,57.4,46.2,21.3,1.98468692E7,30
36,76,438,15.1,48.9,25.9,64.3,117.8,8.7,48.1,43.1,34.9,15.9,15.3,9162043.5,24
36,77,3099.5,132.5,255.6,207.4,560.9,584.1,92.5,359,436,194.4,232,45.1,5.81067491E7,17
36,78,1666,68.8,138.7,105.5,266.9,351,38.5,234,248.1,84.5,110,20,33877249,11
36,79,546.5,26.3,44.8,46.5,95.1,124.2,8.1,82,64.1,31.3,7.9,16.2,1.30323239E7,43
36,80,179.5,15,15.1,7,31,41.3,7.9,19.9,17.2,9.2,7.9,8,3873824.8,27
36,81,400.5,28.7,41.2,23.8,82.1,73,9.8,62.2,35.2,26.1,14.1,4.3,9002359.5,32
36,82,60,2.9,5.6,2,14,12,1,9.8,4,5.5,3.2,0,1384278.9,14
36,83,82,4.7,7.9,2,18.1,22,1,11.9,8,2,1.1,3.3,1946215.6,12
36,84,642.5,23,72.5,52.4,86.1,158.1,12,102.7,68.2,29.7,12.2,25.6,1.51603784E7,29
36,85,1688.5,77.8,153,85.8,294.1,322.9,39.8,223.8,290.3,101.1,71,28.9,3.71939183E7,41
36,86,384,12.6,45.4,16.2,69.1,88.4,12.2,46.7,48.9,27.4,8,9.1,9194286.4,20
36,87,280.5,6.8,27.5,15.2,38.9,63.8,6,50.1,46,8.1,11.2,6.9,6625039.5,19
36,88,447.5,31.1,43.1,24.3,123,82.9,11.7,40.9,38.1,30,11.2,11.2,1.06693432E7,23
36,89,7,0.2,0.7,0.5,0.8,1.6,0.3,1.6,0.4,0.7,0,0.2,169023.9,2
36,90,396,22.8,34.5,17.1,70.1,68.5,16.2,48.8,66.7,20.9,22.7,7.7,8669497.9,27
36,91,214,9.8,16.4,10.8,39.1,42,4.1,25.9,39,12.7,13.2,1,5074093.8,18
36,92,296,17,17.3,21.9,52.2,76.8,5.6,37.2,33.1,12.8,10.9,11.2,6676049.1,25
36,93,263,16,21.4,18,54.1,60.9,6.9,32.2,28.9,11.6,8.1,4.9,5667333.4,18
36,94,91,4.2,7.9,4.1,17.7,15.1,2.9,13,13.9,4.9,4.1,3.2,2155460.2,14
36,95,272.5,12.7,23.4,23.3,38.9,52.9,6,33.2,45.3,14.8,16,6,5774578.7,30
36,96,126,4.5,14.6,5.9,23.2,22.9,2.8,21,19,6.1,6,0,2676015,10
36,97,322,14.7,38.7,19.5,43,77.8,13.1,42.9,29,20.2,15.1,8,7262999.3,26
36,98,134,6.8,7.8,7.1,24.1,25.1,4.9,24.1,17.8,9.3,5.1,1.9,2997978.8,15
36,99,82,7.2,3.9,2,21,13.9,2,12.8,8,8.1,3.1,0,2393510.9,8
37,0,67,3,5,5.8,13.1,10,2,10.3,12,0.8,5,0,1322520.5,22
37,1,43.5,0.7,2.7,0,5.3,6,0.3,13.1,8.1,2.3,4,1,1060890.7,16
37,2,23,0.7,0,0.8,6.2,2.2,0,2.8,6.2,1.9,2.2,0,581322.6,10
37,3,33,0,3.3,1.9,3.3,8.9,0.5,9.9,1,3.2,1,0,695192.6,12
37,4,53.5,1.9,6.4,2,11,11.9,0,4.2,10.1,3,0.9,2.1,1186553.4,11
37,5,106,5.6,8.8,5.2,19.2,13.3,3,13.9,20.3,6.7,10,0,2175581.8,23
37,6,50,2,1.9,0.8,3.1,6.8,0,12.6,12.2,0,10.6,0,1123321.3,20
37,7,49,0.8,4.9,4.1,4.9,9.8,0,4.4,14.7,5.4,0,0,946454.7,18
37,8,49,0.9,3.1,0.9,4.9,9.3,1.8,6.8,12.4,4,4.9,0,973692.8,13
37,9,76,3,1.8,3.1,10.9,7.1,3,16.8,17.3,2,9.2,1.8,1730121.3,14
37,10,162,5.9,14,10.2,26.1,27.2,5.8,22,21.2,11.8,14.9,2.9,3170449.7,14
37,11,162,2,14.9,15.2,17.9,34.1,3,20,31,8,14.9,1,3293396.3,15
37,12,233.5,12.6,23.6,6,38.9,34.8,5.1,35.2,33.7,23.8,18.6,1.2,4913597.6,26
37,13,138,6,12,4.8,25.1,25,4,16.2,18.9,17,6,3,2898081.3,19
37,14,68.5,0,6.8,0,11,16,2.2,7.8,16,4.8,0.7,3.2,1582562,21
37,15,1,0.1,0,0,0.2,0.2,0,0.1,0.2,0.1,0.1,0,20169.9,1
37,16,67,0.7,10,1,11,16.1,1.8,12,6.1,5.1,2.2,1,1546249.5,11
37,17,57,3.9,2.7,4,7.1,13.1,0.8,5.9,11.1,5.2,3.2,0,1164020.9,12
37,18,48.5,2.7,2,3.1,7.7,13.6,1,7.8,2.5,5,2.4,0.7,1031101.1,9
37,19,290.5,9.8,27.4,19,44.9,67.4,8.2,27.9,41.3,25.9,13.9,4.8,6000473.2,22
37,20,1344.5,65.9,124,71.2,207.8,225.9,40,154.3,215.4,91.5,128.3,20.2,2.42790086E7,18
37,21,994.5,43.4,76.5,53.3,140.2,170.9,22.2,121.8,172.5,63.7,122,8,1.91605373E7,16
37,22,546,17.8,49.4,30.9,88.9,106,18.5,102,57.1,39.6,29.8,6,1.09542761E7,23
37,23,150,5,12.9,9.1,17.9,35,3,21.9,22.1,7,16.1,0,3158231,13
37,25,219,7.8,19,19,28.8,46.1,2.8,38,32.1,6.2,17.2,2,4876322.4,16
37,26,196,9.9,21,4.9,32.2,41.9,6,18.1,33.2,14.8,14,0,4130489.3,10
37,27,169,10.1,13.9,5.2,28.2,25.3,5.7,22.9,26,10.9,20.1,0.7,3447458.2,15
37,28,80,0.9,6,1,13.2,19.8,4.1,7,16.2,8,2.8,1,1639569.6,14
37,29,26,0.7,1.7,0.8,4.3,5,0.8,5.8,1.8,4.3,0.8,0,581986,4
37,30,98,5,12.2,3.1,17,22,3,13.1,4.9,12.7,3.9,1.1,2040532.3,13
37,31,70.5,7,4.5,2.3,8.8,18.8,2.8,7,9.2,2.8,4.1,3.2,1731566.9,13
37,32,59,5.5,7.1,0.4,10.9,9.8,0.3,10.8,8.3,3.1,2.1,0.7,1163613.2,14
37,33,29,4,5.1,0.6,5.9,4.1,0.4,4.1,0.6,1.7,1.8,0.7,547907.4,7
37,34,359.5,25,30.2,22.3,65.2,68.9,12,48.3,46.3,25.9,8.5,6.9,7310201.3,27
37,35,76,1.1,8.5,3.5,9.9,21.7,0.6,9.7,5.5,1.9,9.2,4.4,1669973.5,17
37,36,532,23.8,42.4,28.3,87.8,104,18.1,79.2,73.8,35.3,31,8.3,1.11422713E7,36
37,37,507,26.5,61.2,22.7,88.1,123.9,9.1,55.3,53.2,34.6,21,11.4,1.05604442E7,26
37,38,25,0.6,3.1,1.5,2.3,7.8,0,0.8,5,2,0.8,1.1,529764,6
37,39,135,5.3,12.1,4.8,26,24.9,1.2,26.2,12.3,6.2,10.9,5.1,2981437.9,20
37,40,26,1,3.1,0,1.9,8.9,0,4.9,2.1,0,1,3.1,713708.6,7
37,41,535,21.1,53.4,35.1,83.7,114.8,14.1,56.1,83.9,34.3,32.5,6,1.15739107E7,33
37,42,39,1.9,2.1,3.1,7.9,10,1.9,3.9,2.1,2.1,4,0,732391.1,6
37,43,73,9,7.1,0,15.2,17.2,1,7.9,3.8,5.8,4,2,1617774.3,13
37,44,85,8.2,0,1.8,25.2,9.9,4.1,13,8.2,9.6,2.9,2.1,1892022.2,14
37,45,135.5,10,12.3,5.9,32.1,28.1,1.8,12.1,10,17.1,0,6.1,3135944,10
37,46,311.5,17.9,26.7,10.4,50,79.9,7.9,41.2,37,20.5,15,5,6391434.4,18
37,47,516,29.9,50.2,27.2,97.1,91.1,13.9,62.1,77,50.5,14,3,9204808.4,8
37,48,3285,135.7,314.6,242,504.1,664.9,69.5,406.1,457,164.1,286,41,6.47360892E7,19
37,49,352,15,20.1,17.1,70.1,81.8,6.9,48.2,46.1,23.9,17.8,5,7506583.4,17
37,50,206,8,27.1,10.9,33,48.1,4.9,29.1,25,7,7.9,5,4688936.3,16
37,51,133,7.6,11.6,4.6,23.8,26.7,4.1,15.7,17.6,9.2,7.8,4.3,2805606,15
37,52,24,0.5,2.3,0.5,5.9,5.9,0.8,1.3,2.4,1.8,0.8,1.8,587200.3,4
37,53,266.5,9,26.5,8.9,53.9,55.9,5.9,34.1,26,22.2,17.2,6.9,5640671.4,22
37,54,335,26.5,37.6,7,74.9,62.1,11.6,50,35,19.4,3.9,7,7424610.9,16
37,55,15,0.2,1,0.5,2.5,3,0.5,3.1,1.5,1.5,0.5,0.7,395997,5
37,56,60,4.9,7.9,5,19,6,2.1,9.1,0,6,0,0,1231076.1,5
37,57,352,17.9,35.1,19,61.8,78.8,5.6,45.4,39,23.4,18.9,7.1,7934649.4,24
37,58,2456,71,204.6,192.1,370.9,493.2,45.5,345.9,387.1,116.9,181.8,47,5.10520456E7,20
37,59,1828,54.3,173.9,130.3,245,377,40.4,233.1,302.2,102.9,139,29.9,3.94098989E7,22
37,60,72,3.2,4.3,0,7.1,13.1,0.8,14.1,15.9,7.3,5,1.2,1742836.3,9
37,61,435.5,20,55.3,25.4,67.6,118.9,15.6,45.9,43.1,24.6,11.9,7.2,9625668.1,30
37,62,311.5,13.9,34.1,15.8,64.8,76.9,11.6,31.3,22.2,30,10.1,0.8,7765966.2,19
37,63,369,24.9,39,19,68.1,83.1,10.9,36,48,20.8,16.2,3,8234146.3,17
37,64,21,1.5,0.8,0.8,6.4,4,1.6,2.3,1.8,0.8,0,1,495327.6,6
37,65,563,24.5,71.4,40.5,102,134,18.7,59.2,46.9,44,8.9,12.9,1.25463615E7,17
37,66,165.5,9.8,19,5.2,32.1,35.9,4,17,13,14.7,9,5.8,4047915.6,20
37,67,2441.5,106.1,231.7,120.3,435.8,466.9,64.8,290.2,328.1,195.3,159.2,43.1,5.42887272E7,28
37,68,382.5,13.8,38.7,17.2,54.1,96,7.5,43.2,52.1,33.9,13,13,9793108.4,26
37,69,40,0.9,4,0,1.9,12,0,6.1,7.1,0.9,2.1,5,989209,6
37,70,342,26.2,17.8,15.9,78.4,64.6,8.9,37,48.3,20.9,20.1,3.9,8306600.5,20
37,71,270,10.4,35.3,13.2,43.8,62,6.1,27.9,37,21.1,6.1,7.1,6030449.4,30
37,72,181,6.9,18.1,9.8,23.8,46.1,5.1,31.1,23.9,10.1,3.1,3,4214324.1,30
37,73,421,19.8,38.9,31.5,48.8,107.9,7.6,58.2,56.2,27.2,10.8,14.1,9518595.7,27
37,74,141.5,5,11.3,10.2,15.1,39.6,0,33.2,16.1,3.1,7.9,0,3294217.7,19
37,75,116,3,10,7.9,9,24.3,0.9,24.9,21.9,2.9,9,2.2,2685060.4,18
37,76,590,21,47.2,45.5,88.6,113,10.6,106,79.1,31.1,37.6,10.3,12728285,16
37,77,84,4.1,3.1,0,16.9,10.1,3,23,14.1,5.8,3.1,0.8,2127199.1,7
37,78,374.5,25,28.2,21.5,91.8,72,17,34.9,35.3,37,6.8,5,8489982.4,15
37,79,1058,51,100.8,56.2,199.1,231.9,35,138.9,114.2,68.9,44.2,17.8,2.47749298E7,32
37,80,309,21.4,30.4,18.9,71,75.3,8.2,24.2,20.2,26.6,9.8,3,6862370,24
37,81,200.5,10.5,25.9,11,38,46,8,19.3,20.3,12.4,5,4.1,4446718.2,24
37,82,1094,86.1,86.9,50.5,252.8,210.7,42.9,124.7,87.2,95.6,40.5,16.1,2.39252941E7,32
37,83,108,1.6,10.8,6.9,15.2,21.9,1.7,17,17.3,7.3,6.3,2,2483568.5,22
37,84,145,4.4,11.7,6.1,23.7,31.4,3.1,21.9,22,9.2,7.3,4.2,3330223.1,22
37,85,380,21.8,39.3,14.7,79.1,93.5,13.1,62.9,17.1,27.4,4.1,7,8732057.7,27
37,86,312,9.2,27.4,22.5,49,76.9,6.2,51,37.8,14.8,9,8.2,7332370.6,23
37,87,89,4.9,5.9,5.9,12.1,12.9,3,19,12,8,3.2,2.1,1903120.1,13
37,88,416,26.7,43,20.9,101,98.1,11.9,45.1,19.1,31.9,6.2,12.1,9435135.4,15
37,89,427.5,26.6,49,30.7,83.9,81.8,13.8,61.7,33.5,35.9,6.9,3.7,8911409.2,22
37,90,848.5,39.1,71.9,54,128.8,178.9,14,97.3,133,46.4,61.2,23.9,1.70044887E7,22
37,91,1175,60.2,93.6,90.6,211.1,218.9,30.7,167.2,127.1,62.6,97,16,2.18576575E7,11
37,92,68,1.8,3.9,1.2,19.9,10.7,0,9.8,14,1.2,4.3,1.2,1467986.9,15
37,93,176,10,12.1,7.2,41.9,27.2,4.9,25.9,15.8,19,8,4,3744959.3,17
37,94,161.5,6.9,13.8,10.7,21.1,41.8,2,25.3,13.2,10.5,10.9,5.3,3914272.8,20
37,95,94,0.9,12.9,2.9,3,25.9,2.1,18.1,13.1,5.1,3,7,2206477.2,12
37,96,67,2,11,2,8.1,14,0,11.9,14,0,0.9,3.1,1493445.8,13
37,97,251.5,9.8,13.9,13,36.8,46.1,3.2,51.1,37.4,18.3,14.8,7.1,5714721.5,21
37,98,248,16,25,14,42,53.8,4.8,42,16.1,13.1,10,11.2,5623357.8,14
38,0,639,17.9,45.1,42,72.9,113.4,13.1,87.2,130.7,27.8,81.6,7.3,1.20369434E7,25
38,1,44,0.9,3.1,2.4,5.1,8,1.3,6.3,8.1,2.3,5.2,1.3,956436.3,11
38,2,31,0,2,2,6.2,7.5,0,8.1,4.1,0,0,1.1,661903.9,12
38,3,33,0.5,3.8,1,6.2,12.1,0.9,5.3,2.2,0,0,1,759380.8,13
38,4,47.5,1.9,6.1,3,9.9,11,2.7,3.9,3,3.9,1,1.1,970621.5,10
38,5,486,15,57.2,22.1,75.9,109,11,51.9,63.2,31.9,39.8,9,1.00855774E7,14
38,6,244,10.8,11.9,15.9,37,44.1,7.4,46.1,34.1,19.6,16.1,1,5295214.3,24
38,7,24,0.4,1.7,0.8,2,3.7,0,3.8,7.3,0.9,1.4,2,617626.5,8
38,8,110,5.5,8.1,1,18.9,23,3.9,9,17,10.5,12,1.1,2246751.8,7
38,9,80,1.9,9.3,3.1,8,18.1,0,13.9,13.8,2,7.9,2,1897728.7,13
38,10,67,4,11.9,1.1,5,19.1,0.9,9.8,9.1,4,1,1.1,1468206.1,16
38,11,62,1.5,5,1.7,6,14.3,1,11.1,12,1.8,5.4,2.2,1582567.8,22
38,12,58,5.8,1.1,1.8,7.1,11,2.2,10,5.1,3.8,8,2.1,1113443.7,13
38,13,59,4.8,7.1,0,15.1,9,0.9,5.9,7.4,5.9,2,0.9,1276743.9,15
38,14,51,0,5.8,0.8,4.1,6.2,0,17.1,11.9,0.9,4.2,0,1138926.6,17
38,15,3,0.1,0.2,0,0.5,0.5,0,0.4,0.9,0,0.3,0.1,70259.1,2
38,16,284,16.2,18.5,14.5,55.8,51.9,10,41.2,36.2,21.7,15,3,5714497.7,14
38,17,13.5,0.7,1.2,0.8,2.2,3,0,1.9,0.5,1.5,0.8,0.9,300279.5,3
38,19,89,1.5,8.3,2.8,21.2,13.9,1.9,18,7.9,7.8,3.3,2.4,1957760.7,24
38,20,139,2.8,7.2,7.9,24.8,30.3,3,32.8,12.9,4.1,7,6.2,3147907.9,20
38,21,88.5,3.7,7.6,4.3,14,19.1,2.9,11.2,11.6,8,5.1,1,1928055.6,17
38,22,511.5,20.8,47.9,29.4,79.1,101.1,7,81.9,74.9,32.1,31.2,6.1,1.10167494E7,22
38,23,40,0.9,4,1,9,8,1,4,3,5,3,1.1,902365.2,5
38,25,1145,42.2,70.1,54.8,158.7,195,20.7,141.9,238.3,61.9,152.3,9.1,2.39827396E7,34
38,26,1066.5,37.5,86.9,68.1,138.8,175.1,22.3,164.3,212.9,46.6,105.8,8.2,1.92711503E7,16
38,27,124.5,1.6,11.8,4.5,15.1,28.2,2.9,22.7,24.2,8.5,3.1,1.9,2818179.3,17
38,28,12,0.5,1.2,0.7,2,2.4,0.7,1.7,1.2,0.7,0.7,0.2,236288.6,3
38,29,79.5,0,9.7,6,7,24.1,0.8,13,13.1,3.9,0.9,1,1650854,17
38,30,55,2,3.2,0.9,11,5.7,0.8,11,16.7,2.4,0,1.3,1216266.7,13
38,31,33,0,3.8,0,4,6.1,0,11.1,2.1,3.8,2.1,0,728148,7
38,32,22,1.7,0,0.6,2.3,5.9,0.6,1.8,6,0.6,1.9,0.6,550858.2,3
38,33,49,0.8,6.6,2.7,7.1,10,0,14,3,1.9,0.9,2,941624,8
38,34,114,1.1,13.1,11,14.1,32,0.9,20.8,12.2,4.8,4,0,2504209.5,19
38,35,139,4,7.9,5.5,23.5,32.1,5,24.9,22.1,8.9,5.1,0,2928617.5,24
38,36,41,1.9,5.9,2.2,3,9.7,1,4.1,7.1,5,0,1.1,901680.2,9
38,37,52,0.8,5.1,7.8,5.2,20.1,0.8,3.1,4,0.8,3.2,1.1,1119286.3,7
38,38,23,0.8,4,1,3.5,5,0,2.7,3.1,0.8,1,1.1,457444.7,5
38,39,88,7.8,11.1,0.9,19.1,19.1,5.9,6.2,7.2,7.8,0.9,2,1784013,11
38,40,107,2.6,14.9,6.1,17.7,24.9,1.9,13.2,9.2,9,4,3.5,2155941.8,19
38,41,105,2.1,14.7,6.2,22,14,3.9,13.8,16.3,5.9,5,1.1,1948859.9,20
38,42,70,4,8.1,1.1,14,13,2,10,4.7,7.8,5.3,0,1576841,13
38,43,170,12,14.8,5,35,38.1,6.4,16.8,17.2,17.3,3.3,4.1,3651106.7,13
38,44,37,1,1.8,2,3,5.1,0,11,10,0,2,1.1,680278.3,6
38,45,69,3.8,9.1,0.9,9.1,16.8,1.9,10.3,7,4.1,3,3,1554015.9,12
38,46,64,3,2,4.1,12.9,13,2.8,9.1,6.9,7.1,3.1,0,1397471.4,9
38,47,131,9,8.5,6,23.1,22.9,5.1,21.9,16.9,8.4,5.1,4.1,3149976.9,12
38,48,724.5,47.9,84.9,54.4,148,137.2,31.9,56,52,88.2,10.9,13.1,1.33761702E7,19
38,49,925,41.6,78.7,51,168.4,209.8,20.9,126.9,127.1,55.7,29,15.9,2.17053668E7,41
38,50,135,5.9,13.5,5.1,30,30,5.4,11,16,12.9,1,4.2,2980050,11
38,51,359.5,7.9,45.7,27,48.2,94.1,10.9,42,33,27.7,9.1,13.9,8237476.3,24
38,52,178.5,8.6,17.3,10.6,43.1,42.1,8,18,7.9,21.8,1.1,0,4264095,19
38,53,73.5,6.7,10.8,0,14.2,19.7,2.7,7.4,0,7.4,0.8,3.8,1703448.6,8
38,54,78.5,1.9,7.1,2.9,14,15.1,3.5,14,9.9,7.1,2,1,1731449.2,8
38,55,211.5,15,22.1,11,44.9,56,11,12,13,17.4,3.1,6,5146131.4,16
38,56,730.5,41.4,78.6,35.5,143,147.8,30.9,82,78.1,60.9,24.2,8.1,1.61215485E7,23
38,57,97,8.9,9,5,21,17.2,3,10,17.9,5,0,0,2414842.7,8
38,58,159.5,4.7,16,12.7,17,37.1,2,11.9,36.9,13.1,5,3.1,3121001.7,14
38,59,564.5,17.9,53.7,38.4,69.1,132,9.9,102.3,72,25.4,23.9,19.9,1.40210502E7,16
38,60,454,20.8,39.5,39,64.1,109.1,12.9,72.9,53.9,20.5,13.2,8.1,1.00952844E7,22
38,61,93.5,5.6,7.6,4.9,21.1,22.9,2.2,5,13.9,7.4,1.9,1,2293707.5,12
38,62,551.5,25.9,56.4,33.7,104.1,125.6,20.9,55.9,57.2,37.5,17.1,17.2,1.26234399E7,17
38,63,759.5,34.8,72.6,25.9,161.1,164.7,22.4,106.1,74.1,50.4,19.5,27.9,1.86296883E7,25
38,64,361.5,18.6,37.8,8.3,54.1,74.8,8.1,58,60.9,22.7,14.8,3.4,9681321.1,28
38,65,832.5,38.1,116.5,41.6,129,199.3,18,95.6,87.2,63.2,22.9,21.1,2.05918975E7,32
38,66,589.5,24.1,50.7,29.2,99.8,124.5,20.4,103.3,66.8,37.4,19.3,14,14789285,35
38,67,299.5,16.1,24.9,14.2,47.7,55.2,7.6,45.9,55.2,20.9,7.9,3.9,7357489.5,25
38,68,51,1,3,0,9.9,13.1,0,10,8,1.8,2.1,2.1,1291046.6,7
38,69,331.5,15,28.4,15.8,45.1,80.2,12,51,41.2,13,15.8,14,8977959.3,13
38,70,1898,98,173.5,71.2,309.8,433,57.9,218.1,257.4,141.6,89.3,48.2,45610885,32
38,71,340,14.4,28.4,14.1,55,72.9,10,47.1,54,17.7,12.2,14.2,7669409.5,31
38,72,195,5,18.9,8.9,25.9,40.9,3.1,33.8,30.2,13,8.2,7.1,4678312.6,14
38,73,200,15.1,17.8,6,47.8,43.1,5.8,26.1,18.4,10,8,1.9,4438079.1,27
38,74,106,1.2,11.8,8,10.8,24.8,2.2,13,12.9,12,9.3,0,2178886.3,16
38,75,101,0.9,8.2,6.1,15,17,0.9,17,23.1,5.7,5.2,1.9,2137806.7,17
38,76,528,18.9,43,35.1,79,117.2,9.9,83,72.2,32.8,31,5.9,1.09109288E7,23
38,77,2173,120.8,175.6,128.3,372.8,408.9,46.8,305,277,97.6,182.1,58.1,4.75624843E7,41
38,78,364,17.6,42.4,14,66.8,92.3,5.3,56,30.8,19.5,7,12.3,8924758.5,22
38,79,131.5,13.1,13.4,2.9,28.8,28.1,1,8.1,20.8,9,3.3,3,2984436.7,21
38,80,141,4.8,8.3,15.5,17.9,33,2,22.7,12.8,13.8,6,4.2,3285296.5,24
38,81,226,15.5,16.2,9.7,53.7,35.2,8.6,35.3,30.2,14.1,3.3,4.2,5629192.5,24
38,82,152.5,5.6,12.8,4.5,23.9,36.1,2.6,19.9,14.4,20.3,7.2,5.2,3416290.1,28
38,83,59,2,5.9,3.9,5.9,13.5,2,10.5,7,0.5,3.9,3.9,1431561,15
38,84,820.5,40.9,95.6,41.1,165,188.7,27.4,106.1,61.1,61.6,17,16,1.84377405E7,32
38,85,323,18.9,30.7,19.8,50.1,94.2,6.8,32.2,27.9,27.4,6.9,8.1,7625209.3,18
38,86,326.5,15.4,33.1,22.1,67.1,74.2,9.2,31.9,25.3,24.5,15.8,7.9,7007557.7,25
38,87,100,3.1,9.1,3.2,16.7,19.5,3.1,19,10.8,7.4,8.1,0,2422646.1,22
38,88,572,30.6,62.6,29.9,113.1,126.8,18,66.6,55.8,47.4,11.2,10,12379203,29
38,89,219,22.8,22.9,11.9,49.1,40.1,6.5,23.7,18.2,17.7,4,2.1,4460832.5,21
38,90,440,30.2,36.5,27.9,115.3,79.9,19,42.3,33.9,40.2,9.9,4.9,9199646.1,25
38,91,510.5,15.8,49.1,28.3,107.9,87.3,15,57.9,84.8,47.2,11,6.2,10734117,27
38,92,71,4,3.9,3,12,20.1,2.7,10.1,4.1,4,3,4.1,1698026.7,12
38,93,163,11.8,13.1,2.8,32.1,20,4.9,28,34.2,11,5.1,0,3604997,24
38,94,69,3.1,9.2,1.9,10.8,13.9,0,9,6.3,6.7,7.1,1,1417888.4,11
38,95,167,7.9,19.9,13.1,22.9,40.8,5,17.2,17.1,11.9,8.1,3.1,3610858.2,11
38,96,327,17.8,22.8,18.3,59.9,57,7.7,51.4,45.2,18.1,22.8,6,7341240.6,22
38,97,272,10.5,27.9,15,40.1,55.9,7.5,51,28.1,16,12,8,5665198,14
38,98,253,6,21,12.6,34.8,48.9,1.5,43.3,50.9,15.1,11,7.9,5471795.7,23
38,99,541,14,33.5,23.4,69.9,87,7,89.2,126,21.9,59,10.1,1.24660794E7,15
39,0,63.5,4.9,3.9,1,15.1,7.1,1.7,10,6.1,5.7,8,0,1233901.5,14
39,1,28,0.7,2.1,1.6,3.2,5,0.8,3.9,5,1.5,3.4,0.8,608641.3,6
39,2,42,1,1,4.2,2.9,11.1,0,6.9,8.9,2.9,1.8,1.3,867088.5,11
39,3,87,4.2,4.7,5.2,12.3,14.9,2.2,16.9,17.8,5.2,1.8,1.8,1697326.3,21
39,4,74,3.9,3.9,3,9.2,18.1,3,10.8,14.3,5,2,0.8,1427275.7,16
39,5,83,4,3.9,6.1,7.1,15.2,3.9,18,14.8,3.9,5.1,1,1835535.9,15
39,6,154,2.8,15,5,14.9,29.7,0.5,20.2,45.1,7.6,12.1,1.1,3147251.8,24
39,7,27.5,0.3,1.8,1,2.4,4.2,0,4.3,8.4,1.1,1.6,2.4,707697.1,9
39,8,111,10.1,4.5,7.1,15.8,18.2,2,14.8,26.9,4.4,6,1.2,2231031.8,28
39,9,51,1.1,5.7,0,6.1,10.4,0,9.1,10.2,3.2,4,1.2,1118606.6,16
39,10,53,5.1,3.7,0.8,15.1,7.1,5.2,2.1,6,7.1,0.8,0,1183263.7,11
39,11,71,0.7,9.9,3,13.1,19,0,4.9,7.1,6.2,4.9,2.2,1624973.1,14
39,12,161.5,7.9,7,11.7,33,25.2,1.8,26.1,25.1,8.7,13.1,1.9,3588800.3,18
39,13,54,2.2,5.9,2.3,10,5.9,0.9,7.1,11.7,5.7,2.3,0,991151.9,13
39,14,10,0.6,0.6,0,1.6,1.6,0.2,1.4,2.8,0,1,0.2,234196.8,2
39,15,25,1.4,1.4,0,3.9,4,0.5,3.4,7.2,0,2.5,0.7,585492.1,6
39,16,250.5,14.1,20.4,10.8,49.8,58.8,9,25.3,24.2,28.5,6.8,2.8,5260402.8,20
39,17,6,0.3,0.5,0.4,1,1.3,0,0.8,0.2,0.7,0.4,0.4,133457.6,1
39,20,44,2,7.9,1,9,9,0,5.1,4,6,0,0,973278,4
39,21,176,16,10.8,7,37.9,27.5,7.6,30.9,18.1,10,5.1,5.1,3776412,22
39,22,353,13.9,51.9,10.1,60.9,73.9,6.9,59,32.9,21.1,13.4,9,7742552.3,21
39,23,34.5,1.8,3,2.1,3.1,8,0.6,5.9,5.9,2.1,1,1,764979.6,8
39,24,43,0,7.2,5.1,3.1,14.5,0.8,5.6,4,0,1.6,1.1,863327.5,9
39,25,20,0,1.4,0,0,1.8,0,1.8,10,0,4.1,0.9,458276.9,7
39,26,180.5,5,21.6,6.7,21.7,44.2,0.7,26.3,26,10,15.2,3.1,3923127.7,30
39,27,25,1.1,2.9,1.1,3.9,6,0,5,3.9,0,1.1,0,514807.9,5
39,28,64,3.9,6.9,3,8.9,16.1,0.9,9.1,8.1,3,3,1.1,1406166.9,10
39,29,38,1.5,3.8,2.3,6.1,7.6,2.2,5.3,3.8,2.3,2.3,0.8,748247.1,7
39,30,29,0.6,2.7,0.7,3.3,7.2,0,5.3,4,0.6,1.3,3.3,724940.7,4
39,31,15,0.2,1.5,0.5,1.5,3.9,0,2.8,2,0.2,0.8,1.6,374969.4,7
39,32,15,1.4,0,0.6,1.6,3.9,0.1,1.4,3.9,0.1,1.4,0.6,375585,7
39,33,67,4.9,6.8,5.1,15,9,3,11.1,2,6.8,2.2,1.1,1473197.5,10
39,34,74,4.9,13,2,13.9,20,2.6,3,3,7.5,3,1.1,1509916.3,6
39,35,327,16.9,24.5,13.4,75.6,61.9,14.5,39.8,33.9,33.5,11,2,7147805.5,21
39,36,81,4.9,3.1,3.1,13.9,13.9,1,18,11.9,3.1,6,2.1,1813426.1,7
39,37,47,0.8,4,2,4.1,13.2,3,8,8,1.9,0.9,1.1,1175545.6,12
39,38,72,2,5.9,2.9,8.2,19,1,15,8.9,4.9,1.1,3.1,1954707.5,10
39,39,28,0.9,4.8,1.2,4.4,6.1,0,3.4,3.7,0.9,1.3,1.3,556889.2,8
39,40,84.5,1.8,7,5.6,8,22.9,2.8,7,12.3,5.8,7.1,4.2,1733342.2,16
39,41,291,23.8,32.5,9.3,72,54.2,8.8,23,18.8,33.3,8,7.3,6306297.5,29
39,42,48,2.8,8,3.1,11.1,13.9,2.9,3.2,0,3,0,0,1088044.8,6
39,43,86.5,3,3,6.9,19.9,20,2,9.9,9,5.6,3.1,4.1,2127489.4,10
39,44,182.5,13.2,14.1,6.1,42.7,32.8,8.6,24.9,19,16.9,2.9,1.3,3730920.3,21
39,45,245,14,18.7,9.9,55.1,49,9,28.2,23.2,18.1,16.9,2.9,5519618.6,17
39,46,93,2.1,9.1,2.9,11,25.1,0,20.1,12.9,2.8,2.1,4.9,2234058.1,10
39,47,62,7,1.9,3.1,18.9,2.2,1,10.8,5,7,5.1,0,1321032.8,12
39,48,154,6.9,12.4,7,28,31,3,31.9,20,4.6,2.9,6.3,3716498.1,12
39,49,303,18.2,22.9,17.9,57,64.6,7.8,52.1,32.3,18,4,8.2,7407504.9,26
39,50,323,11.4,31.6,16.9,61.3,62.4,10,57.9,29.7,27.9,9.9,4,7562243,18
39,51,688,35.1,99.2,33.9,116.9,163.3,27.8,57,60.7,62.1,13.1,18.9,1.62451019E7,35
39,52,5,0.5,0.7,0,1,1.3,0.2,0.5,0,0.5,0,0.3,115880.8,2
39,53,270,7.8,32.5,15.5,42.8,68,9.9,41.1,17.9,13.9,11.3,9.3,6382025.3,18
39,54,406.5,29.9,44.5,23.9,92,74.1,10,33.2,38.9,40,12.9,7.1,9032015.5,9
39,55,233,13.4,19,9.2,43,60.9,4,29,19.9,15.5,8.1,11,5093145.5,13
39,56,68,2.7,10.2,1,16,16.2,0,5.9,7.9,2,4.1,2,1760967.3,7
39,57,166.5,11.8,18.1,5.4,30.1,36.9,7.1,23.9,13,14,5.1,1.1,3815604.6,9
39,58,329.5,20,24.1,21.9,78,63,13.5,30.1,29.9,29.8,10.1,9.1,7045145.2,12
39,59,59.5,1.8,7.6,1.9,7,20.2,1,8.2,3,5,1.9,1.9,1454444.9,6
39,60,162,7,14.9,10,36.1,35.9,1,14.1,22.1,10,7.9,3,3885839.5,6
39,61,275,21,20.8,12.1,50,51,7.8,31.9,36,23.7,14.8,5.9,6096117.5,16
39,62,651.5,25.1,52.7,35,95.9,134,13.8,78.9,126.8,34,40.9,14.4,1.47012133E7,36
39,63,267.5,14.9,28,12.1,33.9,58,4.5,40,44.9,16,11.4,3.8,6374670.4,24
39,64,852,29.7,87.5,40.3,93.1,212.1,18,124.8,147.8,57.9,14.9,25.9,2.17584554E7,38
39,65,1576.5,96,177.3,75.6,270.8,331,53.1,187,207,121.4,28,29.3,3.58671459E7,22
39,66,1982.5,94.1,185.6,93.2,306.7,408.1,40.1,270.1,293.1,130.6,116.8,44.1,47077392,32
39,67,592.5,32.9,63.2,22.5,110.2,110.1,20,75.8,88.8,38.9,19.9,10.2,1.37575736E7,18
39,69,617,23,56.8,42.1,86.7,156.9,13.1,75.1,70.2,49.2,34,9.9,1.45057567E7,30
39,70,901.5,29.4,95.9,51.2,119,211.9,17.9,142,123.8,40.1,45.2,25.1,2.40944369E7,43
39,71,319,7.6,19.9,11.7,40.5,66.7,8.6,51.2,58.2,17.5,24,13.1,8459573.4,23
39,72,81,2.8,7.7,0.7,10,21.9,1.7,14,13,8,0,1.2,2274676.6,16
39,73,101,4,8.9,4,23,18.9,1,17.1,10.1,10,2,2,2176283.2,9
39,74,81,3.7,9.9,3.1,17.2,16.2,2,14.1,5,3.7,6.1,0,1700211.6,10
39,75,47.5,3,4.6,1,8,12.9,1.9,4,4.9,2.1,2.1,3,860474.5,8
39,76,940.5,46,108.4,54.9,153.2,190,31.7,109.9,123.1,75,34.3,14,1.96922117E7,23
39,77,1286,47.7,112.1,78.9,219.2,253.9,24.9,168.3,237.9,63.9,65.2,14,27056271,18
39,78,141.5,3.8,12.5,10.2,21,38,5.8,15,12.8,12.1,7.2,3.1,3248227.9,20
39,79,981.5,45.2,78.4,43.9,190.3,184.7,31.2,137.6,131.7,83.4,32.4,22.7,2.19743978E7,47
39,80,132,4.3,11.9,5.7,21.1,22.9,3.5,31.2,17.2,6.1,5.9,2.2,2896623.5,26
39,81,442.5,26.7,35.8,21,87.5,81.4,8.6,53.1,49.9,43.6,17,17.9,1.14279569E7,29
39,82,153,6.8,15.1,3.9,28.7,28.3,2.8,29.1,18.2,6.9,6.1,7.1,3437514.1,23
39,83,258.5,12,24,14.6,63.1,62.9,7.9,19,24.1,20,6,4.9,5724238,24
39,84,179,16.1,10.8,6,46.9,35.9,5.8,17.1,19.2,12.9,3.1,5.2,4294607.7,17
39,85,371.5,17.8,38.1,28.1,52.3,94.9,9.8,44.1,34.2,27.2,16.1,8.9,7290327.8,27
39,86,231,7.5,25.9,15.1,27,60.2,3.9,40,24.2,13.4,8.9,4.9,4942908.7,22
39,87,118,7.2,10.3,16.1,25.1,21.9,0,19.1,9,4.1,3.2,2,2785924.3,21
39,88,557.5,33.4,49.5,36.1,123.8,121,20.8,57,41.8,50.2,11,12.9,1.18589293E7,27
39,89,463.5,19.7,47.7,24.4,84.1,111.2,13.2,65.2,46.1,32.1,10.5,9.3,1.01951007E7,26
39,90,219,9.7,17,17,42.4,45.1,4,25,27.1,14.7,7.9,9.1,4772861.5,24
39,91,138.5,11.5,10.3,9.2,35.1,16.2,3,16.7,15.7,11.3,9.5,0,2796378.9,20
39,92,227,8.7,20.9,6.9,38.1,48,7,29.4,33.7,20.2,8.9,5.2,5055117.7,22
39,93,328,17.7,31.9,9,66.9,47,17,41.2,46.3,32,15,4,6412332.8,21
39,94,34,2.1,0,0.9,2.7,3.2,0,9.1,11.1,0,4.9,0,737744.1,7
39,95,564.5,46.9,52.8,36,124.2,131.1,11.8,67,30,36.3,9.1,19.3,1.13517347E7,21
39,96,8,0.2,0.6,0.4,0.8,1.8,0,2,1.4,0,0.8,0,176637.6,2
39,97,72.5,1.7,6.4,2,13.6,11,1.9,12.1,11.4,3,9.4,0,1514602.1,16
39,99,235,4.9,20.6,13.5,21,50.1,0,37.1,46.9,7,22.9,11,5801156.3,19
40,0,73,3.8,5.1,7.1,14.2,9,2.8,6.1,8,4.9,12,0,1477246.8,15
40,1,73.5,2.5,8,3.8,14.7,18.6,2.8,10.1,5.6,2.8,3.8,0.8,1660338.5,14
40,2,45,2,7,3,6,13.1,0.9,4,7,2,0,0,965554.2,12
40,3,82.5,4.5,6.9,1.3,15.2,11,5.8,13.9,8.7,6.8,5.3,3.1,1861030.4,17
40,4,52,2,4.2,0,5.2,7,2.9,8.8,10.9,5.2,5.8,0,1367764.7,12
40,5,679.5,17.5,37.5,43.5,82.7,109,10.9,126.1,136.9,16.1,97.3,2,1.35451409E7,14
40,6,535.5,9,37.5,27,58,111.9,5.6,68.2,102,31.2,69,16.1,1.11031184E7,25
40,7,35,2,2,0,4,5,1,2.9,8.9,6,3.2,0,783510.2,8
40,8,47,1,2.5,1.5,7.8,8.3,0.7,7.1,5.8,4,7.3,1,888696.6,15
40,9,20,1,1.3,1.4,4.2,1.9,0.5,2.7,3.2,1,2.8,0,351738.9,4
40,10,121,6,8.1,7.2,22.9,18,3,13.9,18.6,10.1,13.2,0,2695697,12
40,11,59,2.9,5.1,1.9,14.2,9.8,4.2,5,8.1,4.1,2.8,0.9,1122476.9,14
40,12,56,5.9,1.1,3.9,13.8,7.9,0.8,7.2,4,3.1,7.2,1.1,1322470.1,9
40,13,58,1.7,11.1,1.9,4.7,13,0,5.3,8.1,3,9.2,0,1191563.7,14
40,14,190.5,11.6,17.8,8.1,41.1,38.8,11,16.1,24.2,10.9,8.9,2,3987152.3,20
40,15,9,0.3,0.6,0.4,1.5,2.4,0.1,1.6,0.6,1.1,0.3,0.1,202775.7,4
40,16,85.5,3.8,8.4,0.9,13.9,18,2.9,9.2,12,5.9,7.3,3.2,1959976.3,15
40,17,59,1.9,3.2,7.1,10.9,13.2,1.9,9.9,4,2.6,3.4,0.9,1200943.7,13
40,18,46,0.7,6,1.6,5.2,12.2,0,8.2,6,3.8,0.7,1.6,1106201.2,5
40,19,127,4.8,11.9,4,20,30.4,0.8,14.1,25,5.1,10,0.9,2954382.4,25
40,20,49,1,4.9,2.1,9.8,12.2,1,4.9,8,1.9,1.1,2.1,1157103.8,8
40,21,11.5,0.7,0.5,0.7,2.5,2.3,0.4,1.3,1.8,0.8,0.5,0,264311.4,3
40,22,36,0,3,4.9,3.9,9.9,0,1,4.1,3,6.2,0,769393.6,8
40,23,24,1,0,1,3.9,4,0,4.9,6.1,2.1,1,0,562921.4,5
40,24,48,2.9,7.9,2.9,6.9,9,0,6.1,8.1,2.9,1.3,0,1064860.2,10
40,25,157,2.8,12,4,26,40.2,2,20,27.2,16,5.8,1,3251459.1,10
40,26,119.5,9.1,7.7,4,24.8,18.3,4.7,14,23.9,6.9,4.9,1.2,2553950.7,18
40,27,89.5,2.4,11.3,8.9,12.4,20.5,1.5,10.7,8.4,3.8,5.7,3.9,1623303.6,20
40,28,8.5,0.2,0.6,0.9,1.2,1.2,0.2,2.8,0,0.9,0.2,0.3,181466.3,4
40,29,98,9.9,7.6,3,21,14.2,2,21.1,7.9,7.3,1,3,2189609,11
40,30,21,0.7,2.2,1.4,0.7,5.5,0.7,2.9,2.2,1.4,3.3,0,347822.3,7
40,31,240.5,10,20.6,17.6,46.8,45.8,4.9,37.1,31,11.5,6,9.2,5402921.9,15
40,32,1045,69,100.8,70.9,195,208.3,26.6,121.6,109.9,77.9,49,16,2.03354193E7,16
40,33,142,5,15,8,17,30,2,20,24,7.9,12.1,1,2570535.8,2
40,34,8,0,0.4,0.7,0.4,1.7,0,3.2,0.8,0,0,0.8,175017.2,3
40,35,79.5,3.8,5.3,0.4,15.1,18.2,1.8,12,11,6.9,4.1,0.9,1778227.8,12
40,36,1021.5,55.1,91.7,68,170.1,214.7,27.3,130.1,142.9,56.4,57.2,8,1.97388518E7,19
40,37,89,3,11.3,3.5,11,21.9,3,6,12.2,7.9,7.1,2.1,1901815.2,11
40,38,35,3.8,3,2.1,4,8.8,0,4,4.2,2.1,0.9,2.1,831270.9,9
40,39,25,3,1.2,0,5,5.9,0.8,2,2,3,2.1,0,621946.7,6
40,40,24.5,0.7,2.8,1.5,3.6,7.4,0,3,2.3,1,1.5,0.7,534087.5,4
40,41,189.5,12.8,17.3,6,34.4,40.1,8.3,19.9,16.2,20.7,9.9,3.9,4160247.2,29
40,42,93,6.9,7.1,6.1,18.1,15,0.9,18.8,8.2,8.1,1.8,2,1969798.2,15
40,43,114,9.6,7.7,4.1,25.1,20.8,4.1,15.1,12,10.4,5.1,0,2790769.2,19
40,44,25.5,0.6,1.5,1,5,2.9,1,5,5.1,1,1.2,1.2,597696,9
40,45,66,1,14.8,5,7.1,23,0,9.1,2,4,0,0,1466719.2,10
40,46,187,4.7,27.2,10,28.2,41.7,3.9,37.2,16.1,11.8,4.1,2.1,4503653.6,17
40,47,345,12.1,43.6,21.1,55.8,81.9,4.9,35.8,49.9,24.4,7.4,8.1,8461774.7,22
40,48,152,12.8,10.7,5.9,29.9,34.1,3.9,21,13.9,11.7,5.1,3,4003962,15
40,49,431,18.9,41.9,23.4,73.1,80,13,86.7,50.1,29.7,9.3,4.9,9712893.1,22
40,50,244,11.2,20.7,13.7,42.7,51.8,4.5,49.1,27.2,14.2,5.1,3.8,5754263.8,17
40,52,229,6.1,18.7,9.1,41.7,50,9.9,37.9,27.1,15.3,4.2,9,5526421.5,19
40,53,122,7,11.6,6,23,29.9,2.6,21,13.9,3,0,4,3309327.5,9
40,54,107,5.7,5.8,7.7,27,27.1,5,9.9,6.1,9.6,1,2.1,2665506.5,11
40,55,40,0,0.6,5.2,6.5,3.7,0.6,11.7,7.2,2.9,0.8,0.8,1095709.2,7
40,56,261.5,13.5,23.1,6,54.8,61.2,12.9,26.9,25.1,24.9,6,7.1,5914023.7,18
40,57,81,6,9.8,2.7,13.6,12.8,2,15.6,8.8,6.9,2.8,0,1749898.1,8
40,58,368,13.9,44.6,14.9,56.2,101.2,11.8,35,31.9,27.5,24.1,6.9,8464093.6,14
40,59,58,2,7.5,0.9,5.9,17.2,0,7.1,8,6.3,2,1.1,1696501.7,10
40,60,495.5,26,55.2,27.6,100.1,102.7,19,69.9,37.1,38.8,15.1,4,1.15411608E7,20
40,61,416.5,26.1,52.2,12.8,105,77.8,20,30,31.9,38.6,14,8.1,9205115.5,11
40,62,57.5,3.8,5,4,14,12,3.9,4.1,4.2,5.5,0,1,1319459,6
40,63,204.5,6.7,16.6,12.3,23,47.9,5.4,42,24.2,12.5,4.9,9,5148946.8,22
40,64,2114.5,115.2,200.8,100.8,380.2,444,69.5,281,264.9,156.8,56.1,45.2,5.05894748E7,24
40,65,657,28.3,51,39.4,92.1,147.9,16.1,90.7,125.3,33.8,17,15.4,1.61202984E7,24
40,66,2933.5,129,295.3,114.5,453.1,639.1,83.4,380.1,455.9,206,101,76.1,7.17149381E7,24
40,67,2130,82.1,225.1,85.5,291,532.1,48.9,278.8,296.2,126.3,88,76,5.60103284E7,28
40,69,638.5,33.6,51.8,36,147,145.8,21.6,87.1,43.1,49.4,11,12.1,1.46455299E7,15
40,70,1015,43.9,117.7,45.6,132.7,246.9,18.5,146,114.7,59.6,57.1,32.3,2.46122046E7,32
40,71,291,13.7,26,13.8,49,59,8,38,43.1,23,7.1,10.3,7111384.1,15
40,72,623.5,29.7,57.5,21,120,134.9,22.1,80.5,77.9,30.1,27.9,21.9,1.45315135E7,26
40,73,57,0,3.1,2.1,5.9,12.8,1,10.1,16.1,3,0,2.9,1347450.3,13
40,74,455,23,53.2,24.1,75.1,98.5,11.8,55.9,56.2,38.2,11.9,7.1,1.03288597E7,25
40,75,198,3,22.1,12.1,27.8,55.3,5.1,20.2,29.8,12.6,5.9,4.1,4450247.2,13
40,76,206,13.8,7.8,9.1,32.3,45.8,6.9,34.3,36.1,6.8,5,8.1,4743321.9,20
40,77,57,3,4,1,9.1,15.9,3,10.1,7.9,3,0,0,1291350.9,9
40,78,1729,65.5,152.6,77,253.6,395.7,43.8,271.8,254.9,106,69.1,39,41515077,29
40,79,338.5,17.7,20,21,72.8,51.2,16.6,44.8,39.9,31.2,20.2,3.1,6942042.7,26
40,80,688,32.1,74.6,22.6,116.2,165,23.3,84.9,92.8,44.1,13.3,19.1,1.70691676E7,26
40,81,276,13.8,24.9,13.1,50,43,6.9,44,49.2,13.3,12.8,5,6890561.6,26
40,82,358.5,9.2,32.6,18,44.1,75.1,6.1,50.6,79.2,18.9,17.9,6.8,8224663.6,30
40,83,385.5,19.8,30,18.5,78.8,76.1,11.1,48.9,42.9,34.1,14.3,11,9029529.3,19
40,84,335.5,21.1,28.6,16,72.1,70.4,12.5,39.4,39.8,23,3.9,8.7,7772583.1,26
40,85,124,8,15,10.8,23.2,24.8,2,19,11.2,7,3,0,2649427.9,21
40,86,447.5,23.7,41,35.3,82,102,15,56,39.9,30.9,9.9,11.8,1.04670289E7,31
40,87,2017,82.5,190.5,136,333.8,346.9,51.4,278.1,325,98.6,156,18.2,4.07615861E7,16
40,88,71,1.2,9.2,2.1,10,15.7,1.2,7.7,14.2,5.9,0,3.8,1409305.3,14
40,89,220,16.8,24,10.8,46.9,46.1,10,19,19.2,18,3.2,6,4878268.7,15
40,90,209.5,15,21.3,9,43.9,45.2,7.7,17.9,23,15.8,5.2,5.5,4551187,14
40,91,39,0.9,7,1,3.9,7.9,0.9,2.1,10.1,2,1,2.2,787495.3,7
40,92,743,40.3,54.8,47.7,142.1,143.3,17.8,110.4,75.2,52.5,54,4.9,1.46098054E7,31
40,93,98,3.8,10.1,2,15.2,19.1,3.1,18,11.9,5.6,5,4.2,2016845.1,17
40,94,390,33.8,32.3,16.8,98.3,56.9,20.1,38,41.2,38.5,9.1,5,7594276.1,19
40,95,495,18.5,33.5,35.1,79.1,97,8.8,64.2,100,20.8,33.9,4.1,1.03717775E7,13
40,96,425.5,24.1,30.5,22.3,73,93,9.5,74.4,45.8,29.1,18.8,5,8251016.7,27
40,97,107,3.9,4.8,7.9,14,17.1,3.1,28.2,10,6.1,8,3.9,2408872.8,14
40,98,169,5.1,14.2,6,19.6,30.1,0,33,33.9,3.9,18.1,5.1,3963340.2,21
40,99,157,11.2,14.9,17,30,21.9,6.1,13.1,16.1,12.7,11,3,3037569.9,9
41,0,397.5,35.8,30.9,16.1,77.9,66,14.1,48.1,50.1,31.5,23,4,7880583.6,11
41,1,6,0.2,0.6,0.4,1.2,1.6,0.2,0.8,0.4,0.2,0.4,0,135537.8,3
41,2,84.5,4.2,11.3,5.8,14.1,20,2.9,3,13.1,8,1,1.1,1881412.9,16
41,3,77,2,5.9,1.3,11.7,12.8,0,18.2,11.9,6,7.2,0,1674339.2,15
41,4,42,2.9,2.9,0.9,5.9,12.2,0,4,5.9,2,4,1.3,822445.4,9
41,5,2198,55.3,126.3,116.9,234.1,382.1,42.6,302.3,494,93.4,321.7,29.3,43368133,22
41,6,510,20,32.5,16.2,85.3,82.9,14.1,56.1,102,37,54.1,9.8,1.06314133E7,15
41,7,77,1,10,2,8.1,21.8,1.8,13,3.9,4.2,2,9.2,1452178.7,12
41,8,73,2.9,9,4.2,8.8,23.2,1.8,10,8.2,1.8,0,3.1,1677634,10
41,9,68.5,0.9,13.9,6,10.1,17.1,4,2,6.2,2.4,5,0.9,1392911.2,11
41,10,207,12.8,16.5,9.9,42.1,40.2,4.9,28,22,18.6,10,2,4382466.4,11
41,11,116,7.9,6.8,3.1,23.9,29.8,7.9,10.2,13.3,6.9,6.2,0,2833207.1,15
41,12,105.5,7.5,6,4,15.2,24.8,2.8,12.9,15,6.1,8.1,3.1,2184015.5,11
41,13,106.5,4,11.4,4.2,24.9,14,1.9,16.1,12.9,10.1,6.1,0.9,2341805.9,10
41,14,117,3.4,9.3,4.5,23.5,25.8,3.8,18.7,11.3,10,4.8,1.9,2562533.8,14
41,16,294.5,18.7,34.8,11.7,68,58.2,15.2,34.4,26.4,19.3,5.7,2.1,6010490.4,21
41,17,80,2.5,9.9,3,9.9,16.3,0,16,14,0,6.1,2.3,1833753.7,17
41,18,106,13.2,8.2,3.1,20.9,22.9,5,15,5.9,6.9,4.9,0,2060350.4,9
41,19,15,0.3,1.9,0.5,1.8,3.9,0,2.7,1.9,1.2,0.3,0.5,360717.8,2
41,20,143,9.2,14.1,4.9,32.9,30.9,3.1,17,13,13,2,2.9,3308590.7,16
41,21,43,2.4,1.9,2.4,9.4,8.6,1.6,4.5,7,3.4,1.8,0,988294.8,10
41,22,71,2,5.8,3.2,10.8,18.8,2,13,7,1,5.2,2.2,1675962.4,12
41,23,38,2.1,4,0.9,9,8.1,2.1,4,3,3.8,0,1,896327.7,8
41,24,63,3.3,5.2,8.7,8.1,12.7,0.8,14.1,2.9,3.1,2,2.1,1505642.5,14
41,25,117,4.8,10.1,9,21.9,24.1,4.9,18.2,12,7.9,1,3.1,2458097.9,14
41,26,187,14,24.2,8.6,35.1,44,7,15,19.1,15.9,3.1,1,4087094,19
41,27,26,0.3,3.9,2.6,4,6.4,0.9,3.1,1.7,1.2,0.9,1,473643.8,6
41,28,5,0.1,0.3,0.5,0.7,0.7,0.1,1.7,0,0.5,0.2,0.2,106744.8,2
41,29,60,3.5,5.5,4.7,13.1,12.1,2.5,11.4,2,3.7,0.7,0.8,1215870.5,7
41,30,7,0.2,0.7,0.5,0.2,1.8,0.2,1,0.8,0.5,1.1,0,115940.8,2
41,31,36,1.9,3.9,0,4,8.2,1.1,5.9,5.9,3.1,0,2,864644.4,7
41,32,524,35.1,67,18,114.1,83.9,18.8,61.1,35.9,60,20.1,10,9575759.9,7
41,33,69,4.8,6.1,3.7,9,19.1,2.1,3.9,6.9,4.9,4.2,4.3,1568620,8
41,34,22,0,1,0,4.8,2.2,1,3,4.8,3,2.2,0,498767.4,6
41,35,14,0,0.7,1.2,0.7,3.1,0,5.7,1.3,0,0,1.3,306280.1,3
41,36,120,3.5,9.6,6.1,10,35,0,18.1,24.1,4.4,6,3.2,2963085,19
41,37,351.5,23.6,38,22.1,54,79.9,3,39,50.1,23.7,12,6.1,7767537.4,12
41,38,52,1.8,2.3,0.9,10.8,11.8,5.1,9.1,5.1,5.1,0,0,992195.1,8
41,39,110,5.9,7,3.7,21.1,29.2,3,13.9,7,10.1,7.1,2,2398085.5,12
41,40,95,5,8.7,3.2,13.8,26,3,11.3,13.3,7.1,2.9,0.7,2221932,19
41,41,39,0.3,4,1.7,5.4,10.6,0,5.2,5.7,2.2,1.7,2.2,766712.3,7
41,42,1656.5,74.7,146.5,100.2,292.2,281.8,50,200.3,235,118.2,133.6,24,3.25217652E7,33
41,43,158,7.9,17.3,9.2,30,36.8,0,21,14.1,15.5,3.1,3.1,3603037,16
41,44,195.5,11.8,23.2,11.7,29.8,53.7,4.1,22.8,20.2,8.3,5.1,4.8,4554414.6,19
41,45,183.5,12,10.1,7,32.7,34.2,7,29.9,17.8,19.6,8,5.2,4027882.8,23
41,46,60,1,1.9,4.9,11,13.1,1,10.1,9.1,4.9,1.1,1.9,1676602.1,10
41,47,70,2,6.6,8,10,23,1,8,3,5.4,2,1,1701485.5,9
41,48,40,3,1.9,1,1.9,9,0,13,5.1,1,3,1.1,1009771.4,4
41,49,2305.5,94.4,201.6,132.3,397.2,493.9,45.3,305.1,312,148.6,118.2,56.9,4.89034181E7,20
41,50,532,23,80.9,39,77.8,142,14.4,85.1,15.1,40.7,1.9,12.1,1.09326602E7,16
41,51,725.5,33.9,76.1,27.6,100.9,173,14.1,101.9,98.8,49,19,31.2,1.83479449E7,21
41,52,505,23.9,54.1,28.1,90,113,18.9,63.8,64,25,16.2,8,1.15410318E7,13
41,53,161,10,8.6,4.8,41.1,29.2,11.2,28.7,10,12.2,3.1,2.1,3704131.5,14
41,54,228.5,6.9,23.4,14,35,67,2,26,30.9,13.2,6,4.1,5516476.5,18
41,55,15,0,0.1,2,2.4,1.4,0.1,4.4,2.8,1.2,0.3,0.3,410891,4
41,56,366.5,16.3,38.7,23.9,60.9,92,10.9,40.2,40,22.6,13.9,7.1,8174324.7,11
41,57,2,0.1,0.2,0.1,0.3,0.3,0.1,0.4,0.2,0.2,0.1,0,43207.4,1
41,58,206.5,13.8,30.5,4,37,43.2,7.9,27.1,18,16.1,8.9,0,4465144,10
41,59,390.5,18.1,47.7,21.9,66.2,96.9,7.4,51,36.1,29.1,8.2,7.9,9160933.9,14
41,60,26,3,1,1,12,3.9,1,0,1,2,1.1,0,518608.1,3
41,61,261.5,17.9,29.1,12,51.8,56.1,6.9,23.9,20,25.6,13.1,5.1,5971582.3,18
41,62,573.5,35.1,67.3,29,107,132.1,10.6,63,69.1,44.4,5.9,10,1.38495769E7,18
41,63,461,17.3,35.7,16,74,96.3,9.4,76.1,74,30.2,17.8,14.2,1.18979788E7,36
41,64,1446,51.1,111,80.8,191.7,298.9,31,233.1,223,87.1,91.1,47.2,3.71401084E7,29
41,65,331.5,17.8,28.1,14.8,51.1,53.3,8.4,37,61.1,26.9,18.9,14.1,6260001,13
41,66,3816,205.3,354.1,259.5,751.7,782.1,106.6,450.9,451.2,277.6,106,71,7.28495052E7,19
41,67,335.5,12,20,15,56.2,69.2,10.9,65.1,41.7,20.3,17.9,7.2,7799147.7,15
41,68,42,0.9,2,6,4.9,15,0,11,1.1,0,0,1.1,1134255.4,3
41,69,857.5,61,66.9,75,175.9,162.1,27.9,96.1,96,46.5,40.2,9.9,1.76154241E7,6
41,70,428.5,24.5,44,15.5,72,93.8,15.2,56.9,60.1,24.3,13.1,9.1,1.06141006E7,20
41,73,457.5,18.9,48.7,20.8,61.4,92,7,73,67.8,31.8,25.9,10.2,1.18459777E7,27
41,74,933.5,28.9,93.5,37.6,104.2,202.3,18.8,120.9,170.8,78.4,48.1,30,2.78599438E7,25
41,75,582,17.8,56.1,18.3,66.9,131,12.1,89.1,103.1,41.3,33.1,13.2,1.55360821E7,25
41,76,754,26.9,59.5,30.2,109.2,159.1,16,157.3,102,38.8,32,23,2.09584872E7,21
41,77,184,8,15.6,5.5,29,41,1,34.8,28.9,10.1,5.1,5,5631502.5,9
41,78,656,29.4,55.6,30.3,101.9,135.9,15.4,118.3,103,37.2,13.9,15.1,1.56224143E7,30
41,79,1143,52.8,96.8,59.5,185,251.5,32.9,159.7,159.3,71.1,52,22.4,2.68316414E7,24
41,80,3487,172.5,315.9,246.5,622,675.8,73.3,458.9,476.1,233.6,164.1,48.3,7.13311517E7,21
41,81,4720.5,214.9,466.4,307.4,841.9,1078.9,126.3,681.1,475.2,332.2,92.1,104.1,1.061405191E8,23
41,82,1114.5,44.6,93.5,62.8,200.1,201.3,24.2,208.3,169,56.2,44.7,9.8,21450446,19
41,83,404.5,23.9,33.1,13.3,79.1,86.1,13.9,56.9,48.2,27.2,12.9,9.9,9408891.7,25
41,84,752.5,44.6,68.5,49,111.9,158.1,18.4,121.7,92.2,49,32.2,6.9,1.64631215E7,21
41,85,231,7.9,22.7,10,38.6,56.7,9.6,33.7,26.6,17.8,4.4,3,6003644.4,27
41,86,525.5,39.9,56,27.5,126,103.9,26.7,52.2,28.9,41,12.1,11.3,1.13508427E7,23
41,87,402,14.9,50.5,17,64,90,14,44.8,52,19.4,29.4,6,8591208.3,23
41,88,530.5,27.8,54.1,31.3,78,132.8,9,74,45.3,39.9,22.1,16.2,1.21040574E7,25
41,89,356.5,8.8,43.2,20.5,56.2,90.1,12.8,40,36.8,30.1,11.1,6.9,7986461.7,23
41,90,459,36.8,35.5,26.3,105.9,86.9,14,57.3,44.7,39.6,8,4,9585492.3,31
41,91,148,10.9,11,8.8,30.1,28.1,3.8,21.9,15.1,10.1,5.1,3.1,3263217,19
41,92,150,6.9,12,2,41.1,32,6,17.1,10.9,12.9,7,2.1,3322692.5,15
41,93,203,13.9,18,5.2,44,28,7.1,32,22.9,22,8,1.9,4191095.1,20
41,94,118,6.1,11.9,8,29,16,4,19,8,10.1,2.8,3.1,2294998,11
41,95,309,12.3,21.7,12.1,44.1,61.7,11,56.4,48.9,17.8,17,6,6748944.9,19
41,96,338.5,12,40,17,45.2,70.9,7.9,64.2,40.9,23.4,11.8,5.2,7968672.9,14
41,97,30,0,3,2,4,6,0,2,4,2,6,1,790582.1,8
41,98,285,19.7,15.9,7.2,70,50.9,7.8,41,37.1,7.1,26.4,1.9,7000067.4,22
41,99,194,4.9,17.7,5.8,24,34.1,1,40.1,40.9,6.1,15.3,4.1,4290403,17
41,100,50.5,0,1,1.9,1.9,10,0.6,12.9,18.2,0,3,1,1037732.6,6
42,0,60,2,8,2,7.1,12.9,0,8.9,9.1,4,6,0,1197092.7,12
42,1,60,3.9,0.9,2.1,12.8,10,0.8,5.9,10.3,5.9,7.4,0,1318747.8,14
42,2,63,2.1,7,1.1,7.9,12.9,1,10,9,4.8,7.2,0,1392110.2,11
42,3,87,6.1,4.8,5.3,15.9,20.8,3,11.9,8.1,4.3,6.8,0,1698720.2,15
42,4,94.5,1.8,13.6,6.8,6.1,30.1,1.9,13.3,12.9,2,3.2,2.8,2146505.4,13
42,5,278,8.7,22.2,4.9,27.9,47.9,6,78.3,38.4,13.5,28.2,2,6431693.1,23
42,6,49.5,0.2,5.3,2,3.1,11.2,0.4,11.2,9.1,3.1,3.1,0.8,985018.2,14
42,7,75,4,6,3.1,15.1,15.8,3.9,15.1,2,5,2,3,1715082.4,10
42,8,75,3,6.8,3.1,11.9,21.8,2,14.1,4.2,4,3.1,1,1626205.7,16
42,9,132.5,8.6,8.1,7.9,24,25.2,1.9,18.9,20.9,11.1,4,1.9,2729676.6,17
42,10,98,4.1,9.1,4.9,15,22.9,4.1,9.9,9.1,13,2.9,3,2247406.7,9
42,11,59,2.8,1.9,3,15.2,9.9,4,5.1,3.1,7,5.1,1.9,1328988.7,7
42,12,8,0.4,0.7,0,1.5,1.5,0,0.9,2.1,0.5,0.4,0,184601.5,4
42,13,59,9.1,4.2,1.9,19,4.9,1,4.9,4.9,4,5.1,0,1221638.2,8
42,14,35,4,0.9,1.1,9.9,4,0.9,5,2.9,2,3.2,1.1,852889.1,8
42,15,141,7,8.9,8,25.1,25,1.8,15,20.2,13.9,15.2,0.9,2810482.7,12
42,16,11,0.6,0.9,0.2,2.5,2.6,0.2,0.2,2,1.8,0,0,200983.2,3
42,17,53,2,2.1,3,8,15.9,0,7,10.1,0,0.9,4,1214329.1,8
42,18,180,6.6,15.6,4.9,44.1,32.1,6.9,28.7,24.3,12.7,4.1,0,4076472.2,9
42,19,5,0.1,0.4,0.2,1,0.9,0.1,1.1,0.7,0.3,0.2,0,119678.3,2
42,20,483.5,20.5,41.1,30.9,82.1,107.1,8.1,70.8,67,26.8,19,10.1,1.02876303E7,20
42,21,240.5,17.1,27,10,54,54.2,11.9,29,13.2,20.2,2,1.9,4735888.7,15
42,22,58,3,5.8,3.2,9.6,13,1.9,8,7.1,2.9,1.2,2.3,1412149.7,13
42,23,323,22.7,40.6,8,69.9,75.1,6.6,38.8,23.1,21,13.1,4.1,6612629.4,15
42,24,361,21.8,39.3,18.8,70,81.2,6.9,21.8,46.4,37.7,14,3.1,7627798.5,22
42,25,9,0.3,1.1,0.7,1.2,2.1,0.6,0.8,1,0.6,0.5,0.1,197085.9,2
42,26,127.5,8.2,13,2,32.2,18.9,1.9,14,18,14.4,4,0.9,2824590.1,17
42,27,11,0,0.3,1.1,2.2,2.7,0.8,2.2,1.1,0.3,0,0.3,254788,3
42,28,64,4,6.1,0.9,12,13,2.8,10.9,7.3,1.9,3,2.1,1225092.2,10
42,29,154,7,13.4,7.5,23.1,32,4,15.8,24.2,9,13.9,4.1,3364562.6,14
42,30,103.5,1.7,11.5,8,8,23.9,3.1,24.1,9.1,10.1,3,1,2438959.3,10
42,31,4,0,0.1,0,0.3,1.1,0,1.3,0.5,0,0.4,0.3,98850.5,3
42,32,43.5,2,5.9,1,6,11.1,0,7.9,4,2.5,3.1,0,985514.6,5
42,33,9,0.2,1.3,0.3,0.9,1.8,0,1.7,1.3,0.6,0.9,0,202332.2,3
42,34,7,0.2,0.2,0.6,0.6,2.2,0,2.1,0.6,0.2,0,0.3,189843,2
42,35,115.5,8.9,12,4.7,14.9,25,4,19.9,14.1,6,2,4,2702263.4,11
42,36,127,1.9,8.1,5.9,17.1,22.1,3.8,27.8,24.1,9.2,6,1,3330588.4,14
42,37,130,2.9,12.4,9.6,21.9,31,2,14,21.3,6,5.9,3,2889502,11
42,38,178.5,15.8,17,12.3,30.9,38.4,7.3,10,19.1,19.9,5.9,1.9,3367678.7,17
42,39,59,2,5.2,3.2,9.7,12.3,0.4,16.4,7,1.5,0.2,1.1,1305969.5,8
42,40,144,5.7,10.2,10.4,30.6,32.1,3.7,19,12.8,11.4,7.2,0.9,3371992.1,17
42,41,258,19,45.8,5,53.3,52.1,6,30.9,24,19.1,0.9,1.9,5333089.6,28
42,42,309.5,24.5,23,26.3,71.8,49.9,11.9,26.1,35.1,18.3,18.2,4.4,6043856.5,21
42,43,440,19.7,49.3,16,78.2,96.2,11.8,64.2,41.4,37.3,15.8,10.1,1.07053713E7,34
42,44,291,18.7,27.8,6.9,55.2,64.3,8.1,41.7,31.9,22.2,8,6.2,7460307.2,43
42,45,192,1,23,7.1,28.1,51.8,6.8,32.1,17.1,13.8,5.1,6.1,4761322.6,16
42,46,224.5,13.9,24.9,6,46,44.3,6,27,33,12.5,4,6.9,5562128.8,18
42,47,644.5,29.3,59.9,32.9,105.1,146.2,15.2,95,72.9,46.7,25.2,16.1,1.52466496E7,27
42,48,15,0.4,0.4,0.8,1.9,3.7,0,4.8,2.2,0.4,0,0.4,436314,3
42,49,335,7.7,24.3,15.9,56.1,66,9.8,55.8,56.1,21.1,14,8.2,8757052,27
42,50,399,5.9,32.4,23.5,59.9,97,8,53.2,61,18.8,24.2,15.1,1.00393528E7,18
42,51,38,2.1,0,2.2,11.9,3,3,7.8,7.1,0.9,0,0,968812.2,7
42,52,125,1.1,11.4,14.1,14.9,28.1,3,19.9,21.9,6.6,3,1,2914484.6,7
42,53,54,2,5.1,0,10.9,7.9,0,11.9,6,3,2.1,5.1,1443729.6,7
42,54,70,3.4,10,5.1,13.9,13.2,0.8,13.2,3.6,4.4,0,2.4,1498542.3,5
42,55,279.5,9.9,33.5,8.9,46,71,9.1,41.1,34,17.9,4,4.1,6377780.1,11
42,56,79,5,12,2.9,13,15.2,2.9,5,12,5,2.9,3.1,1758062.8,9
42,57,188,12.1,16.9,13,33.2,39.1,2.9,26.2,15.7,19.1,6.8,3,4485172.6,19
42,58,129,3.9,12.4,11.2,21.9,34.9,1,16.2,17,5.5,2,3,3162330.6,12
42,59,283,12,35.1,20.8,45.2,70,8.9,30.9,30.1,20.9,3.9,5.2,6654689.2,17
42,60,230.5,13.4,19.5,16,52,49.1,5,20.8,23.1,15.4,7.1,9.1,5570494.8,15
42,61,15,0,2,1.8,2.8,2.9,0.8,1.5,1.2,1.7,0,0.3,307515.9,2
42,62,543,27.5,51.4,24.1,103.1,116.1,20.5,65.7,71,37.9,15.9,9.8,13180556,28
42,63,963.5,53.2,92.6,29.6,155.9,216.2,30,136.1,136.2,62.8,24.8,26.1,2.38321094E7,28
42,64,136,8,13.8,5,19.2,23,0.8,27.1,23,8.2,7,0.9,3241864.8,10
42,65,9257,504.5,883.5,645.3,1764.1,1845.1,263.5,1061.9,1078,609,473.1,129,1.721613787E8,13
42,66,12201.5,662,1065.2,930.1,2423.7,2342.8,327.5,1312.9,1473.9,780.1,732.1,151.2,2.189540887E8,19
42,67,1298.5,48.3,118,62.8,205.8,277.6,32,169,181.9,77.5,107.7,17.9,2.86922061E7,35
42,68,167.5,17.5,17,5,42,36,10.5,8,9,13.5,5,4,3931815.9,7
42,69,4600.5,285.4,389.5,285,882.1,822.1,164.4,529.1,619.1,336.8,228,59,85399767,13
42,70,1997,128,191.4,111,393.9,381.1,71.5,237.1,202,135.9,102.9,42.2,3.58077283E7,10
42,71,581.5,26,54.5,23,83.9,127.9,14,98.1,78,34,27.1,15,1.34249154E7,10
42,72,35,1.9,2.8,2.9,6.7,8.5,0,2.9,3.7,0.8,2.9,1.9,757208.6,3
42,73,2,0.1,0.1,0.2,0.4,0.5,0,0.2,0.2,0,0.2,0.1,43269.1,1
42,74,128,4.5,15.2,6.1,14.1,34.1,5,14,19,6,4,6,4160046.1,11
42,75,287,13.5,22.4,8.9,40,49.9,1,48,66.1,8.9,16.1,12.2,8071841.1,7
42,76,120.5,4,7,3.2,13.8,31.9,1,22.1,28.9,2.5,3.1,3,3444393.1,8
42,77,376.5,25.8,28.1,14.7,59.1,83.8,6,63.1,50.1,19.4,11.3,15.1,9591356.4,34
42,78,1104,47.3,122.7,59.6,136.4,294.8,24.3,154.2,149.8,62.1,25.8,27,31023747,26
42,79,1289.5,79,145.8,76.2,257.1,246.1,45.2,111.1,206.1,82,18.9,22,2.70792725E7,15
42,80,3287.5,171.2,271.2,242,676.8,621.8,91.4,404,374.9,196.1,194.9,43.2,6.26823858E7,20
42,81,3589,166,281.6,284.4,641,667.8,94.3,483.4,435.8,212.2,262.5,60,6.74109417E7,19
42,82,608.5,33,57.4,41,128.4,117.5,10.7,74.2,62,43.7,29.3,11.3,1.25600459E7,26
42,83,337,29.1,26.9,14.8,67.9,58.9,9.8,43.1,50.1,22.1,6.2,8.1,7326334.7,28
42,84,399,26.6,36.6,18,87.8,84.1,15,50,27,37.9,7,9,8614306.2,16
42,85,370.5,20,29.7,19.6,78.9,80.6,13.4,49.1,36.8,28.4,8.9,5.1,8494820.9,23
42,86,230,13.1,26.3,7.8,49.8,45.9,12,20.2,18.7,22.9,5.1,8.2,5372651.1,18
42,87,381,25.6,30.9,31.9,69.1,94.2,11,42.1,36.9,22.2,12,5.1,7981262.9,21
42,88,59,4.1,7,1.9,14.4,12.9,1.7,4.9,5.3,1.9,3,1.9,1377299.5,13
42,89,114,7.1,7,12.9,21.9,24.1,4.6,8.3,15,8.2,2.9,2,2088626.6,17
42,90,105,13.1,5.9,7.2,23.9,23.9,3,5.1,10.1,11.8,1,0,2266303.9,17
42,91,162,5.1,6.8,8.9,31,22.8,4.9,26.2,30,14.2,11.1,1,3494884.2,10
42,92,177.5,10.6,11.9,8,43.9,28.9,6.8,16.1,28.3,12.8,6,4.2,3813515.1,18
42,93,220.5,13.1,11.6,18.9,40.9,33.2,5.2,30,34.7,19.9,13,0,4698740.4,23
42,94,114,5.1,7.3,14,16,30.9,2,16.1,7.9,9.2,3.9,1.6,2420680.6,12
42,95,462.5,15.2,34.2,30,64.6,88.4,12.4,71.8,89.9,26,22.1,7.9,9844878.5,25
42,96,2226.5,74.4,166.9,114.6,311.3,399,36.3,336.8,392.6,126.2,232.1,36.3,4.71632875E7,33
42,97,179,5.9,19,6.1,26.9,45.9,6.1,21.9,18.9,14.9,7.3,6.1,3813550.5,15
42,98,11,0.7,0.3,0.7,1.6,3,0,1.1,1.8,0.7,0.7,0.4,263864,2
42,99,77,4.1,5.4,3.2,10.9,16.4,0.9,9,14.2,5,5.3,2.6,1893590.8,12
42,100,8,0,0.2,0,0.8,1.8,0,0.6,3.2,0,1.4,0,164443,3
43,0,55.5,3.3,5.5,1.7,11.1,10.1,0.9,7.8,5,6.8,3.3,0,1197710,13
43,1,82,4.4,7,5.9,12,18,3.5,12.1,10,2,5.1,2,1857283.8,9
43,2,39,0,3,6,3,8,0.9,7,6,2,2.1,1,994658.1,6
43,3,141,11,11.1,9.1,33.1,27,6.9,18,7.9,11.8,4.1,1,3004195.6,7
43,4,53,1.9,9,2.9,5.1,14.1,0.9,4,2.9,9,3.2,0,1175570.8,6
43,5,71,2.9,2,3.1,19.9,9,4.1,10.9,9.9,4,4.2,1,1629019.5,11
43,6,110.5,7.9,9.1,6,19.1,30.1,1.9,11.9,13,7.4,4.1,0,2386062.4,11
43,7,101,7.2,11.1,2,16.1,24,2.6,13.9,10.9,4.9,6.2,2.1,2423162.7,18
43,8,128.5,6.1,16.9,4.9,19.9,32,5.1,18.9,7.1,6.4,10.2,1,2637642.4,13
43,9,80.5,0.8,6,4,7.1,25.7,1,7.1,12,8.5,4.2,4.1,2238053.3,18
43,10,34,0,3.1,2,5.8,10.9,0,6.1,3.8,0,1.1,1.2,821191.8,9
43,11,110,7,6.1,5,17.9,25.9,4.1,17.9,16.1,7,2.1,0.9,2462870.5,6
43,12,32,1.6,2.5,0,5.7,5.8,0,3.9,8.7,2.2,1.6,0,738405.9,5
43,13,101,5.8,7,5,16.1,33.2,3.8,11.2,9,7.9,0.9,1.1,2151945.3,12
43,14,28,2.9,1,0,4.9,7.1,1.9,1.1,4,1,4.1,0,585648.4,7
43,15,122.5,6.8,15,3.9,15.3,33.8,4,15.2,8.8,8.6,6.2,4.9,2844928.9,13
43,16,64,2.8,6.3,0,7.9,15,2.8,12.9,10.1,2.9,3.3,0,1495539.6,13
43,17,28.5,1.5,2.2,0.6,6.5,6.6,0.6,0.7,5.1,4.7,0,0,520729.2,4
43,18,210,8,27.5,14.1,42,42.1,5.4,24,17.2,15.8,12,1.9,4485210.8,16
43,19,387,24,37,20.1,76.8,76.9,7.8,52,37.2,27.2,14.9,13.1,9033430.5,14
43,20,356,22.9,34.8,17.2,72.1,65,7.1,46.8,35.1,34,14.9,6.1,8475717.1,17
43,21,45,2,2.9,2.1,6.1,8,0.9,5,6.1,2.9,5,4,916691.8,5
43,22,37,4,5,0.9,10,7,1.8,2.1,3,2.1,0,1.1,875044.8,8
43,23,34,1,3.9,0,4.8,9,1.1,3.1,5,2.9,1.1,2.1,956158.2,8
43,24,137,8.4,15.9,15.1,20.2,34.1,1.9,13.1,11,7.4,4.9,5,2893766.2,13
43,25,71,2.6,8.7,5.5,9.9,17.1,4.2,6.4,7.9,4.2,3.6,0.9,1554788.4,8
43,26,76,2,9.5,1.6,14.2,15.8,1.1,8.2,14.6,6.5,1,1.5,1678937.6,5
43,27,3,0,0.1,0.3,0.6,0.8,0.2,0.6,0.3,0,0,0.1,69487.6,2
43,28,135,9.1,15.9,15,22.9,29.9,3,12.1,11.1,6,9,1,2967254.6,11
43,29,107.5,1.9,3,6,14,28,4,24,9,5.6,9,3,2302336.2,3
43,30,10,0,0.6,0,0.6,2.7,0,3.3,1.4,0,0.8,0.6,247126.3,3
43,31,104,7.1,4.1,10.9,24.4,22.1,1.9,16.3,11,1,3.9,1.3,2548774.4,12
43,32,12.5,0.3,1.7,0.5,1.2,2.5,0,2.4,1.8,0.9,1.2,0,281017,3
43,33,42,1.4,5.9,1.4,4,8.4,0,7.9,6,2.8,4.2,0,944217.1,7
43,34,170.5,7.2,23.4,5.7,22.4,45.9,4.5,17.1,17,18.2,2.1,7,4068297.6,14
43,35,112,2.5,9.9,9.3,12.3,28.1,2.2,17.9,13.6,9.6,0.9,5.7,2751680.2,17
43,36,268,15.1,26.3,12.2,46,59.9,4,37.2,36.9,19.5,3.8,7.1,6411883.9,25
43,37,133.5,2.9,15,8.1,15.1,40,1.8,16.5,14,8.9,8.1,3.1,3155679.3,10
43,38,103,6.9,6.2,6.9,14.1,27,0,14.1,12,7.8,6.1,1.9,2285311.2,9
43,39,21,0,0.7,0.7,6.2,0.9,1.5,1.5,6.3,2.3,0.9,0,503378,3
43,40,330,13,35.9,16,64.9,84.2,11.9,25.4,25.9,31.8,11.9,9.1,6908837.8,23
43,41,14,1,1.4,1.1,3.8,1,0.3,1.8,1.4,0.5,1.7,0,292491.7,5
43,42,21,0.2,1.8,1.3,2.1,4.2,0.6,5,2.1,1.3,1.1,1.3,526875.6,6
43,43,91,2.7,6.3,5.6,11.1,19.8,2.4,15.9,9.1,7.6,5.9,4.6,2201289.6,6
43,44,261,10.8,32.9,8.9,33.4,65.9,8,37.9,27.9,19,11,5.3,6643602.6,22
43,45,29,1.9,2.9,0,5,10.1,0,5,2,1,1.1,0,846434,3
43,46,264.5,8,17,2.7,36.1,44,5.8,43,69,16.9,14,8,6341870.6,17
43,47,126,1,2.9,8.9,14,22.9,0.5,32.1,27.2,2.6,7.9,6,3817463.1,11
43,48,260,3.4,16.2,13.2,18.1,58.4,1.9,49.9,59.1,10.9,20.1,8.8,6779354.6,15
43,49,1878.5,88.4,175,113.6,274.1,407,54.5,295.1,256.8,106.1,45.8,62.1,4.46888878E7,28
43,50,4920,244.5,527,279.5,813.1,982.9,145.6,521.8,683.1,346.4,246.2,129.9,1.084937768E8,18
43,51,274,10,18.5,7,38.8,58.8,3.5,53.7,50.2,12.1,15.3,6.1,7022148.4,14
43,52,586.5,29.4,59.7,23.9,93.9,115,15.4,96.7,84.2,26.1,28.1,14.1,1.47193243E7,16
43,53,142,3.8,16,13.8,20.2,30.1,0.9,16.2,22.1,7,7.9,4,3148868.1,13
43,54,1160.5,62.9,141.9,59.6,213.2,281.1,33,119.9,77.9,111.8,24.1,35.1,2.73395753E7,26
43,55,9,0.6,1,1,2.1,1.7,0.2,0.8,0.4,0.6,0,0.6,199011.8,1
43,56,312,19.3,29.1,16.8,65.9,68,8.9,36.2,29,21,10.9,6.9,7202864.9,17
43,57,77.5,6,8.8,4.2,14,18.1,1.8,1.9,10.1,6.6,2.9,3.1,1746406.7,7
43,58,48,0,3,4.9,4.9,18,0,9.2,6.9,0,1.1,0,1217971.9,6
43,59,177,11,17.8,8.1,51.1,30.1,4.9,11.1,12.9,20.9,8.1,1,3913402.2,14
43,60,71.5,0,7.9,5.8,10.1,19.3,2.1,13.6,6.8,5.2,0,0.7,1586328.8,7
43,61,523,26.7,54.7,17.1,109.9,119,18.2,48,51.1,47.2,19.1,12,1.24960273E7,16
43,62,785,46.1,80.6,37.1,155.1,164,17.3,84.1,82,79.8,28.8,10.1,1.76946048E7,17
43,63,72,3,6,4.1,12.9,14.9,0,8.1,20.1,2.9,0,0,1852653.2,4
43,64,1473,59.5,149,70.2,233.3,318,29,239.1,204,105,38.9,27,3.46483047E7,14
43,65,8590.5,392.1,834.7,512.6,1421.3,1748.1,197.9,1039,1256.9,593.9,474,120,1.756681632E8,19
43,66,4130,225.2,368.5,243.4,717.9,809,113.2,527.1,571.3,258.9,210.3,85.2,8.07084368E7,24
43,67,4034,221.5,415.9,247.2,696,731,110.3,565.9,532.1,313,121.1,80,7.55975884E7,13
43,68,708,44.8,56.3,30.9,142.9,155.7,28.1,74,69.2,62.9,16.2,27,1.83993078E7,21
43,69,1507.5,66.9,138,65,192.9,315,21.9,226.1,270,92.6,66,53.1,3.89601683E7,7
43,70,756.5,59,117.5,50,160.1,158.9,29.4,42.1,19,107.5,6,7,1.30682674E7,3
43,71,6900.5,349.5,575,457.9,1300.8,1217.1,201.5,991.1,933.9,475.1,284.1,114.5,1.393361729E8,17
43,72,810.5,50.9,74.5,72,186,157,26.9,112.1,51.1,47,16,17,1.66818794E7,10
43,73,473,16.1,53,21.6,83,100.9,12.2,49.8,71.1,36.6,20.8,7.9,9262896.7,16
43,74,1936.5,72.4,196.6,116.2,246,481.1,41,271.8,234.8,124.4,71,81.2,4.73030641E7,16
43,75,1412,53,87.5,60.4,170.9,260.2,40.9,198.1,333.1,68.9,94.1,44.9,3.92837133E7,13
43,76,753.5,21.1,56.6,30.1,101.8,146,10.2,111.7,147,34.8,65,29.2,1.95708351E7,20
43,77,1047.5,40.4,111,42.8,137.2,271.1,22.3,146.8,140.1,67.8,37,31,2.70716087E7,25
43,78,1028.5,38,89.5,49.4,133.9,232.9,24.6,178,138,41,60.3,42.9,2.70551877E7,30
43,79,1125,58.2,98.6,47.4,189.8,226,29.8,156.1,175.9,73.8,36.7,32.7,2.81983715E7,23
43,80,107,2.9,2.9,10,15,23.1,0,19.1,18.8,5,6,4.2,2667252.4,20
43,81,318.5,10.2,29,20.6,47.7,84.9,5.2,48.6,43.3,9.3,5.2,14.5,8249216.9,26
43,82,408.5,14.2,41.6,19,56.1,97.9,11,67.1,51.3,20.5,11.7,18.1,9091466.4,31
43,83,471,26.9,38.8,34.9,99.7,100.8,12.8,58.1,48.1,30.4,9.4,11.1,9694246.6,31
43,84,204.5,12.6,17.2,11,49.9,44.1,6.9,18.2,17.8,13.7,8.2,4.9,4511313.6,25
43,85,226,13.7,29.6,8.1,47,50.8,7.9,23,13.8,19.6,0.9,11.6,5124781,20
43,86,260.5,13,35.6,18.2,47.1,69.6,5.1,25,20.1,18,4.8,4,5801118.7,26
43,87,191,11.9,16.3,10,40,37.8,9.1,26.8,8.1,14.1,9.9,7,4275588,19
43,88,55.5,1.1,7.1,1.7,12.1,12.1,4,5.9,2.9,5.5,1.9,1.2,1360160.7,11
43,89,1013.5,46.9,97.7,69,157.9,206,24.1,135.2,133.2,67.7,69.8,6,1.99550373E7,26
43,90,341.5,13.6,31.2,15.4,64,77.3,12,38,51.7,22.8,6.7,8.8,7263149.6,24
43,91,319.5,19.8,31.5,8,90,49.1,13.8,46.8,33.1,15.9,9.2,2.3,6944949.2,28
43,92,268,14.8,32.1,6.1,65.9,47.8,12.9,27.1,20.1,25.9,11.1,4.2,5371318.1,26
43,93,291,31,27,10.5,57,52.1,4.9,31.8,41.1,20.3,11,4.3,5936115.1,16
43,94,183,4,16.6,11.6,27.2,40.2,2.9,32.2,18.2,15.1,13,2,4199160.3,26
43,95,651,29.8,60,33.1,124.8,129.8,26,93.2,84.2,42.1,19.9,8.1,1.33004107E7,15
43,96,332.5,17.7,26.4,21,61.1,67,4.9,51,53,15.1,10.3,5,7670112.3,11
43,97,910,49,77.7,53.1,151.3,205,21.7,120,125.8,57.4,38,11,1.99427735E7,29
43,98,2,0.1,0.1,0.1,0.3,0.6,0,0.2,0.3,0.1,0.1,0.1,47975.3,1
43,99,163,6.6,20.6,2.9,32.2,40.1,3,14.1,18.2,14.6,7.7,3,3647600.1,16
43,100,484.5,20.9,29.3,22.2,62,99.6,8.2,95.5,95,18.4,26.3,7.1,1.13687893E7,28
44,0,104,6.1,13.9,4,15,23,2.9,15,8,5.1,7,4,2067123.1,10
44,1,331.5,11.9,27,17.1,64.8,60.7,7.8,39,47.5,31.9,17,6.8,7207963.6,22
44,2,70,4.7,7,2.4,12.5,12.6,1.2,12.3,10.6,1.7,3.5,1.5,1524563.4,5
44,3,87,4.8,9.1,8,10.1,20,1,6.9,18.1,6.9,2.1,0,1989039.8,13
44,4,63.5,1,12.3,2.9,14.9,12.3,4.9,2.9,3.8,5.4,3.1,0,1189923,12
44,5,57,2.9,4,4,10.1,13.1,3,4,5.9,4.9,4.1,1,1399398,7
44,6,60,0,7.9,3.1,13,11,2.9,5,9.1,6,1,1,1311861.8,8
44,7,155,6.1,12.9,11,29.1,38.9,4.9,23.9,13.1,9,4.1,2,3191815.2,12
44,8,100,4.8,10,1.1,20.3,20,8.2,10,11.6,7,5.9,1.1,1897224.7,16
44,9,58,2.7,2,0.9,13.7,5.9,3.1,6.3,12.2,5.9,4.4,0.9,1331987.1,15
44,10,2599,92.6,245.2,137,388.9,496,62.9,319.7,418.9,139.6,247.1,51.1,5.19974898E7,22
44,11,218,14,17.1,12,41.7,44.1,9.1,35,24.1,13.8,6,1.1,4843949.7,13
44,12,30,0.7,5.1,0.7,2.3,9.7,0.7,2.4,2.4,2.3,2.9,0.8,553581.8,8
44,13,142,3.9,17,9.6,20.1,28.8,5,17.8,18.5,8.8,10.5,2,3205329.9,17
44,14,84.5,3.6,10,2.9,22.9,24.1,2.8,7.1,5.1,5,1,0,1876380.5,8
44,15,33,3.1,1.8,3.5,6,9.7,1.2,2.3,1.2,2.3,0.6,1.3,648716.2,6
44,16,169,5,23.8,5,26.1,36.9,6.8,23.1,22.1,10,8.2,2,3943072.7,8
44,17,130,8.9,15.5,13.5,27,29.1,2.9,9,9.1,7.9,1.9,5.2,2672904.3,12
44,18,1217,75.9,122.5,72.9,256.1,232.9,44.4,147.2,87.4,114.9,39,23.8,2.53499002E7,22
44,19,76,3.9,3.4,2.8,17.3,10.1,7.4,14.3,9.2,4.6,1,2,1892342.4,8
44,20,154.5,5.9,15.5,8,33.1,39,5,18.9,8,13.9,4.1,3.1,3791133.1,9
44,21,133.5,9.9,12.9,5.9,27.2,26,3,17,16.1,10.5,3,2,3161887.9,10
44,22,20,0.4,1.2,1.8,4.8,4,0.6,4.1,1.2,0.6,1.3,0,434147.3,6
44,23,118,11.9,4.1,3,32.2,27.1,3.8,7.8,12.2,9.9,2.9,3.1,2472862.8,13
44,24,49.5,4,4.5,0,12,12.1,5,4,3.1,3,0.9,0.9,1130148.5,6
44,25,43,0,2,3,4.9,12.2,1,5,6.9,2,4,2,1342027.1,5
44,26,131,4,13.9,6,16.8,30,0,20,25.1,7.1,6.1,2,3508791.8,14
44,27,51,0,7,2.8,7.1,12.1,2.1,11,2.9,2.2,2.9,0.9,1240859.8,8
44,28,9,0.1,0.9,0.5,1.3,2.2,0.5,1.4,0.4,0.5,0.9,0.3,199809.3,3
44,29,275,12.1,20.1,10.1,54.7,67,4,30,40.6,20.9,9.1,6.4,7171068.8,21
44,30,42.5,0,6.1,4.1,6.9,10.9,0,1.9,6.1,3.7,2.8,0,1018851.7,8
44,31,25,0.4,4.6,0,1.7,5.7,0.5,3.5,5.7,1.7,0.5,0.7,557897.6,6
44,32,57.5,0.9,8.2,1.1,6.1,13.9,0,9.4,10.7,3.4,3.8,0,1277753.2,3
44,33,601.5,23.3,58.8,33.8,103.1,129.9,20.1,88.1,60.2,43.2,25,16,1.23338773E7,16
44,34,9,0.1,0.9,1.2,1.4,2.3,0.4,0.9,0.5,0.5,0.5,0.3,211624.3,3
44,35,15,0.4,1.5,1.9,2.5,4,0.5,1.5,0.7,0.6,1,0.4,352707.4,5
44,36,135,5.8,18,5,13.1,36.3,4.8,14.7,16.2,15.9,2.1,3.1,2829963.9,17
44,37,76.5,7.9,3.5,4.1,18,10,1.3,15.8,5.9,4.1,5.9,0,1786315.9,8
44,38,115,5,8.8,3,27.1,17.1,2.1,21.9,19,11,0,0,2791105.2,10
44,39,16,0,1.5,0,2.3,3.4,0.7,1.7,2.3,1.1,3,0,330175.1,4
44,40,112.5,6.9,8.4,5.8,20.6,27.5,2.9,12.8,13.9,5,5.7,3,2898400.8,10
44,41,237,9.9,24,10.9,47.8,43,5.5,36,21,19.6,13.4,5.9,5637247.8,23
44,42,285,23.8,25.9,21.1,58,66.9,8.9,28.2,20.1,24.9,4.1,3.1,6079503.3,19
44,43,359,22.1,35.9,10.1,84.8,74.8,16,39,31,25,10.3,10,8060013.2,17
44,44,36.5,1,2,2.9,4.1,12,2,3,7,2.5,0,0,949470.7,3
44,45,365.5,17,44.6,15.9,62.9,95.4,11.2,35.8,35.2,27.3,11,9.2,9331445.7,15
44,46,331,13.1,39.2,10.9,40.4,76.9,12.9,43,49,25.9,10.8,8.9,7961677.4,21
44,47,519.5,27.9,39,28,76,126.1,10.1,59.7,88.2,30.3,19.3,14.9,1.22113009E7,18
44,48,2,0,0.3,0.1,0.1,0.4,0.2,0.3,0.4,0.2,0,0,42245.5,1
44,49,105,1,12.2,5.9,12.9,21.6,4.2,21.7,12.6,8,4.9,0,2433242.3,4
44,50,3080.5,181.4,323.4,223.5,603.3,636,95.8,375,274.9,178,124.3,64.9,5.82713638E7,15
44,51,1469,67.9,113.4,73.8,258.1,270.1,27.5,206.3,245,81,94.9,31,3.35809367E7,12
44,52,700,11.8,75.2,27,70,173,15.6,116.9,120.1,43,13,34.4,1.91184076E7,17
44,53,191,3.9,9.4,12,25.1,32.1,0,48,35.9,10.5,4,10.1,5299021.3,15
44,54,152,2,11.1,10.2,14,29.9,2,30,31,8.9,4.9,8,4196624.6,10
44,55,404.5,19.8,36.8,20.2,81.8,87.8,9.8,60.3,38.1,24.9,15.2,9.8,9830336.7,25
44,56,201,10,17.5,11.6,37.6,38.4,5.9,30.5,25.7,13.5,6.3,4,4493729.4,20
44,57,2,0,0.2,0.2,0.3,0.4,0,0.3,0.3,0.2,0.1,0,39050.4,1
44,58,441.5,28.1,45,19.9,88.2,107.7,15.5,59.9,30,30,7.2,10,1.02657291E7,17
44,59,64.5,3,3.6,2.1,4.9,11.9,1,9.9,15,0,3.1,10,1449270.3,8
44,60,328.5,12.7,24.1,24.6,57,78.1,9.1,48,32.9,19,15,8,7691835.8,13
44,61,101.5,1,9.6,7.1,13.1,31,3,10.8,13.9,4,5,3,2428080.1,8
44,62,1352,48.6,144.1,58.5,211.1,323,24.8,212,156.1,87.5,60.3,26,33342294,30
44,63,808,30.2,77.2,34.1,148.9,188,26.7,127.2,87.9,48.5,25.4,13.9,2.03184925E7,27
44,64,145,2,9.1,5,13,24,1.9,36.1,42,6.9,2,3,3989272.6,6
44,65,176,6.9,22,7,18,56.1,7.9,10,26,12,2,8.1,4596982.3,3
44,66,808,31.5,61.3,34.5,132.9,166.9,17,114.2,145.2,43.4,40.1,21,2.00183869E7,25
44,67,619,18.9,40.5,23.9,86.9,110.1,12,118.9,132.8,38.4,24.3,12.3,1.60514632E7,17
44,68,334,12.4,34,21.2,57,59,11,47.9,40,29.5,12,10,7274466.8,17
44,71,2322,101.5,191.9,166.6,421.9,516,72.5,262.8,260.1,144.6,134,50.1,4.94093228E7,10
44,72,20754.5,862,1529.1,1357.4,3690.5,3846.9,447.8,2737,3301.1,1056.5,1648,278.2,4.141741597E8,9
44,73,6626,406.4,634.9,405.6,1354.1,1352.2,187.4,754.9,706.1,439.5,275.9,109,1.251615735E8,14
44,74,4517.5,230,386.1,338.4,913,821.9,136.3,565.8,532.9,289.6,211.2,92.3,7.42269869E7,21
44,75,8335.5,518.9,769,636.7,1738.1,1481,237.7,933.7,975,575.1,344,126.3,1.444826904E8,24
44,76,11948,622.8,989.9,822.2,2331.9,2207.2,327.3,1411.1,1473,779.5,816.2,166.9,2.156629891E8,11
44,77,1620.5,82.5,123.4,130.9,262.9,335.9,25.1,217.9,231.2,83.5,114.2,13,3.00471802E7,11
44,78,3441.5,184.3,316.6,232.4,666.1,715.9,91.2,419,393.1,202.9,165.1,54.9,6.95502076E7,21
44,79,2810,142.2,293.2,181.9,456.1,607.9,74.8,408,320,177.6,98,50.3,56699347,18
44,80,242,10.5,18.2,9.6,40.3,52.3,9.7,46,26,15,9.1,5.3,6169204.3,34
44,81,306.5,11.9,32.1,14.9,46,72,12.1,54.1,26.8,22.2,10.4,4,7594519.9,19
44,82,236,15.9,27.6,9.1,41.1,55,5,32.8,18.8,16.5,9.1,5.1,5240172,18
44,83,153,8,9.2,11.8,29.2,35.9,5.3,21.3,15,11.8,0.9,4.6,3610271.7,23
44,84,124,6,10,3.3,16.8,30.2,0.9,22,9.9,8.9,11.8,4.2,2941845.5,20
44,85,655,26,63.3,46.1,103.9,156.3,14.5,76.9,76,53.9,20.1,18,1.42776648E7,22
44,86,120,4.8,13.1,3.1,19,25.1,2.8,14.9,16.1,12,7.1,2,2606146.4,17
44,87,179,7.8,19,6,39.8,39.1,4,19.1,15.9,20,5.2,3.1,3933916.7,14
44,88,441.5,20.8,57.7,26,81.8,111.2,7,42.2,38.1,33.1,10.1,13.5,9623001.6,25
44,89,476,37.9,49.9,14.1,125.1,84.1,24,47.9,29,51,5,8,1.04637489E7,16
44,90,86,8.9,9.7,5,15.2,22,2,9.1,7,3,3.1,1,1942892.5,10
44,91,134,6.7,15.1,3.9,31,25,3,15.2,19.2,12,1.9,1,2629120,11
44,93,107.5,4.4,13,6.1,16.8,35,1.9,12.1,10.2,6.9,0,1.1,2327174.4,16
44,94,133,5.9,8.9,5,21.8,23,1,24,20.2,13,8.1,2.1,3017673.4,19
44,95,45,3.9,3.1,3.1,10,10,1,4.9,3.1,3.9,2,0,777766.5,8
44,96,231.5,5.7,33.5,12.9,18.8,70.1,3.9,30.2,29.1,10.9,9.1,7.3,4778928.7,25
44,97,408.5,19.4,42.1,16.8,81,96.1,11,38,51.1,30.9,15.1,7,8676738.7,21
44,98,545.5,18.4,52.2,33.4,63.9,126.1,7.7,85.1,88.9,20.5,36.2,13.1,1.10487795E7,26
44,99,371,16.9,23,20.5,65.7,70,11.8,53.2,58,29.3,16.4,6.2,8135735.8,30
44,100,399.5,14.6,26.5,18.8,52.4,76.7,7,68.9,62.4,29.7,30.8,11.7,9967251.6,35
44,101,6,0,0.4,0.2,0.7,1.1,0,1.1,1.3,0.2,0.5,0.5,171703.8,3
45,0,36,2,3.9,0,5.2,7.3,0,8.6,5.4,2,0.7,0.9,828659.1,8
45,1,18,1,2,0,2.7,3.6,0,4.4,2.7,1,0.3,0.3,414329.6,2
45,2,13,1.1,0,0.5,2.6,2.6,0.4,1.7,2.6,0.3,0.6,0.6,315133.5,4
45,3,83,3.9,3.7,4.2,13.2,17,0.9,18.1,11,4,7,0,1927039.5,11
45,4,64.5,4,7.6,1.9,13.9,13.1,1.9,10.1,1.8,6.1,4.1,0,1323875.6,10
45,5,410.5,13.7,29.3,22,70.2,75.6,11,60.1,57.1,26.4,39,6.1,8886963.6,20
45,6,70,3.1,5,3.9,12.7,15.9,2.9,9.1,9.3,5.9,1,1.2,1386727.9,9
45,7,122,6.1,7.8,6.9,19,31.2,0.9,18.1,15.9,8.1,6.1,1.9,2619527.8,13
45,8,131.5,8.1,7.5,5.1,24,26.3,4.6,21,16.8,11.3,6.8,0,3149249.5,15
45,9,122,2.9,15,5.1,17,24.3,2,14.9,18,12,8.8,2,2908143.2,14
45,10,63,2,5,2,7,12,1,9,15,6,3,1,1521994.9,7
45,11,34,0.8,3,1.1,6,12.1,3,4.9,1.1,2,0,0,999532.5,7
45,12,17,0.2,2.9,0.3,1.5,5.3,0.2,1.5,1.5,1.5,1.6,0.5,313696.4,5
45,13,596,30,61.5,23.1,134,128.9,27.9,63.2,43.9,55.5,17.9,10.1,1.29783776E7,22
45,14,259,13,29.8,1.8,56.1,63.2,7.9,31.1,17.1,18,8.9,12.1,5999260.6,13
45,15,66,4,3.1,7.2,12,17.6,2.7,6.4,5.9,2.6,2.5,2,1343815.4,10
45,16,108,7.9,9,6,31,26,5.9,9,2,7,3.1,1.1,2357950.9,11
45,17,238.5,14.2,24.9,16.9,41.1,56.9,7.4,28.9,19,17.1,5,7.1,5733952.9,21
45,18,2061,76.5,165.4,118.2,338,408.6,50.9,252.1,331.1,101.9,177.2,41.1,44365014,26
45,19,7,0.3,0.5,0.2,1.6,0.9,0.5,1.6,1,0.4,0,0,162411.2,2
45,20,97,7.8,8.7,4,18.1,15.3,2.1,17.9,12.2,6,3,1.9,2034847.5,13
45,21,95,1.9,12,4,18,25,3,10.1,12,7,0,2,2037721,11
45,22,14,0.2,0.8,1.2,3.4,2.8,0.6,2.8,0.8,0.6,0.8,0,303903,5
45,23,430.5,22.9,49.3,15.8,103.2,77.9,17,41.2,33.2,47.8,13.2,9,9976695.2,23
45,24,152,8,23,7.9,30.3,38.9,4.9,15,8.2,9.5,3.1,3.2,3403690.5,14
45,25,320,18,32.9,15.9,54,52.9,7,32.1,50,23.1,29,5.1,6368241.3,9
45,26,705,29,77,36,110.9,141,15.5,84,108,52.5,44.1,7,1.45343214E7,3
45,27,75,2.9,8.1,4,19,10,3,7.1,14,5,0.8,1.1,1744037,8
45,28,10,0.2,0.8,0.7,1.3,2.5,0.7,1.6,0.5,0.7,0.8,0.2,222010.3,2
45,29,173,8.4,19.3,8.8,30.6,36.4,1.7,35,11.3,10.6,7.2,3.7,4170786.8,9
45,30,19,0.3,3.4,0,1.4,4.3,0.4,2.7,4.3,1.4,0.4,0.4,424002.2,5
45,31,134,9.2,13.9,7.8,26.9,22.1,1.9,14.1,17.2,12.1,7.8,1,3173414.2,10
45,32,15,0,2.3,0,3,2.2,0,1.5,3.3,1.5,1.2,0,326604.8,5
45,33,89,9,4,3.1,18,14,3.9,15.1,8,11,1.9,1,1880149.1,6
45,34,171,5.2,14.6,11.9,26.2,41.9,3.7,30.3,14.8,11.7,8.1,2.6,4173246.7,16
45,35,516,12.1,47.5,16,75,94,12.9,112.1,82.9,30.3,24.2,9,1.20926979E7,13
45,36,4301.5,200,412.8,272.6,742.1,846.9,113.6,547.1,593.9,283.6,214,74.9,86330943,20
45,37,372,10,34.4,26.4,56,70.9,3.1,71.9,56,17.1,22.1,4.1,8306627,13
45,38,41.5,0.9,1.1,1.1,7.7,9.5,0.4,12.1,2.8,3.8,2.1,0,935809.4,6
45,39,374,21.2,40.8,18.3,73,96.8,9.8,37.1,27,32.8,11,6.2,8508422.6,22
45,40,395.5,24.5,41.1,25.1,72.9,86.2,13.7,48.1,31.1,30.9,12.1,9.8,8553737.5,16
45,41,2,0.1,0.1,0.1,0.4,0.4,0.1,0.3,0.2,0.1,0.1,0.1,55250.8,1
45,42,176,11.1,16.1,8.4,21.8,47.6,2.9,25.5,19.4,9.7,7.6,5.9,4141527,15
45,43,8,0.8,1,0.5,1.1,2.3,0.1,0.5,0.7,0.4,0.4,0.2,170300.9,1
45,44,161,11,18,7.7,26.8,28.1,3,20.2,23.3,10.1,7.9,4.9,3538822.9,12
45,45,69.5,5,2.5,2,15.9,7,3.1,15,15,1,2,1,1761551.1,4
45,46,184,3,21.5,13,23.1,43.1,2.1,32.8,33.9,7.4,3,1.1,4398536.8,6
45,47,302.5,16,22.9,12,72.9,61,11,36.1,28.9,24.4,8,9.3,7520556.3,12
45,48,1326.5,42.5,121.3,69.6,175,290,32.8,256.1,175.9,75,35.1,53.2,3.37650503E7,14
45,49,4751,370.3,521.8,307.6,928,754.2,172,556.2,471,443.6,181.2,45.1,7.40481578E7,22
45,50,11730.5,571,989.4,792.6,2330,2125,302.3,1417,1416.2,724,842,221,241578877,10
45,51,9421,410.5,768,674,2084.9,1826,221.8,1056,1103.3,479.5,597.2,199.8,2.054262986E8,13
45,52,1124.5,40.4,164,76,162,308,33.5,124.8,71.1,103.7,5,36,2.61996285E7,11
45,53,373.5,11.9,34,15.5,46.2,83,3.8,62,50.2,21.8,26,19.1,9787951.6,11
45,54,204.5,2.9,17.2,16,21.2,51,2,42.1,25.9,10.2,9.9,6.1,5185744.7,14
45,55,449.5,20.4,46.5,16.8,96.8,94,12.8,60.1,49.6,37.5,9,6,1.14308198E7,36
45,56,216.5,2.9,17.6,19,22.7,55.9,2.9,40.2,29.2,10,7.9,8.2,5307118.1,16
45,57,676.5,29.6,60.5,32.3,126.9,165.3,18.1,91.9,59.7,50.4,28,13.8,1.66758515E7,27
45,58,122,3.9,10,11.1,17.9,27,1.9,27.2,14,8.1,0,0.9,2610385.9,10
45,59,205.5,8,19.2,19,32.9,34.8,4.4,39.1,25.2,8.9,9.1,4.9,5093065.8,16
45,60,802.5,38.1,96.5,38,126.8,187.9,17.1,105.1,95.2,64.3,18.2,15.3,1.91983938E7,21
45,61,121,2.9,21,5.9,5,35,2,26.1,15.1,0.9,4.1,3,3131061.8,8
45,62,103.5,2.9,6.6,3.9,21,12.9,4.1,18,20,13.1,1,0,2540488.7,6
45,63,38,0.9,4,0,7,10.1,1.9,10.1,1,2,0,1,1040290.6,5
45,64,272.5,17.4,26.1,9.9,56,60.9,9,33.2,18.9,19.2,16,5.9,6561886.9,11
45,66,981,54.4,95.9,46.6,191,221.1,21.4,94.9,112.9,70.6,44.1,28.1,23383126,11
45,67,745,32.6,52.6,29.9,99,175.2,18.9,104.9,133,43.7,34.1,21.1,1.81603934E7,25
45,68,5109,288.9,444.5,299.5,1060,967.1,137.8,635,574,356.2,242,104,1.051835855E8,15
45,69,3008.5,155.4,264.6,172,517.2,523,83.9,384,472.8,222.6,165.1,47.9,5.97286652E7,13
45,70,269.5,10.9,19.2,7.5,52.9,53.9,9.9,26.2,44.1,27,16.9,1,4696221,7
45,71,13125,990.7,1220,858.9,2724.1,2133.1,513,1449.1,1303.1,1112,627.9,193.1,2.217577787E8,16
45,72,15667.5,785.5,1232,831.5,2846,3168.9,409,2059,2049,974.5,1036.2,275.9,3.375684868E8,6
45,73,31555,1886.4,2432.9,2289.6,7604,5859.9,880.1,3389.2,3250.9,2003,1419,540,6.087414255E8,7
45,74,7520,350,486.1,752.3,2091.9,1292.1,156.4,755.2,735.9,331.1,375.1,193.9,1.764164846E8,8
45,75,11909,647.7,860,885.5,2728.2,2036.1,305,1275,1426.9,653.7,851.3,239.6,2.510249831E8,23
45,76,7057.5,291.4,605.8,368,1318.2,1339,176.5,1072,1001,400.4,276.3,208.9,1.588651135E8,13
45,77,2652,202.3,194.1,212,666,475.9,82,283.1,213.1,197.5,97,29,4.72239893E7,13
45,78,737.5,51.9,68.1,31.5,177.1,142.9,23.4,82,67.8,55.5,18.1,19.2,1.93863252E7,14
45,79,2524.5,117.6,215,136.3,440,517.1,56.1,332.4,381.7,156.1,118.4,53.8,5.84690608E7,44
45,80,1512,78.2,150,67,277.9,332.1,50.4,206,183.1,101.1,27,39.2,3.60099257E7,27
45,81,215.5,8.6,20.5,16.2,31.1,42.9,8.9,25,35,12,13.2,2.1,5151337.7,21
45,82,551.5,32.5,41.7,17,109.6,107.9,10.1,66.2,80,44.1,31.1,11.3,1.29322501E7,26
45,83,131.5,3.9,9.6,8,21,36,6.8,14.1,11.9,16.1,1.1,3,2852995.3,15
45,84,290,13,27.1,18.4,57,79.1,6.3,32.8,17.2,22.2,9.9,7,6619745.6,24
45,85,180.5,14,10,7.8,35.8,43.8,8.7,25,10.3,12,5,8.1,4137445.5,19
45,86,108,2.8,9.3,4.1,17,25.1,2.9,15.1,17.8,8,5,0.9,2157203.6,16
45,87,53,2.9,2,4,12.3,7.8,2,8,7.1,2.9,0,4,1346736,11
45,88,419,23.9,55.9,19.6,85.9,90.1,17,44,36,32.5,6,8.1,9342857.2,15
45,89,257,9,24.6,8.8,43.9,54.2,9.9,33.9,36,20.7,7.9,8.1,5305865.2,14
45,90,203,12.9,12.9,12,49.1,37.1,8.5,20.8,20.9,19.7,5.9,3.2,4655136.1,21
45,91,76,1.9,7.9,0,9.2,15.3,1.9,15.8,10,5.8,1.2,7,1955200.8,14
45,92,258.5,19.1,23.1,9.8,50.1,50.8,3.1,35.2,39.3,14.3,12.1,1.6,5801247.2,28
45,93,1360.5,73.2,123.6,82,267.1,251.2,38.4,164.7,167.5,81.8,92.1,18.9,2.63716162E7,26
45,94,48,0,3.9,1,7,4.2,2.8,12.1,9.1,2.8,5.1,0,1019568,7
45,95,116,8.9,5.9,5,27,11.9,6.1,15.9,11.1,14.1,8,2.1,2543790.7,10
45,96,553.5,39,59.9,29.7,124,128.1,13.5,60.1,42,40,11.9,5.3,1.15542914E7,20
45,97,464.5,12.9,53,23.5,68.8,109.2,12,73,63.9,23.9,14.2,10.1,9849672.4,14
45,98,226,3.8,22.9,12.1,25.1,55.3,2.2,45.8,34.8,8,11,5,5487864.2,21
45,99,9,0.1,0.8,1,0.9,2.6,0,2,1,0.4,0.1,0.1,229308.9,2
45,100,661.5,15,38.1,36.4,66.7,113.2,11.8,110.2,157.6,26.6,68.5,17.4,1.55443794E7,38
45,101,18,0,1,0.8,2.2,3.4,0,3,4.2,1,1.2,1.2,515111.5,3
46,0,27,0.5,0.3,2.2,2.1,5.5,0.1,8.1,1.6,0.1,6.5,0,629076.3,4
46,1,27,2.6,1.6,0.9,5.8,2.6,0.9,5.8,3.3,0.9,2.6,0,676737.6,7
46,2,36,1,2.4,2,10,5.9,1.2,6,3.9,2.4,1.2,0,942910.5,7
46,3,59,4,8,3,10,15,2,1,9,4.9,2.1,0,1249760.6,3
46,4,84,3,6,3.9,11.3,11.7,2.5,14.8,14,10.5,4.3,2,1870503,12
46,5,23,0,0.9,2.2,2.6,4.5,1.3,4.5,3.9,1.3,1.8,0,504966.1,5
46,6,149.5,5.8,19.1,4,27,34.9,7.5,16.2,19.9,6.2,8,0.9,3299595.4,16
46,7,179.5,13.8,19,10.9,40.2,35.9,3.1,11,22.2,14.5,6.9,2,3524471.6,16
46,8,43,1.9,3,0,9,6,0.9,10,9,2.1,1.1,0,1004050,5
46,9,272.5,15.7,34.9,9.3,43.9,59.2,3.9,25.9,30.1,31.4,16.2,2,5805928.7,18
46,10,105.5,3,14,3.9,13,23.1,0.9,17,12.1,9.5,8,1,2262283,10
46,11,44,1.2,6.2,2.7,7.2,9.1,0,8.5,6.3,0,2.8,0,1026765.5,12
46,12,141,7.1,17,6.9,20.9,41.9,5,13,8.2,12.9,4,4.1,3423947.8,18
46,13,76.5,3.9,7.5,2,21.7,12,2.9,9.5,5.7,8.4,2.9,0,1795384.3,6
46,14,35,0.9,5,2,7.9,7,0,3,3.1,3.9,1.1,1.1,826631.6,3
46,15,198,13,22,6,53.1,38,6.8,25.9,11,9,10,3.2,4534602.5,10
46,16,216,11.5,23.1,9,45.1,42,5.9,22,29.9,16.5,6,5,5043859.9,4
46,17,91,6.4,7,5.5,15.6,15.6,2,18.2,11.4,4.5,2.8,2,2021659.4,3
46,18,125.5,2.9,10.3,6.1,30.1,32,4,7.1,15.9,11,4.1,2,3088720.2,10
46,19,99,4,14.1,2,16.9,23.9,5,12,8,10,2.1,1,2042127.3,4
46,20,146,7.4,17.2,7,18.1,38.8,2.7,18.1,17.1,10.7,5.8,3.1,2994594.8,15
46,21,570.5,26.8,65.7,23,77.3,157.7,14.6,69.1,61.1,40.7,14.3,20.2,13583843,21
46,22,3,0.2,0.2,0.1,0.5,0.6,0.1,0.5,0.3,0.3,0.1,0.1,75454.8,1
46,23,42,3.6,3.6,0.6,7.8,7.9,1.9,6.8,4.2,4.2,0.6,0.8,1056367.8,8
46,24,124.5,3,16.9,7.7,23,29.4,3,14.1,4.2,15.6,0.6,7,2473281.8,13
46,25,963.5,50.8,91,74.5,198.1,163.9,33.9,106.1,116.1,63,58.9,7.2,19939883,15
46,26,1254,59.8,121.4,85.6,217,274.1,39.4,108.9,166,105.6,58,18.2,2.57042964E7,18
46,27,163,8.8,15,9.1,30,36,6.1,16,22.1,10,7.9,2,4030268.2,6
46,29,37,0,2.1,2.2,8.9,7.1,1.7,7.2,2.9,1.9,3,0,958022.5,8
46,30,135,11,16.2,8.7,16.3,35.7,0.9,19.4,12.1,6,3.3,5.4,2846166.8,12
46,31,8,0.6,0.3,0.8,0.7,2,0,2.8,0,0,0.3,0.5,171109.7,2
46,32,56,1,11.2,1,8.9,14,2,6,6.2,1.5,1.2,3,1331904.7,9
46,33,57,1,5,4,7.1,16,2.4,9,4,2.4,1.9,4.2,1237339.7,6
46,34,37,2,3,0,10,7,2,3,2,8,0,0,753290.9,3
46,35,919,36.6,86.5,38.7,171,162.9,30.4,140.8,136.8,65,43.1,7.2,1.99302385E7,20
46,36,1761.5,88.2,164.9,116.1,338,335.2,46.4,259,201.1,120.3,68.2,24.1,3.35913076E7,20
46,37,25,0.6,2.4,0,2,9.6,1.3,4.9,1.3,0,2.9,0,534470.4,4
46,38,119.5,3,8.9,2,25.1,23.9,7.1,17.1,11,13.3,5.1,3,2752866.2,12
46,39,85,5,8.1,7.6,13.2,19.5,1.3,10.7,9.5,6.7,3.4,0,1878414.8,12
46,40,295.5,16.4,34.2,16,66.7,67.1,10.6,30.2,25.2,20,2,7.1,6982139.3,15
46,41,47,1.9,6,4,9,12,1.9,5,4.1,2,0,1.1,1059897.3,5
46,42,212,25,11.7,14,49.2,36.8,4,28,18.2,14.9,7.2,3,4622207.1,15
46,43,228,9.8,19.8,8.9,43,38.9,2.9,33.1,35.1,16,12.2,8.3,5560140.4,17
46,44,111,2.9,9.9,6.8,17.1,30.1,2.1,17.2,11.9,6.1,4,2.9,2707716.2,12
46,45,362.5,15,36.8,17.4,70.9,72.9,10.8,46.1,53,25.5,11.1,3,9049107.4,14
46,46,648.5,41.9,68.4,26.9,123,119,26.4,69,98,51.6,11.2,13.1,1.45078253E7,14
46,47,210,8.5,18.8,10.1,33.9,37.9,6.4,41.9,24.1,16,7.3,5.1,5051550,12
46,48,1299,65.1,117,72.1,219.9,277,39.5,168,165.8,106.4,32.1,36.1,3.04092375E7,16
46,49,1152.5,94.1,127.4,92.4,194,197.2,41,119.8,130,101.5,35,20.1,1.90193703E7,8
46,50,8428.5,576.3,811.9,645.3,1856.1,1531.1,322.3,940.2,722.1,671,241,111.2,1.370700373E8,16
46,51,8279.5,526.7,929.8,633.5,1905.1,1519.9,280.2,849.9,622,655.6,241.2,115.6,1.413172746E8,21
46,52,2668.5,107.5,237.4,164.4,551.2,523.2,71.8,328.9,305,167.9,163,48.2,5.52265503E7,14
46,53,986,32.7,97,45.6,117.7,224.1,14,172.2,147.3,61.3,43.2,30.9,2.54297461E7,28
46,54,459.5,14.2,51.4,31.7,56,125.9,4.1,63.3,50.7,25,15.1,22.1,1.13309121E7,20
46,55,541,27.9,52.1,25.4,118.2,124.7,18.9,70,37.8,49.7,4,12.3,1.36611053E7,15
46,56,347.5,22.9,45.9,11.6,76.9,73.1,9,37,26,28.9,3.2,13,8108768.6,19
46,57,404,26.1,31.1,21,67.8,86.1,13.8,40,51.9,34.1,19.1,13,9750739.4,22
46,58,426.5,11.9,44.1,21.7,70.1,94.1,10.9,51.8,53.9,37.9,18,12.1,1.08985731E7,11
46,60,1155.5,64.9,108,95.7,191.9,239.1,29.9,146.9,148,60,43.1,28,2.26197485E7,17
46,61,423.5,17.4,27.5,16.9,56.6,63.1,5.8,57.2,118.2,20.5,25.2,15.1,1.10610937E7,26
46,64,22,0.7,2.8,0.9,4.8,3.6,0,3.6,2.8,2.8,0,0,538986.4,4
46,66,90,2.9,7.1,4.1,15.1,19.9,4,9.9,14,4,8.1,0.9,2267404.1,7
46,67,1175,71.1,95.4,67.9,238,231.9,35.9,181,125.1,80.5,21.1,27.1,25750384,18
46,68,1656,82.8,166,98.3,305.9,333.9,54.9,213.2,187.4,124.9,62.8,25.9,3.51403947E7,26
46,69,1923,139.3,147.8,103.1,407.9,362.1,74.1,233,212.1,130.6,92.9,20.1,3.21192893E7,8
46,70,7579,435.4,707.4,536.8,1409,1542.1,255.1,837.1,822,539,376.1,119,1.409339788E8,11
46,71,5025,270.4,405.1,275.9,893.9,923,125.5,719,659,339,318.2,96,100062857,10
46,72,11449.5,512,834.1,592.1,1981.9,2065,267.9,1660,1659.9,641.6,1049,186,2.327344263E8,12
46,73,18297,1014,1259.9,1430.5,4564.4,3289.4,466.1,1999,1913.3,1099.4,987,274,335776934,12
46,74,31460.5,1174.5,1772,2822.5,9260.5,5434,510.5,3180,3430,1223,1803,850.5,7.905691119E8,2
46,75,10707,359.4,981,463.9,1562.9,2034.1,205.2,1598,1568,548.3,816.1,570.1,3.270673132E8,11
46,76,1123.5,34.6,118.4,57.7,150,217,16.5,223.8,124.8,63.3,47.2,70.2,3.09436479E7,19
46,77,25.5,0,0,3.5,1.9,2.1,0,10.2,6.8,0,1,0,588704.7,6
46,78,2610.5,133,244.5,101.5,412.9,577,74.4,396.1,293.2,170.9,97,110,6.99466472E7,19
46,79,1193.5,55.3,132.1,81,197.9,278,31.4,127.1,154.1,74.4,46.2,16,23247423,10
46,80,2575,73.3,212,183.7,381,518.9,55.2,338,410.9,136.6,208.2,57.2,5.48462858E7,25
46,81,568,16.9,56.2,21,77.2,127.7,8.6,104.3,90.3,31.4,16.3,18.1,1.36487656E7,36
46,82,319,11.7,38.4,23.2,53,76.8,3.7,34,43.1,14.8,9.2,11.1,7088863.1,30
46,83,224.5,8,19.7,16.8,27,46.3,5.1,47.1,22.1,12.4,11.9,8.1,5456288.6,26
46,84,150,1.9,14.8,8.3,17.2,41.9,3.9,30.2,18.8,6.1,3.9,3,3860522.3,15
46,85,208,8.1,20.8,13.8,49.8,51,2.8,23.1,14.1,15.5,3,6,4814745.8,21
46,86,111,4.2,9.8,8,17.8,21.8,2.9,16.1,16,5.2,8.1,1.1,2360701.7,18
46,87,1457,80,142.9,96.5,272,287.1,51.4,139.2,157.9,107.9,100,22.1,2.84160072E7,15
46,88,206.5,15,25.9,12.1,43.8,37,2.9,30,13.1,19.5,2.2,5,4400031.6,23
46,89,360.5,11.3,32.8,20.8,72.7,71.9,16.7,41,35,27.2,26,5.1,8155453.7,24
46,90,467,25.8,47.5,16,89.9,106.4,15.8,53.7,51.2,34.9,18.9,6.9,9986669.3,32
46,91,1,0,0.1,0.1,0.2,0.3,0,0.1,0.1,0.1,0,0,23677.9,1
46,92,265.5,15.2,24.5,10.6,54.1,58.2,4.8,41.7,20.1,16.9,15.2,4.2,5795119.3,21
46,93,281,10.6,36.2,21.7,52.1,59.9,7.8,24.2,35,22.7,5.9,4.9,6371392,20
46,94,345.5,18.1,30.3,14.9,74,76.1,8.5,43.9,35.2,31.6,5.9,7,7385318.9,17
46,95,356,10.9,37.2,20,39,84,8.5,67,40.4,21.8,18.2,9,8119388.4,22
46,96,285.5,17.3,31,8.1,62.1,56.1,7,23.1,38.9,23.9,7.1,10.9,6513903.5,9
46,97,208,2.8,22.9,16.1,17.1,51.8,4.1,39.2,32.2,8,8.9,4.9,4818252.6,24
46,98,89.5,0.8,7.6,4,6.1,12,0,28,23.9,2,5.1,0,2256903.8,5
46,99,67,3.9,2.2,0.9,23.1,8.1,2,4,9.1,4.8,5.9,3,1727356.9,7
46,100,529.5,6.3,33.4,28.3,49,99.7,6.2,109.1,122.3,15.9,41.1,18.2,1.47325239E7,40
47,0,144,5.9,5.1,7.9,21.9,23,5,23,33.1,12,6.1,1,3308405,9
47,1,147,9,10,4,27,34,3,19.1,22,9.9,9,0,3164633.9,6
47,2,32,0.3,2.7,0.4,8.3,7.3,2.1,1.3,1.3,6.9,1.4,0,626092.3,4
47,3,42,0.4,3.4,0.4,10.8,9.8,2.8,1.8,1.8,9,1.8,0,821746.3,7
47,4,221,5.9,19.4,8.8,42.9,47.3,9,23,32,16.8,12.9,3,4810773.7,20
47,5,82,2.1,8.9,5.8,6,25,0,10,15.1,5.1,3.1,0.9,1831320.9,8
47,6,34,0.9,1,1.8,6,6,1,10.9,2.2,1,2.2,1,832040.2,7
47,7,79,7.1,3.1,7.9,10,17,0.8,13,6.1,4.2,7.9,1.9,1606440.5,9
47,9,35.5,1.5,4,2,5,12,2,6,0,3,0,0,721437.4,2
47,10,144,9,17.9,9.1,24.1,31.9,5,13.1,2.9,15.1,3.9,12,3168586.2,8
47,11,4,0.1,0.6,0.2,0.7,0.8,0,0.7,0.6,0,0.3,0,93342.3,1
47,12,4,0.2,0.4,0,1.3,0.9,0.2,0.4,0.3,0.1,0.2,0,90859.8,1
47,13,559,44.6,54.6,20.9,137.1,106.1,22,59,47.9,42.7,16.1,8,1.19770685E7,8
47,14,183,9,13,16,41.1,31.9,6.9,24,18,19.1,3,1,4091563.2,8
47,15,340,17.9,43.6,17,51.1,93,4.8,44.1,33,20.4,6.9,8.2,7723789.8,18
47,16,7,0.7,1,0.5,1.3,1.3,0,0.8,0.7,0.5,0.2,0,149291.8,2
47,17,309,19,28.6,13,59.1,76,6,39,21,18.2,14,15.1,7626015.3,8
47,18,184.5,8.9,18,9.4,34.1,35.2,3.8,26.9,19,19,5.1,5.1,4232829.3,17
47,19,386,9.9,40.8,17.1,64.9,92.9,10,56,30.1,35,9.1,20.2,9863318.8,10
47,20,31,0.4,3.8,1.2,3.8,7.4,0.4,4.6,5,2.4,1.2,0.8,741439.5,2
47,21,44,0.5,5.1,1.7,5.1,10.7,0.5,6.6,7.1,3.7,1.7,1.3,1052365.6,7
47,22,4,0.3,0.3,0.1,0.7,0.7,0.2,0.7,0.4,0.4,0.1,0.1,100606.5,1
47,23,100,10.8,7.1,2.9,29,24.1,4,10,6.1,4,0,2,2526292.4,10
47,24,146,5,20,7.8,40,21.8,11.2,6,10,18,5.1,1.1,3128217.3,9
47,25,25,0,5.1,1,2.7,6.9,0,4,2.9,1.8,0.6,0,571557.8,6
47,26,134,7.9,10,7.2,29,25,3,17.1,21,9.9,2.9,1,3077758.5,7
47,28,91.5,6,8.4,3.1,23,17,2.8,13,7,8.1,0,3.1,2111454.4,7
47,29,115,2,16.1,6.9,21.1,30.3,4.8,6.9,11.1,10.8,3,2,2277301,12
47,30,655,26.3,83.3,41,112.9,153,24.5,60,65.9,54.9,20.3,12.9,1.50388247E7,34
47,31,14,1.1,0.6,1.4,1.1,3.5,0,4.9,0,0,0.6,0.8,299442.1,3
47,32,43,0.8,2.1,2.1,9.1,5.9,0.8,5.9,12.9,1.3,2.1,0,1101730.9,7
47,33,35,1,1.1,0,2,4.9,0,6,15,1,4,0,922458,7
47,34,163.5,8.4,7,15.2,25,37.9,3,31,19.1,7.9,6,3,4029030.8,5
47,35,1887,124.5,189.9,103.4,392.9,373,70.6,216.2,173.2,156.3,58.1,28.9,3.66842112E7,18
47,36,1073,52.3,112.8,80.5,180.9,221.1,28,131.2,126.8,69,51,19.4,2.17388965E7,20
47,37,195,4.2,15.5,7.6,26,48.2,4.4,33.2,29.7,4.8,13.3,8.1,4683003.2,19
47,38,18,1,3,0.3,2.6,4.6,0.6,1.3,1.7,2.3,0.6,0,397856.9,2
47,39,183.5,1.9,22.9,9.8,28.8,47,4.1,25.1,16.2,15.6,10,2.1,4511105.3,13
47,40,115.5,9.1,16.2,6.9,23.1,21.9,4,12.9,9.1,7.5,3,1.8,2494130.6,11
47,41,157,5,16.1,11,27.1,43,2.9,33,7,6.9,2.9,2.1,3538525.2,6
47,42,151,6.1,15.9,6.7,32.9,26,6,21.1,24.2,8.1,2,2,3274509.2,13
47,43,180.5,13.5,10.9,3.2,43.8,28.9,10,24,14,18.9,9.1,4.2,3968971.8,10
47,44,293.5,19,32,10.3,56.9,60.8,11,39,23.1,22,9.2,10.2,6472917.1,15
47,45,97,2,9.8,11.1,12.8,29.1,1,9.1,9.2,5.9,3,4,2470441.5,9
47,46,39,3,4,5,4,9,0,3,8,2,1,0,974704.4,3
47,47,952,49,85.6,34.1,170.1,185.8,31.5,98,152.9,71.9,47,26.1,2.27023292E7,11
47,48,121.5,2.9,6.5,12.1,42.1,17.9,2.5,24,4.9,7.6,1,0,2877913.2,8
47,49,103.5,3.1,4.6,6,14.8,18.9,0,21.9,14,5,7,8.2,2516380.7,13
47,50,83.5,4.9,6.2,11,16.9,16,5.9,7.1,8.9,5.5,0,1.1,1783152.2,8
47,51,1056,57.9,89.1,56.1,185.8,224,28.9,108.1,153.9,77.1,54.2,20.9,2.54974788E7,19
47,52,125,6.9,7,5,24,31,2.9,16.9,11.1,15,1,4.2,3326411,8
47,53,418,28.1,39.5,22.6,84.8,92.1,12,53,41.1,25.1,7,12.7,9997979.8,21
47,54,482,36.7,42.9,17,88,109.8,16,50.1,49.9,46.5,14.1,11,1.18509424E7,10
47,55,225.5,8,16.6,12,27.9,58.9,10.9,38,29,15.2,3,6,5375330.7,9
47,56,249,6.1,18.9,10,24.8,74.8,4.2,43.8,40.1,13.2,7.1,6,6178355.4,21
47,57,590,33.1,56.8,30.2,119.7,128,17.8,85.2,45.9,42.1,19,12.2,1.35597852E7,26
47,58,740.5,32.9,75.8,42.3,126.1,155.9,17.7,106,94,41.8,31.9,16.1,1.82914053E7,24
47,59,730.5,23.5,70.5,38.1,114.1,165,13.9,108.8,94,47.6,35.8,19.2,1.80040476E7,17
47,60,1374.5,67.1,150.4,114.2,219.9,310.3,25.7,148,177.3,93.4,51.9,16.3,2.70974719E7,21
47,61,11010,593.6,1002.9,718.8,2210,2149,294,1237.8,1309,663.6,671.1,160.2,2.100160985E8,17
47,62,1020,52.1,92.3,64,179.9,200.8,26.9,145.9,129,72,42.1,15,2.09638988E7,13
47,65,47,0.3,8.2,2.3,13,7.4,1,3.4,5.2,6.2,0,0,1132224.6,3
47,66,4303.5,220.3,441,258.8,827,932.9,140,454.1,411.1,350.1,187,81.2,9.64188623E7,15
47,67,1824,127,155.5,91,411.1,349.9,50.8,232,185.1,109.6,74.9,37.1,4.25053628E7,12
47,68,996,34,91.9,45.1,129.1,240,23.5,186.9,118.9,73.5,17.1,36,2.88857817E7,12
47,69,1020.5,52.1,90.4,61.1,162.9,246.8,32.1,133.1,111.9,65.1,24.1,40.9,2.69849524E7,26
47,70,1211,48.1,96.2,55.9,164,266.7,24.4,214.2,164.7,68.4,55.3,53.1,33775259,20
47,71,3284,152.2,350.5,196.5,598.8,728.1,85.4,370.2,345.1,221.9,137.1,98.2,7.45994046E7,28
47,72,6375,239.4,484.5,319,1076,1117.9,134,821,1108.1,329,543.1,203,1.651580366E8,17
47,73,8591.5,389,714.6,455.9,1606.6,1614,213.2,1120.9,1281.2,489,467.1,240,2.101392704E8,18
47,74,15973.5,752.3,1268,999.5,3074,3197,380,2118.1,1945.1,944.4,850,445.1,3.586709583E8,9
47,75,11303.5,457,934.9,652.1,1627.1,2188.7,242.9,1400.1,1680.1,669.3,1029,422.3,2.782016315E8,15
47,76,3157,134,305.4,123.8,449.1,655.1,78,478.3,383.8,245.4,129,175.1,9.42025892E7,21
47,78,23,0.8,1.4,1.6,5.7,3.5,0.9,5.3,1.6,1.4,0.5,0.3,637045.2,5
47,79,1207.5,64.5,116.3,57.1,219.1,285.4,36.5,162,87.1,98.2,38.4,42.9,33581429,25
47,80,139.5,7.1,11.8,6.7,15.1,36.1,1,23.1,19,7.6,5.1,6.9,3822909,17
47,81,619,37.2,61.4,29,123.2,125.7,13.9,89.9,69.9,32.5,24.1,12.2,1.52369064E7,23
47,82,288.5,10.5,33.1,16.2,48.5,71.9,5.1,34.9,22.1,17,20.3,8.9,6510577.1,20
47,83,490,21.9,44.5,26.9,83.8,102.2,15.4,86.2,50.9,37.9,8.1,12.2,1.11622931E7,14
47,84,434,22.7,33.3,19.8,86.8,82.6,16.2,64.9,51,28.3,19.3,9.1,9920242.6,23
47,85,140,12,16.9,6.2,28,28.9,5.9,19,11.1,7.8,1.2,3,2981029.9,11
47,86,245,13.8,22.7,18.1,43.1,56.1,6.9,21.1,23.1,22.9,8.2,9,5631475.8,26
47,87,113,11.1,10.9,5.8,22.8,19.9,3.9,11.2,8.2,7,8.2,4,2390960.5,11
47,88,292.5,19.8,37.3,14,69.1,63,8.7,24.1,24.1,19.9,6.2,6.3,5833437.5,19
47,89,69,6.1,4.8,0,16,13.8,2,9,8,2.8,3.2,3.3,1838197.6,10
47,90,131,4,12.8,4.7,18.9,33.8,2.8,16.9,15.8,12.1,8.2,1,3101237.4,16
47,91,239.5,9.9,28.4,17.6,39,61.3,5.2,29.8,27,8.2,11.2,1.9,5226222.8,24
47,92,358.5,14.9,32.7,16.9,63.2,77.1,12.7,46,35,33,18,9,7882080.4,26
47,93,56,0,1.8,6,8,11.1,1.8,11.1,10.1,4,2.1,0,1230966.3,4
47,94,451,7.8,64.3,15.1,64,112.8,17.6,39.1,67.2,41,10.1,12,9982710,37
47,95,79,3.9,5.3,5,15,17.8,4.1,9.1,10,7.8,0,1,1970523.4,11
47,96,238,13.2,33.4,8,40,55.1,4,35.8,23,15.4,6.1,4,5153836.7,17
47,97,926.5,37.8,92.5,60.5,135,233.9,15.3,112,114.1,53.8,44.2,27.4,2.05081745E7,18
47,98,2012,50.4,182.5,96.5,207.6,411.8,35.5,336.9,404.1,100.3,139.2,47.2,4.77968504E7,31
47,99,823,20.8,79.5,43,85.1,181.8,11.7,103.9,164.3,42.6,69.1,21.2,1.78305282E7,22
47,100,502,13.3,35.4,33.8,46.3,104.8,7.9,93.9,91.7,17,29,28.9,1.49189597E7,30
48,0,5,0.1,0.5,0.4,0.6,1.3,0,1,0.9,0.1,0.1,0,127391.1,2
48,1,126,4.9,10.9,7,20.8,25,5,20.3,17.9,8,4,2.2,3099403.9,14
48,2,421,17,38.9,20.9,56.7,72.9,12.2,61,80.8,22.4,29.8,8.4,9565864.6,23
48,3,1435.5,52.7,96.3,86.8,214,260,35.7,189.8,228.9,73,177.2,21.1,3.10171336E7,29
48,4,123.5,5.9,10.1,6.9,25,22.1,5.3,17.2,18.3,7.9,3.9,0.9,2551033.5,11
48,5,237.5,13,21.9,15,44.9,46,8.1,26.3,24.8,20.5,14,3,5382008.7,14
48,6,339.5,20,38,14.1,75.1,58.1,16,33,28.2,42.1,11.9,3,6829435,15
48,7,112,8.8,12,3.8,22.8,23.3,4.8,17.1,8.3,6.5,3.7,0.9,2260464.8,5
48,8,64,4,4.9,4.1,18.1,12.9,1.9,7,5.1,2.9,3.1,0,1348297.7,7
48,9,204.5,11.8,14.5,6.9,41.9,37.1,6,30,18,17,16.1,5.2,4906171.3,9
48,10,21,0.9,2.6,0.8,1.8,7.9,0.3,2.9,1.8,0.9,0.8,0.3,497117.8,3
48,12,371,25,38.6,26.6,81,92,10,36.9,21,21,11.7,7.2,8925754.6,15
48,13,902,35,78,40.2,146,217.9,29.9,107.8,125,46,52.1,24.1,2.09555439E7,18
48,14,70,3,8.9,3.1,10,15.9,2.1,7,7,3.9,7,2.1,1575851.7,8
48,15,199,10,17.9,11,34,46,4,23,27,11,11.1,4,4690792.4,8
48,16,129,3.8,14,15.1,12,44.1,3,13.1,10,6,4,3.9,3203288,9
48,17,415.5,19.2,32.2,19,54.1,84.9,7,67,82.9,11,27.2,11,9928187.3,18
48,18,120.5,4,13.4,4.9,23.1,33.2,2.9,11.9,11,11,2,3.1,2935566.1,8
48,19,1023.5,55,112.5,69,166,239.1,27.9,96,104,93.9,37,23.1,2.41719765E7,7
48,20,69.5,5.1,10.6,1,16.9,12.9,4,3,9,6,1,0,1714582.3,3
48,21,298.5,15.9,32.7,11.1,66.8,70.9,9,29.1,22,28,8,5,7191096.6,12
48,22,80,1.2,6.8,3.9,12.5,15.2,1.1,9.1,16.7,5.2,7,1.3,1882959.6,10
48,23,147,19,14,2,39.3,30.1,3.9,11,4.9,17,1,4.8,3480104.2,10
48,24,91.5,10.2,10.7,1.9,21,23.1,3.9,7.8,5.1,4,1.9,1.9,2091216.4,7
48,25,122.5,8.1,11.5,9.5,35.8,15.8,4.2,14.8,10,11.8,1,0,2824359.6,16
48,26,106,7.1,18.1,0.9,14,29.9,1.9,8,8.1,14.1,2,1.9,2332644.9,7
48,27,273.5,8.1,29,16,38.9,72,7.9,43.9,26.1,18.5,8.1,5,5897467.9,7
48,28,159.5,8.9,6.9,4.1,30.1,34.1,9.5,27,22,10.1,5,1.8,4021273.8,9
48,29,15,1.1,1,0.8,3,2.7,0.5,3.5,0.9,1,0,0.5,327740.1,4
48,30,570.5,23,52.1,21.5,96.1,106.7,17.9,99.9,80.8,37.3,22.9,12.3,12965224,20
48,31,14,0,0.5,0,1.2,2.2,0,3.8,3.8,2,0.5,0,340801.5,4
48,32,282.5,7,24.5,10,34,63.9,6,46.9,43.1,23,10.1,14,6767932.3,6
48,33,77,3,7.1,5.9,12.9,18,1.9,14,6.1,2,2,4.1,2031723.4,7
48,34,236,3.5,31.3,7.8,33.9,53.5,6.8,41.4,33.9,11.9,6,6,5807527.4,10
48,35,659.5,26.9,56.5,39.6,96.8,158.9,11.9,91,78.1,65.6,16.1,18.1,1.57978605E7,30
48,36,981.5,44.5,100.9,51,155.3,221.4,20.9,164,104.2,67.5,26.8,25,2.31970251E7,23
48,37,14,1.1,1.8,1,1.5,4.1,0,1.7,0.7,0.7,0.7,0.7,318011.1,2
48,38,208,10.8,22,16.1,29,50.9,3,26,26.2,17,5,2,4570553.2,13
48,39,444.5,27.7,39.9,28.8,68.1,94.8,18.2,54.7,47.9,31.2,23,10.2,1.02110685E7,11
48,40,71,4.8,8.1,3.1,18,14.9,2.9,7.1,3.1,8,1,0,1458583.6,8
48,41,213,6,24.8,14.9,37.9,41,4,24.2,27,18.9,13.3,1,4646151.2,13
48,42,104,5.3,9.4,3.9,24.3,20.2,3,13,9.5,9.8,4.2,1.4,2283350.8,13
48,43,108,2.9,8,8.1,12,31.1,0.9,15.8,17.1,6.2,3.9,2,2692195.5,8
48,44,212,11,24,12.1,49,41,5.9,28,26,10.1,2,2.9,5035871.8,6
48,45,293.5,23.9,19.5,13.5,63,55,14.5,47,24,21.1,4,8,6270500.1,14
48,46,23,0.3,2.3,1,2.7,5.7,1.8,3.6,2.8,1.8,0.5,0.5,602840.1,4
48,47,303,15.3,23.6,13.2,43.7,66.9,3.9,53.2,51.9,19,5.2,7.1,6936149,16
48,48,348.5,9.9,34.1,22.8,47,83,7.1,51,48.1,23.4,11,11.1,9171883.4,11
48,49,534,30,46.5,24.7,110.1,120.2,9.8,65.3,67.9,36.5,12,11,1.23631244E7,21
48,50,178,8.2,15.6,13,36.1,41.8,7,15.9,17.9,15.7,2.8,4,4071396.2,10
48,51,36,5,3,2,8,10,0,0,4,2,1,1,870700.4,2
48,52,134.5,8,10,0,24.1,20,1,27.1,30.9,3.5,7.1,2.8,3494195.2,11
48,53,353,8.2,39.8,18.1,51.9,92.1,5,47,41.8,26.5,9.3,13.3,8814793,19
48,54,242.5,4.9,24,9,42,66.9,6.1,42.1,19.1,15.5,3.9,9,6128848.2,6
48,55,209.5,4,26.6,10.1,25.8,59.1,2.9,28.9,27.2,13,7.8,4.1,5262766.3,15
48,56,871,46.9,90.4,24.1,171.9,157.2,33.1,122.9,88.2,79.1,38.2,19,2.02527997E7,29
48,57,161,7.9,16.9,9,20.9,42.3,3,19.9,19.1,13.9,4,4.1,4472142,12
48,58,113,4.9,5.2,7.1,32,27.1,2.8,11,9.1,7.8,1.1,4.9,2885660.8,10
48,59,67,5.2,2.8,4,8.9,15.1,2.8,7.2,9.1,8.9,3,0,1584099.7,8
48,60,2580,137.4,248.6,133.6,445,501.9,82.9,306.2,397.1,184.2,94.1,49,5.47116338E7,23
48,61,716.5,32,56.9,38,147.9,150.8,17.8,88.2,96,43.6,30.1,15.2,1.74740093E7,22
48,62,1069.5,45.3,105.4,75,139,249.1,21.5,161,153,64,37.1,19.1,2.46085971E7,14
48,63,1412.5,66.6,146.9,84.3,195.1,317.9,34.5,224.8,151.1,92.1,38.1,61.1,3.51457631E7,17
48,64,6,0.2,1,0.6,0.7,1.6,0.3,0.8,0.4,0.2,0.1,0.1,127313.9,1
48,66,1123.5,45.9,102.5,60,215.1,245,33,156.9,132.1,55.1,58,19.9,2.60936376E7,6
48,67,1360.5,81.4,140.6,73.4,275.1,275,35.9,156.1,144.1,106.8,46,26.1,2.96817566E7,11
48,68,973.5,28.9,91.1,40.9,154,230.1,32.4,145.3,112.9,72.8,19.1,46,2.57338365E7,18
48,69,976.5,46.5,91.1,50.6,189.9,218.3,30,160.8,87.8,61.4,17,23.1,2.49226276E7,12
48,70,178,9.1,17.1,13.1,27.9,41,3,25.9,13,11.9,7,9,4326723.7,11
48,71,4170,203.3,468.2,185.5,675.9,938.5,118.6,527.9,457.8,281.9,128.2,184.2,1.125197829E8,20
48,72,3073,110,301.2,135.3,406.8,662.3,61.4,447,448.1,182,154.8,164.1,8.72242283E7,22
48,73,5940.5,279.1,550.4,379.2,1088.5,1208,159.5,735.9,697.1,376.8,315,151,1.264313185E8,16
48,74,10157.5,659.4,1023.5,769,1934.9,1912.7,309.8,1111.2,1073.2,827.3,403.1,133.4,1.612243065E8,23
48,75,4001.5,168.8,388.5,239.7,577,739.9,90,518.9,619.7,266.5,222.2,170.3,1.041360818E8,35
48,76,636.5,27.9,67.7,18.8,104,116.3,23.1,96.3,86,56.2,13.9,26.3,1.93465097E7,21
48,77,1320.5,34,94.4,61.5,144.1,267,29.5,250,245.2,65.7,83,46.1,3.76069569E7,16
48,78,322,10,33.1,21.9,43,75.2,6,41.9,43.9,23,6.7,17.3,9812765.8,20
48,79,219.5,10.6,21.4,7.1,27,65,6.1,28.4,22.6,14.8,6.2,10.3,6669153.2,25
48,80,399,23.9,27.9,20.1,82.1,83.2,13.5,46.9,47.2,31.1,19.1,4,9213109.6,17
48,81,118,0.9,14.2,3,24.1,27.1,5.9,13.9,10.1,10.1,4.7,4,3234404.5,14
48,82,589,22.1,46.3,31,97.8,131.9,12.9,88.1,77.9,25.7,34.2,21.1,1.47067814E7,19
48,83,609.5,29.9,54,35.7,100.9,121.3,20.5,88.2,85.1,39.1,19.9,14.9,1.31614419E7,23
48,84,381,16.1,42.7,11.9,61.9,81.3,17.2,65.2,44.7,27.3,8.8,3.9,8610426.7,29
48,85,248.5,13,24,11.3,57.8,34.8,7.7,36.7,35,16.9,7.2,4.1,5232184.1,22
48,86,226,6.9,22.7,21,44.9,36.8,5,27.9,37.1,11.6,8,4.1,4770550.2,21
48,87,568,27.3,54.3,34.9,113.9,128.8,17.6,57.2,64.8,35.3,19.1,14.8,1.13126516E7,36
48,88,390.5,19.6,47.8,23.6,70.2,92.9,8,45,34.3,32.9,10,6.2,8224622.1,36
48,89,1901,96.8,145.6,96.9,364.4,318.2,38.9,259.2,278.1,132.7,149.1,21.1,3.84209564E7,30
48,90,191.5,9.8,16.2,11.2,31.6,34,9.3,23.3,31.2,10.8,13.2,0.9,4024836.6,25
48,91,335.5,28.1,34.9,7.9,86.1,53.1,11.2,34.1,35.8,35.1,8,1.2,7022170.7,25
48,92,156.5,4.9,16.8,9.9,41.7,38.1,4,12.2,8,15.6,3.2,2.1,3502373.7,18
48,93,70,9,3.9,3.1,17.9,7,3.9,10.1,3.1,5.9,5,1.1,1719694.6,8
48,94,279,9.8,15,18.6,46.9,50.1,14.2,54.1,39.2,13.2,16.9,1,6151454.7,17
48,95,599,29,66.8,29.2,93.4,114,22.8,88,101.1,23.6,27.1,4,1.29663284E7,25
48,96,330,15.9,35.3,23.8,58.8,70.2,11.4,43.1,34.3,18.1,15.1,4,7096762.3,22
48,97,287,6.7,16,24.3,46,66.1,10.7,44.4,44.4,13.9,9.8,4.7,6400498.1,22
48,98,355.5,6.9,32.4,15.6,51,84.2,9,56.1,45.4,26.3,21,7.6,7326911.2,26
48,99,1141,41.1,117.8,67.8,151.1,227.8,35,172.4,199.8,67.7,42,18.5,2.55174291E7,42
48,100,10401.5,361.6,866.6,698.9,1531,1973,180.5,1509,1701,523,882,174.9,2.079981373E8,9
48,101,1542.5,44.5,66,145,291,249.9,15,191,276.1,48,189,27,3.14469293E7,4
49,0,12,0.5,1.1,0.7,1.4,3,0,2.5,2.2,0.5,0.1,0,305738.9,3
49,1,120.5,5.4,12,8.7,17.9,31.8,0,21.4,19.2,2.4,0.7,1,2906711.5,13
49,2,193,2.1,14.1,9,11.9,45.1,1,33.9,52.9,4.9,13.1,5,4565409.9,7
49,3,2411,93,264,128.9,348.3,470.3,68.8,278.7,376,188.9,151,43.1,4.94642664E7,23
49,4,92.5,1.9,9.9,3.6,18.9,18.9,3,5.2,19,9.1,3,0,2006765.1,10
49,5,117,7.9,8.1,3,25.1,21,3.9,16.1,14.9,7,7,3,2434536.6,6
49,6,7,0.3,1,0.1,1.1,1.7,0.3,0.8,0.6,0.6,0.4,0.1,141453.1,2
49,7,163.5,8,14,8,29.2,37,2.8,20,15,12.4,12.1,5,3614419.6,6
49,9,84,2,14,3,10,20,2,13,8,8,1,3,1744846.1,3
49,10,116,4,15.4,4.2,16.2,38.2,0.8,11,10.2,5.9,8.2,1.9,2751843.6,6
49,11,267,13.9,24.2,22,43.1,67.9,5.9,36.9,24,14,8.1,7,6743126,7
49,12,39,0.9,4.9,0,9.1,10.2,0,4.9,2.1,6,0.9,0,914589.9,6
49,13,159,12.9,12.9,7.9,41.2,23.1,3,22.2,19,7.9,4.9,4,3811864.9,7
49,14,294,15.9,28.4,14.1,43.1,72.1,4.5,42,35.9,27,5,6,7582772.7,10
49,15,44,0,6.1,4.9,5,11.9,0,10.1,2,1.1,0,2.9,1092751.7,4
49,16,2237,99.4,178,132.6,404.6,449.9,52.1,302,326.1,118.2,130.1,44,5.36975244E7,19
49,17,151,5.9,13,9,21.9,30.1,1.9,25.1,31.1,4.9,7.1,1,3954428.4,6
49,18,822.5,44.9,89.8,40,132,194.9,22,122.2,90.1,50.5,20,16.1,2.04214673E7,8
49,19,346,16,28.6,12.9,72,79,7,51.1,47,21.4,4,7,9021551.3,7
49,20,138.5,3.9,19.1,6,24,36,4,13,11,14.5,2.9,4.1,3352434.5,5
49,21,448.5,28.1,33.3,20.3,91.8,104.1,16,47.7,42.2,34.9,18.1,12,1.05585966E7,15
49,22,191,11,25.5,11.3,36.8,45,3,22.2,11.1,13.9,4.3,6.9,4312811.6,15
49,23,23.5,0.9,1.8,2.2,3.4,7,0,1.6,4.4,1.3,0,0.9,583369.7,5
49,24,469.5,22.1,57.1,23.3,93.1,122.1,23.7,37.9,40,33,11.2,6,1.03802783E7,17
49,25,280,18,30.4,15.5,50,61.1,4,42,20.1,29.1,8.8,1,5936758.4,6
49,26,13,0.7,1.1,0.8,1.8,4,0.5,0.7,0.9,2,0,0.5,317552.5,2
49,27,71,2.4,3.8,4,10.2,18.9,2.6,9.4,5,8.1,1,5.6,1779886.5,3
49,28,153.5,2.8,17,4,25.9,31.8,4.8,21,25.3,12.1,5.9,2.9,3788987.2,12
49,29,120,7.5,4,6.2,29,26.4,3.5,19.5,10.4,9.9,2,1.6,2817640.8,10
49,30,1006,41.2,104,51.4,169.8,227.2,24.9,167,114.9,46.6,30.8,28.2,2.34222148E7,22
49,31,458,18.4,41.5,21,75.9,91.9,13,64.2,65.2,36.4,17.6,12.9,10273251,10
49,33,89.5,1.9,13,2.5,17,16.9,3.4,15.1,8.1,6.6,4,1,2207655.8,7
49,34,2,0,0.4,0.2,0.2,0.6,0,0.4,0.2,0,0,0,44842,2
49,35,660.5,33.3,50.5,34.4,120.1,138.1,17,99,93,34,30.1,11,1.54203385E7,20
49,36,852,27.9,68.1,41.2,118.7,176.7,15.9,151.1,134.5,53.4,44,20.5,2.00069485E7,22
49,37,151.5,8.5,19,7.9,17.3,41,1,24.3,11.3,10.3,6.3,4.6,3522809.6,10
49,38,424.5,25.3,32.7,22,74.1,74,8.1,69.9,67.2,28,17.1,6.1,1.00246805E7,17
49,39,77.5,3.5,7.1,2,17,18,0.9,17.1,8.1,1.8,2,0,1712808.2,6
49,40,274,11.1,34.2,18.1,41,63,9.8,27.8,27,19,14.9,8.1,6226468,18
49,41,112,6.1,15.6,2.5,21.1,22,2,16.8,9.8,8.9,3,4.2,2914072.6,12
49,42,26,0.5,2.6,2.1,4.7,7.8,0,2.1,2.6,2,0,1.6,524567.7,4
49,43,2401,123.4,204.5,169,426.1,457.9,62.5,317.1,321,142.4,136.1,41,4.77894698E7,9
49,44,1044.5,89.6,109,54.1,228.7,208.1,39.4,74,91,101.5,32.1,17,2.04670467E7,10
49,45,275.5,17.8,36.1,9.9,60.9,71.2,7,26.1,13,22.6,8.9,2,6398213.2,12
49,46,265,16.8,20,11,48.1,59.9,12.1,47.2,24.2,18,3.7,4,6102833.8,15
49,47,109,2.7,12.7,3.8,13.5,31.3,4.2,14.5,15,6.2,1.5,3.6,2708376.2,6
49,48,774.5,37.4,68.3,32.8,125.8,178,17.2,122.9,103.2,48.5,19.1,21.3,1.97493017E7,30
49,49,527,23.7,43,28.9,86,96,10,111.2,75.2,35.9,7,10.1,1.24590025E7,12
49,50,451.5,23.5,34.5,19,90,96,14.1,52.9,60.9,38.6,12.1,9.9,1.07303929E7,12
49,51,252,18.5,20,16.1,60,53.9,11.6,27,21.1,16.8,2,5,5758241.8,10
49,52,36,0,2,1,7,12,0,4,5,1.9,2,1.1,950351.2,5
49,53,469,19.1,60.1,28.5,63.9,108,5.8,75,51.2,34.4,11,12,1.16073344E7,14
49,54,258,7.1,37.6,10.8,35.9,70.7,3.1,26.1,32.3,19.6,5.9,8.9,6156390.1,16
49,55,741,31.9,81,55.9,127.1,166.9,20,73,93.3,39,33,19.9,1.67311444E7,15
49,56,115,3.9,10.9,2,23.1,27.9,2.9,8,11.9,19.1,5.3,0,2647212.2,7
49,57,75.5,4.8,8.9,3.1,18,11.2,6.4,9.1,8,4,2,0,2040427,7
49,58,530,21,74.5,29.5,91,135.2,16,58.8,39.9,38.9,14,11.2,1.31793923E7,22
49,59,259.5,12.9,20.6,16,61.9,43,8.6,35.1,33.8,15.5,10.1,2,5946296,8
49,60,411.5,17.8,44.7,17.8,72.1,98.2,10,67.9,42.9,21,8.1,11,1.03792165E7,22
49,61,456,19.5,40,23.1,90,100.4,9.2,49.3,71.2,22.8,19.6,10.9,1.08341827E7,25
49,62,1665.5,93.1,140.4,92.1,329,368.8,39.7,213.2,155.1,114.8,79.3,40,3.89236115E7,32
49,63,4109,197.7,433.8,257.5,769.4,848.2,104.9,541,457.1,283.4,111.1,104.9,9.16907442E7,32
49,64,11074,798.8,1332.5,919,2429.3,1970.8,470,1122.1,646.2,1080.9,134.1,170.3,1.780831772E8,21
49,65,1171,55.2,96,79.3,227.3,212.6,27.2,189.3,145.6,65.9,41.8,30.8,2.55890825E7,8
49,66,1466,101.4,148.5,84.6,311.9,304.9,46.5,138.1,140.1,114,63,13,27949600,8
49,67,36,1,3,1.1,7.9,10.9,1,2,6.9,1,1.2,0,858242.4,4
49,68,569.5,25,38,37,93,108,12.5,112,82,29.9,14,18.1,1.38754977E7,3
49,69,424.5,32,37.1,7.6,71.9,92,13,43,66.9,29.8,16.1,15.1,1.10285454E7,13
49,70,1702.5,99.7,175.5,91,279.1,424.1,46.3,189,154.3,121.5,62,60,4.10214144E7,15
49,71,2031,71.4,171.9,102.8,267.2,403,29.7,353,328.2,96.9,124.1,82.8,5.64945864E7,25
49,72,807,35.4,61.5,37.8,132.9,168.4,25.4,135.2,75,63.6,40.7,31.1,2.00171646E7,21
49,73,773,37.6,89.3,37,143,182.1,18.2,87.8,61.1,64.7,18.1,34.1,2.02644148E7,18
49,74,27,0.9,0,1.9,8.1,2,0,3,8.1,1,2,0,575240.4,4
49,75,1346,42.8,118,49.6,154.2,261.7,34.7,231.8,271.2,66.6,65.1,50.3,3.52576781E7,24
49,76,651.5,25.2,60.9,30.1,93.8,148.2,11.8,114,81.7,35.6,15.2,35,1.80729649E7,25
49,77,1214.5,57.8,131.6,58,188.1,306,37.5,150.1,102.7,97.5,37.1,48.1,3.41580032E7,23
49,78,1070.5,26.1,118.3,64.3,102,260.1,18.9,191.2,151.9,45.4,35,57.3,31779378,21
49,79,327,13.1,26.7,12.9,44.9,75.8,6.7,54.9,48.1,17,9.2,17.7,9085274.1,14
49,80,1152.5,65.1,99.3,59.1,238.8,221.2,36,140.9,140.1,85.9,43.1,23,2.65046317E7,28
49,81,329.5,24.4,28.6,8,88.2,69.9,11.6,37.5,26.1,18.6,4.8,11.8,8146916.3,33
49,82,164,6.7,14.5,8,23,45.9,2.1,32.1,17.1,7.3,4.1,3.2,3805768.5,21
49,83,246,13.8,19.1,13.7,33.3,60.4,4.9,51.1,30.1,7.6,6,6,6152085.7,24
49,84,270,13.8,23.5,10.1,61.2,57.1,11.1,35.2,27.8,18.3,8.9,3,6049551.9,15
49,85,287.5,22,22,17.5,62.5,54.7,10.9,29,28.8,24.1,7.9,8.1,6098282.2,23
49,86,168,15,20.1,13.1,44.8,25.9,8.9,9.1,7.3,16.9,4.9,2,2766103.8,11
49,87,296.5,8,48.4,12.1,56.9,70.1,9.3,28.1,26,27.5,3.9,6.2,6418981.5,12
49,88,19.5,0.8,1.1,0.3,6.6,3.7,1.1,2,2,1.9,0,0,463142.6,7
49,89,237.5,10,18.5,10.6,45.4,47.5,5,35.9,41.1,14.7,6.8,2,4846957.1,22
49,90,98,4.1,6.2,7.2,18.8,19.9,2,15.8,13.1,5.9,5,0,2010913.2,16
49,91,90,9,8.9,3,22.9,15.2,3.9,11,10.1,6,0,0,1906814.7,10
49,92,89,8,4.9,0,18,20.2,0,14,8.9,9.1,4.8,1.1,2235562.1,15
49,93,1185.5,61.1,110.7,90.6,194.8,243.9,36.6,120,134.1,69.5,96.1,28.1,23616505,30
49,94,234.5,10.9,26.4,8,39,57.9,10,31.2,17.1,17.9,9.9,6.2,5047171.9,21
49,95,324.5,15,44.6,27.1,69,83.1,10.1,35.9,14.2,22.8,1.9,0.8,6766726,13
49,96,107,1,14.9,3.1,21.2,31,1.9,6,9.9,13.9,3,1.1,2389040.1,10
49,97,1186,46.5,128.4,52.9,177.1,266.1,26.9,167.9,163,66,55.2,36,2.66713963E7,14
49,98,714.5,20,57.6,44,88,150,9.9,182,88.9,36.8,13.1,24.2,1.84908351E7,22
49,99,2474.5,140.1,271.6,206.8,438.9,526.8,64,326,247.9,160.3,66,26.1,4.34681956E7,26
49,100,4687.5,169,383,302.8,717.1,951.1,84.9,637.9,726.2,248.8,363.7,103,9.24671484E7,30
49,101,9126,403,714.4,657,1443,1697.4,179.5,1223,1565,451,681.1,111.6,158870774,5
50,0,24,2,0,0,4.9,3,0,3,8,1,2.1,0,613026.8,5
50,1,144,8.7,8.9,1.9,30.9,24.3,5.9,13.2,22.1,17.1,10.3,0.7,3355855.1,15
50,2,59,1,11.9,4,10.9,12.1,1,3,4.1,10,1,0,1133825.3,4
50,3,43,5.9,3,1,12.1,4,4,3,3,4,1.9,1.1,879888.9,5
50,4,56,5.9,5.9,1,14,12,3,1.1,6,4,3.1,0,1208210.8,4
50,5,69,8.9,5.1,10,16,13.9,3,3,5,1,3.1,0,1585175,5
50,6,106.5,6,7.5,1,21,17,6.9,11.2,18.9,4,11.9,1.1,2517114.1,9
50,7,219,13,19,9.9,34.9,50.1,4.9,20.1,30.1,21,10,6,4565930.3,7
50,8,308.5,13.6,31.1,25.1,54.9,77.1,9.8,23,27.9,27.9,11,7.1,6690904.3,12
50,9,179,5.9,16.5,11,38.9,49,5.1,14,16.1,11.4,6,5.1,3961695.1,7
50,10,328.5,29.8,36.6,12,90.1,55.9,10.1,30,24.1,26,9,4.9,7410263,8
50,12,15,0,3,0.5,1.2,4.3,0,3,1.7,0.4,0,0.9,294216.1,2
50,13,74,4,9,3.6,9.8,18.6,2,13,8.2,1.6,1,3.2,1663085.8,2
50,14,115.5,2,4.8,3.8,18.1,26.8,5.1,25.1,14,10,2.8,3,3355671.4,12
50,15,531.5,22,37.8,18.6,72,109.8,12.7,104.1,81.2,37.1,18.1,18.1,1.42234069E7,28
50,16,130,4,12,8.2,13.9,35.9,1.9,25,11.9,3,7.2,7,3426223.5,7
50,17,1190,34,89.6,50.8,149,226,14,224,267,55.5,56.1,24,2.86560264E7,7
50,18,4,0.3,0.2,0.3,1.1,0.7,0.1,0.3,0.2,0.7,0.1,0,94106.9,2
50,19,217.5,7,19.9,15.5,25.9,50.9,3.6,21,42.1,9.5,14,8.1,5436390.7,11
50,20,14,0.6,1.4,1.1,2.5,3.4,0.3,4,0.3,0,0,0.4,370353.6,3
50,23,14.5,1.3,1.3,0.8,2.9,3.2,0.5,1.3,2,1,0,0.2,345371.3,4
50,24,8,0.2,1.4,0.4,0.8,2.8,0,0.6,0,0.8,0.4,0.6,164591.3,1
50,25,70,7,3,4,19,14,1,6,11,3,2,0,1648912.5,3
50,28,23,1.7,2.3,0.5,8.6,1.8,0.5,1.8,1.8,3.4,0.6,0,640539.9,5
50,29,3,0.2,0.3,0.1,1.1,0.2,0.1,0.2,0.2,0.5,0.1,0,83548.7,1
50,30,167,6,16,10,21,26,1,35,41,7,3,1,3860817.7,2
50,31,133,1.7,4.5,7.5,15.3,26.1,4.6,33.4,30.7,3.8,2.8,2.6,3339299.2,11
50,32,706,22.8,56.2,25.4,89.8,140.8,10.9,137.1,140.9,36.2,27.1,18.8,1.74104235E7,20
50,33,5139.5,308.3,509.4,230.8,929.2,944.1,164.4,512.1,724,411,327.2,79,1.040112496E8,21
50,34,5915,425.9,662.7,437.4,1245,1074.1,211.4,648.1,526.8,551.6,86,46,8.98673275E7,17
50,35,553.5,20.3,53.1,33.2,94,128,20,70.1,61.9,37,26,9.9,1.26029573E7,16
50,36,442,20.2,36.6,9.8,72.6,87.3,9,71.9,74.9,33.4,16.3,10,1.07979336E7,23
50,37,226.5,9.8,10,13.6,35,46,7.1,42,33,16,13,1,5597217.1,16
50,39,572.5,32.3,60,42.2,85.1,140,14.6,80,53.2,37.1,14.1,13.9,1.26910264E7,25
50,40,236,8.1,25.1,8.8,39,50.1,9.1,25.8,34.9,24,9.2,1.9,5644982.6,16
50,41,79.5,5,5,6.4,10.9,15.9,2.1,10,10.1,9,3,2.1,1776913,5
50,42,125,8.1,9.8,10.1,19.9,29,2,17.9,17.2,5.9,4.1,1,2565840.9,9
50,43,435,22.2,44.7,28,82,92.3,17,58.2,44.8,29.3,9.7,6.8,1.02206243E7,25
50,44,126,5.9,14.2,1.9,16,34.2,1,11.8,17,14.1,6,3.9,2451940.4,10
50,45,14,0.4,1.8,0.4,2.2,3.1,0.4,2.2,2.6,0.4,0,0.5,315824.4,2
50,46,432.5,21.5,57.1,25.9,70,101.9,10.5,42.9,36,37.5,18.2,11,9309042.1,20
50,47,142.5,5.8,18,6,21.1,27,4.9,16.2,15.9,15.4,7,5.2,3167459.5,10
50,48,26,1.3,2.6,3,3.5,5.2,0.4,4.8,2.6,1.3,0.4,0.9,640858,5
50,49,122,7.5,8.6,4,23.4,21.9,2.5,19.1,20.3,4.7,6.6,3.4,3198825.7,14
50,50,168.5,5.5,19.4,10.1,30,38,3,21.1,22.1,10.4,6.9,2,3908743.1,7
50,51,86,0.9,4.8,5.1,10.2,18.1,0.8,21.9,15.1,4.1,5,0,2223786.7,16
50,52,276,26.6,21.1,19,63.1,58.8,8.1,35.1,12.1,23.1,2,7,6778789.5,18
50,53,316.5,7.7,27.4,12.7,50,77.9,11,39.2,35.9,32.1,14.1,8.5,8504028.8,29
50,54,900.5,47,86.2,41,171.1,209,27.2,100.8,105,64.9,31.2,17.1,2.13507254E7,39
50,55,47,1.6,1.1,2.2,9.9,8.2,2,10.8,7,0.9,2.2,1.1,1300747.6,10
50,56,109,5,7,4,20.8,27,1.9,20.1,8,9,4.1,2.1,2772743.7,12
50,57,254,5.9,24.5,16,42.9,58.9,6.3,41.1,18.1,24.2,8.9,7.2,6041327.6,18
50,58,430.5,24,48,10.4,100,101.1,11.9,33,45.1,40,11,6,1.01620528E7,10
50,59,1126,53.7,106.5,58.6,212.1,239.9,43.1,135.8,123.2,93,31.1,29,2.72052361E7,16
50,60,101,2.9,7.9,8,12,22.9,0,22.1,16.2,5,3,1,2478300.4,5
50,61,755.5,44.1,84.9,31.9,141.1,165.9,26.1,97.1,68.9,59.6,25.8,10.1,1.76228213E7,16
50,62,665,37.9,68.4,26.8,130.2,124.8,15.8,77.1,106.1,43.9,13.9,20.1,1.64913221E7,22
50,63,46,0.9,0.9,2.1,6,9,0,14,4,2,4.1,3,1363425.9,4
50,64,106,2,11.9,4,19,26,4,17,8,9,1,4.1,2557820.5,3
50,65,142,6,11.9,7.1,22,32,4.1,20.1,14,11.9,9.9,3,3191529.8,4
50,66,1515.5,78.9,154.5,105.2,268,289.1,41.4,176.1,182.2,105.8,70.2,44.1,3.21420556E7,27
50,67,1434,72.7,137.1,69,278.2,301.1,47.8,143.1,184.1,115.9,55,30,2.98098153E7,9
50,68,3,0.2,0.2,0.1,0.5,0.6,0.2,0.5,0,0.1,0.6,0,76886.5,1
50,69,785.5,31.9,94.6,31.1,126,162.9,34,88,108.1,68,16.9,24,19703724,4
50,70,1935.5,110.1,196.8,91.6,340,464,50,237.1,196.3,134.5,52,63.1,4.67291441E7,27
50,71,273.5,15.5,18.9,17.9,45.7,61.7,8.5,36.2,26,21,10.1,12,6820775.9,11
50,72,186.5,8.9,15.6,7.9,23.9,42.1,4,43,25.8,8.9,3.1,3.3,4982688,14
50,73,1788.5,90.5,125.8,73,242,343,46.4,303.9,328.3,90.4,87.2,58,4.85963634E7,20
50,74,457.5,25.9,49.1,28.2,60.8,105,9.7,58.9,66,24.9,7.9,21.1,1.18801757E7,30
50,75,267,7.5,22.3,7.2,30.9,61.5,2,41,56.4,21,9.2,8,7350367.9,20
50,76,292,13.9,28.7,11.9,54,53.1,8.9,52,41.1,15.6,7.8,5,7106571.8,15
50,77,44,0.9,2.9,4,4.9,10.2,0.9,8,7.1,2,1.1,2,1137848.7,8
50,78,1042,26.4,110.1,49.1,125.8,228,18.9,138.3,172.2,51.8,71,50.4,2.77988197E7,28
50,79,473,23.9,50.9,25.8,58.1,125.1,11.1,58.9,46.1,33.2,18.1,21.8,1.26432219E7,19
50,80,22,0,0,1,3.8,3,0,5.9,4.1,1,3.2,0,599956.8,7
50,81,51,1.9,3,1,5.6,14.2,0.9,5.1,9.1,3,5.7,1.5,975809.6,11
50,82,190.5,3.8,23,9.9,29.1,40.1,5.4,30.9,32,8.1,4,4.2,4572487.6,15
50,83,247,12.9,14.3,12.2,40,51.1,10.1,25,31.7,15.8,32.1,1.8,5438062.2,17
50,84,1086.5,56.7,86.1,59.8,192,186.9,26.7,109,155.8,65.5,132.1,15.9,2.17549573E7,22
50,85,147.5,8,13,6,29,31.9,7.2,21.1,14.8,10.5,6,0,3333935.7,11
50,86,272.5,10.5,30.8,9.2,47.8,69.1,3.5,34,30.1,20.2,10.4,6.9,6115513.9,34
50,87,234.5,15.7,24.1,12,50.9,57.9,8.1,18.1,22.1,15.4,6,4.2,5417362.7,22
50,88,213,10.2,23.1,9.8,40,38.8,7.1,32.7,22.2,16.9,7.9,4.3,4348497.7,20
50,89,304.5,18.1,28.3,14.8,74.6,62.1,9.8,25.9,29.1,28.6,10.2,3,6596753.3,27
50,90,244.5,11.9,19.3,10.9,60.1,42,11.7,35.6,25.2,17.9,9.9,0,5036113.1,23
50,91,253.5,15,13.8,8,56,48,6.9,33.2,30.2,22.3,11.9,8.2,5463369.6,24
50,92,184,13.8,18.4,5.1,42,34.1,8.3,23.2,19.1,12.9,3.9,3.2,4133735.6,15
50,93,495,23,50,23.1,101.3,107.2,18.2,56.8,60.8,28.7,18,7.9,1.07718849E7,20
50,94,107,4,13,1,26,17.9,1,13.9,13.1,9.9,6.1,1.1,2350729.2,6
50,95,389.5,12,46,15.9,61,88,11.3,71,46.9,21.7,11.8,3.9,8713949.3,22
50,96,237,11.9,24.9,10.9,35,56.1,1.9,34,35,13.1,7.1,7.1,5531674.9,14
50,97,740,39.7,63,59.2,146,153.8,19.9,95.1,72.8,46.1,33.3,11.1,1.48879324E7,17
50,98,1922.5,67.8,154.1,132.4,268.8,386,38.8,288.1,289.1,114.5,145.3,37.6,3.96122866E7,22
50,99,604.5,20,42.4,31.9,90.8,122.9,10.1,100.9,97.3,37.8,31.3,19.1,1.39033022E7,25
50,100,1075,41.8,85.3,48.4,143.6,196.1,15.6,159.9,230.2,58,79.9,16.2,24550012,29
50,101,2016.5,107.5,186.5,119.3,346.8,403.8,53.2,261.2,287.8,121.3,96,33.1,4.08634925E7,16
51,0,52,2.1,5.9,0.9,6.1,17.8,0.9,4,6.1,2.1,5.1,1,1371579.7,5
51,1,111,5.9,11.2,2.1,20.9,21,1.9,6.9,20,14,6.1,1,2245049.7,7
51,2,73,1.9,6.6,3,16,15.1,3.9,6,12.1,4.4,4,0,1803437.9,5
51,3,233.5,9.8,21.6,17.9,39.9,43,2.9,28.1,41.1,11,15.1,3.1,5540892.8,17
51,4,101,5.9,6,3,26.9,15.1,6.9,18,7.1,5,5,2.1,2409280.5,7
51,5,84,6.1,6.1,2,16.9,10.9,3.1,20,9,4.8,4,1.1,1973869.8,4
51,7,76,3,9.9,4,12,19,1,5,10,5.9,5.1,1.1,1532723.7,4
51,8,50,3.1,9.1,3,7.6,13.7,0,4.1,4.1,2.1,2.2,1,1163822.7,4
51,9,13,0.9,0.9,0,2.4,2.4,0,1.7,1.9,0.9,1.9,0,359774.8,5
51,10,156,8.9,15.8,4,29.1,37.2,6.9,18.1,15.1,9.9,7.1,3.9,3137935.6,8
51,11,136.5,6,15.5,1.9,24,33.1,2.8,11.1,16.2,17.9,4,4,3435848.6,10
51,12,380,21,36.6,22,90,72.8,15.5,35.1,28,44.1,4.9,10,8880244,10
51,13,504.5,38.3,46.9,18.2,109.9,91,17.1,65,43.9,46.1,11,17.1,12957237,10
51,14,272.5,17,21.5,17.5,47.9,56,3,37.9,38,19.6,8,6.1,7294912.6,14
51,15,609,33.9,58,27.9,110.2,139.1,21.8,76,60,50,17,15.1,1.62536426E7,8
51,16,96,2.9,6.1,4,9,14.9,2,30,19,3,3.1,2,2555149.5,9
51,17,587,37.5,49.5,24.1,104.8,120.8,16.9,81.1,87.3,42.9,10.1,12,1.36653202E7,13
51,18,71.5,1.9,9.5,4.1,11,20,1.9,14.1,4,2,0,3,1691448.4,6
51,19,79,3.6,7.8,2.6,11.9,13.4,1.9,10.7,13.8,8.4,2.9,2,1925461.2,2
51,20,694,31,49.4,27,133,154,25.1,93.9,75.1,63,26.9,15.6,1.76548147E7,14
51,21,179,10.5,21,13.9,30.5,46.6,4.6,26,11.7,6.5,5,2.7,4725944.8,4
51,22,347,36.7,28.3,12,98.9,64.8,7.3,29.8,23.1,29.1,10.1,6.9,8355922.6,18
51,23,354.5,26,33.2,17.5,83.9,76.8,8.1,49.2,20.9,19,8.8,11.1,8670320.3,10
51,24,233.5,11.1,33.3,10,36.9,62.7,7.3,22.9,18.1,21.5,5,4.7,5637879,17
51,25,62,0.8,7.6,1.6,8.2,21.1,1,5.4,1,8.2,2.7,4.4,1458436.7,4
51,26,660.5,26.8,79.6,31.2,135,152,23.5,58.9,59.9,61.5,20.1,12,1.43047043E7,9
51,27,282,17,32.9,17.1,58,70,7,18,19,29,10,4,6659336,11
51,28,130,5,14.2,7.9,21,31.9,3,9,31.1,2,2.9,2,3199576.1,8
51,29,53,4.9,3.4,3.3,14.3,5.1,1.4,7.1,6.1,6,1.4,0,1361337,4
51,30,332.5,17.1,35.9,18,48,81.1,10.1,46.9,29.9,20.4,13,12.1,8406373.9,9
51,31,10,0.2,0.6,0.3,1,2.8,0.5,1.7,2.1,0.2,0.2,0.4,245949.8,2
51,32,1736.5,124,202.8,105.9,334.1,353.1,57,184.2,161,137.4,52,25,3.10664978E7,10
51,33,8513,461.7,801.2,542,1637.4,1505.9,259.6,905.1,1056.9,612,579.1,152.1,1.673265983E8,18
51,34,9421.5,602,868.4,634.6,2027.1,1771.7,285.4,1045.9,1021.1,667.1,367.1,131.1,1.825956682E8,13
51,35,249,9.1,26,9.2,35,57.1,7.1,34.8,37.9,16.8,13.1,2.9,5750196.1,14
51,36,595.5,18.5,42.4,31,84,130.6,13.6,106,92.9,31.3,33.1,12.1,1.47014769E7,26
51,37,263,15,24,7,59,43.1,11,30.1,30,23.9,15.1,4.8,6481205.5,11
51,38,297,12.1,29.5,11.1,60.9,62.8,9.7,36.1,42,17.5,8.9,6.4,7108762.3,22
51,39,801.5,43.4,94.6,32.9,158.8,179.1,20.3,93.1,75.9,60.1,27.1,16.2,1.85553194E7,14
51,40,60,3.8,0,5,12,9,4,12,6,3,4.1,1.1,1506949.3,4
51,41,869.5,52,88.4,45.6,149.9,173,25,111.9,106,77.3,22.1,18.3,1.91275622E7,11
51,43,44,0,2.9,5,2.9,12.1,0,8.1,6,0,7,0,901951.6,6
51,44,87,3,10,1,16,23.9,2,9.1,9.9,3,4,5.1,2125643.1,8
51,45,44.5,0.5,4.3,0.9,6.8,11.1,0.5,8.9,5.5,2.4,0,3.6,1080807.2,8
51,46,182.5,5.8,24.9,10.9,26.7,39,1.5,23.3,17.7,19.3,7.1,6.3,4145696.2,15
51,47,389.5,24.9,30.2,16.1,78.2,93.8,14.8,38.8,39.2,31.4,14.2,7.9,8615750.3,21
51,48,187.5,10,20,17.2,46.1,42.1,2,16.9,13.9,10.2,4.9,4.2,4453461,15
51,49,253,15.9,17,16,36,64.9,2.1,43,29.8,12.3,11.1,4.9,6118116.6,17
51,50,217,7.8,15.9,12,42,46.9,5,29.2,21.1,21,9,7.1,5453205.9,12
51,51,649.5,29.1,56.4,34.2,115.8,143,11.8,92.1,92,33,29.3,12.8,1.62570518E7,24
51,52,518.5,23.9,43,27.1,85.8,109.9,24.1,65.1,69,35.4,21.2,14,1.32008043E7,20
51,53,636.5,29,63.1,41.4,97.2,155,10,88,64.1,39.9,24.9,23.9,1.53656977E7,15
51,54,52,0,2.1,2.9,10.1,13.1,2.9,7.9,9,4,0,0,1176516.8,7
51,55,85,0,10.1,8.7,6,29.1,1.7,13.1,8.8,4.1,0,3.4,2171174.7,14
51,56,620.5,33,54.8,31.1,135.8,138.3,26.9,73.8,68.1,43.6,7.1,8,1.46755725E7,25
51,57,36,1.1,4,2,4,5.9,0,3,7.9,2,3,3.1,825864.9,5
51,58,244,6.9,33,12.2,38.7,53,11.7,27,28.8,17.6,8.9,6.2,5391752.7,19
51,59,331,10.8,26.9,17,50,62.2,7.9,58.1,61.2,28.7,4,4.2,8152959.2,15
51,60,212,19.5,5.4,6.9,44.9,36,4,44.1,27.1,6,16,2.1,5253419.4,10
51,61,181,6,11.5,8.6,35,30.2,2.9,25.9,34,10,14.9,2,4567302.1,5
51,62,143.5,5.2,7.6,5,20,41,5.6,17.9,21.1,7,12.1,1,2999506.7,11
51,63,181,6.7,18,8.3,29.9,41.9,6.9,17.1,22.8,15.1,11.1,3.2,4559710.8,17
51,64,156,2.9,12.3,7.1,18.1,32.4,0.8,26.9,38.2,9.2,4.9,3.2,4252958.2,23
51,65,656,18.8,68.7,33.4,95,153.2,15.1,97.7,78.7,52.9,21.4,21.1,1.60797419E7,28
51,66,150,9.4,14,2.5,29,29,7.1,28,10,13,7,1,3599649.8,10
51,67,3135,183.3,302.4,155.1,645,567,112.5,330,404.2,245.2,139,51.3,6.61493921E7,25
51,68,253,14.8,23.9,10.9,39.5,59.2,7.8,39.4,21,15.9,8.6,12,6673071.6,8
51,69,1191.5,52.9,113.3,58.8,194.8,260,33.7,150.1,144.1,97.8,48,38,3.10394825E7,26
51,70,12,1.5,0.9,0.3,3.6,1.2,0.3,2.1,0.9,0.3,0.9,0,263834.4,6
51,71,1143.5,43.5,119,55.5,181,285.7,17.6,193,102.1,61.9,33.2,51,2.92804546E7,18
51,72,182.5,3,25,8,12,46,2,27,34,11.5,9,5,4597667.1,5
51,73,199.5,11.5,23,12.1,27,49.7,5.1,28,22.1,6.9,5.1,9,5345572.4,14
51,74,86,3.1,8.6,2,12,19,6.9,12.1,5.8,10.6,4,1.9,2214020.6,10
51,75,253,13.7,15.5,16.8,53.8,45.2,4.3,40.9,31,13.7,10.3,7.8,6788721.3,19
51,76,1276.5,57.9,137.4,50.7,235.3,282.1,39.5,145.1,151.9,89.7,41,45.9,3.30831084E7,27
51,77,44,2.9,4.9,4.1,8.9,8,3.1,6.9,0.9,1.9,1.2,1.2,1181022.9,8
51,78,305.5,5,33.2,18.2,38.1,77.6,4.6,58.8,30.4,16.5,14.1,9,8111198.3,32
51,79,611.5,24.4,71.5,22.3,103,155.2,22.6,71.8,62,43.3,13.3,22.1,1.59340714E7,35
51,80,102.5,2.8,8.4,2.7,17.8,10.1,5.1,25.2,20.1,2.9,4.4,3,2402122.8,15
51,81,364,19.1,39.4,16.9,70.5,96.8,12.6,36.4,18,36.9,4.2,13.2,8888103.9,26
51,82,99,12.9,6.2,0.7,21.3,18.1,0.7,11,13,8,5.2,1.9,2278141.2,15
51,83,120,8,10.1,3.9,19.9,24.1,1,17.1,18,7.9,5.9,4.1,2710867.5,13
51,84,121,8,3.1,8.9,25,24,3.7,15.9,19,5.1,3,5.3,2699935.1,13
51,85,363.5,25.2,37.7,27.2,73,65.1,9.1,42,32,32.2,13.9,6.1,7409147.1,31
51,86,94.5,7.8,6.6,6,22,16,1,15.1,3,10.8,5.1,1.1,2139669.5,10
51,87,107.5,4.8,14.1,12.1,17,31.8,0,13.1,5,4.6,4,1,2218571.7,10
51,88,144.5,7.8,14.5,9.1,34.9,26.1,5.9,19.8,11.3,11.9,1,2.2,3034154.4,23
51,89,293,24.7,20,12.8,60.2,63.2,8.2,28.9,33,22.9,12,7.1,6262115.4,19
51,90,104,1.8,8.6,5.9,15.8,22.1,1,14.9,21.2,5.8,6.9,0,2322049.6,20
51,91,103,6,12.1,3.9,22,22.1,3.6,8,15,5.9,3.1,1.3,2174129.4,15
51,92,54,3.9,5.2,2.2,8,13.9,1.1,7.1,8,1.7,0,2.9,1210629.2,10
51,93,732,31.6,67.7,37.6,120.1,169.9,16,94.1,85,45.5,41.4,23.1,1.58282958E7,17
51,94,564.5,20.8,51.7,25.1,99.8,106.9,20,79,70,43.9,36.2,11.1,1.10638303E7,20
51,95,153,11,10,0.9,29.8,33.2,2,23.1,21.9,12.1,8,1,3599383.3,16
51,96,65.5,0,6.9,3.9,6.9,16.1,1.9,15.1,5.9,2.6,5.1,1.1,1458447.5,11
51,97,366.5,13.9,21.4,23.9,55.1,70.3,6.1,69.8,61.8,25,9.1,10.1,8192534.4,17
51,98,78,3.9,6.6,4,15.1,13,0,7.9,16,4.5,5,2,1717326,5
51,99,599.5,17.8,55.6,33.1,78.2,153.1,10.8,75.9,91.1,31.9,36,16,1.33862579E7,11
51,100,814,28.4,70.5,55,116.1,169.2,14.9,140.8,139.2,51,13.9,15,1.80780603E7,13
51,101,767,22.5,69.1,36.1,107.1,174.7,14.9,125,126,39.5,35.1,17,1.73401183E7,14
52,0,66,2.9,6.1,1.2,9.1,10.9,1.9,8.9,13.9,4.2,6.9,0,1361730.9,5
52,1,34,2.1,2.7,1.4,3.4,13.3,0.6,4.2,0,3.4,0.8,2.1,651332.5,4
52,3,21,2.4,0.9,1.5,6,0,0,6,0,1.5,1.8,0.9,510011,4
52,4,59,8.1,2.9,2.9,19,7,0.8,5.1,9,2.1,2.1,0,1262289.8,7
52,5,136,4,8,10.9,28.1,25.1,2,23.9,13.1,7,12.9,1,3179570.9,5
52,6,243.5,11,28,5,36.1,50,7.5,26.1,41.9,17.9,15,5,5088089.7,5
52,7,78,1,13.9,3,13.9,18,2,5,7.1,12.1,2,0,1607126.6,4
52,8,394.5,28.6,28.1,19.7,94.8,68.1,12,51,26.9,43.9,18.4,3,9269099.7,12
52,9,140.5,5,11.6,7.1,24,37.9,3,19,11.9,10,7,4,3203479.5,8
52,10,94.5,1,8,3.9,14,15.9,2.6,19,13,7,5,5.1,2325502.8,7
52,12,188.5,9.6,19.5,9,31,35.9,7.9,28,30.1,10.5,6,1,4526688.1,9
52,13,653,35.5,43.5,31,108.9,131,15.5,80,130,23.5,39.1,15,1.58210664E7,4
52,14,335,19,31,22.9,54.9,71.7,7.6,41.2,37.2,21.6,20.8,7.1,8689944.2,13
52,15,11,1,1,0.7,2.2,2.3,0,1.6,0.9,0.1,1.1,0.1,302221.9,4
52,16,2479,70.9,209,130.7,306,470.9,39,550.9,458.1,117.5,78,48,5.66647783E7,10
52,17,4465.5,248.4,393,273,751,800,127.5,575,701,333.5,215.1,48,8.21856961E7,6
52,18,858,36,109.9,55.5,101,242.1,18.4,129.1,56,63.9,12.1,34,2.00002103E7,7
52,19,38,0.9,2,0.9,7,5.1,1.9,3.1,11.1,0.9,5.1,0,883513.8,5
52,20,122.5,5.9,9.6,9.9,12.1,25.9,3.9,29.1,17,3,4.1,2,3579541.3,8
52,21,198.5,10.9,13.6,11.1,41,40,7.9,29.9,21,11,5.9,6.2,5045527,7
52,23,191,15,12.5,8.4,57,33.9,5.1,17.1,10.9,20,8,3.1,4433291.4,6
52,25,42.5,2,2.3,0,12,2,1.4,10.9,9.2,0.7,2,0,1199404.1,8
52,26,8,0.8,0.5,0.1,1.9,1.6,0.4,0.9,0.7,0.7,0,0.4,180036.1,3
52,27,39,4.1,2.5,0.8,9.1,7.5,1.7,4.9,3.4,3.3,0,1.7,877676.4,2
52,28,67.5,4,3.5,1,15,14,0,8,13,7,2,0,1614822.8,0
52,29,132,6,14,7,27,31,2,18,11.1,6.9,7,2,3358479.3,6
52,30,251.5,9.8,21.6,14.9,40.1,63,4.9,33,32,14.1,4,14.1,5959074.9,6
52,31,323,11.1,40.5,10,40.1,68.9,4,52.9,44,29.5,20,2,7688302.3,11
52,32,385,28,38,9.1,69.9,69.9,21.1,35,44,44,25,1,8599028.6,11
52,33,8634,569.7,906.3,510.5,1701.3,1518.2,313.8,912.9,1009.1,747.9,360.3,84,1.472889039E8,21
52,34,4984,412.1,576.5,317,1071.4,822.6,223.6,482.9,434.3,487.4,85.1,71.1,8.00103535E7,24
52,35,83.5,2.9,10,1,12,26,1,14,9.1,4.5,1,2,2237267.6,6
52,36,179,5.6,13.4,5,23.5,35.1,3.3,26.3,49.4,9.5,4.9,3,4656738,7
52,37,342,15,26,12,67,69.2,9,60,56,11.9,10.9,5,7669134.7,19
52,38,303,18.6,31.9,11.1,41.9,72.8,5.1,42.1,38.9,23.5,7,10.1,7418587.2,19
52,39,865,33.3,90.9,33.9,147.8,172,18.6,125.9,121.8,57.1,40.4,23.3,1.99677449E7,40
52,40,950.5,48.1,103.2,67.1,157,221.9,22.5,135,81.1,59.6,35,20,2.07163793E7,12
52,41,755,31.8,80.9,36.1,128.1,178,21.9,94.1,89,56.1,21.1,17.9,1.82726583E7,21
52,42,166.5,4.1,23,7,28.9,42.1,6,22.2,13.9,12.3,4,3,3699067.5,9
52,43,414.5,19,56.9,25.9,79,96,15.2,45.1,33.1,32.5,8.9,2.9,9172274.8,16
52,44,57,4.9,4.1,4.1,11.1,15,1,7.9,1.9,2.9,3.1,1,1227821.2,5
52,45,195.5,12.9,16.5,7.4,43.8,42,3,25.8,19.1,16,5.9,3.1,4628174.5,18
52,46,347.5,11,41.4,19.3,47.9,85.1,9.7,41,49.8,25.2,13.3,3.8,8272197.4,21
52,47,76,3.9,4.1,4.1,9.9,15.1,0,9.9,17,6,6,0,2087800.7,7
52,48,256,11.8,24.8,7.1,41,59.9,6.1,38.1,35.1,13.9,10.1,8.1,6321668.5,9
52,49,43,3.1,5.1,0,10,8.7,4.9,2,2,4.3,2,0.9,857198.4,8
52,50,217.5,6.6,9.9,12.9,23,49,7.5,38.1,42.2,8,11.1,9.2,6522927.7,22
52,51,341.5,10.7,36.5,20,52.7,87.7,10.1,29.1,46.2,23.1,16.1,9.3,8891006.3,20
52,52,300,15.2,35,11.9,42.9,88.4,9.1,33.8,26,19,7.7,11,7850983.3,22
52,53,97.5,4,9,0.9,17,27.2,1,11.9,13.2,9.3,2,2,2797744.7,10
52,54,445.5,28.1,50.1,18.9,92,101.8,17,36,40.9,35.6,11,14.1,1.10808592E7,23
52,55,41,1.8,1.9,5.9,4.1,8.8,0,8.1,4.9,1.1,2.1,2.3,1034247.3,11
52,56,305.5,12,40.1,15.9,47,80,9.9,27,31.2,26.3,11.2,4.9,7650749.2,14
52,57,1079.5,54.5,89,69.8,218.1,193.1,36.8,169.2,119,74.9,28.1,27,2.36522299E7,29
52,58,96,1.7,6,7,12.9,22.1,0.9,20,16.1,2,6.3,1,2764004.1,10
52,59,232.5,8.8,16.8,11.9,41.2,51.2,4.6,39,29,13.8,11.9,4.3,5867004.8,17
52,60,430.5,19.2,46,17.2,58.9,99,9,60.9,60.1,30.1,20.9,9.2,1.05470114E7,17
52,61,482,16.7,46.7,28.3,57.9,116.2,7,76.1,63,32.9,25.2,12,1.17611227E7,25
52,62,11,0,0.7,0.9,1.3,1.9,0.2,2.2,2.2,0.7,0.9,0,258681.1,2
52,63,275.5,5,40.5,12.3,38.9,69.7,6,45.1,29,17.1,6.9,5,6228701.9,11
52,64,147,6,11.9,6.9,29,35,4.9,25.1,14.1,11.2,2,0.9,3516797.6,11
52,65,176.5,11.4,9.9,12.1,42.1,29.1,8.8,22.1,13,21.7,5.2,1.1,3893754.6,13
52,66,258,18,21.8,16.1,45,44.2,3.9,46.1,38,11.9,8,5,6090440.6,14
52,67,1264.5,62,118.1,89,232,246.1,37,123.9,177.8,76.2,76.1,26.3,2.62572669E7,16
52,68,21,0,1.2,1.7,2.1,4.8,0.9,6.3,1.7,0.9,0,1.4,550493,5
52,69,12,0,0.7,0.9,1.2,2.8,0.5,3.6,1,0.5,0,0.8,314567.5,3
52,70,906,68.5,87.5,33.9,197.9,191.9,27,100.1,88.4,71.8,26.1,12.9,2.26442628E7,30
52,71,296.5,9.1,31.6,7.1,39.8,62,4,50.1,53,15.5,13.3,11,7436532,19
52,72,347,10.9,31.2,19.9,55.9,83.1,11.8,40.3,52.1,18.7,10.8,12.3,8838912.3,21
52,73,524.5,26.4,60.3,21.1,98,109,12,72.2,64,36.4,20.2,4.9,1.35531925E7,23
52,74,381.5,29.7,34.2,19.1,70.9,76.8,10.9,58,39.9,18.8,19.1,4.1,9663023.4,21
52,75,721.5,44.7,84.6,28.8,139,184,32.1,76.1,49.1,46.9,14,22.2,1.72463454E7,25
52,76,354.5,18,37.2,12.3,55.8,83.8,13.8,50,38.7,27.1,8.7,9.1,8212891.4,27
52,77,764.5,30.9,73.7,37.6,120.2,195,15.8,97.1,88.1,53.4,20,32.7,1.84951159E7,25
52,78,459,19.2,55.7,23.7,68.1,118,7,63,51.1,28.5,11.8,12.9,1.06385901E7,20
52,79,315,13.5,36,10.9,59.2,89.2,4.6,37.7,24.9,26.9,5.9,6.2,7970796.4,26
52,80,542.5,45.1,54.1,15.8,139.9,104.9,20.9,57.2,33.1,54.5,9.1,7.9,1.35700685E7,17
52,81,770,44.3,58.9,30.2,149,156.4,29.7,84.1,115.1,64.3,26.9,11.1,1.78768489E7,26
52,82,435,28.9,50,15,86,107.3,17.8,43.1,35.8,33,10.1,8,9909994,18
52,83,148,7.9,9.8,11.2,22.9,37,3,14.9,25,9,4.2,3.1,3273495.4,12
52,84,424.5,30.1,25.6,19,102.9,71.9,12.4,57.8,53.2,29.7,12,9.9,9495397.8,10
52,85,93,5.9,8.5,6.2,18.7,22,5.1,8,4.4,11,2,1.2,2238526,9
52,86,167.5,7.8,18,6.8,31.1,36.9,2,27.2,19.3,11.5,3.7,3.2,3732860.7,20
52,87,185,14.2,17.8,12,38,32.1,3.8,27,21.8,13.2,4.2,0.9,3784047.8,21
52,88,507.5,31.3,41.9,29.2,98.8,101.9,13.2,52.9,53,42.3,32.9,10.1,9774906.6,27
52,89,190,10.9,15.1,10.9,22,36,2,22.2,35.1,15.8,18.9,1.1,3765825.4,16
52,90,15,1.5,1,1,3.8,2.4,0,1.9,1.9,0.5,1,0,317764.1,3
52,91,11,1.1,0.7,0.7,2.7,1.7,0,1.5,1.5,0.4,0.7,0,233026.9,4
52,92,183.5,10.8,13.6,10,29.8,46,3.1,31.1,13.9,7.1,13.2,4.9,4174196.7,17
52,93,88,5.8,9.8,8.8,9.8,20.3,0.8,16.4,10,2.3,3.2,0.8,1779686.6,15
52,94,2,0.1,0.2,0.1,0.4,0.3,0,0.4,0.2,0.2,0.1,0,42960.7,1
52,95,150,3.7,13.8,4.8,26.5,32.8,5.1,26.6,18.7,9,3.9,5.1,3275740.5,15
52,96,123,1.9,13.1,6.1,19,27.9,2.9,20.1,16.9,6,8.1,1,2366115.1,5
52,97,860,30,81.5,35.3,126.7,190.1,27.2,110,148,54.2,32.1,24.9,2.01423585E7,26
52,98,2,0.1,0,0.1,0.4,0.3,0.1,0.3,0.4,0.1,0.2,0,39284.6,1
52,99,602.5,26.4,39.1,26.9,94.1,124,9.1,97,116,35.7,23.2,11,1.31527101E7,15
52,100,71,2.9,10,1.1,3.1,18,0,16.1,11.9,3,4.9,0,1506558.7,8
52,101,782,50.4,88.9,46.9,194.9,187.1,20.9,57,47.1,66.5,12.1,10.2,1.79362271E7,8
52,102,279.5,17,33.4,21.1,55.1,65,1.5,34.9,18,21.5,9,3,6127819.2,6
53,0,15,0.9,1.3,0.7,1.5,5.8,0.2,1.9,0,1.5,0.3,0.9,287352.6,3
53,2,121,4,7,6,19,28,0.9,14.9,21.1,8,7.1,5,2690266.1,7
53,3,4,0.5,0.1,0.3,1.2,0,0,1.2,0,0.3,0.3,0.1,97144.9,2
53,4,29,2,3.9,0,4,6.1,2,2.9,2,0,6.1,0,707721,5
53,5,53,2,3.9,4.2,12.2,9,3.1,6.9,7.9,3.8,0,0,963712.2,6
53,6,215.5,4.9,17.6,10.3,42.1,48.9,7.8,16.1,25.1,21.6,19.1,2,5004605.7,10
53,7,68,2,10.9,6.1,9,24,2,0,4,8.9,1.1,0,1485943.2,4
53,8,57,0.8,7.1,2.9,9.1,13,2.8,3.1,9.1,6,0,3.1,1380839.6,4
53,9,194,14.1,20.4,7.6,38.9,33,7,29,9.9,15,17,2.1,4192764.4,6
53,11,611,14,62.9,44,100,127.1,15,81.9,76,43,31.2,15.9,1.49099223E7,7
53,12,219.5,5.9,26.2,9,32,41,14,37.1,25.9,12,9.2,7.2,5242393,9
53,13,99,4.1,9.9,4.2,8,25.1,0,10.9,17.9,8,5.9,5,2559979.4,6
53,14,724.5,14.9,73.6,33.3,81.8,157.9,11.5,111.1,128.1,55.3,31,26,2.00279636E7,21
53,15,1947.5,93.4,202.6,115.8,255.4,429.9,47.5,277,267.1,129.6,68.1,61.1,4.70948201E7,11
53,16,8374.5,392.2,775.6,490.5,1291.9,1692,191.6,1106.2,1189.8,472.4,563,209.3,193056734,17
53,17,19255.5,1071.5,1430,1379,4335,3529.1,488.5,2036,2194,1155.4,1278,359,394734315,3
53,18,5009,284.3,514,316.6,988,922.3,165.5,498,600,425.4,206,88.9,9.85514524E7,15
53,19,1512,64.4,152.1,87.9,269,338.1,41,197,202,78.5,40,42,37990219,5
53,20,5,0.2,0.8,0.3,0.4,1.8,0.2,0.8,0.2,0.2,0,0.1,128074.9,1
53,21,43,1.8,6.7,2.6,3.6,15.2,1.4,7.2,1.8,1.8,0,0.9,1101444.6,2
53,22,155.5,4,17.4,8,26,36,5,26.2,14,9.9,7.1,1.9,3695149.7,11
53,23,257.5,14,28.5,14.9,41,58,4,38.1,31.1,14,9.9,4,5990675.8,7
53,24,157,10,14,6.1,33.2,37,7.1,15.1,16.8,15.8,0.9,1,4111796.3,9
53,25,184.5,15.9,15.1,14,40.1,35.1,4.9,17.1,12.9,18.3,7,4.1,3807429,12
53,26,289,12,31,17.1,67,61,15.1,28.1,20.9,26.9,5.9,4,7038346.7,7
53,27,35,2.1,1,0,11.9,6,0.9,3.1,6,2.9,1.1,0,889863.2,5
53,28,546.5,36,49.1,31,116.8,109,23.5,63.9,46,49.1,18.1,4,1.32539811E7,9
53,29,169,12.1,19.5,6,39,34,6.9,13,12,15.4,5,6.1,3855760.1,3
53,30,129.5,9.5,12,6,29,27,6,7,17,7,5,4,2803873.4,2
53,31,145,9,7,5,29,34,4,21,20.9,11.1,3,1,3602210.9,4
53,32,180,9,19.8,8.7,26.9,36,4.2,20,37.3,9,3.1,6,4796645.1,14
53,33,757,28.1,78.9,29.2,113.6,171.2,23.9,134.9,93.8,42.8,22.7,17.9,1.98935314E7,26
53,34,1311,67.8,110.3,63,216.9,249,31.1,181.8,198,81.6,85.3,26.2,3.10055824E7,25
53,35,495,23.8,51.2,29.2,84.1,106.8,10.9,65.1,64.2,26.9,25.9,6.9,1.23559674E7,28
53,37,4,0.1,0.6,0,0.7,1,0.1,0.8,0.5,0,0.1,0.1,103017.6,1
53,38,111.5,6.9,12.4,6.1,15.9,24,1.1,14.1,12.8,7,8,3.2,2752917.4,6
53,39,674.5,21.7,70.9,32.8,98.9,158.9,14.3,103.9,96.1,35.7,26.3,15,1.67062922E7,46
53,40,1138,48,92.7,62,196,250.1,24.7,179.1,125,74.2,57,29.2,2.57845358E7,22
53,41,569,22,59.4,31,99,117,12.5,87,68.1,57,10,6,1.24067601E7,6
53,42,1197.5,63.4,138.6,53.8,195,296,33.3,128.7,116.1,99.1,55.1,18.4,2.66034413E7,22
53,43,568,32,48.4,28,110,104,15.8,99.1,61.3,36.4,18,15,1.33926897E7,28
53,45,193,9.9,20.5,9,26,52.1,4.5,24,13.1,16.1,11.8,6,4741080,11
53,46,52,3.9,2,3.9,10,10,0,4,10.1,5.1,3,0,1502612.8,7
53,47,60,1.9,10.9,2.1,9.1,14,2,4,8,4.9,0,3.1,1585156.7,6
53,48,286.5,11.8,27.8,13.1,42.9,64.2,9.8,41,46.9,14.9,11,3.1,7102219.9,16
53,49,2398.5,113.5,202.5,163.2,420.1,483.8,55.2,237.7,364.8,117.3,188.1,52.3,5.27116154E7,22
53,50,1716.5,104.1,169,92,320.1,330.3,50.9,202.8,210,118.5,77.9,40.9,3.96562215E7,26
53,51,377.5,12.4,40.4,7.9,53.1,90.2,8.5,55,53.1,29.6,13.3,14,1.08009351E7,31
53,52,549,17.2,56.1,25.3,75.7,131.1,11.1,82.3,76.8,37.6,14.4,21.4,1.50898572E7,26
53,53,361,9,55.8,14.9,31.1,89.9,5.1,69.1,58.2,15.9,1,11,1.01215696E7,19
53,54,137,2,16.8,2,31.2,32.2,3.8,14,17,13.8,1,3.2,3750984.4,7
53,55,81,5,1,5,16,10.1,2,22.9,11,4,4,0,2196625.5,5
53,56,659.5,39,64.8,23.9,122,140.2,16.4,75.1,97.7,46.5,14.9,19,1.62356092E7,31
53,57,6261.5,374.9,586.2,444,1298.8,1125.7,185.1,719,720.2,418.4,282.2,107,1.198772493E8,24
53,58,4530,206.9,553.5,295.8,736,997.9,99.9,532,517.3,355.5,153,82.2,9.01817725E7,21
53,59,943.5,40.2,92.8,44.6,149.2,214.3,30.6,111,142.8,66.7,26.1,25.2,21628885,23
53,60,13,0,1.7,0,1.3,3.8,0.3,1.7,1.9,0,1.9,0.4,345413.9,4
53,61,320,11,28.3,14,55.6,73.3,9.7,41.4,51.1,19,11.1,5.5,7847427.5,11
53,62,35,0,2.3,2.9,3.8,6.2,0.7,6.9,6.9,2.1,3.2,0,823076.2,9
53,63,174,8.9,14,9.9,37,29.1,7.9,27,22.2,12.1,4,1.9,3905506.8,15
53,64,265.5,18.8,27.4,7,55.8,47.2,8.1,46.4,23.6,16.8,10,4.4,5989335.9,26
53,65,112,6,6,4,26,22.9,4,12.1,13.9,10.9,5.1,1.1,2766513.1,5
53,66,330.5,7.9,49.7,18.4,45.1,94.1,15,33.4,28,20,10,8.9,7941513.5,19
53,67,428,21.2,54.9,31,67.2,101,22,44.1,48.1,20.5,13,5,8335899,9
53,68,15,0,0.9,1.2,1.5,3.4,0.6,4.5,1.3,0.6,0,1,393209.4,5
53,69,182,9,20,7.9,25.9,45.1,6,23.9,25,11.1,2.1,6,4316962.8,15
53,70,534.5,19.4,57,35.9,97,113.1,17,84,48.1,30,18.1,14.9,12073601,14
53,71,392,14.8,39,18.1,58.9,100.1,14.8,53.1,32.2,32.9,9,19.1,1.01489082E7,25
53,72,127,1,21,5.9,20,36.1,6.9,10.9,15.1,7,0.9,2.2,3313224.3,9
53,73,228.5,12.9,18.9,14.1,45,52,6,27.9,25.1,13.5,6.9,6.2,5321245.9,14
53,74,627,19.8,66.9,32.5,81.1,157.2,13.8,89.1,92.4,33.1,23,18.1,1.49315658E7,25
53,75,392,19.1,30.2,27.9,64.8,98.2,13.9,56.1,40,21.5,10.1,10.2,8934029.1,14
53,76,431.5,21.4,37.6,14.6,74.9,101.8,6.4,64.9,58.2,29.3,9,13.4,1.10248921E7,24
53,77,178,12.2,25,13.5,27,48.9,4.8,16.3,15.7,8.5,3.1,3,4252411.7,13
53,78,240.5,13.8,19,13,48.1,49.9,5.8,31.1,28.8,16.6,6.2,8.2,5636015.3,12
53,79,444.5,36.8,33.6,15.3,97.7,82.9,15.3,56.7,45.1,37.5,11.3,12.3,1.08791907E7,26
53,80,204,14.5,24.8,6.8,37.1,53.1,2.9,15.1,16.8,19.2,5.9,7.8,5359046.2,21
53,81,143,9.1,9.9,5,27.2,22.8,4.3,25.1,22.8,11.9,1.9,3,4108758.9,16
53,82,274,10.1,28.7,16.9,50,61.9,6.1,46,22,19.1,5.1,8.1,6565309.7,18
53,83,158.5,6.9,20.6,16.8,15,48.1,1,19.9,11.2,9.9,4,5.1,3455982.5,14
53,84,193,7.7,18.1,18.9,34.1,43.8,7,21.8,23.1,15,1,2.5,4316226.4,19
53,85,24,0,2.5,0.9,4.3,6,0,6.1,2.6,0,0,1.6,672229,5
53,86,79.5,4.4,5,4.9,12,22.3,0,17.1,6,3.9,0.9,3,1694703.8,16
53,87,236,7.1,26.7,12.5,46.9,40.8,6.4,28,33.7,13.6,16.3,4,4828077.4,22
53,88,139,6.2,15.8,10.1,20.9,35.4,3.1,11.7,14,6.6,12.5,2.7,2766993.7,19
53,89,12,0.8,2.2,1.1,1.3,3.2,0.3,0.4,1.1,0.4,0.8,0.4,214833.2,4
53,90,5,0.5,0.3,0.3,1.2,0.8,0,0.7,0.7,0.2,0.3,0,105921.3,2
53,91,41,2,9,1,5.1,11.8,2.1,0,7,1,1,1,753606.8,6
53,92,1295.5,53.5,98.7,79.7,223.9,220.9,31,205.9,190,74.8,97.2,19.9,2.53799467E7,48
53,93,59,0,5,2,5.4,15.2,1.6,9.8,9.8,2,5.4,2.8,1184459.9,15
53,94,215.5,15.3,19.9,13,38.1,48,5.9,34.2,16.2,12.7,9.3,2.9,4155294.3,20
53,95,408.5,17.1,48,18.8,75,93.1,10.8,43,48,34.7,13.1,6.9,8694642.8,23
53,96,351.5,10,37.4,18.4,42,100,7,51,51.2,19.5,12,3,6924644.4,9
53,97,1794,70,154.9,96.4,294.9,323.1,48.5,243.2,265.8,125,152.1,20.1,3.42054767E7,17
53,98,619,24,53,45.3,90.1,140.1,8.5,88,99,28.9,36.1,6,12701176,7
53,99,400,11.9,22.1,22,60.5,71.7,11,50.6,88.6,22.8,31.8,7,8421977.3,19
53,100,248.5,11.1,21.1,7.6,38.9,51.9,5.9,43,27.9,24,14.2,2.9,5668838,13
53,101,511.5,21.4,51,35,65,115,7.9,79.1,62.3,30.8,34,10,1.11852294E7,15
53,102,1596.5,68.9,134.1,79.3,269,360.8,46.5,228.9,182.1,131.5,64.2,31.2,3.48834648E7,17
54,0,7,0.1,0.5,0.5,0.7,0.9,0,2.3,1.1,0,0.5,0.4,192490.2,1
54,1,27,0.5,1.9,1.9,2.5,3.5,0,9.1,3.9,0,2.2,1.5,742462.2,7
54,2,19,0,2.3,1.6,1.6,4.9,0.7,2.3,3.9,0,1.7,0,453767.3,4
54,3,5,0,0.6,0.4,0.4,1.3,0.2,0.6,1.1,0,0.4,0,119412.5,1
54,4,147,2.9,22,4.2,17.1,37,4.1,8.9,21.8,10.9,13.9,4.2,3218851,9
54,5,17,0.5,2.3,1.2,1.2,3.6,0.2,2.6,3.4,0.3,1.2,0.5,429765.9,2
54,7,58,3,3,2,16.9,12,2.9,5.1,6.9,2,3.1,1.1,1260276.3,4
54,9,198,12,18,7.9,41.9,42,7.1,24.9,7.1,17,10.1,10,4689180.4,4
54,10,113.5,6,13,3,19,24,3,19,10,12.5,4,0,2787640.1,2
54,11,227.5,10.1,28.5,12.9,34,55,7.1,33,18,17,5.9,6,5698851.8,7
54,12,81,2,6,7.5,8.2,18.7,1.4,9.2,17.3,4.4,3.2,3.1,1941165.3,6
54,13,318.5,12,13,16.6,58,69,8.9,56.9,50.1,17,6.1,10.9,8376405.3,5
54,14,378,17.9,38,13.4,60.1,74,13.1,43,59.2,27.3,20,12,9295259.2,5
54,15,1459,48.4,146,67.4,213.1,314,33.2,230.1,206.1,100.4,65.2,35.1,3.77157617E7,16
54,16,7115,270.2,629.5,461.2,1260.1,1514.5,126.4,961.5,830.5,396,410.9,254.2,1.762806586E8,25
54,17,16960,689.4,1265.9,1174.4,3659,3163.1,335,1958.8,2172.2,837.9,1210.3,494,401394524,9
54,18,5669,296.6,570.2,338.3,1066.7,1202.1,159.4,688,541,391.6,237.2,177.9,1.302887245E8,30
54,19,1714,66.3,160.6,68.5,219.9,352.1,37.5,249,286,90.1,130.9,53.1,4.51081173E7,19
54,20,283,16.9,34.9,14.9,49.1,83,11,21.1,13,27,5.1,7,7138554.2,2
54,21,122,4,13.1,3,23.1,19,3,23.9,17,8,4.9,3,3273868.4,3
54,22,635.5,36.9,75.7,19.8,101.9,137.9,21.4,92,73,47.5,14.2,15.2,1.59659277E7,16
54,24,222,13.8,18.1,8.9,34,66.1,4,24.9,29.9,9,3.1,10.2,5890301.3,10
54,25,2,0.1,0.2,0.2,0.2,0.4,0,0.4,0.2,0,0.1,0.2,43027.8,1
54,26,84.5,5.5,11.1,5.6,11.7,22.7,1,10.6,5.5,8,0,2.8,2037188.9,3
54,27,219.5,8.8,26.6,9.1,33,57.9,4,30.2,30,14.8,1,4.1,5246347.6,10
54,28,152,5.9,21,6,37.9,28.1,5,14.1,10,20,2,2,3605965.6,6
54,29,54,0,7,4,9,19,2,6,1,4,0,2,1291145.3,3
54,30,1088,49.8,84.6,54,184.9,223.2,29.7,146.9,145.8,77.5,66.3,25.3,2.49366404E7,22
54,31,578,23.6,58.2,32.9,75.9,137.8,8.2,105,64.3,29.1,25,18,1.43276857E7,25
54,32,83,8,7,0.9,21,14,2,9,11.1,7,2,1,2207627.3,4
54,33,693,36.8,54.5,30,120.8,144.1,17.9,96.9,87.9,40.8,42.1,21.2,1.74520868E7,17
54,34,352.5,15.7,28.7,15.4,52.7,78.8,15.1,45.5,53.7,23.8,16,7.1,9334733.3,20
54,35,693.5,28.9,80.4,45.2,95.1,178.2,22.1,78.2,73.2,52.3,17.7,22.2,17141760,15
54,36,1460.5,52.8,170.2,76.9,235,350.8,51.2,172.3,136.2,111,66.8,37.3,3.68032539E7,33
54,37,169,5.8,15.3,16.2,30.6,36.2,5.6,21.2,13.7,14.3,4.2,5.9,4344168.8,7
54,39,163.5,5.9,18.5,5.9,20.1,35.1,4.7,17.8,32.1,4.9,14.2,4.3,4119677.9,13
54,40,2805,141.6,263.2,142.6,499,565.1,68,318.9,378,197.5,183.1,48,6.24330248E7,18
54,41,1330,58.5,113.4,82.4,221,279,33,150.1,182.1,89.4,104.1,17,28494710,7
54,42,995.5,53.4,98.5,55.9,193.1,200.1,23.9,128,114.9,56.5,52.1,19.1,2.17189488E7,10
54,43,206,8.9,20,10.9,37.2,51,4.9,25.9,20,17.1,7.1,3,4903795.1,13
54,44,365.5,15.5,43.7,17,61.9,92,3.9,49,38.1,22.4,14,8,8648210.8,15
54,45,240,6,17.7,9,37.2,48.7,6.6,34,37.1,16.8,23.9,3,5688483.1,11
54,46,300.5,6.9,21.6,15.3,40.2,65.9,4.1,44.1,55.9,10.6,32.8,3.1,8200792.8,26
54,47,371,14.2,39.9,20,48,107.1,6.1,54.8,30.2,28.8,10,11.9,9685033.4,20
54,48,181.5,7.2,19.8,2,19.1,48.2,2.3,16.9,38,10.9,9.2,7.9,4905574.6,15
54,49,2585.5,107.6,244.9,149,410.9,521.1,67.9,349,351,140.1,165.1,78.9,5.90614753E7,12
54,50,141,4.9,13,6,16,28,4,30,14,8.1,9,8,3764150.5,4
54,51,96.5,8,7.5,2.1,25,22,6,4.9,9.1,6,0.9,5,2312795.9,7
54,52,276,9,29.9,6.8,48.9,54,6,38.1,46.1,21.1,7,9.1,6644024.8,11
54,53,930.5,49.4,116.4,63.3,164.1,203,32.8,116.2,99.2,53,13.1,20,1.98400324E7,14
54,54,494,13,49.1,32.1,60,125.7,9.1,89.1,54,27.9,11,23,1.33539984E7,29
54,55,302,7.6,37,20,31,91.9,5.8,45.1,25.1,18.3,5.1,15.1,7397551.6,13
54,56,608.5,18,57.3,17.5,84.9,148,15.2,83.7,103.8,40,23.9,16.2,1.49745031E7,26
54,57,145,10,14.9,5.8,34.9,31.1,6.9,14,13,10.1,2.2,2.1,2973395.2,13
54,58,1959,104.5,197,100.6,407.9,419.2,64.4,250,167.9,145.4,67.1,35,4.27151308E7,18
54,59,161,2,13.2,6.2,18,30.9,0,29,34.9,6.9,17.9,2,3537554.9,5
54,60,88,2.8,6.9,5.2,8,20.1,0.8,13.1,22.2,1.9,4,3,2213750.2,8
54,61,60,7.1,7.1,2,11,11,4.9,12,1,2.9,0,1,1267942.1,3
54,62,198.5,8.1,15,18.3,36.9,42.1,3.9,25.7,32.1,8.6,5.8,2,4461160.8,23
54,63,153.5,9.5,15.1,9.9,30.1,29,5.9,24,17.1,10.9,2,0,3496771.9,9
54,64,171.5,0.6,17.9,12.2,16.2,44.3,2.1,26.1,32.7,9.4,7,3,3983010,19
54,65,185.5,13.1,13,7,47.1,25.9,7.5,32,16.9,21,2,0,4076347.2,9
54,66,116,7,16,12,20.1,30.7,1.7,9.2,5.2,8.1,1.1,4.9,2398582.1,14
54,67,102,7,6,5.1,23.9,26.2,3,13,5.9,8,1.9,2,2442690.8,7
54,68,560.5,27.9,48.6,36.8,115.3,95.2,10.8,85.1,73.9,38.9,18.9,9.1,1.17726519E7,21
54,69,128,5.8,13.9,5.1,22,24.2,6.1,20,10,9.9,8,3,2764894.4,12
54,70,106.5,2.5,10,3,18.1,24.9,3,14.8,12,10.7,1.1,6.4,2759246.3,13
54,71,125.5,1.9,9.2,8.1,18.8,33.9,2,20.9,13.1,7.4,5,5.2,2944440.1,13
54,72,383,19.1,43.4,10.5,71,82.3,12,55.9,50,22.9,10.9,5,9365845,11
54,73,440.5,27.9,37.8,16,89.1,97.2,12,63.1,42,38.5,9.8,7.1,1.07583352E7,19
54,74,89,2,7.9,3.1,15,17.1,1,24,10.9,3,2,3,2071599.5,10
54,75,269,14.1,27.3,10.1,43.1,72.1,4.1,31.8,33.9,15.7,8.8,8,6460705.7,14
54,76,679,31.9,51.3,23.3,111,141.2,19,112.3,101.1,37.9,30,20,1.73987492E7,22
54,77,210.5,3.9,26.9,12.3,26.8,57.1,4.9,24.2,23.2,18,8.2,5,4899316.7,21
54,78,80,4,0.8,1.8,12,14.2,2.9,14.2,17.8,3.2,5.8,3.3,1897424.7,14
54,79,229,12,18.9,15,54,56.2,6.8,24,22,13,4,3.1,5232986.5,22
54,80,644,41,62.5,34.6,109.8,158,16.6,77.1,66,48.5,9,20.9,1.51413525E7,21
54,81,177,5.2,21.2,12.1,26.1,48,8.1,11.7,16.7,17,8,2.9,3771006.1,16
54,82,472.5,20.1,64,19.8,74.8,124.2,15.2,51.9,49.9,22.1,13.1,17.4,1.06802159E7,25
54,83,199.5,11.4,16.6,14.4,47.7,38.8,5.9,13.8,16.6,15.6,8.9,9.8,4706830.9,19
54,84,174.5,9.4,24.8,7.1,32,45,4.1,21,12,10.9,3.2,5,3535932.8,11
54,85,327.5,17.2,28.1,25,55.4,64.3,11.9,43.7,30.8,28.3,19.9,2.9,6586309.2,30
54,86,1644,66.4,157.7,101.5,267.1,301.3,37.4,182.3,287.3,89.9,131.1,22,3.14652131E7,32
54,87,13,0,0.5,0.5,0.8,4.4,0,3.1,2.1,0.8,0.8,0,241076.6,2
54,88,21,0.4,1.7,0.4,1.7,6.2,0,3.6,3.7,1.7,1.2,0.4,404783.8,3
54,89,30,0.6,2.4,0.6,2.4,8.9,0,5.1,5.3,2.4,1.7,0.6,578262.7,5
54,90,153,6.7,17.5,12.1,18.9,41.7,1.2,14.3,19.3,8.6,7.8,4.9,3215337.8,15
54,91,20,0.8,0.8,1.2,4,6,0,2,2,0,0,3.2,318792.8,7
54,92,50,2.6,5.2,2,14.6,9.4,1.2,6.5,5.2,2,1,0.3,1074668.2,10
54,93,62.5,1,5.2,6.8,11,12,2.1,6.2,6.8,6.3,4.1,1,1127560.3,9
54,94,415.5,19.9,51.5,22.8,71.2,81.1,11.9,59,42.1,38,16,2,8091686.5,23
54,95,129.5,5.1,13,2,31,19.9,5.9,13.9,21,10.4,4.1,3.2,2516618.9,6
54,96,289,9.9,19.8,19.1,52.9,62.3,9.5,43.8,29,23.5,15.2,4,5752864.5,13
54,97,1134.5,37.8,83.1,78,160.2,224.1,17,184.9,195.1,60.3,70.9,23.1,2.45202931E7,19
54,98,33,1,1.1,0,8.9,4.9,0,8,3,3,3.1,0,724545.1,5
54,99,246,13,30,19.9,50,64,5,26.2,15.9,11.8,5.1,5.1,5423703.8,16
54,100,136,4.6,14.9,5,23,31.1,4.2,18.8,19.1,7,4.6,3.7,2835548.3,10
54,101,342,26.9,50,22.7,58,77,9.5,39.8,25.1,18.9,6.1,8,6688481.2,12
54,102,822.5,34.9,90.8,53.5,145.1,195.8,24,95.1,93.9,59.3,14.2,15.9,18687797,25
54,103,226,22,16.1,8.1,52.9,49,4.7,26.1,21,20.1,4,2,4501681.8,10
55,0,8,0.1,0.5,0.5,0.8,1.1,0,2.7,1.1,0,0.7,0.5,219988.8,4
55,1,12,0.3,0.9,0.9,1.2,1.5,0,3.9,1.8,0,0.9,0.6,329983.2,3
55,2,151,4.9,12.1,5.9,37.1,15.8,5.9,24.1,26,11.1,6.1,2,2986838.9,7
55,3,299,15.9,24,12,60,55.9,12,34.2,29,32,21,3,6279851.7,7
55,4,53.5,1.4,7.1,3.8,3.8,11.5,0.3,8.3,10.7,1.2,3.9,1.5,1352498.6,7
55,5,148.5,10,20.6,5,32.9,29,3.8,15,10.9,13.1,7.2,1,3035523.2,9
55,6,107,5.1,8.6,9.5,16.9,26,2.9,13,11,10,1.9,2.1,2201295.2,6
55,7,116.5,1.9,12.1,2.5,11,22.9,1.9,21.1,23.1,5,11,4,2793000.4,7
55,8,143.5,10,8.9,6.7,30.9,29,2,25.1,16.9,6.8,4,3.2,3373712.2,12
55,9,45.5,1,9.9,0,6,9.9,1.1,6.1,7,0.3,4.2,0,958727.8,8
55,11,185,2.9,10,10.9,20.9,48,3,29.1,38.1,7,8.1,7,4552416.7,3
55,12,96.5,3,9.5,1,18,23,5,9,8,10,10,0,2425935.9,2
55,13,24,1,2.1,0.6,4.7,5.2,1.5,1.5,4.8,1.5,1.1,0,541833.9,3
55,15,393,23.9,44.5,16,59,83.9,7.9,54.1,45.1,28.5,20.1,10,9648537.7,9
55,16,19,0.5,1.9,1.8,1,5,0.4,1.5,3.6,0.5,2.1,0.7,499460.4,7
55,17,9589.5,563.9,868.3,589,1883,1777,278,1211.1,1247,687.4,373.3,111.5,1.773231216E8,9
55,18,2003.5,86.9,240.1,116.1,328.9,473.9,63,215,211,134.5,57,77.1,4.92499117E7,9
55,19,845,23.7,71.8,43.5,110.5,174.9,16.1,181.1,129.9,21,43.3,29.2,2.24091212E7,23
55,22,105,4.9,10.1,7.1,15.9,21,0.8,18.2,16.9,6.9,2.1,1.1,2687060.3,13
55,23,329,17,31.2,9.9,61.9,73,5.9,39.2,44.9,20.2,17.9,7.9,8733472.5,6
55,24,185.5,20,16.5,5.1,33.1,33.1,1.9,38,21,9.9,5.9,1,4858867.6,7
55,25,104,10.1,10.8,2.8,12.6,22.7,2,16.6,7.7,7.9,5,5.8,2438743.5,8
55,26,19,0.3,3.9,0.4,2.2,4.4,0,1.3,2.7,1.6,0,2.2,436705.3,4
55,29,378.5,17,34.5,20.3,60.1,81.1,8.5,59.9,37.1,21.2,26.8,12,8876745.9,13
55,30,219.5,3,30.1,12.1,27.9,53,3,36.1,24.8,11.3,10,8.2,5592053.6,22
55,31,190,14.1,11,12,37.9,28.9,5.8,29.1,27,9.1,8,7.1,4945172.9,8
55,32,303,15.8,22,13.1,60.8,68.9,9,36.1,36.1,19,15.1,7.1,7157024,17
55,33,194.5,7.9,26.5,10.4,22.1,53,3.9,19,27.1,12.5,9.1,3,5032489.4,5
55,34,17,0.5,1.8,0.5,2.5,4.4,0.7,2.7,1.2,1.6,1.1,0,387298.1,4
55,36,2,0,0.2,0.2,0.4,0.5,0.1,0.2,0.1,0.2,0,0.1,46912.4,1
55,37,5,0.1,0.5,0.5,1,1.2,0.3,0.6,0.3,0.4,0,0.1,117281,2
55,38,98,2,5,6,15.2,18,2.8,16,19.1,9.9,4,0,2596750.9,8
55,39,175,5.9,10,8.9,33.2,38.9,4,26.1,26,11.9,8.1,2,4260170.7,12
55,40,1701,79,133.8,88.2,300,311.8,49.6,195.8,300.2,91.6,121,30,4.05524741E7,26
55,41,541,33.9,50.1,27.6,135.2,109,16.5,50.8,51.9,39.8,17.1,9.1,1.16705987E7,18
55,42,296.5,10.5,28.1,21,57.1,70.8,18,41.8,18,23.1,5.1,3,6734575.5,6
55,43,1516.5,63.1,141.9,84,270.7,310.1,55.9,195.3,183.2,117.1,69,26.2,3.47598254E7,39
55,44,1605.5,77.9,152.1,78.6,272.1,314,42.9,255,186,111,74,41.9,3.76301182E7,15
55,45,106,4.1,9.2,8,15.1,24.8,3.8,17,7.9,9.8,3.1,3.2,2354834.8,16
55,46,897,40.7,83.5,30.8,163.1,198.9,34.3,118.1,103.8,71.8,26.7,25.3,2.12670472E7,33
55,47,264.5,10.3,33.9,18.9,28,73.3,2.8,27.3,42.8,14,7.1,6.1,6635069.4,17
55,48,437,26.1,51.8,23.1,77,111.9,18.1,34,27,41,7,20,10365085,14
55,49,34,1.1,1.9,1.1,3.9,5,1.1,6,6,3,3,1.9,1040141.2,5
55,50,367,11.2,47.2,18.8,61,92.2,8.8,47.6,36.2,20.9,14.1,9,9217111.9,13
55,51,376.5,18,37.2,15.8,70.9,83,14.5,42.9,42,26.2,13.9,12.1,9912634.4,14
55,52,101.5,3,13.5,2.9,21,20,6.6,8.1,5,14.4,6,1,2241044.9,8
55,54,74,2.9,7.1,7,12,14,3.9,12,7.1,4,3.1,0.9,1669716.2,4
55,55,640.5,25.1,62.5,35.7,88,163.4,17.8,81.8,83.4,42.6,18,22.2,1.59636954E7,43
55,56,1004.5,39.9,106.4,38.8,153.8,232.2,22.8,136.9,128.1,70.8,40.2,34.6,2.52232998E7,35
55,57,538.5,24,35,39.6,69.7,124.6,8,99.8,68.3,22.7,29.9,16.9,1.21513325E7,23
55,58,154,2.7,16,5.1,23.2,31.8,3.8,26.1,26.2,9,3,7.1,3889261.4,13
55,59,213,10,15,12,27,46,1,40,41,11,4,6,5028825.8,4
55,60,753.5,24.6,83.4,39,108.9,181.9,19.2,111,92,42.5,33,18,1.80165679E7,18
55,61,178,3.9,22.6,3,15.1,45.9,4,28,25,6.5,19.9,4.1,4148523.6,16
55,62,203,4.9,24,3,26.1,46.9,2,37.9,30,10.8,11.3,6.1,4849149.6,15
55,63,83.5,1,6.9,8,10.1,20.9,1.1,16.9,7,6.6,3.9,1.1,2143394,6
55,64,248,15.1,20.1,14.8,50,57,8.9,33.1,14,22,9,4,5146558.2,11
55,65,252,13.8,26.8,10.1,55.2,50.9,5.1,34.9,22.2,18.8,8.2,6,5611732,14
55,66,325.5,20.9,38.1,12,68.8,56.9,10.6,35.1,40.1,31,8,4,6927040.6,13
55,67,395,13.9,45.9,17.1,71.1,82.9,8,52,48.2,26,15,14.9,7837252,13
55,68,2078.5,81.4,168.3,132.4,371.9,396,61.1,271.5,303.9,119.6,148.3,24.1,4.13125127E7,29
55,69,460,17.7,43.5,34.2,69.1,100,7.8,67.2,74.7,24.8,14.9,6.1,10328681,24
55,70,444,15.8,52.8,37,78.1,127.9,12,39.9,26,31.2,8.1,15.2,1.02060896E7,17
55,71,255.5,17,19,18.6,55.8,44,13.8,29.2,24,28.1,4.1,1.9,5797487.3,18
55,72,243.5,8.5,16.5,12.8,46.8,53,14.1,30.1,27,22.4,9,3.3,5710413.4,17
55,73,158.5,9,13.8,7.4,29.1,35.1,3.1,20.9,20.1,17,2,1,3795670.1,15
55,74,657,21.6,56.4,28.7,103,157.3,17.2,66,97.9,43.8,54.2,10.9,1.54303389E7,15
55,75,116,5.9,8,6.9,17.8,23.1,1,14,22.3,4.9,8.1,4,2938990.1,15
55,76,52,1.8,6.2,0,9.1,14,1.8,1.8,10.1,3,2.1,2.1,1153514.3,7
55,77,403,16.9,36.1,16.9,56,98.1,15,60.9,50.8,25.3,11.8,15.2,9658924,11
55,78,398,18.8,38.1,26.4,81.1,92.9,17.7,34.1,36.2,30.6,13,9.1,8629478.7,32
55,79,67.5,4.1,4.1,2,13.1,14.9,4.8,5.1,10,5.4,1,3,1354581.2,13
55,80,88,1,12.1,2.1,12.1,22.1,3.9,15.1,6.9,6.5,5.2,1,2082337.1,17
55,81,257.5,16.7,31.1,9,62.1,62.9,9.5,24,9,19.1,7.9,6.2,6041933.3,16
55,82,306.5,12.5,37.1,19.4,50.8,84.8,6.8,41,13.8,26.1,3,11.2,6999268.9,28
55,83,8,0.6,0.2,0.4,2.4,1,0.1,1.2,0.6,0.8,0.5,0.2,192739.8,3
55,84,419.5,14.6,61.6,24.1,55.9,125.8,7,38,32,32.2,17.1,11.2,8786253.5,28
55,85,237,10,25.7,13.2,49.1,54.2,9,19.8,20.3,23,1.8,10.9,5315255.3,20
55,86,292.5,10.8,21,13,51,57,7,41,50,16.6,23.1,2,5075966.1,4
55,87,17,0,0.6,0.6,1.1,5.7,0,4,2.8,1.1,1.1,0,315254,5
55,88,200,8,17.1,14.9,21.9,55.2,3,34,17.9,13.1,10.8,4.1,4189967.5,19
55,89,145,10.8,15.9,4,38.9,22.9,3,11.1,16.1,12.1,8.2,2,2799476.1,17
55,91,87,2.9,7.8,5.9,18,16,3.1,9.1,15.1,7,2.1,0,1565771.4,10
55,92,25,1.4,2.5,2.1,4.7,6.1,0.5,2.5,2.5,2,0,0.7,570505.4,6
55,93,133,11.5,13.5,8.3,28.1,26,3.9,5.9,19.2,7.7,8.9,0,2594968.1,18
55,94,450.5,24.8,55,23.8,107.1,76.9,16.1,51,34.1,45.5,12.2,4,8479376.1,9
55,95,57,0,3.2,1.9,7.7,15.1,0,13.9,7.9,4.1,3.2,0,1457418.4,11
55,96,308.5,29.4,26.1,15.4,60.1,65.1,8.1,37.9,30.9,18.3,14.2,3,6236493.9,18
55,97,115.5,4,4.5,7,14,21,5,21.1,22,9,4.9,3,2463173.1,4
55,98,1853,84.3,171,122,340.9,356,53.9,237,233.3,111.4,112.3,30.9,38182583,24
55,99,122,3,20,7,21.1,27,4.8,14.1,15.2,6.9,1.9,1,2305506.2,13
55,100,11,0.5,1.1,0.4,2,2.8,0.4,1.1,1.7,0.5,0.3,0.2,223669.7,3
55,101,542.5,35,50.8,33.6,113.3,125.9,15.8,57.1,48.8,39,11,12.2,1.12906421E7,20
55,102,154.5,12,17,13,33,33.9,13,13.9,5,11.6,0,2.1,2700776.7,4
55,103,1054,59.4,117.9,64.9,215.9,212.1,38.6,151.1,72,71.2,37,13.9,2.16099888E7,23
55,104,9,0.3,1.8,0,0.7,2,0,2,0.9,0.3,1,0,160196.4,3
56,0,53,0,4.1,2.9,9,7.9,1,3,10,4,10.1,1,1298474.7,4
56,1,73,2.8,11.9,3.1,16,17,4,5,5.1,5,3.1,0,1409746.5,6
56,2,111.5,2,20,3.1,17,27,3,15,7,10.3,6,1.1,2161151.2,7
56,3,206,6.9,15.1,10.9,38.1,35,7.9,22.1,34,5,27,4,4064835.1,5
56,4,62.5,3.9,2,2.9,10,7,2,14.1,7,3.5,10.1,0,1447866.4,6
56,5,72.5,2,7,4,17,14,5.5,4,8,9,2,0,1589551.8,3
56,6,100.5,5.8,14.3,6.1,17.3,20.9,4,9.1,10.5,7.4,4,1.1,2264981.2,5
56,7,6.5,0.4,0.7,0.5,1.3,1.1,0,0.9,0.8,0.5,0,0.3,153319,2
56,8,147,11,12,10.1,34,27,2.9,10.9,16,15.9,5.1,2.1,2990355.2,6
56,9,32,2.1,3.5,2.7,5.9,8.9,1.5,1.5,1.5,3.5,0.4,0.5,712217.4,3
56,10,209.5,8.8,20,12,30,56.9,6,30.1,18.1,19.4,5.1,3.1,4859505.7,5
56,11,102.5,5,11.9,2.9,18,18,2,23,5.1,6.5,9,1.1,2542117.2,4
56,12,9,0.4,0.9,0.4,1.7,1.7,0.5,1.5,0.6,0.9,0.1,0.3,206053.6,2
56,13,811.5,34.2,87.4,35,136.4,178,28.2,110.4,85.6,51.3,46.7,18.3,20288970,12
56,14,155.5,8.1,12,8.9,32,36,3.1,19,17,13.4,3,3,3760257.2,4
56,15,290,22.9,27.9,12,76,52.9,15.1,24,19.2,33,1,6,7081523.2,5
56,17,14,0.9,1.5,0.9,1.7,3,0,2.2,1.9,1.3,0.4,0.2,347478.4,4
56,18,1161.5,49.9,103,47,198.8,275.8,34.1,131.2,157,103.5,34.1,27.1,2.99403816E7,22
56,19,745,22.8,55.1,30.1,108.3,160.9,18.7,101.1,141.8,42.9,37.9,25.4,2.13215435E7,20
56,20,1008,43.2,92.4,50.5,156,208.9,12.7,140.1,135.3,65.6,72.1,31.2,2.50572294E7,23
56,21,412,12.9,44,21,66,77,9,70.1,53,34,15,10,9972678,3
56,23,25,1.5,0,0,5,5,1.9,4,2,3.5,2.1,0,667271.9,2
56,24,32,0,3.9,2.1,4.1,8,0,3.1,5,4.8,1,0,939707.1,5
56,25,223.5,11,29.4,5,35.1,50.2,5.1,26.9,29,22,4,5.8,6037824.9,6
56,26,330.5,18.8,26.5,15,56.9,59.9,8.7,61.1,38,17.5,15,13.1,8510167.4,11
56,27,223.5,3,35.5,10.5,32,53,4.5,35,22,21,3,4,5242640,5
56,28,2569.5,133.8,244.2,131.6,434.3,514.8,73.9,335,342.2,177.5,136,46.2,5.62398846E7,22
56,29,1034.5,67.8,73.5,61.3,212.1,198.8,32.4,127.8,135.9,62.6,50.2,12.1,2.40014983E7,20
56,30,562.5,18.9,49.8,23.9,74.3,138.9,13.3,99,72.5,46.3,15.7,9.9,1.55302755E7,45
56,31,99,0.8,9.1,9.1,6,30,3,10.9,12.1,7.9,5,5.1,2550017.8,7
56,32,223.5,7.9,20.5,12,44.1,50,8.9,34.1,25,14,4,3,5823043.9,4
56,33,200,9.9,18.1,18.2,40,49.8,6.6,20.1,11.9,14.3,3.1,8,5304358.5,9
56,34,15,0.3,2.2,1.1,2.6,4.3,0.3,1,1.1,1,0.4,0.7,389286,2
56,35,421.5,29.9,40.8,24,77.9,98.2,11.6,60,36.2,23.9,10,9,9809952,10
56,36,1162.5,59.6,126.4,44,214,248,22.1,133.9,139,77.5,59,39,2.74614028E7,9
56,37,419,20,51.5,20.1,66.9,104.9,13.4,46,44.1,30.8,11.1,10.2,1.00204738E7,11
56,38,59,0,5.9,1.9,9,11.2,0,9.1,11.9,4,2,4,1632460.3,7
56,39,587.5,23.1,52.8,25.2,97.1,138.2,14.2,85.1,87.2,35.8,20,8.8,1.50271401E7,21
56,40,444,25.4,44.5,21.9,87,86.9,18,47.3,50,38,15,10,1.08986253E7,7
56,41,2161.5,110.8,185.5,130.6,413.3,467.1,55.2,274.2,241.9,142,88.9,52,4.82485515E7,21
56,42,1451.5,65,133.9,64.6,222.7,281.4,30,175.8,240,109.1,107,22,33156054,35
56,43,115,5.8,13.4,5.1,18.3,29,2.8,11.9,14.6,5.9,5.1,3.1,3034367.7,18
56,44,3,0.2,0.3,0,0.3,1,0,0.4,0.3,0.1,0.2,0.2,69809.4,2
56,45,292.5,10.3,32.5,15.1,40.5,76.7,9.4,43.6,27.9,14.4,5.9,16.2,6956694.6,20
56,46,131.5,3.6,6.2,5.1,19.2,39.1,4.7,21,9,16.4,6.3,0.9,3622082.3,13
56,47,22,0.8,2.2,0.8,5.1,3.9,0.3,3.4,2.7,1.5,0.9,0.4,555118.4,5
56,48,403.5,20.1,44.1,14.9,68.9,104.9,13.3,55.2,23,33.5,14.1,11.5,1.01317697E7,12
56,49,156,5.8,17,3.9,22,38.9,6.1,19.1,23.1,12.2,2,5.9,3934031.7,9
56,50,78,2.1,5.4,6.3,5.9,22.1,2,14.6,10.1,4,4.5,1,2080388.9,9
56,51,16,1,1.4,1.4,1,4,1,1.6,2,0,1.6,1,404882.2,2
56,52,10,1,1,1,1.6,1.8,0.2,1.4,0.8,1,0,0.2,153097,4
56,53,2004,73.4,201.4,138.5,235,422,45.6,274.2,327,124.7,106,56.2,4.94747273E7,17
56,54,1906.5,49,200.2,105.4,221.7,436.9,36,284.1,280,121.9,90.2,81.1,4.96961127E7,26
56,55,692.5,13,47.9,38.1,86.5,148.9,7,119.8,116.1,36,52.2,27,17331109,16
56,56,475.5,10,39.4,20.6,74.9,109.9,7.9,71.2,72,27.7,22.7,19.2,1.18421183E7,20
56,57,538,17.1,46.3,26.8,64.9,119.1,9.9,86,97,28.6,23.3,19,1.30472897E7,25
56,59,6,0.2,1,0,0.8,2,0,1.4,0.2,0.2,0,0.2,171340,2
56,60,203.5,7.4,21,6.1,26.1,52.9,8.4,29,21.1,15.5,11,5,4690799.9,7
56,61,1266,49.9,128,95,220.1,244,26.2,172.1,166,73.4,57.3,34,2.38961243E7,20
56,62,2348.5,80.5,181,159.2,365,439,63.9,303,384.9,121.1,223,27.9,4.68979432E7,13
56,63,14,0.5,0,2,1.4,4,0,1.6,3.5,1,0,0,273292.8,2
56,64,571.5,22.5,73.8,36,105.1,121.9,21.4,64.1,56.1,44.5,19,7.1,1.19996974E7,14
56,65,58,5.1,2.9,2,7,11.9,1,7,12.1,7,2,0,1453893.4,6
56,66,33,3.6,1,6,7.4,4.5,3.6,2.8,1.8,1.3,0,1,632225.2,3
56,67,325,17.7,28.1,15.8,76,58.1,13.9,35.9,36.3,31,8.2,4,6986915.9,16
56,68,282.5,7.1,18.6,14.1,35.2,57.8,6,55.9,51.2,15.7,15.9,5,7093452.5,20
56,69,1247,41.9,89.3,78,216.1,252,37,184,190,63.6,82.1,13,2.62008373E7,15
56,70,229.5,10.9,13.3,12.2,45,49,3.9,43.1,28.2,18.9,5,0,5014189.2,18
56,71,1396.5,54.7,120.1,89,233.3,291.4,40,173.7,186.9,85.5,100,21.9,2.88623981E7,27
56,72,269,14.2,18.9,20.7,51.1,65.9,7.7,30.9,29,20.8,6.9,2.9,5752521.3,23
56,73,395.5,30,32.6,15,76.1,73.6,7.7,56.1,58.4,14.7,21.3,10,8708201.4,22
56,74,282.5,8.3,31.4,10.6,41.2,74.1,5.7,36,39.8,23.2,6.9,5.3,6687073.5,24
56,75,136.5,2.1,19.3,7,18,38.8,1.9,15.1,20.1,10,1,3.2,3349205.7,14
56,76,247,16.7,20,8.2,63.1,42,8.9,39.1,25.9,14,8.1,1,5759684.4,13
56,77,338,40.9,36.3,13.9,82.8,55.1,6.5,32.9,30.1,23.6,9,6.9,7028642.9,19
56,78,247.5,17.9,17.2,13.8,55.9,43.9,7,32.1,23,21.6,9.2,5.9,5430024.5,15
56,79,293.5,10.7,34.8,9.1,51.8,75.8,9.1,26.2,32.2,31.6,6,6.2,6935050.5,27
56,80,1035,44.6,90.2,57.2,159.3,209.1,16.1,137.9,149.9,64.9,91.8,14,2.26768005E7,35
56,81,656.5,20.7,47.1,64.6,104,140,11.9,69.2,91.2,37.9,60.8,9.1,1.43155844E7,23
56,82,307.5,25.1,33.8,19.4,64,62,9.3,36.7,22.3,25.7,6.1,3.1,6341457.7,21
56,83,220,8.7,22.2,10.3,41.9,47.1,6,31,25.8,16,8,3,4712950.2,23
56,84,17,0.6,0.8,1,2.4,4.2,0.6,4.2,1.4,0.6,0.6,0.6,388196.7,4
56,85,190,12.9,15,8.9,48.9,30.9,9.8,23.1,15.1,17.1,8.3,0,3869976.2,13
56,86,413.5,16.1,42,25.9,77.1,85,13,46.1,47,30.2,20.3,10.8,8574607.8,26
56,87,2,0,0.2,0.1,0.4,0.4,0,0.3,0.2,0.1,0.2,0.1,41027.2,1
56,88,25,1.1,1.7,0,4.8,5.2,0.5,5.2,2.1,2.1,1.7,0.6,544468.2,4
56,89,480.5,30.7,68,30.6,105.2,95,17,48.1,26.8,49.1,5.9,4.1,9504833.9,25
56,90,20,0.2,0.6,0.6,2.7,3.2,1.3,4,3.2,1.3,2,0.9,416906.7,7
56,91,24,0.3,0.6,0.6,3.3,3.9,1.6,4.8,3.9,1.6,2.3,1.1,500288,6
56,92,97.5,3.1,14.9,3.1,13.1,22.1,1.8,21.9,9.9,2.9,4.2,0.5,2006295.1,5
56,93,138,7.9,11.2,1.9,24.1,34.2,6,14.6,17.1,7.9,11.2,1.9,2878578.5,18
56,94,44,3.4,0.5,0,13.5,7.7,2.5,5,5.1,5.5,0.8,0,869894.1,3
56,95,323.5,11.9,42.6,18.1,49.7,73.1,7,36,46.8,27.1,9.1,2.1,5830598.7,22
56,96,166,13.9,15.9,13.9,36,32.1,3,17.2,11.1,15.9,5,2,3528474.4,8
56,97,90.5,5,6.4,1.9,17.1,11.1,1.9,21.1,9,11,6,0,2070847.8,12
56,98,116.5,7,9.8,4.9,21.1,24.9,2.8,16,14,8.1,4.9,3,2355768.4,11
56,99,101.5,4,9.8,5.9,12,26.1,4,15.3,12.5,8.9,2,1,2119035.6,11
56,100,421,30,30.6,22.3,90.9,84.9,18.8,55,38,34.6,12.8,3.1,8944905.7,16
56,101,62,0,4,7.1,4.2,14,0,13.8,11.1,4.9,1.9,1,1226732.7,5
56,102,114.5,7.9,13,2.9,26.1,24.2,1,7.1,16.9,7.4,8,0,2281138.5,12
56,103,136.5,5,12,16,26,45,4.5,9.1,4.9,7.9,4,2.1,2986631.8,5
56,104,327,21.7,31.1,14,63.9,63.1,6.9,35.1,37,32.1,13,9.1,6712664.5,15
57,0,36,1,1,3,5,9,1,5,6.9,2,2.1,0,965357,3
57,1,102,4.9,11.9,6,16,24,0,9.1,18,5,5.1,2,2105868.7,7
57,2,21,2.5,0,2.5,4.9,4.2,0,1.7,2.5,1,1.7,0,416436.5,4
57,3,4,0.5,0,0.5,0.9,0.8,0,0.3,0.5,0.2,0.3,0,79321.3,1
57,4,37,3,4,1,8,4,0.9,4,4.1,3,3.1,1.9,762420,5
57,5,89.5,7.9,7,1,27.1,11.9,2,9,12,6.5,4.1,1,1921804.4,6
57,6,13,0.8,1.3,0.9,2.5,2.2,0,1.9,1.7,1.1,0,0.6,306638,3
57,7,245,12.9,27.9,11.9,40,54.9,3.2,34,36.2,9,10.9,4.1,5376660.7,12
57,8,93,4,9,7.1,24.9,17,0,13.9,6,7,4.1,0,1857660.5,6
57,9,82,8,8.5,4.3,16.1,20,4.5,5.5,6.5,7.5,0.5,0.6,1837123.2,3
57,10,212,12.9,20,12,50.2,40.2,5.9,25,15.9,16.9,12,1,4536464.4,6
57,11,88,5,8,4,14.9,29.9,1.9,10.2,4,6,3,1.1,2115458.2,9
57,12,2,0.1,0.2,0.1,0.4,0.4,0.1,0.3,0.1,0.2,0,0.1,45789.7,1
57,13,10,0.5,1,0.5,1.9,2,0.5,1.6,0.6,1,0,0.4,228948.5,4
57,14,209.5,6,32.5,12.5,36,51,4,23,23,10.5,7,4,4942364,2
57,15,235,5.9,19,10.9,35,51,8,49.1,28.1,17,5,6,5936717.2,6
57,16,227,8,15.4,10.1,25.4,39.1,2.5,33.8,39.1,13.2,34.6,5.8,5996699.4,8
57,17,1039,45.6,98.8,63.8,179,243.1,22.4,120.1,115.2,76,39.9,35.1,2.68864291E7,20
57,18,47,1,2.1,6.9,5.1,6,2,5.9,14,0,4,0,1427444.7,5
57,19,121,5,10.9,7.9,18.1,28,3,22,15.2,4.9,3,3,3414809.7,6
57,20,455.5,17.5,40.9,27,67,114.1,9.1,56,44.1,38.9,24.9,16,1.10044703E7,9
57,21,455,24.1,32.6,15.9,91.2,78.9,11.9,61,59,31.4,36.8,12.2,1.16164526E7,18
57,22,740.5,30.9,73.4,35,112.9,179.1,14.9,110,96.9,52.1,18.1,17.2,1.90265387E7,11
57,24,52,4,4,3,8.9,12,0.9,0.9,6.1,8.2,3,1,1088525.2,5
57,25,851.5,37.5,95.9,33,139.9,212.1,26,83.2,86.9,80.1,32.9,24,2.07889863E7,16
57,26,51,0,5.1,1.9,9.9,8.8,1.9,6,8.8,4.1,2.2,2.3,1139184.8,11
57,27,316.5,14.9,37.2,9.8,48.1,75.9,9.8,45.1,23.9,22.8,15.9,13.1,8523483.4,18
57,28,2864.5,135.5,236,165.8,573,589.1,77.6,346.9,337.2,174.1,188.2,41.1,6.58733002E7,24
57,29,133,6.1,6,8.1,20,24.6,4.9,20.7,24,4.1,6.3,8.2,3506590.3,13
57,30,255.5,11,23,13.2,35.1,67.8,6.1,45,31.9,11.5,5,5.9,7042649.8,11
57,31,218,15.1,12.3,8.5,39,45.1,17,33.3,22.9,16,4.9,3.9,5582757.2,14
57,32,440.5,11,38.4,24.9,73,118.9,12.9,50.9,38,39,15.2,18.3,1.13287318E7,10
57,33,119,7,12,9,19.1,39,5,7,2.9,10,2,6,2941953.7,5
57,34,622.5,30.9,68.3,50.5,98,166.1,16.4,73.9,61.2,32,10.1,15.1,1.54556811E7,17
57,35,420,20.6,39.3,24.9,63.4,117.5,12.6,52.2,38,35.6,6.6,9.3,1.06946696E7,7
57,36,59,0.9,8.1,2,11.1,8,2,10,11,1.9,4,0,1345049,4
57,37,317.5,11.9,32,19.4,56.2,68.8,12,53,30,16.8,10.2,7.2,8220737.3,19
57,38,141.5,8,7.5,7.1,30,26,8,25,13.2,9.8,1.9,5,3830472.8,8
57,39,37,0,3.7,2.1,2.1,8,0,8,9,1,0,3.1,1160518.2,11
57,40,66.5,4,7.5,4,7,21.1,1,6.1,4.9,4,2,4.9,1683390.7,9
57,41,201,12,18.2,6.9,36.1,35.9,2.9,35.9,26,12.8,7.1,7.2,5413522.3,11
57,42,3,0.2,0.4,0.1,0.6,0.7,0,0.2,0.3,0.2,0.1,0.2,73738.5,2
57,43,268.5,16.3,27.2,16.1,53.1,69.1,4.9,47.7,13.1,12.9,3.1,5,6433271.7,20
57,44,243.5,11,21.6,7.9,42.1,56.9,6,36,31.9,13,10,7.1,6474837.1,15
57,45,528.5,21.1,56.9,37.5,92.9,138.2,12.5,58,33.1,34.4,29.8,14.1,1.23442799E7,13
57,46,34.5,1.3,3.4,1.4,8,6.3,0.4,5.4,4,2.3,1.6,0.4,870526.7,10
57,47,319,17.1,33.5,15,54,65.9,8.1,47.9,38.8,19.5,6.1,13.1,8598821.9,13
57,48,222,9,26.9,9,36,48.9,10,26,22.1,20.8,8.2,5.1,6083869.3,15
57,49,400,22.9,35.5,20,78.1,91,14.1,50.9,43,29.5,7,8,1.05177342E7,8
57,50,425,20.9,47.9,20.6,68.1,93.1,6.3,53,52.9,29.5,22.3,10.4,1.08960893E7,26
57,51,477.5,21.8,50.4,25,83,106.4,12.9,75,46.3,37.9,5.9,12.9,1.34514374E7,20
57,52,1988.5,113.7,215.3,119.9,337.5,381.7,64.5,244.4,197.4,188.5,73,52.6,4.04970252E7,15
57,53,6968.5,307.9,611,408.9,1156.1,1419.9,155.5,902.8,947.4,399,439.9,220.1,1.695637463E8,17
57,54,372.5,15.9,35,35.4,59.8,74.2,10.6,49,51.9,19.5,15.2,6,7836324.2,16
57,55,423.5,17.1,32.4,12,63.9,89,3.8,64,85.1,23.2,19,14,1.05557536E7,14
57,56,6,0.4,0.5,0.1,0.7,1.8,0,0.4,0.8,1.3,0,0,146219.9,1
57,57,409,19,46.6,18.1,56.4,102.1,5.9,68.3,38.1,35.3,8,11.2,1.04564854E7,18
57,58,73,1.8,13,3,9.2,23,0,15.6,3.8,2.8,0,0.8,1889266.6,3
57,59,316,10,36,16,46.9,75.9,4.9,56.1,34.2,25,2,9,7592955.9,12
57,60,114,10,7,4.9,38.9,16.3,6.7,10,11.1,6,2,1.1,2476139.1,9
57,61,926.5,46.4,96.4,81.4,160.1,185.3,27,127,103.9,61,33,5,1.69557421E7,16
57,62,2757,163.5,321.4,196.9,495,519,106,316.9,275.1,219.1,110.1,34,5.24769446E7,18
57,63,43,1.3,5,2.7,4.3,11.3,0,6.5,7.8,3.1,1,0,809248.1,12
57,65,613,26.4,70.8,35.9,98.9,127.2,21.8,72,80.1,40.6,31.2,8.1,1.22822908E7,12
57,66,3,0.3,0,0.6,0.6,0.4,0.3,0.3,0.2,0.2,0,0.1,57475,2
57,67,140,4,10,7,24,23.1,6.1,23.9,21,9,9.9,2,3082810.8,9
57,68,494,29.2,59.6,30,81.9,110.8,13.1,60,52.2,34.4,20.8,2,1.04465862E7,34
57,69,65,2,7,3,4,16,1,13,12,3,3,1,1623674.5,2
57,71,344,14,26.5,22,61.1,94,9.5,33.7,30,36.1,13.1,4,7822055.5,11
57,72,252,14,18.9,8.2,47,52.7,10,38,30.9,22.1,9.2,1,5704856.1,13
57,73,240,13.9,15.5,6,48.9,44.1,4.9,29,43.2,22.5,9,3,5179400.7,8
57,74,562.5,23.8,68.3,33.4,106.8,118.8,19.3,71.2,53.3,47.2,13,7.4,1.23225781E7,22
57,75,105,5.7,7,9.1,21,24.1,5,14,6.1,12,1,0,2233432.4,10
57,76,142.5,8.1,14.6,4.9,26.8,32,2,23,15.9,7.8,6.2,1.2,3223901.6,23
57,77,83,5.9,10.7,3.2,12.8,19,3,9.1,5.2,4,9.1,1,1560073.7,15
57,78,57,2.1,6.8,1,9.9,14.9,2.1,5.2,8.2,1.8,3.1,1.9,1320327.8,16
57,79,112,2,3,6,20.2,16.9,5.9,23.9,18.1,12,2,2,2700277.7,13
57,80,442.5,19.5,42.5,26.8,81.3,104.2,8.4,63,49.1,21.6,18,8.1,9974165.8,32
57,81,218.5,10.5,19.1,9,36.7,43.9,3,32,25.1,16.1,18.1,5,4763766.4,20
57,82,185,19,16,7.9,44.9,41.9,4.8,15,12.1,14.1,3,6.3,3856902.3,14
57,83,58,2.6,6.8,2.1,11.8,13.9,1.9,14.2,0,3.2,0.6,0.9,1247657.9,12
57,84,400,26.1,37.4,27,88.9,90.8,16.1,37.1,31.2,32.5,7,5.9,8449208,22
57,85,90,6.3,7.1,4.3,19.6,16.9,3.1,11.7,8.5,6.4,4.5,1.6,1785827.9,13
57,86,125,3.9,18,13.8,25.9,27.1,2.1,7,9.1,12,4.1,2,2707820.1,16
57,87,66,1,5.6,2.2,13.3,13.3,1.2,10.6,7.8,2.8,5.1,3.1,1353896.4,17
57,88,333,19.6,34.5,21.9,63,67.9,5.8,34.1,34.4,34.5,16.3,1,6912086.9,35
57,89,62,2.9,4.1,0,12.3,12.5,1.2,12.8,5.3,5.1,4.1,1.7,1350281.4,13
57,90,37,0,1.2,1.4,7.2,11.7,0.7,3.8,7.8,1.2,2,0,929604.9,12
57,91,317.5,22.6,29.1,15.1,72.8,61.1,10,30.8,24.2,31.9,16,3.9,5958971.9,24
57,92,90,3.7,5.6,0.9,23.5,11.7,5.6,10.7,12.3,11.2,4.8,0,1666247.8,14
57,93,5,0,0.2,0.2,1.5,0.5,0.5,0.3,0.7,0.8,0.3,0,89332,3
57,94,256,11.7,30.1,21.1,42.8,53.9,5.9,28,30.1,19.2,10.3,2.9,4594686.5,26
57,95,8,0.6,0,0,2.4,1.4,0.5,0.9,1,1,0.2,0,158162.6,3
57,96,327.5,16.3,30.3,15,75.1,58.2,13.5,46,32,26,13.1,2,6118933.1,17
57,97,94,5.9,10.1,4.8,20,20,0,13,11.1,5.9,1,2.2,1798540,8
57,98,2,0,0.2,0.2,0.1,0.5,0,0.7,0.3,0,0,0,45280.3,1
57,99,152,1.8,16.9,11.2,18,40,0.8,31.2,20,6.1,3.1,2.9,3036000.5,17
57,100,210,8.8,23.9,12.1,36.1,46,4.3,22,18.9,21.6,13.2,3.1,4792772.2,16
57,101,132,3,16.8,9,24.2,24.6,3,14.1,15,11.1,11.2,0,2842391.9,18
57,102,372.5,35.9,38.3,17.9,103.2,60.9,10,21.9,33,37.2,11.1,3.1,7347451.4,18
57,103,264,9.2,23.9,12.9,38,49.3,6.9,42.8,45,17.8,15.1,3.1,5547312.5,12
57,104,193,14,11.9,15,32.9,37.9,7,26.1,22.1,12,14.1,0,3875381.2,10
57,105,184.5,7,22.4,8,38,41,2,17,19.1,16.9,6,7.1,4081377.1,9
58,0,26,1.9,1,0,5,6.1,0,1.9,3,1,6.1,0,620699.6,4
58,2,27,0.7,1.5,0.8,5.8,5.1,0.7,3.6,5.8,1.5,0,1.5,660434.9,2
58,3,56,4,2,1,12,14,3,5,7,2,4,2,1400043.2,4
58,4,207,8.6,13.9,14.6,45.6,40.9,9.7,25.7,17.6,21.2,6.9,2.3,4772514.6,7
58,6,84.5,0,14.1,2.1,7.6,20.6,2,12.5,13.1,8,3.4,1.1,1859712.3,7
58,7,2613.5,153.1,219.5,165.4,490.7,438.9,71.8,299,324.3,204.8,207,39,5.29848917E7,17
58,8,42,1.9,5,4,5.9,11.1,2,9,2.1,0,1,0,1203068.5,3
58,9,55.5,3.5,4.9,3,11.1,15.1,0,6.9,3,5.9,1,1.1,1429709.7,5
58,10,35,1,0,4,4.1,6,0,6,6,3.9,3,1,887585.6,4
58,11,137,8.9,6.6,8,37.8,23.8,4,21.1,12.1,6.6,5,3.1,3057599.2,8
58,12,102,2,15.2,2,19.6,22.5,2,13.8,9.7,11.3,2.9,1,2787062.4,5
58,13,2,0,0.2,0,0.4,0.5,0,0.3,0.3,0.2,0.1,0,58852.2,1
58,14,323.5,16,21.5,18.5,56,67,7.5,43,49,32,7,6,7685531.7,2
58,15,990.5,60.4,92.5,61,207,214.9,32.6,105.1,93.1,76,35.9,12,2.40521159E7,15
58,17,105,6.4,6.7,6.8,23.8,25.8,5.7,12.5,5.8,5.7,2,3.8,2872046,7
58,19,622.5,23.5,60.6,36.5,102,144,6.9,109.1,61.9,48,16,14,1.56015222E7,9
58,20,194,8,6,15,42,43,5,31,13,13,11,7,4751469.7,4
58,21,258,10.8,24,6,34.1,60.9,10,46.1,30.9,18,12,5.2,6267469.8,7
58,22,1207,39.8,98.1,52.6,155.4,272.7,27.7,193.2,180.3,65.4,85.7,36.1,3.13924208E7,35
58,23,511.5,22.7,39.5,24.1,63.9,127.2,10.7,79.2,78.1,27.1,22,17,1.31256875E7,22
58,24,3359,126.9,252,194.6,563.8,651.1,57.9,540,526.1,160.5,187.9,98.2,8.35060705E7,20
58,25,2883.5,141.4,235.9,171.2,495.2,627.1,67,344.9,392.1,189.8,155,63.9,67836605,22
58,26,944,43.1,88.2,45.2,138.8,212.1,21.3,128.8,133.8,67.7,38,27,2.40967708E7,24
58,27,536.5,20.1,68.8,20.9,90.2,118,15.8,87.9,51.1,35.5,14.1,14.1,1.43292308E7,15
58,28,160,10.9,14,6.9,27.9,36.1,4.9,25,16,12.8,2.1,3.4,4242894.7,11
58,29,147,6.8,11.1,6.5,28.7,38.7,0.9,18.4,17.9,7.5,4.6,5.9,3474470.2,8
58,30,177.5,6,16.3,4,34,38.2,3.8,30,27,13.1,3,2.1,4719308.6,15
58,31,156,11,17.5,9.8,34,41.9,2,17.1,9,10.5,2.1,1.1,3851588.5,7
58,32,228,11.9,26,8,32.9,55.1,5,44.1,21,12,6,6,6369999.9,9
58,33,66,2,12,3,9,14,0.9,15,6,2.1,0.9,1.1,1882893.7,3
58,34,64,6,2.9,4,16.2,10,2.9,12,4,2.9,0.9,2.2,1762984.6,8
58,35,739.5,29,83.5,38.8,130,185,24.9,73.1,82.1,64,13.1,16,1.81704837E7,8
58,36,191.5,8.1,19.4,17.4,22,50.9,3,23.2,20.2,10.5,10.8,6,5187611.1,9
58,37,230,7,22.1,9.5,33,61.8,3.9,34.2,26.1,13.3,7.1,12,6011851.8,11
58,38,14,1.3,1.5,0.9,2.3,2.8,0.6,1.9,1.9,0.8,0,0,321756.7,4
58,39,771,37,71.4,24.1,116,180.3,19.9,106.8,117.8,50.4,24,23.3,2.04749993E7,30
58,40,181,8.1,22.9,6.1,18.2,47,5,31.9,18.9,10.9,3,9,4694404.8,11
58,41,131.5,9.1,9.1,3.9,35,32.8,5,15,1.9,13.5,3.1,3.1,3524828.5,8
58,42,285,9.9,38,13.2,39.9,83,12.1,27.9,24.9,21,9.1,6,6623234.8,11
58,43,446,23.9,38.5,16.1,81.2,110.1,11.7,51.9,56.2,27.5,15,13.9,1.14691328E7,25
58,44,662.5,24,66.6,25,93,130.3,19.4,100,113.6,40.5,36,14.1,17325795,27
58,45,471.5,21.1,48.2,26.2,81.8,110.8,8,73.8,36.1,23.3,21.1,21.1,1.27613453E7,11
58,46,10,0.5,1.2,0,1.9,2.1,0.7,1.4,0.8,0.2,0,1.2,233195.2,2
58,47,335,18.6,35.3,11.8,54,82.9,15.3,42.5,29.5,24.6,4.9,15.6,7992465.1,16
58,49,29,0.9,2,0,10,6,0,3,2,2,1,2.1,684232.8,5
58,50,189.5,4,22.4,20.2,17.8,56.3,0.5,28.9,18.9,12.4,5.9,2.2,5118834.6,20
58,51,55,1.1,6.9,1.8,3.9,15.1,1.8,8.1,5.9,5.1,1.1,4.2,1461005.3,9
58,52,9709,629.1,1032.1,705.6,1887,1786,322.3,1072,947.1,774.8,368,185,1.758283932E8,14
58,53,6897.5,308.5,499.1,420.4,1468.1,1263.9,140.9,760.1,921,385.6,594.9,135,1.526561863E8,12
58,54,170.5,2,22.5,13,21,43.1,1,29.9,20.1,11.9,5,1,3330560.9,6
58,55,2,0,0.1,0.2,0.1,0.4,0,0.4,0.4,0.2,0.1,0.1,55883.1,1
58,56,14,2.1,0,1.2,2.7,2.9,0.2,0.6,2.9,1.2,0,0.2,349292.3,4
58,57,2,0.3,0,0.2,0.4,0.4,0,0.1,0.4,0.2,0,0,49898.9,1
58,58,409,17,23.6,20.1,81.2,69.8,15.2,69.9,49.9,39.4,15.2,7.7,10367800,9
58,59,211,12.9,28.9,11.2,45.9,48,8.8,21.2,17.1,11,5,1,4554207.8,13
58,60,330.5,16.4,34,14,81,54,12.6,37,41.2,29.5,6.8,4,7649750,15
58,61,171,3.9,22.1,13.1,23.2,46,2.8,18.9,19.1,12.9,7,2,3493159.7,11
58,62,189,7.9,13.2,10.9,32.1,42.1,7.9,18.9,28.2,12.6,11.2,4,4338155,15
58,63,352.5,21.1,33.4,20.9,73.1,82.8,17.2,36.1,27.8,27.9,8.2,4,7903298.8,11
58,64,54,1.9,5.9,7,9,10.9,1,5.2,8,3,1,1.1,1245404.5,7
58,65,111,6,15.1,1.8,23,25.9,5,13.1,11.1,7,2,1,2329793.9,8
58,66,45,5.1,1.9,1.9,9,6.1,0,8,3.9,5.1,2,2,902970.2,6
58,67,334.5,13,31.3,18.9,44.9,78,8,51.9,44.1,22.3,16.3,5.8,7429819.8,23
58,68,171.5,8.9,15,5.4,38.6,31.9,3.3,18.4,24,14,11,1,3783522.2,13
58,69,297,10.2,26.9,12,39.4,72.3,7.8,46.9,36.7,25.4,15.3,4.1,6939493.6,20
58,70,184,15.2,15,6.8,35,39.3,2,19.1,26.1,7.7,12,5.8,4237191.7,21
58,71,15,0.8,2.1,0.4,2.2,3.6,0.1,2.7,1.2,0.8,0.3,0.8,343449.7,4
58,72,23,1.1,1.8,0,1.9,3.8,0,5.9,3.9,1.6,1.9,1.1,504110.2,7
58,73,94,6.9,3.9,5,13.9,22,3.1,15,13.1,3.9,5.1,2.1,2160543.6,11
58,74,320,23.5,22.7,7.2,56.9,69.2,9.1,37.1,43.2,26.1,14,11,7229438,23
58,75,93,4.9,16,5.1,23,17.2,5.9,3,4,9.9,3.1,0.9,1679865.3,11
58,76,149,11.1,12.2,4,37.9,27.8,6.9,26.1,9.2,10.8,2.1,0.9,3236422.4,19
58,77,44,2,5,0.7,9.9,8.1,2.3,5,2.3,5.8,2.9,0,911883.9,8
58,78,259,19.1,35.7,16.6,56.1,53.8,9.9,20.9,15,22,6,3.9,5388389.6,24
58,79,147.5,10.8,14.6,4.9,30.3,33.1,4.9,18,18.8,9.1,2,1,3475121.1,22
58,80,63.5,3,7,2,12.8,11,1.5,8.1,7,5.1,4,2,1263990.5,7
58,81,257,13.3,29.9,7,50.7,47.9,7.9,28,28,18.1,18.1,8.1,5657564.5,28
58,82,185.5,9.5,26.9,5.2,30,45.9,6.2,19.8,21,10.9,2.7,7.4,3959405.9,21
58,83,37,3,0.7,0.8,5.1,6.1,1.9,11.1,3.9,2.1,1.1,1.2,887813.5,10
58,84,256,14.8,31.6,18.9,45.8,60.1,5.9,23.1,26.1,18.4,10.3,1,5308271.2,27
58,85,43,1.7,5.8,3.1,7.2,10,0,5.8,1.7,3.1,2.3,2.3,885306.3,11
58,86,115,1.9,10.9,1.7,18.1,28.9,3,12,15.3,15,8.2,0,2531524.4,14
58,87,119,4.8,11.2,3.4,17.1,20.1,1.9,31.8,11.9,6,7.9,2.9,2790979.4,20
58,88,387.5,7.9,30.5,22.2,41.6,93.1,4,85.8,54,14,22.3,12.1,8846365.9,29
58,89,153,5.9,25,3.9,21.1,43.9,4.8,14.4,16,6.9,7.8,3.3,2988733,29
58,90,515,20.2,56.9,31.9,84.7,113.2,10.1,70.8,60.2,32,20,15,1.04514775E7,29
58,91,243,6.1,22.1,24,28.9,51,5,47,28.9,11.9,10.1,8,5082801.5,7
58,92,9,0.5,0,0,1.2,1.8,0.2,2.7,1.8,0,0.6,0.2,208500.5,2
58,93,266,16.9,15.9,14.3,64,44.8,18.2,29.2,31.8,18,11,1.9,4899404.5,21
58,94,55,3.8,4,4.7,7.7,8.5,1.3,7.8,11.9,1.8,2.4,1.1,1057632.4,8
58,95,111,4.7,12.9,9,11.2,25,4.8,15,19.1,2.1,4.9,2.3,2050707.5,19
58,96,88,2.1,0.9,5.9,14,21.1,4.1,12.2,14,3,9.8,0.9,1706599.8,9
58,97,8,0.1,1.1,0.5,0.8,2,0.4,1.2,1.1,0.4,0.3,0.1,135762.7,3
58,98,53.5,1,11.5,1.9,8.1,16.1,1.9,5,1.9,4,1,1.1,1259953.6,7
58,99,294,16,37.6,14.5,44.8,59.1,7.9,28.9,47,19,17.3,1.9,5369663.3,15
58,100,42,2.3,3.8,3,6.9,8.4,0,5.4,3.8,3.8,2.3,2.3,869177.2,4
58,101,215,9.1,16.9,9.1,35.3,46.1,4.7,27.2,33.1,14.7,16,2.8,4453870.3,15
58,102,180,13.4,16.5,4.9,41,34,6,22.9,24.1,11.1,6.1,0,3572704.9,13
58,103,119,4.6,11,5.1,17.9,27.2,2.8,21,19.2,5.9,4.3,0,2688000.1,16
58,104,404.5,6.9,36.5,35.1,48,83.9,4.3,85.3,57.1,19.5,21.9,6,8644616.8,17
58,105,1082.5,35.9,85.7,64.8,166.7,204.9,13.7,192.1,165,56.7,75,22,2.38810629E7,18
58,106,811,22.5,52.1,49.1,124.9,155.1,15.3,151.1,159.1,42.9,30,8.9,1.75374362E7,15
59,0,813.5,31.5,72.4,43,136.2,140.2,24,83.8,129.1,87.3,57,9,1.64688271E7,11
59,1,138.5,6.1,8,3.1,19,28.9,4,20.8,26.9,4.6,11.8,5.3,2972593.5,11
59,2,67,1,11,3,5.8,18.1,0,14.1,6,3.8,4.2,0,1570133.4,8
59,3,10,0.2,0.6,0.3,2.1,1.9,0.3,1.4,2.1,0.5,0,0.6,244605.6,3
59,4,10,0.2,0.6,0.2,2.2,2,0.2,1.2,0.8,1.6,0.6,0.4,262885.4,2
59,5,9,0.1,0.6,0.2,2,1.9,0.2,1,0.7,1.4,0.6,0.3,236596.8,2
59,6,145,5.1,13.1,8,30,27.9,10.9,14.9,11,13,7,4.1,2904102.9,7
59,7,27,0,4.9,1,1.5,7.3,1,2.5,4.9,3.4,0.5,0,538767.2,2
59,8,159,8,7,7.1,36.8,32.1,9,22,11,13.9,9,3.1,3689134.7,6
59,9,50,5,5,4,13.1,10,1,5,4,2.9,0,0,1117786.5,4
59,10,273,13.9,27.5,16.4,54,60.9,9,26.1,18.1,34,7,6.1,5544922.5,6
59,11,98,4,7.6,2.9,20,22.1,3,18.8,5.1,10.3,3.1,1.1,2547827.4,7
59,12,665,39.1,64.5,31.5,122,129.9,17,70.1,92.1,61,29.8,8,1.52578183E7,7
59,14,117.5,6,10.5,4,25.9,15.9,4,19,18.1,11,3.1,0,2794210.4,3
59,15,89,5,5,5,21,19,2,10,8,9,4,1,2270366.2,5
59,16,288,9,34.9,15.4,37,80.1,2.9,38.9,25.1,18.6,17,9.1,7103454.7,7
59,17,5,0.3,0.3,0.3,1.1,1.2,0.3,0.6,0.3,0.3,0.1,0.2,136764.1,1
59,18,10,0.7,0.9,0.3,1.6,3.8,0,0.3,1.1,1.3,0,0,271668,2
59,19,99,7.4,8.1,0.7,22.4,31.1,1,7.8,4.9,13.6,2,0,2500911,3
59,20,273.5,11,28.9,16.5,48.7,53.9,8.1,36.1,25.3,28.9,10.1,6,6627546.1,9
59,21,37,4,3,1,7,6,1,5,5,2,3,0,849284.9,2
59,22,125.5,4.9,12.8,7,18,39.9,5.1,8.1,10.1,10.6,5,4,3316193.6,5
59,23,1052.5,54,114.9,57.1,175,247.2,23.8,147.9,94.1,79.6,28.9,30,27515473,22
59,24,195,10.9,16.8,12.1,31.1,34.9,3.5,32.9,27.7,6.7,11.1,7.3,4513463.1,16
59,25,47.5,5,2.5,1,11,7,1,6,7,1,6,0,1352678.8,2
59,26,1002.5,44.9,111.7,47.2,132.6,255.8,25.2,110,148.1,65.6,27.3,34.1,26452579,32
59,27,258,14.6,27.1,5.8,35.9,64,2,43,38.2,11,8.2,8.2,6939730.8,11
59,28,151,1.9,18.6,7.9,12,51.9,0,18,18.1,5.5,9.2,7.9,3899630.1,9
59,29,10,0.2,0.8,0.5,1.5,3.3,0.2,0.7,1,0.5,0.3,1,207723.6,2
59,30,766,28.9,79,30.4,142,172.8,16.6,108.4,79.3,66.9,18.9,22.8,1.95689517E7,28
59,31,112.5,0.4,14.5,6,3.9,40.9,3,17.1,8,6.4,4.1,8.2,3265153.2,10
59,32,218,14,30,8,31,49.9,7,33,25.1,9,6,5,5847613.6,10
59,33,472.5,15,50,19.5,63,110.1,12.2,76.9,57.8,25.8,16.9,25.3,1.30867888E7,19
59,34,289,15,33.1,9.9,45.9,70,10,39.1,30.1,19.9,7,9,7825539,13
59,35,248.5,10,30.4,22.9,36,71.9,6,24.1,20.1,14,7.1,6,6285903.9,7
59,36,108,4,7.8,4.9,27,23.1,2,10,14.2,4.9,8,2.1,2881050.1,10
59,37,546.5,35.8,57.9,26.1,104.3,119.9,12.8,60.2,52.9,47.5,13,16.1,14574419,23
59,38,147,1.9,14,9.3,20,44.9,4,21,11.2,4.8,5.9,10,3984129.3,17
59,39,121,4.8,16.4,4.2,12.6,31.3,2.5,18.1,17.2,8.9,0,5,3234647.1,13
59,40,212,11.8,25.4,5,30.2,55,8,37,11.1,10.5,7,11,5776511.9,15
59,41,118,7,9.1,2.9,20.9,29.8,6,15.1,13,8.1,2.1,4,3077563,7
59,42,531.5,29.8,58.8,33.5,92,109.9,15.3,81,42.1,44.5,16.1,8.5,1.25905443E7,18
59,43,200.5,6.1,25.4,12,26.9,57,4.4,24,16,10.6,12.1,6,5969035.3,19
59,44,1240.5,42.4,121.2,74.1,188,292.2,26.9,168.8,139.9,80.9,59.1,47,3.31446162E7,15
59,45,500.5,11.8,45.8,45.9,47,137.8,9.9,73.8,62.5,28.8,16,21.2,1.38477424E7,36
59,46,319,7.9,43.5,13.2,45.1,89.6,5.6,49,29.8,16,6.1,13.2,9096476,20
59,47,333,13.9,30.7,20.1,41.7,77.9,9.9,56.9,34.9,24.7,12.3,10,9803239.6,17
59,48,541.5,27.4,55.8,23.8,83.1,136.1,15.9,64,58.1,43,19.1,15.2,1.45998562E7,20
59,49,236,6.8,26.9,16.6,25.1,66.2,2,30.8,32.2,13.1,8.2,8.1,5823222.5,15
59,50,334,20,28,17.4,58.3,81,11.9,42,33.1,27.3,8,7,9293431.2,22
59,51,553,28.5,44,26.4,102.3,141.1,16.3,66.9,53,43.4,18,13.1,1.38865751E7,14
59,52,445,12.8,46.9,12,40,97.1,3.8,82,92.1,19.1,29.1,10.1,12135659,23
59,53,91.5,6,8.9,4,21.9,15.1,5,9.1,10.9,6.4,1.1,3.1,1842498.4,5
59,55,158.5,3.5,7.9,10.3,12.9,34.6,0.9,31.3,30.6,10.6,10.9,5,4349053.9,10
59,56,437.5,19.9,40.5,19,71.1,84.2,16.1,61.1,72,25.9,18.9,8.8,1.10984034E7,14
59,57,325,15.5,24.8,18.8,49.1,84.5,5.8,44.2,45.3,18.9,10.3,7.8,8122398.4,20
59,58,227,9.2,12.1,11,45,44,7.8,46.8,23.9,16.1,6,5.1,5208763.5,10
59,60,116,4,13.4,9.7,16.9,29,1.1,12.9,16.9,5,6.1,1,2614689.2,9
59,61,71,6.1,11,6.1,8.9,19.9,1,10.9,3.1,3,1,0,1671150.3,5
59,62,180,7,16,11.9,30.1,38,3.9,32.1,21.9,11,6,2.1,4297471.5,9
59,63,362.5,24,44.4,15,67.9,70.9,11.8,58.1,29.1,24.1,12,5.2,7091276.4,11
59,64,373.5,23,30,21.1,60.1,74.6,12.6,73.2,34.9,22,16,6,8075811.9,18
59,65,167.5,9.1,14.6,12.1,29.6,38.9,3.8,19.9,16.1,13,4.2,6.2,4023045.7,9
59,66,38,1.1,7,2,6,10,1.9,6,4,0,0,0,906081.7,5
59,67,320.5,13.8,34.5,20.1,44.8,76.3,7.9,44.1,33.9,25.1,13.9,6.1,6659346,22
59,68,2,0.1,0.2,0.1,0.5,0.3,0,0.2,0.3,0.2,0.1,0,45696.8,1
59,69,16,0.6,1.4,0.6,3.9,2.7,0.3,2,2.2,1.3,1,0,365574.2,4
59,70,384,19,27.8,18,68,69.3,5.9,58.9,71.2,16.9,23,6,8291592.9,12
59,71,159,4,18.8,7.5,27.8,27.3,3.6,26.3,21.8,10.3,6.2,5.4,3423217.9,18
59,72,50.5,3.8,4,0,10.5,11,0,7.5,9,1.2,2.6,0.9,1249043.8,11
59,73,100,4.8,6.3,3.9,19.1,20,5.2,14,13.1,11.5,0,2.1,1963063.1,11
59,74,220,16.1,24.8,9.3,54.1,47.1,13,11,14,24.8,4.8,1,4625827.6,14
59,75,113,3.7,12,9,16.3,24.8,0.7,15.9,14.5,5.9,7.9,2.3,2563995.7,19
59,76,155,11.8,13.8,9.5,24.1,28.2,9.9,17.1,20.3,13.6,5.7,1,3087703.2,25
59,77,17,0.7,1.8,0.2,3.9,3.2,1,1.8,1,2.3,1.1,0,352318.8,6
59,78,141,10.1,17.1,5.5,29.8,32.9,2.9,7.1,17,11.1,4.1,3.4,2895561.4,23
59,79,180,15.8,12.6,7,44,29,8,16,17.9,18.5,5.1,6.1,3795683.3,12
59,80,160.5,4.1,16.7,4.8,31.9,35.9,4.9,18.9,23.3,16.8,2,1.2,3420221.6,20
59,81,145,11.2,8.8,9,30.8,32.9,5,18.1,16.4,6.7,3,3.1,3403624.1,24
59,82,52,2,2.9,3,8,17.2,4,3.2,3.2,5.8,2,0.7,1139137.9,11
59,83,93,8,8.2,0.9,31,14,1.9,2.9,12,11.9,1.1,1.1,1871788.5,12
59,84,61.5,1.8,3.6,0.8,10,16,0.8,10.1,8.7,6.1,2.1,1.5,1207059.9,18
59,85,130.5,8.9,9.8,2.9,20.8,28.1,7.2,11.9,13.9,18.1,8.2,0.7,2440085,19
59,86,150,6.9,18.3,9.8,24.9,39.3,4,12.3,12.1,15.3,5.1,2,2943689.3,23
59,87,204.5,6,22,6,33.8,56.7,5.2,28.8,17.5,13.3,9.1,6.1,4763475.1,36
59,88,259,7.4,22.9,11.9,36.3,52.7,6.1,48.2,35.2,21.2,12.2,4.9,6089210.3,28
59,89,270,12.5,21.6,17.3,46.2,62.1,8.5,34.1,37.1,14.3,12.1,4.2,5818218.7,34
59,90,73,3.4,8.2,3.7,9.1,19.2,1.7,9.2,3.9,10,4.6,0,1390639.6,8
59,91,7,0.3,0.7,0.3,0.9,1.9,0.2,0.9,0.4,0.9,0.5,0,133349,2
59,92,3,0.1,0,0,0.4,0.6,0.1,0.9,0.6,0,0.2,0.1,69500.2,1
59,93,24,1.2,0,0,3.2,4.7,0.5,7.3,4.8,0,1.5,0.8,556001.6,8
59,94,843,23.9,81,56.9,123,141,17.8,113.2,151.2,43.8,81.2,10,1.59770986E7,22
59,95,18,1,1.9,1.1,3.5,3.5,0.7,1.2,3.2,1.1,0.8,0,318788.2,4
59,96,52,0.8,7,3.4,5.2,13.7,2.6,7.8,6.2,2.6,1.8,0.9,882457,7
59,97,53,2.1,3.9,0.8,10,9.1,3.9,8,9.1,3.2,2.1,0.8,915728.7,7
59,98,53,3.9,7.1,2.1,10.1,9,2,7.2,3.9,4.9,2.8,0,1170075.6,10
59,99,111,5.7,10.2,4,27,15.3,6,17,12.8,5.9,7.1,0,2011876.3,14
59,100,91,4,10.1,7.8,13,20,2,12,12.1,5.1,4,0.9,1715497.1,10
59,101,13,0.6,1.2,1,2.1,2.6,0,1.6,1.3,1.2,0.6,0.8,269031.1,4
59,102,69,2,6,2,12,14,3,14,5,4.9,5,1.1,1440841,6
59,103,212,11.9,16,13.1,40,33.9,7.5,43,12,18.4,13.3,2.9,4615441.4,13
59,104,1,0,0.1,0,0.1,0.4,0,0.2,0.1,0,0,0.1,25691,1
59,105,253.5,10.5,34.8,14.1,41.9,61.5,7.5,34.7,25,16.5,4.1,2.9,5272490.6,9
59,106,567.5,11.9,41.6,29.9,82.7,112.1,9,104.1,105.4,27.8,31.8,11.2,1.26959282E7,20
59,107,187,4,20,7,20,43,3,47,24,13,5,1,3899250.9,0
60,0,85,5,8,7,11.9,20.1,1,13.9,11,4.1,2,1,1861741,4
60,3,195,11.9,13,10,36.1,34,7,14,34,22,10,3,4298189.6,5
60,4,14,0,0.6,1.2,1.3,0.6,0,4.8,3.7,0.5,1.3,0,342722,4
60,5,2,0,0.1,0.1,0.2,0.1,0,0.7,0.5,0.1,0.2,0,48960.3,1
60,8,47,1.6,2.6,2.6,8.5,11.2,1.6,6.8,1.8,5,4.3,1,1108323.2,6
60,9,5,0.2,0.3,0.3,0.9,1.2,0.2,0.7,0.2,0.5,0.4,0.1,117906.7,1
60,10,159.5,6.8,11,9,28,24,7.6,20.1,38.1,8.1,4.8,2,3661597,7
60,11,2,0.1,0.2,0.1,0.2,0.7,0.1,0,0.2,0.2,0.2,0,50125.6,1
60,12,28,1,1,0,2.9,6,0,8,5,0,3,1.1,716156.5,3
60,13,112.5,8.1,7,3,22.9,23.9,3.4,15.9,12.2,6,8.1,2,2814141.9,6
60,14,652.5,30.9,71.9,50,120.2,163.2,18.9,77.2,56.8,34.6,14.9,13.9,1.52795908E7,15
60,15,3,0.3,0,0,0.6,0.5,0.1,0.8,0.6,0.1,0,0,81969.8,1
60,16,194,3.8,20.6,15.9,24.2,57.1,0.8,23,24.1,12.6,6,5.9,4873881,11
60,17,77.5,6,9.5,4.9,13,18,3,5,7,6,3.1,2,1676237.3,3
60,18,5,0.1,0.6,0.5,0.6,1.3,0.1,0.4,0.7,0.3,0.2,0.2,129271.7,1
60,19,140,8,6,2,26.1,25.8,7.1,30,20,8.9,4.1,2,3518594.7,8
60,20,13,1.5,0.6,0.8,3.6,1.3,0,2.3,1.3,1.3,0.3,0,311014.6,5
60,21,486.5,20.1,67,23.5,72.8,134.9,9.1,45,51.1,33,11.9,18.1,1.29374816E7,12
60,22,478,21.9,28.9,30.5,67.1,88.2,8.1,88.6,74,33.5,28.1,9.1,1.22758799E7,21
60,23,26,3.1,0,0,5,4,0.9,7.1,5,0,0.9,0,638000.5,4
60,24,6,0.3,0.3,0,0.9,1.1,0,1.9,1,0.4,0.1,0,167555.5,1
60,25,1131,36,151.6,59.9,160.9,299,34.5,118,130,67.9,31.1,42.1,2.89779732E7,7
60,26,372.5,9,38.2,17.5,57.1,87,11.8,61.9,42.9,20.9,11.1,15.1,1.04558999E7,19
60,27,70,2.8,4,2,10.9,17,0,8,12.1,5,6.1,2.1,1994351.7,10
60,28,299.5,6,36.6,10.1,32.9,80.8,6.9,29.1,40.9,25.8,18.3,12.1,8302596.1,24
60,29,213.5,6.9,19.6,12.1,28.7,37,6.9,32,43.1,6.9,8.1,12.2,5788744.6,9
60,30,97,1.9,7.9,4.1,19,18.1,3.8,14.2,12.9,8.1,4.1,2.9,2999560.8,13
60,31,353.5,21,40.7,12.1,56.9,90.3,7,38,48.1,23.2,4.9,11.3,1.06583721E7,30
60,32,60,4.1,8.7,0,11,13.9,0,7.9,5.2,4.9,1,3.3,1755453.3,10
60,33,202,4.9,16.7,6,42.1,42,6.7,34.1,21.3,14.1,11.3,2.8,5330400.2,18
60,34,246.5,6.2,16.4,5,37.8,44,2.8,51.1,40.8,13.9,18.1,10.4,7753668.4,16
60,35,1040.5,44.7,113.5,57.6,186.1,225.1,29,104,107.1,82.4,71,20,24724109,15
60,36,2287.5,98.9,169.4,164.1,523.2,447.1,46,242,283.9,117.8,138.1,57,5.56657166E7,14
60,37,27,0,2,0,4,2,0,10.1,4.9,2,2,0,795419.9,4
60,38,113,5.3,9.1,10,14.7,22.9,2.2,17.8,13.9,3.2,9,4.9,3344935.3,16
60,39,95,2.2,8.4,4.1,15.3,24.7,1.2,18.1,6.4,5,6.6,3,2741382.4,8
60,40,196,11,20,8.2,36.8,38,3,26,31.1,9.9,7.9,4.1,5283436.9,12
60,41,489.5,16.9,49.5,19.1,69,120,9.7,79.3,59.9,28.1,23,15,1.33837126E7,34
60,42,66,4,1.1,7,13,11,1.9,8.9,11,5,2.1,1,1573295.7,9
60,43,932.5,49.7,77.8,59.7,157.9,206.1,24.3,132.9,105.2,60.9,39.1,18.9,2.50360659E7,15
60,44,53,2,7,2.1,7,10.1,2,10.9,5,3,3,0.9,1451221.3,5
60,45,366,14.9,45.1,14.1,53.1,85.9,7,41.8,54.1,24,14.8,11.2,9550614.4,19
60,46,91,4.9,6.2,8.2,13.1,24.7,2.9,7.1,9.1,7.8,2,5,2462059.6,13
60,48,176,10.9,13.9,10.1,26,39.3,2,31,25.2,7.8,5.9,3.9,5750787.1,19
60,49,955.5,34.2,128.4,83,139,264,19.5,102,59.1,69.1,19,38.2,2.17353475E7,22
60,50,1370.5,58.5,138,71.2,227.9,302,36.9,186.9,156.1,95.8,72.1,25.1,3.44945124E7,15
60,51,972,53.6,100.6,58.4,149,232,13.4,149,113.9,51.3,30.9,19.9,2.41533292E7,19
60,52,178,3.7,17,11.2,24.2,29.7,2.7,34.8,30.3,12.3,9.7,2.4,4488548.9,10
60,53,739.5,26.1,65.3,40.3,103.9,169.4,13.1,120.9,100.2,56.6,26,17.7,1.83579701E7,24
60,54,79,1.9,9,7,8,22,0,18,5.1,6,0,2,1917529.8,2
60,55,198,4.9,21.6,6.9,31.9,49,2.9,29.1,17.1,10.6,12,12,4834053.4,8
60,56,101,2,14.1,1.8,24.1,18.1,0,13.1,13.9,7.9,3.9,2.1,2547139.2,6
60,57,12.5,0.7,2.1,0,2.4,3.5,0.4,1.1,0.4,1.9,0,0,301438.1,2
60,58,267,24,25.5,15,52.9,49.9,7,26.2,35,18.5,9,4,6003162.7,5
60,60,441.5,25.1,50.5,29.1,84.1,100.8,13,51,34.9,33.9,10,9.1,9817350.4,14
60,61,38,2,2.9,5,7,7.9,0,3.1,5.1,2.1,2.1,0.8,973309,7
60,62,221.5,16,26.5,9,43,52,10,12.9,14,29,7.1,2,4333692.8,5
60,63,359,17,44.8,18.1,67,89.9,5,28,28,38.1,8,15.1,7516560.1,13
60,64,98,5,12.9,8,26,20.1,5.1,12.9,3.1,1,3.9,0,2104923.9,4
60,65,547.5,31.5,64.8,28.1,116.9,115,18,61.2,43,56,10.1,2.9,11630503,17
60,66,187,8,36,10.8,27.2,50,5,15.1,11.7,13.1,8,2.1,3371852.5,13
60,67,110,5,15,2.2,24.7,18,3.9,14,12.2,10,5,0,2314975.8,13
60,69,28,0,2.8,0,7.2,5.8,1,3,2.4,3,1.8,1,549724.2,6
60,70,105,4.9,5.9,9.3,14.9,24.1,2,6.1,28.8,3.9,3.1,2,2320595.7,19
60,71,144,4.1,12.2,7.8,27.6,33.1,6,20,19,4.1,8.1,2,3103237.3,14
60,72,168,6.8,16.9,5.2,37,29,8.9,24.2,19.8,12.1,5.9,2.2,3869191.8,26
60,73,13,0.8,1.2,0,2,3.1,0.4,3.2,0.4,1.1,0.4,0.4,296696.6,2
60,74,61,3.9,5.1,3.1,14.8,12.7,1,15,2.2,0,2.2,1,1418997.5,16
60,75,296,7,29,25,45.9,67.1,7,42.1,33,23.2,13.8,2.9,6071801.8,22
60,76,195,20.8,22.1,5,49,28.1,12,16.9,12.1,21.7,5.3,2,3675000.5,15
60,77,69,1.3,8,0.8,5.9,16.9,3.6,12.4,13.8,5.3,1,0,1425770.8,16
60,78,35,0,2.8,1.5,3.6,7.6,2.1,3.6,6.2,4.6,0.7,2.3,639398.6,9
60,79,11.5,0,0.9,0.5,1.2,2.4,0.7,1.2,2.1,1.5,0.2,0.8,210088.1,4
60,80,11,1.2,0.1,0.4,3.1,1.6,0,0.7,1.1,1.7,1,0.1,188194.1,3
60,81,88,2,10,6.1,11.8,20.9,2.9,12.2,13,3.1,1,5,1917017.6,8
60,82,35,0,6,1,3.9,11.9,1,6,2.1,2.1,1,0,700132.9,9
60,83,412,20.8,54.2,18.7,76.9,76.2,11.5,50,43.1,27.6,29.1,3.9,8245374.9,33
60,84,108,3.2,5.2,9.8,17.9,22,3.9,15.2,18.4,9.3,2.1,1,2021601.8,26
60,85,84,0.6,8.7,5.2,15,18.4,2.9,13.1,7,4.8,7.1,1.2,1631674.6,24
60,86,62,1.3,3.2,3.3,6,17,2.2,8.3,14.6,1,4.1,1,1289677.7,21
60,87,91,1.7,10.2,5.9,12.3,27.6,0.6,10.8,12.5,4.2,2.6,2.6,2143146.1,27
60,88,2563,90.6,196.2,189.4,396.1,402,33.7,316.8,450,96.2,369,23,5.26152143E7,27
60,89,888.5,26.9,56.9,26,107.2,132.2,14.6,133.7,235.9,31.1,108,16,1.92260251E7,18
60,90,25,0,0.9,2,5,5.9,0.5,4.1,3,1.6,2,0,652231.6,7
60,91,16,0.6,0.6,0,3.5,1,0.6,5.1,2.3,1,1.3,0,401108.8,4
60,92,69,3.9,4,6.9,17.1,17.1,2,6.9,7.2,0.7,3.2,0,1411814,15
60,93,229,16.2,17.1,12.2,40.3,55.1,9.9,23.5,27.1,11.9,14.7,1,4422355.4,33
60,94,389.5,15.9,25,23,66.2,66.8,6,49,57.1,33.4,43.2,3.9,7932680.4,15
60,95,8,0.2,0.8,0.6,0.8,2.2,0.2,0.8,1.4,0.2,0.8,0,157109,2
60,96,59,7,4,7,10.9,13,0.9,4.1,5,4,3.1,0,1311804.4,6
60,97,140,8.9,14,7,33.1,21,5.2,15.8,14.2,15.8,5,0,2385481.3,18
60,98,42,0,5,2.9,1.9,12.1,0,4.2,8.8,1.8,4.2,1.1,814036.9,10
60,99,56,5.8,1.9,2.3,13,4.1,1.8,10.1,8.1,3.9,5,0,984925.5,8
60,100,35,0.8,2.8,3.5,0.8,8.1,0.8,4.5,9,1.9,2.8,0,774017,5
60,101,146.5,7.9,17,4.7,25.6,26.1,3.2,20.9,23,6.7,6.1,5.3,3173315.1,15
60,102,21,0,0,2,2,5.9,0,4.1,3,0.9,2.1,1,584306.8,5
60,103,57.5,1.9,5.1,3,14.1,12.9,2,6.9,4,3.6,2,2,1552188.3,6
60,104,554.5,16,51.6,27.6,100.1,108.8,19.1,74,81.1,42.7,22.2,11.3,1.19973992E7,25
60,105,1038.5,39.7,108.6,49.9,179,215.3,18.4,171,131.1,67.3,39.1,19.1,2.42026522E7,18
60,106,1891.5,73.3,177.5,106,300.9,371,53.9,262.1,322.2,110.5,95,19.1,3.51993788E7,16
60,107,3937,143,292.9,266.9,582.1,746.1,61.5,595,742.2,169.4,301.9,36,7.04744411E7,9
61,0,7,0,0,0.3,0.6,1,0.6,1.5,1.2,0.3,1.5,0,192117.7,2
61,1,57,4,1,1.8,5.4,6.2,2.2,12.4,8.8,3.7,10.4,1.1,1441670,7
61,2,97,2.9,4.4,3,16,22.1,5.9,15.1,12,8.5,7.1,0,2213803.2,4
61,4,59.5,5,4.5,2,16,13,1,2.9,6,8,1.1,0,1418810,4
61,5,7,0,0.3,0.5,0.6,0.3,0,2.5,1.8,0.3,0.7,0,171361,2
61,6,4,0.3,0.3,0.2,1,0.8,0.3,0.3,0.2,0.5,0.1,0,91534.9,1
61,7,397.5,18.8,33.7,15.9,78,81.2,14.7,42.8,44.8,41.9,17.8,7.9,9054165.4,8
61,8,3,0.1,0.2,0.2,0.5,0.7,0.1,0.4,0.1,0.3,0.3,0.1,70744,1
61,9,71,4,11,2,9,19,2,7,9.1,5.9,1,1,1583135.2,2
61,10,414,24,42.5,12.9,90,95,10.1,53,30,37.4,14.1,5,8909619.3,3
61,11,113,3.9,11.8,4.8,14.8,33.3,6,12,7.8,7.8,7.8,3,2471730.8,5
61,12,124,10.9,12.1,5,33,20,6,13,7,11,4,2,2557400,4
61,13,56.5,8,2.9,10.1,11,15,2,0,0,5.5,1,1,1143469.1,3
61,14,99,7.8,6.5,8,17.5,24.6,2.9,13.1,9.2,5.4,2,2,2404301.4,5
61,16,130,9,18,6,27,39,3,10,4,10,2,2,3165687.6,3
61,18,350,16,39.3,17,74,70.1,10,47.9,25.1,28.5,11.1,11,8145423.7,8
61,19,57,1,6.5,5.6,7.5,14.6,1.8,4.6,8.1,3.7,1.8,1.8,1473696.9,4
61,20,432,12.3,42.1,33.3,65.4,94.8,12,70.5,50.9,30.1,13.6,7,1.03621107E7,10
61,21,1057,35,128.4,55.4,167,261,29.1,141.8,85.2,86.1,35,33,2.68436496E7,20
61,23,740.5,33.9,73.4,28.1,118.9,170.1,20.2,112,80,62.9,22,19,1.89040988E7,11
61,24,124,4.6,6.7,2,30.2,21.9,3.9,28.1,15,7.5,2,2.1,3215940.3,4
61,25,2904,150,263.1,130,571.8,610,85.5,399.9,327,186.5,111.9,68.3,7.15735703E7,24
61,26,215.5,13,27,15,45,50,7,16,17,17.5,6,2,2957843.2,0
61,28,89,2.8,2,4,15.2,16.9,5.7,11.2,17,9,2,3.2,2670607.7,11
61,29,670,30,76,38.4,94.1,179.1,16.9,86.9,71.8,41.9,12.7,22.2,1.80963059E7,26
61,30,205,13.3,21.1,9.9,38.2,43.2,6.3,24.8,23,10,6,9.2,5667411,21
61,31,59,0.8,5.1,4,10.2,9.2,0.8,14,9.2,2.8,0,2.9,2097096,9
61,32,116,5.1,4.8,8.9,13.2,31,2,27.9,13.1,7.9,2.1,0,3364924.7,10
61,33,76,4.1,5.3,2.8,12,21.1,0.9,5,11.9,4.7,3,5.2,2585015.4,12
61,34,219.5,10,12.8,14.1,37,38,9.6,32.8,28,16.9,10.1,10.2,7023520.8,18
61,35,463.5,25.5,44.6,19.1,79.2,100.9,16.3,41.3,62.8,41.7,20.1,12,1.31646859E7,19
61,36,414.5,23.1,42,24.4,75.9,91,13.9,39.1,47,31,13.2,13.9,9909086.1,10
61,37,441,15,54.4,20.4,54.1,112.1,10.6,58,48.8,38.5,12.1,17,1.33516061E7,11
61,38,459.5,11.7,49.9,19.9,63.1,122.1,11.8,57,52.8,35,14.9,21.3,1.32556088E7,15
61,39,22,0.8,1.6,2.8,3.7,5.4,0.8,2.8,1.7,2,0.4,0,598536.6,2
61,40,295,7.1,34.8,9.9,38.2,87.9,6,33.2,36.2,16.9,11.8,13,8406739,15
61,41,33,0.8,6,0.8,5.1,6,3.1,6,4,0,0,1.2,878990.9,5
61,42,630,50.2,58.4,27.6,126.1,145,19.8,65.9,61.1,45.1,16,14.8,1.65768441E7,9
61,43,352,11.9,40.5,22.1,60,92.9,14,43.1,25,19.5,9,14,9302930,7
61,44,156.5,3.8,13.6,5.1,35.1,32.7,3.8,34.3,12.1,6.9,3.1,6,4353966.2,14
61,45,347.5,11,45.3,14.8,61.1,76.2,10.1,42.9,46.8,23.4,5.9,10,9037446.1,21
61,46,365.5,13.9,44.5,32,57,81.8,8.5,46.2,32,29.5,4,16.1,9292686.2,8
61,49,4795.5,280.5,418,321.1,882.9,957.9,140,510.9,536.1,360,290,98.1,9.93750745E7,16
61,50,1024.5,45.1,102,58.9,154,228.8,29,161,110.2,62.5,48,25,2.45516439E7,21
61,51,47,3.9,5,1,10,9,3,5,4.1,4,2,0,938526.9,2
61,52,639,25.9,70.5,28.2,96,161.2,9.4,89,83.1,40.7,18,17,1.44040952E7,19
61,53,10,0.3,0.8,0.8,2,1.3,0.2,2,0.7,1,0.3,0.6,253249.8,4
61,54,81,8,7.4,2,11.9,18,4.4,9.1,14,4.1,1,1.1,1760371.7,6
61,55,311.5,13.7,28.6,11,44,73,7.5,55.1,47,16.4,6.1,9.1,7479579.3,9
61,56,73,3.3,10.4,1,18.6,17.5,1.6,8.9,5.6,5.1,0,1,1838204,4
61,57,76,5.9,6.1,6.1,12,17,3,7,5,6,3.9,4,1690923.5,3
61,58,594.5,32.9,66.9,30.6,106,117.1,15,86,68.1,32,26.9,13,1.32014086E7,9
61,59,294.5,13,31.4,16.2,54.3,56,6.9,38,42,23.8,12.9,0,6668043.1,17
61,61,158,5.9,19.9,12.9,28.1,39,5,17.1,16.1,9,2.9,2.1,3307992.7,9
61,62,307.5,17,30,18.1,51.9,68.9,10.1,44.2,23.9,21.4,9.1,12.9,6492481.1,12
61,63,192,9.1,23.9,10,30.1,48,7,18,18,16,7,4.9,4094647.6,9
61,64,66,4,5,5,14.1,13.8,1,6.1,7.2,3.9,3.9,2,1438803.2,10
61,65,71,1,8,6.1,14.9,16,3,6.1,1.9,11,2,1,1196694.7,3
61,66,227.5,9.9,17,10,34,55,5.9,26,26,19.5,16.1,8.1,4604341.1,7
61,67,241.5,2.9,35.5,16.1,38.9,67.3,5.1,26.9,22,12.6,11.2,3,5522274.7,19
61,68,66,3.9,6.8,3,11.1,15,3,1.1,9,10.1,3,0,1418521.2,9
61,69,19.5,0,1.8,0,5,4,0.7,2.1,1.7,2.1,1.3,0.8,382843.6,4
61,70,182,4.1,18.1,14.8,17.3,39.7,2.2,29,30,12.8,10,4,4256502,26
61,71,34,3,2.1,0,3.1,9.1,0,4.8,6.1,1,4.8,0,801637,7
61,72,50,1.3,3.9,0,8.2,11.7,1.4,9,8.4,1.9,1.5,2.7,1146595.3,12
61,73,632,15.9,53.1,36.9,87.2,106.3,13.9,105.8,106.3,35.3,63.9,7.4,1.33688747E7,36
61,74,148,2.7,18.1,11,18.9,31.2,3,30,9.1,6.9,12.9,4.2,3266835.5,19
61,75,62,9,6.1,2.1,15.9,10,5.1,4,3,6.8,0,0,1214334.8,9
61,76,42,2.3,4.8,0,7.1,8.8,1,5.8,4.1,3.3,4.8,0,761483.9,14
61,77,53,0.7,5.9,0,13,5.9,1.2,8,8,7.2,3.1,0,1114793.6,11
61,78,336,18.8,32,12.5,63,60.7,4.8,44.2,51.1,18.9,26.2,3.8,6749512.6,29
61,79,161,6.7,17.5,5.3,25.8,32.5,2,23.1,20,20,4,4.1,3428262.9,22
61,80,51,5.5,0.8,1.5,14.3,7.4,0,3.4,5.1,8,4.2,0.8,872536.3,13
61,81,247,12.6,23.6,12,52.6,47,12,32.3,23,19.3,8.6,4,5074383.7,36
61,82,132,6.4,13.8,7.5,24.9,30.9,3.8,21.4,11.6,7.8,1.9,2,2752051.3,34
61,83,198.5,8.8,21.8,7.7,32.5,43,4.5,34.3,22.9,16.2,4.8,2,3820137.5,23
61,84,76,0.9,7.7,3.8,9.8,21.5,1.2,11.8,13.2,0,3.7,2.4,1553707.9,26
61,85,69,0,9.1,4.7,6.2,20.4,0.3,9.4,8.2,7.8,2.2,0.7,1508015,20
61,86,164.5,16,5.7,8,48.1,33.3,4.5,14,11.2,15.8,4,3.9,3326824.8,32
61,87,380.5,19.9,35.9,28.6,55,89.2,9.1,41.1,53,30.4,14.3,4,7606912.7,28
61,88,1275,73.5,127.3,97,224.1,231.9,36,173.7,143.1,90.2,70.2,8,1.97095846E7,23
61,89,34,0,3,1.7,2.2,10.8,1,9.1,2.2,0,3,1,749226.3,9
61,90,12,0.5,0.5,0,2.5,0.7,0.5,3.7,1.8,0.7,1.1,0,300831.6,6
61,91,176,13,10.9,11.8,34.8,31.5,4.1,17.1,24.5,13,12.1,3.2,3666598.6,25
61,92,194,7.6,12.7,16.2,34.2,39,3,23.8,35.2,11.9,8.2,2.2,3881511,27
61,93,40,2,0.7,0.7,8,8,0,5.3,11.3,0,4,0,760068,9
61,95,73,1.3,7.3,5.4,7.8,19.9,1.7,7.8,12.6,1.9,7.3,0,1433619.2,13
61,96,35,2,2,2.9,3,12,0,3.2,4,0.9,4,1,916265.9,6
61,97,495.5,16.7,43,24,83.1,97.2,10.2,75.1,84.2,23.9,32.2,5.9,9836323.2,25
61,98,91.5,3.6,8.9,6.2,14,19.1,0.9,11.4,20,4.3,3.1,0,1642362.3,18
61,99,32,0,4.1,1.9,3,7,0.9,7,3,1,4.1,0,560317.7,4
61,100,4,0,0.4,0.4,0,1,0,0.6,1,0.2,0.4,0,88459,2
61,101,187.5,9,21.1,11.6,37.9,26.1,5.1,26.9,17,12,12.9,7.9,3178871,10
61,102,140,7.2,13.9,10.1,20.9,25.8,2.1,19.9,20.2,6.9,13,0,2821126.5,12
61,103,104,2.9,8.8,12,12,25.1,0.9,7.1,23,5.1,7.1,0,2391888.7,7
61,104,361,16.9,48,17.8,68.1,86.9,5,47,32.2,26,7.9,5.2,7527230.3,18
61,105,339.5,10.9,31.4,18.7,47.1,86,6,46.8,55.9,17.5,14.2,5,7366942,13
61,106,3378.5,109.5,283.5,197.8,518.1,642.3,64.4,535.1,562.8,171.9,224.1,69,7.45057762E7,18
61,107,2056,62.4,164.1,88.1,237.9,344.9,27.4,351.1,475.9,85.9,189.2,29.1,4.00567901E7,11
62,0,56,1,2,0,10.1,9.9,0,11,10.1,5,6.9,0,1381453.6,5
62,1,12,0.7,2.4,0.7,1.1,2.9,0.7,0.2,1,1,1.1,0.2,230623.6,2
62,2,66,2.8,6.2,5.3,8,16.5,1.6,12.8,8.2,2.9,1,0.7,1581138.5,5
62,3,1,0.1,0.1,0,0.2,0.3,0,0.2,0.1,0,0,0,24098.6,1
62,4,24,0.6,0,1.3,7.2,5.2,1.3,4.5,0,1.9,0,2,534025.3,3
62,6,447.5,21.4,32,22.9,75.2,91.1,7,53.9,74.9,28.1,27,14,1.04231854E7,7
62,7,55.5,2,6.4,0,6,11.9,0,9,11.1,2,5,2.1,1190546.6,3
62,10,71,5.6,1.5,2.6,15.1,11.6,8,2,13.3,7.8,3.5,0,1619379.2,6
62,11,13,0.2,0.6,0.3,1.9,4.4,1.9,0,1.9,1.2,0.6,0,286310.7,2
62,13,186,12.1,21.8,14.1,45,31.8,9,16.1,16,13.1,6,1,4126265.1,8
62,14,178.5,9,10.5,15.1,34.9,39,1,26,13.9,19,8.1,2,3902004,4
62,15,902.5,49.9,89,48.1,178.9,173.9,25,108.8,95.2,76.5,38.2,19,20090152,8
62,16,628,35.3,66.5,31.1,129.9,151,21.9,56,48,61.2,21.1,6,1.41655903E7,11
62,17,120,4.9,9,7.9,16.9,35.1,2.2,18.1,12,4.9,5.1,3.9,3511566.2,8
62,18,50,3.1,1.9,4.2,11.8,11.9,1.1,5,5,3.9,2.1,0,1328482.3,6
62,19,222,13,33,10,47,53,6,27,13,15,2,3,5207991.5,7
62,20,1664.5,100.3,167,103.9,302,378.9,34.9,178.1,190,114.9,61.2,33.3,4.00608697E7,27
62,21,1733,102.5,172.9,104,360.9,353.1,67.4,163,172.1,128,74.1,35,3.71673673E7,9
62,22,55,3,2,1,6.9,5,1,14.9,11.1,1,6,3.1,1484520.2,4
62,23,30,0,5.4,0.7,1.3,10.1,0,2.9,5.6,2,1.3,0.7,720699,6
62,24,120,3,12,5.4,19.1,28.1,4,19,10,13.5,3,2.9,3334452.4,7
62,25,4440,248.7,347.3,330.4,1066.6,888.9,92.4,494.1,479.8,248.8,161.9,81.1,1.034995489E8,29
62,26,1155,50.5,109.3,46.7,183,269,36.1,152.1,151.1,77.6,44.8,34.8,3.07804194E7,26
62,27,500.5,16.9,41.9,19.1,62.1,121.8,13,71.8,75.9,28.7,21.9,27.4,1.53950148E7,30
62,28,196,4.1,19.4,8,20.2,55.7,5.8,29.1,24,18.9,5.9,4.9,6127549.5,12
62,29,6,0,0.5,0.1,0.6,1.9,0.2,0.6,0.9,1,0,0.2,162928.1,2
62,30,17,0.3,0.8,0,2.8,5.1,0.7,2.2,2.2,1.8,0.8,0.3,501812.5,4
62,31,164,9.3,12.5,13,26.8,39.8,1.9,27.1,17,6.6,3,7,5014738.1,20
62,32,788,22.9,88.3,41.7,98.1,223.1,15.8,98.2,98.2,58.6,21.2,21.9,2.37595086E7,31
62,33,940,47,67.2,49.4,178.9,201.8,33.2,118,119.1,63,34.3,28.1,2.71063425E7,30
62,34,234,5.9,19.5,2,29.8,56.2,4,31.2,34.9,21.4,13,16.1,7818984.8,11
62,35,519,26.8,54.5,21.9,81,127.8,20.2,69.1,44.9,40.5,17.1,15.2,1.59763351E7,14
62,36,136.5,6.8,21.1,4.4,22.9,36.1,3.8,13.3,11.9,11,2.1,3.1,3671520.8,13
62,37,953.5,35.7,108,44.9,156.2,225.8,25.4,137,92.1,67.1,14.1,47.2,2.75463783E7,22
62,38,196,6,16.8,15,22,44.4,5.1,23.1,30.2,9.6,13,10.8,5646217.7,14
62,39,913,65.5,80.9,44,199.1,205.1,31.1,79,47.2,94.7,33.3,33.1,2.34176038E7,19
62,40,67,3.3,6.9,2,9.9,20.1,0,8.2,4,4.4,4,4.2,2129914.5,10
62,41,307,12.9,28.7,8,44.9,73.9,8,38.9,38.1,17.6,18,18,9392684.2,13
62,42,524.5,37.9,50.1,27.8,102.1,131,24.9,56,24,49.6,11.1,10,1.32680362E7,6
62,43,17,0,0.7,1.4,1.4,6.4,0.7,2,2.1,0.7,0.8,0.8,624284.9,3
62,44,89,1,9.8,3,12.9,16,1,18.1,15,6,1.8,4.4,2792743.5,10
62,45,351,17.9,36.6,18.5,51,79.8,5.2,41,44.9,24.1,15.1,16.9,9901839.1,10
62,46,80,0,3.1,6.1,12.9,15,3.1,16.9,13,4.9,4,1,2249775.1,10
62,47,3411.5,159.9,364.1,198.8,574,687.3,104.6,440,442.9,257.1,109.9,72.9,7.93458182E7,15
62,48,502,23.7,47,18.9,102,114.6,13.2,47.1,69,36.5,21.9,8.1,1.16043687E7,18
62,49,1297,98.2,144.9,55.2,273.9,252,59.9,122.2,127.1,106.3,44.1,13.2,26513052,26
62,50,2138,115.5,216.1,118.9,365.1,456,70.5,272.1,232.9,185.9,61,44,51370498,12
62,51,579.5,27.9,55.5,20.9,93.1,122.8,16,88,72.9,42.1,23.9,16.4,1.47680785E7,16
62,52,2738,106.1,271.8,154.8,454.9,538.9,72.4,355.9,396.3,184.2,148.4,54.3,5.90513506E7,26
62,53,406,17,39.2,22.1,57.9,67.9,12.1,83.1,63.8,24.9,12.3,5.7,9521573.5,25
62,54,19,0.5,2.2,0.8,3.3,4.6,1.1,2.7,1.1,1.9,0.3,0.5,358930.1,2
62,55,249.5,11,14.1,11.2,36.9,46.2,5.7,41.9,56,13.5,6,7,6939999.1,21
62,56,485.5,40.8,35,19.5,128,73,24.1,48.9,45.1,51.9,15.1,4.1,1.05481347E7,12
62,57,215.5,7.2,22.6,11.1,34.4,52.9,3.5,30.7,26,14.4,6.4,6.3,5051690.6,15
62,58,53,3,5,2,8,14,0,14,6,0,0,1,1523705.2,4
62,59,233,10.1,26.1,21,40.1,62,6,19.8,21.8,13.1,5.9,7.1,5145632,8
62,60,233.5,11.9,20.4,12,50,53.1,8.9,43.1,12,14.1,5,3,5726640.6,4
62,61,252.5,15,22.1,11.1,54.9,43.9,5.9,47,23.9,19.6,6,3.1,5767067.3,7
62,62,163,13,19,4.9,27,40.9,2,17,15.1,12,5,7.1,3769720.4,7
62,63,269.5,10,19.1,12.9,43.8,68,7.3,38.1,35.2,19.9,9.1,6.1,6061724.2,12
62,64,165,16.6,16.5,10,34,33,6,15,13,16,0,4.9,3482610.7,3
62,65,323,17.9,43,15,63,80,6,33,27.1,22.9,8.1,7,6854088.2,9
62,66,233.5,14.1,23.9,10.9,45,52.1,8.9,37.9,11.9,15.6,4,9.2,4700837.5,14
62,67,204.5,7.8,30.6,10.9,29.2,59,2,8.8,21.3,25.7,3.1,6.1,4029352.7,10
62,68,206,14.2,18,8.9,38,41.7,2,26.9,27.3,21,7,1,4151157.7,15
62,69,40,1.7,4.1,2.6,4.1,6.8,1.7,6,11,0.9,0,1.1,963821.1,7
62,70,13.5,0.6,1.2,0.7,1.6,2.1,0.6,2.5,1.8,0.9,0.6,0.9,272617.3,4
62,71,147.5,3.8,5.4,7,23.1,37.9,2.2,29.1,21.1,4.6,8.9,4.4,3255728.4,18
62,72,120.5,7.9,6.9,4.1,32,16.9,3,12.9,19.5,13.3,2,2,2484516.9,18
62,73,175.5,8.1,19.6,10.2,29.3,43.7,3.8,19,12.3,10.7,14,4.8,4313312.1,15
62,74,91,2,9.1,2,22.9,10.3,2.8,11,19.9,7.7,2.2,1.1,2017088.4,16
62,75,12,0.7,1.2,0.3,2.6,1.9,0.3,2.2,1.4,0,0.7,0.7,262560.2,3
62,76,110,1.8,9.8,5.9,13.9,25,4.9,23.1,12.2,7.9,3.3,2.2,2480900.7,23
62,77,326.5,15.9,25,24.9,46.9,67.9,12,39.1,56.1,19.6,14,5.1,5884387.5,21
62,78,109,11.1,12.1,9.1,18.9,22,4.8,9.9,4.9,8,7.1,1.1,1759477.4,11
62,79,132.5,3,14.8,8.7,19.7,26.8,4.3,16.8,16,14.1,7.2,1.1,2826505.3,19
62,80,48,1.9,7.8,1.1,6.9,7.9,1.1,6.2,11.1,1.9,2.1,0,880915.3,14
62,81,287.5,5.7,22.3,6,30.3,66.8,4.2,52.1,56.1,12.3,26.8,4.9,7427168.9,34
62,82,34,1,0.6,2.4,5,2,0,8,5,4,6,0,625486.5,6
62,83,29,0,4.2,0.9,2.9,11.1,0.9,2,1,5,1,0,631163.8,7
62,84,139,6.6,13.2,7.9,22.1,32.1,4.9,23,15.3,6.9,2.9,4.1,2829730.6,33
62,85,101.5,5.2,4.7,6.3,21.9,14.7,2,13.1,19.5,6.7,6.2,1.2,2019145.9,31
62,86,329,11.9,29.5,23.2,66.1,69.3,9.5,53.9,32.3,19.5,4.7,9.1,6511675.7,39
62,87,266.5,12.7,23.3,10.2,44,41.2,10.8,46.9,41,17.6,18.8,0,5667507.9,34
62,88,12,0.8,1.2,0.8,1.6,3.3,0.3,1.3,2.1,0.3,0.3,0,292136.3,7
62,89,32,0.8,6.8,0,3.1,6.9,0,3.2,5.2,4,0,2,477194.4,10
62,90,193,6,16.9,8,39.2,39.9,4.8,18.8,24.2,17.9,10.3,7,3717182.9,19
62,91,103.5,4.9,10.4,6.7,16,20.8,0.8,18.4,14.2,6,4.2,1.1,2308878.4,16
62,92,21,0.7,2.4,2.4,1.8,5.6,0,1.8,3.4,1.8,1.1,0,340595.5,5
62,93,15,0.5,1.6,1.6,1.4,4,0,1.4,2.4,1.2,0.9,0,243282.6,5
62,94,309,27,32.9,27.1,59.8,66.3,7.8,18.8,26.1,18.8,19.2,5.2,5602771.7,21
62,95,26,0.5,3.3,2.7,5.1,5.1,1.1,3.9,0.5,2.2,1.6,0,399349.6,4
62,96,43.5,1.8,8.6,3.2,7.9,11.1,1.9,4.1,1.9,1,1,1,708461.6,6
62,97,20,0.6,4,0,1.6,4.5,0,4.5,1.9,0.7,2.2,0,355992,5
62,98,5,0.2,0.4,0.1,0.6,1.3,0.1,1,0.6,0.4,0.3,0,80108.3,1
62,99,18,0.8,1.7,0.5,1.9,4.6,0.3,3.6,1.9,1.5,1.2,0,288389.8,6
62,100,171,7.8,14,5,35.3,38.2,5.4,20.9,17,15.6,10.3,1.5,3613627,18
62,101,229,11.1,30.1,14.9,40.9,53.1,0.9,20,29.8,14,8.2,6,4731412.9,11
62,102,563,45.5,53.8,23.8,130,106.9,21.5,47.2,50.1,63,15.9,5.3,1.11015991E7,14
62,103,533.5,19.6,53.7,38.1,87.9,132,12.6,62,57.1,36.6,29,4.9,1.11813521E7,17
62,104,879.5,31.8,77.3,42.7,117.9,223,17.6,139.1,133,52.8,32.4,11.9,1.88024742E7,31
62,105,621.5,17.9,57.7,33,70.9,120.9,14,107.2,108.9,29.6,43.2,18.2,1.56915029E7,24
62,106,2899,79.7,226.8,187.3,397,565.9,42,411,503.3,126.2,298.6,61.2,5.94389147E7,23
62,107,426.5,9.6,29.9,18.9,45.8,76.3,2,68.2,118.1,14.4,37.9,5.4,9563511.3,18
62,108,125,1.1,11,5,5.2,32.2,0,18.7,36,0.9,10.8,4.1,3440754.2,18
63,0,195.5,5.2,23.3,6,32.9,45.7,8,22,23.1,15,11.1,3.2,4500588.4,15
63,1,52,3.2,10.5,3.4,4.8,12.1,3.4,0.7,4.1,4.1,5,0.7,999368.8,4
63,2,2,0.1,0.2,0.1,0.3,0.5,0,0.5,0.2,0.1,0,0,48197.1,1
63,3,15,0.9,1.1,0.7,2.5,3.7,0.3,3.5,1.5,0.5,0,0.3,361478.3,3
63,4,9,0.2,0,0.5,2.7,1.9,0.5,1.8,0,0.7,0,0.7,200259.5,3
63,5,4,0.1,0,0.2,1.2,0.9,0.2,0.8,0,0.3,0,0.3,89004.2,1
63,6,49.5,3.8,6.1,4,7,11.3,2.9,1.2,6.4,2.2,4.6,0,1153309.7,2
63,7,13,1.2,0.3,1.9,2,2.8,1.2,0.8,1.6,0.8,0.4,0,350464,3
63,8,159,10.9,11.9,9.2,38.9,28.9,9.8,15.2,13.1,15,5.1,1,3538580.5,8
63,10,120.5,8,12,6,25.9,26,5.9,9,11.1,12.5,4.1,0,2800129.1,5
63,11,88,6.1,10.1,8,10,24.1,2.9,6.9,6,7.9,2,4,1993366.7,4
63,12,35,0,7,1,5,8.9,2,2,6,3.1,0,0,820959.2,3
63,13,120,6,6.5,5,28,25.9,4.6,19,9,12,3,1,2776323.5,7
63,14,228,15.9,22.9,6.1,38.9,44.9,5,22.1,33.9,17,14.1,7.2,5417010.6,6
63,15,51,3.1,6.9,1,9,9,1,5,5,6.9,3.1,1,1172318.1,3
63,16,489.5,36,46.5,15.9,112,100,14,51,48.1,41,17,8,1.13355761E7,3
63,17,218,16.8,16.8,8.1,39.7,56.2,8.1,18,24.1,19.1,6,5.1,5277509,14
63,18,287,12.6,36,12.9,51.7,74,9.2,43,19,14.4,5.1,9.1,7372468.7,14
63,19,856.5,53,86.2,34.9,180.2,188,31.9,101,69,69.4,16.8,26.1,21089153,21
63,20,345,14.9,30.3,17,54.2,90,9.1,52,29,28.3,9.3,10.9,8824569.6,16
63,21,506,20.8,35.6,27,98.1,100.1,19.5,63.1,53.1,54.7,20,14,12558829,9
63,22,239.5,13,23.5,12,43,56.9,7,26.1,17,19.9,11,10.1,6030766.2,5
63,23,14,0,2.5,0.3,0.6,4.7,0,1.3,2.6,1,0.7,0.3,336326.2,3
63,24,493,22.7,46.8,14.1,68.1,116.3,11,80.2,62.8,36.3,14.3,20.4,14987268,24
63,25,834.5,34,66.9,38.9,114.4,199.8,17.6,140.4,103.8,45.6,34.2,38.9,2.39043913E7,33
63,26,124,4,11,9,22.1,36.9,3.9,11.7,9.4,6,5,5,3615786.5,15
63,27,162,7.8,15,9.1,18,36.9,3.1,23.1,26.8,10.1,6.1,6,4611522,11
63,28,241.5,10,26.6,14.6,17.9,61.7,2.7,27.9,39.9,13,17.2,10,8042955.9,25
63,29,1,0,0.1,0,0.1,0.3,0,0.1,0.2,0.2,0,0,27154.7,1
63,30,5,0.1,0.3,0,0.9,1.5,0.1,0.6,0.6,0.5,0.3,0.1,147591.9,2
63,31,111,0.4,7.4,3.8,14.3,26.6,0.8,24.2,17.3,4.5,7.4,4.3,3605147.9,20
63,32,77,0.7,7,3.4,5.1,18,0.8,15.2,18,1.7,5.1,2,2463176.4,17
63,33,117,0.9,8.1,5.8,13,22.8,3.1,22.9,17.1,3.8,8.2,11.3,4244179,18
63,34,501.5,10.9,45.6,17.9,58,109.9,9.5,97,84.2,31.6,18.9,18,1.61592279E7,9
63,35,868,20.3,89.9,35.7,103,225.7,21.1,146.4,100.8,71.6,19,34.5,2.82077735E7,43
63,36,1157.5,45.6,140.1,58.8,176,284.6,30.9,164.2,101.8,74.7,33.8,47,3.41744763E7,30
63,37,251,14,21.6,10.9,50.1,60.1,4.8,35.9,26.9,15.4,3,8.3,7627402.6,16
63,38,914,23,95.6,51.9,106.8,223.9,19.2,126.1,113,75.2,37.3,42,2.62559913E7,33
63,39,467,15,50.4,24.6,58,120,11.1,52.7,52.9,35.1,16.2,31,1.28650528E7,17
63,40,79,3.8,4.8,4,17,18.2,4,10.2,8.9,4,3.1,1,1940404.2,7
63,41,581.5,14.6,56,23.6,65.7,137.4,8.8,111.3,96,31.1,14.7,22.3,1.86454302E7,37
63,42,356.5,14,24.3,20.1,38.8,96.7,8.4,47.8,47.1,20.1,14,25.2,1.07515259E7,20
63,43,164,10.1,8.1,7.7,35.5,34.5,6.2,23.8,18,10.2,6.5,3.4,4933786.5,9
63,44,202,9.4,17.6,8.8,33,45,3.1,37.1,26.2,10.8,2.1,8.9,5794206.4,13
63,45,431,7.1,40,27.1,46,96,4.2,73.1,79.1,14.4,10.9,33.1,1.29455477E7,15
63,46,560,19.1,46.8,44.1,70.9,126,10.1,102,78.2,30.9,21,10.9,1.42457596E7,7
63,47,2877.5,172.3,284.4,147,598.8,600,109.2,263.2,280,255.8,109.9,56.9,6.30672679E7,24
63,48,953.5,45,87.5,56,169.1,226.8,19.9,114.1,103.9,71,28.1,32.1,24061424,7
63,49,697.5,37.7,61.6,42.2,126.9,141.8,19.5,101,88.2,48.4,17.1,13.1,1.74824281E7,20
63,50,34,0,3,0.9,4,11,0,9,1,3,1,1.1,1080781.8,2
63,51,73.5,1.9,3.5,4.1,8.8,18,3.9,16,5.2,6.1,4.1,1.9,2067687.2,6
63,52,360.5,14.8,32.6,17.3,75.8,78.8,6,51.9,37.2,21.1,20,5,8413219.9,15
63,53,87,7.1,6.9,5,21.9,10.9,3,10.1,7,11.1,0.9,3.1,1885065,6
63,54,399.5,15.7,32.2,21.8,66.1,90.9,7.4,64,57.1,23.1,10.3,10.9,9599748.3,14
63,55,115,5.5,8.7,2.3,19.8,26.3,5.9,19.2,11.9,10.1,3.9,1.4,2593907.9,11
63,56,308,18.1,28.5,16.1,52.9,74,9.4,43.2,27,17.9,8.9,12,6869072.8,7
63,57,23,0.7,2.7,0,3.5,4.2,0,3.6,4.8,2.7,0.8,0,491930.4,4
63,58,215.5,10.1,26.9,8.9,34,48.1,6.5,27,26,15,8,5,5191684.9,8
63,59,210,12,31.5,13.1,32.1,51.9,5,24.9,9,19.5,3.9,7.1,4862341.6,10
63,60,504,38.9,26.2,25.9,114.1,106,13.9,76.2,44,40.9,14,3.9,1.06460087E7,12
63,61,59,0,14,0,14.1,12,0.9,5,5,7,1,0,1448385.6,5
63,62,140,2,14.9,8,24,35.1,4,18.1,13.9,9,6,5,3175045.5,4
63,63,52,0,5,0,10,10,0,8.9,7.1,4.9,5.1,1,1315219.3,5
63,64,615.5,24.6,47.5,42.4,91.1,130.2,19.9,96,94.9,24,33.9,11,1.25452779E7,10
63,65,295,6.7,38.4,17,36.1,91,6.9,34.1,37.1,11.4,10.1,6.2,6752185.8,17
63,66,25,0,5.7,0.7,5.5,5.5,0,2.9,1.9,2.5,0.3,0,541101.2,3
63,67,44,0,10.2,1.3,9.5,9.5,0,5.1,3.3,4.4,0.7,0,952338.1,4
63,68,444,21.7,43.9,19.9,78.7,100,9.4,61.8,37.1,39,21.1,11.4,9380349.8,26
63,69,7,0.3,0.7,0.4,0.7,1.2,0.3,1.1,2,0.1,0,0.2,168668.7,2
63,70,131,4.2,16.6,6.3,17.3,25.7,4.4,16.6,19.3,7,7.5,6.1,2653238.9,16
63,71,133,4.2,12.2,7.8,17.3,28.4,2.1,24.8,18.2,4.8,10.1,3.1,3293881.4,24
63,72,16,0,1.6,1.3,1.3,4.2,0.7,1,4.3,0.3,0.3,1,388179.2,1
63,73,33,0,3.3,2.7,2.7,8.8,1.4,2,8.8,0.6,0.7,2,800619.6,4
63,74,70,7.2,3.5,4.2,15.2,10.8,1.3,8.2,8.7,7.1,3.4,0.4,1434364.9,7
63,75,15,0.9,1.4,0.4,3.2,2.2,0.4,2.7,1.8,0,1,1,328200.2,4
63,76,14,0,0.6,0.3,2.3,3.3,0.5,3.1,2.8,1.1,0,0,298999.9,5
63,77,37,0,1.7,0.7,6.4,8.7,1.3,7.8,7.4,3,0,0,790214,9
63,78,117,4.9,10.2,6.6,20.4,21,4,21.7,9.3,8.9,8.9,1.1,2420017.3,30
63,79,207,11.1,20.7,3.8,40.8,49.8,3,31,18.3,20.3,6.2,2,4162224.9,23
63,80,92,6.5,8.4,5.8,12.4,18.1,0.8,11,16.7,3,6,3.3,1946337.3,25
63,81,2885,77.8,195.3,162.5,378.1,504.1,42.9,386,569,135.2,394.2,39.9,5.67307094E7,22
63,82,1066.5,34.7,94.4,68.2,134,222,28.2,157.3,173.4,63.3,73.1,17.9,20381843,36
63,83,356,24.6,41.3,31.8,55.1,82,9,34.6,35.3,22.9,11.3,8.1,7575390.7,32
63,84,63,2.7,9,3,12.7,10.7,1.1,9.9,5.2,5.2,3.5,0,1134896.9,19
63,85,112.5,4,9.5,3.9,13.9,25.1,4,22.7,15.8,8.5,5.1,0,2501470.8,25
63,86,59,0.9,4.6,8.9,9.2,15.3,0,11.4,1.9,4,0.9,1.9,1375136.8,16
63,87,76,7.1,3.9,1,14,11,1.9,18,7.9,5.3,5.3,0.6,1528283.4,14
63,88,87.5,8.2,6.4,2.9,25,10.3,3.9,17.8,4.9,4,1.1,3,1833083.3,12
63,89,22.5,1.3,2.3,1.3,3.3,5.9,0.7,2.5,3.8,0.7,0.7,0,547755.3,5
63,90,191,9.9,11.9,15.8,29,40.6,4.1,40.9,26.7,7,5.1,0,4023718.4,25
63,91,45,1,7.9,2.1,4.9,15,0,6,5.1,3,0,0,945604.3,6
63,92,88,5,11.1,4,9,18,1.9,14,13.1,8,3,0.9,1218024,6
63,93,42,1.1,3,4,5.9,11,0,7.9,3,0,4.2,1.9,838348.9,8
63,94,62,3.9,5.2,2.9,13.8,7,2.1,8.2,9.9,5.2,2.9,0.9,981438.6,8
63,95,21,0.3,2.8,2.2,4,4.1,0.9,3.2,0.3,1.9,1.3,0,322551.6,5
63,96,6,0.2,1.2,0,0.5,1.3,0,1.3,0.6,0.2,0.7,0,106797.6,2
63,97,45,0.9,7,3.1,3.8,12.1,0,5.9,4.9,2.1,4.1,1.1,990838.4,9
63,98,245.5,1.9,21.5,13.2,37,49.9,10.4,27.8,42.1,17.4,23.3,1,4729910.2,11
63,99,23,0.9,2.1,0.6,2.5,6,0.4,4.6,2.5,2,1.4,0,368498.2,6
63,100,21,1,2.1,0,2.5,4.5,1,5.1,1,2.1,1.1,0.6,429044.1,4
63,101,250.5,12,20.4,11.1,46.9,57,2,38,38.8,9.2,10.1,5,5087246.1,10
63,102,46,0,3.9,4.9,5,10,0,9,8.1,2,3.1,0,979004.3,4
63,103,120,3.9,7.4,4.9,17.1,32,2.1,18,19.9,3.5,8,3.2,2620594.6,5
63,104,116.5,0,9,7.2,11,29.9,2.1,27.9,12.9,7.5,3,6,3125541.7,7
63,105,707.5,25.1,56.8,21.2,111.7,143.1,15.7,113.8,133.2,32.4,41.6,12.9,1.47866143E7,35
63,106,74,4.9,2.4,3.6,18,11,1.7,16,7.9,3.2,5.3,0,1629447.6,7
63,107,1179.5,31.8,114.3,59.2,150.1,275.9,21.7,176.1,175,75.3,77,23.1,2.43442029E7,23
63,108,313,11.9,27.8,19,38,58,8,54,59.1,16.1,14.1,7,5644604,14
63,109,1200,24.9,72.7,46.5,140,203.1,15.9,218.8,311,44,102.1,21,22095368,14
64,0,179.5,9.2,19.4,8.9,30.9,37.1,4.9,12.1,27.1,14.9,12,3,3597627.5,8
64,1,2,0.1,0.1,0.1,0.3,0.3,0.1,0.4,0.4,0.2,0,0,39640.2,1
64,2,53,3.6,3.6,2.8,7.3,12.8,0.8,7.3,2.8,4.7,3.6,3.7,1302977,3
64,3,123,7.1,17,5.8,14,25,1.9,21.2,13,3.8,12.2,2,2809411.6,8
64,4,19,1,2.7,1,2.9,5.6,0,1.9,1,1.3,1.6,0,447246,4
64,5,80.5,8,8.6,5,20.9,15.9,4,2,3,5,7,1.1,1812323.9,6
64,7,7,0.5,0.2,0.8,1.7,1.2,0,1,1,0.4,0.2,0,179392.1,2
64,8,59.5,3,3.5,7,11.1,12.9,0,8,6,2,2,4,1363190.3,3
64,9,224,7.8,29,4,22,70,5,30,24.1,12,15.1,5,5243776,9
64,11,420,19,40.1,20,67,103.9,9,69,38.9,33,15.1,5,9089651.4,3
64,13,96,1,12.8,3.7,12.9,28.5,5.5,6.3,13.1,8.3,2.3,1.6,2317273.4,4
64,14,52,4,5.3,0,10.6,8.8,2,4.1,6.9,1.4,6.9,2,1291433.3,5
64,15,1,0.1,0.1,0,0.2,0.2,0,0.1,0.1,0,0.1,0.1,24835.3,1
64,16,59,2.1,7,3.1,6,17.1,1,8.2,8.8,2.7,2,1,1508544.6,6
64,17,3792.5,192.4,365.3,261.2,737.3,787,114.4,437.2,407.1,256.5,160,74.1,8.00292389E7,19
64,18,29,0,4.2,1.4,5,8.5,0.7,2.8,2.9,2.8,0.7,0,743697.5,2
64,19,135,3.8,8.9,9.1,18,36.9,3,20.1,19.1,9,6.1,1,3579535.3,6
64,20,944,53.6,93.6,48,166.7,223.1,30.4,130.2,69.2,74.6,24.3,30.3,24706336,21
64,21,2,0.1,0.2,0.2,0.3,0.5,0,0.4,0.2,0.1,0,0,60219.1,1
64,22,71,0.9,7.4,5,6.1,22.1,2,13,6.1,3.4,1,4,2344564.6,7
64,23,1,0,0,0.1,0.2,0.1,0,0.2,0.2,0.1,0.1,0,23548.4,1
64,24,369,12.5,33.2,15.9,41.1,92.8,6,49.8,56.1,36.7,14,10.9,1.09617707E7,28
64,25,219,12.3,21.5,10.8,36.3,50.9,3.9,26,23.1,11.2,8.9,14.1,6116884.3,20
64,26,264,19.1,24.2,13.1,39.9,48,6,42.1,43.1,13.6,6,8.9,7642291.3,10
64,27,192,5.9,21.8,13,22.1,38,3,23.1,34.9,10,6.2,14,5981599.3,6
64,28,8,0.2,1,0.4,0.8,1.9,0.1,1.2,1,0.8,0.4,0.2,270338.9,1
64,31,28,0,5,0.6,3.7,7.1,0,6.6,2.8,0.6,0.7,0.9,991537,5
64,35,164.5,5.8,19.9,6,19,45.9,3,23.3,17.9,9.6,3.2,10.9,5684334.6,16
64,36,21,1.3,2.3,1.3,2.9,4.8,0.2,1.3,2.5,2.3,0.8,1.3,736065.3,3
64,37,562.5,19.2,49.3,17.9,78,126.8,11.5,93.3,78.6,35.7,20.1,32.1,1.73395631E7,29
64,38,1703.5,59.7,158.8,84.7,217.9,382,35.7,254.3,288,82.4,72.9,67.1,4.72440159E7,21
64,39,11,0.2,1.3,1.4,2.2,3.4,0,0.5,1.6,0.4,0,0,355226.3,3
64,40,201.5,5,25.8,6.8,19.9,50.9,4.1,30.1,26.9,12.6,9.2,10.2,6014571.9,17
64,41,1799,92.5,178,82.8,287.8,446.3,54,184.9,209,134.6,71.8,57.3,4.81327614E7,23
64,42,535.5,23.8,56.9,23.4,80,125,7.4,81,73.1,25.5,24,15.4,1.49846833E7,31
64,43,421.5,14,34.4,21.3,55.5,96,14.3,48.4,67.5,28.2,23.5,18.4,1.23407389E7,18
64,44,939,50.1,75.5,39,135.5,205.9,20.8,142.2,136.2,64.7,41.1,28,2.69967188E7,18
64,45,3478,147,406.6,164,509.2,742,119,379.9,512.9,270.5,131.8,95.1,8.60702111E7,14
64,46,2722,138.5,258.1,138,449.1,621,58.3,344.7,356,191.1,84.1,83.1,6.67604655E7,20
64,47,13578.5,1052,1676.3,1016.1,2828.1,2049.1,593.4,1266.1,1311.9,1325.5,200.1,259.9,1.865003395E8,9
64,48,10.5,0.8,1.4,1,2.1,1.9,0,2.1,0.5,0.5,0.2,0,210845.3,2
64,49,86.5,2.2,7.2,4.6,10.9,24.1,2,12.9,7.5,6.4,6.7,2,2083358.6,3
64,50,247.5,11,23,15.1,32,55,7.1,37,32.9,17.4,7,10,7218746.1,7
64,51,701.5,35.7,77.2,30.5,94,163,15.1,107.2,92.2,41.7,27.8,17.1,1.81997462E7,26
64,52,81,6.9,4.1,1.9,10,21,3.1,10,11.2,6.8,6,0,1972946.5,9
64,53,72.5,3.9,7.1,5.5,14,15,4,9,5.1,4.9,2,2,1681930.5,5
64,54,438,16.8,43.6,22,63.9,91,8.4,75,58.2,20.9,29.1,9.1,1.04440042E7,15
64,55,679.5,32.8,69.9,31.8,133.8,149.6,18.5,81.2,62,60.5,15.3,24.1,1.54130957E7,18
64,56,112,5,7,10.9,20.1,23,2,21.9,13,5,1.1,3,2706480.3,10
64,57,47,3.9,4.1,0,9,12,2,8,3,3,2,0,1168891.8,6
64,58,68,2,3.9,4,15.1,16,1,8,4,11,0,3,1623907,3
64,59,391,18,42.5,16.9,84.1,92.9,12.9,44.1,30,30.6,5.9,13.1,9441903.8,14
64,60,13,0.5,1.2,0.2,1.4,3.4,0.7,2.5,1.7,1.2,0,0.2,314723.6,2
64,62,291,12.8,21.8,18.2,47,71,3.9,45,39.1,13.8,11.2,7.2,7207170.5,12
64,63,126.5,9.9,11,9,20.1,32.9,6,19,10.1,4.5,2,2,2798417.7,6
64,64,2961,114.5,312.9,211.4,461.1,620.1,64,380.8,381.3,189.8,170.1,55,5.94827587E7,23
64,65,103.5,1.8,6.1,8.9,15,18.1,0,22.2,22,4.4,2.1,2.9,2353687.6,13
64,66,100,4,14.1,4.2,22,20.9,2.9,10.9,10,10,1,0,1942055.6,10
64,67,247.5,16.1,25,13.9,40,53,10.7,39.3,20,16.7,9,3.8,5002190.5,16
64,68,75,6,9,4,15,15.9,4,9,1.1,8,0,3,1643075.5,5
64,69,142,16,20,8.1,27.8,29.1,8.9,6,8.9,10,6.1,1.1,2658289.7,14
64,70,61,3.9,3.3,4,13,11.9,2,10.9,6.1,5.9,0,0,1555177.7,12
64,71,72,4,3.9,3,9.9,13,1,17.3,9.9,3.9,4.1,2,1329967.1,12
64,73,5,0.3,0.3,0.4,0.8,1.2,0.1,0.5,1,0.2,0.2,0,114101.3,2
64,74,16,0,1.9,2,2.5,3.2,0,2.5,1.2,0,2.7,0,224633.6,4
64,75,308,15.9,32.5,17.2,76,50,8.8,33,37.3,18.6,13.5,5.2,6566558,27
64,76,96.5,6,5.3,6.3,9,32.9,0.8,12.9,10.2,5.9,6.2,1,2123566.4,16
64,77,159,4.6,20.1,7.1,24.9,44.1,3,23.3,12.8,14,4,1.1,3057465.5,29
64,78,86.5,0.8,8.5,2,16.1,20.3,0.8,15.2,13.8,7,2,0,1692461.2,16
64,80,41,0,1.1,2,4.1,9.1,2,5.8,10.7,1.1,5.1,0,923624.5,10
64,81,431,16.7,40.4,22.1,48.9,98.1,10.6,77.1,65.1,23.3,21.4,7.3,8678638.6,40
64,82,88,3.2,10,5.9,13.2,27,0.9,7.8,8.1,5.1,0.9,5.9,1880133.7,15
64,83,101,8,11.6,5,19.4,21.1,2.8,11.1,11.1,4.5,2.1,4.3,2119240.6,28
64,84,86,8,8,2.9,18.1,13.1,4.8,8.3,10.2,9.8,1.8,1,1579710.2,14
64,85,158,6.8,24.8,9.1,22.1,39.2,2.9,13,19.9,9.5,8.4,2.3,2872476.4,28
64,86,22,0.9,3.3,2,5,4.4,1.4,1.5,1.5,1.6,0.2,0.2,339916.9,6
64,87,40,0.8,7.1,2.1,4,16.9,0.8,1.1,1.1,4,0,2.1,825462.6,11
64,88,140,6.9,6.8,8.9,35.9,23.1,5.1,19.1,11,20.2,3,0,2899560.4,11
64,89,132,4.9,8.9,10.5,16.3,34.5,2.4,17.5,21.4,4.8,10.8,0,2632430.4,31
64,90,66,3,6.8,6.8,7,19.1,1,6.2,9,4,2.1,1,1364794.7,8
64,91,109,2.2,10.2,9.9,13.4,32.5,1.8,9.8,11.7,9.8,6.3,1.4,2142073.1,18
64,92,91,5.3,0.5,1.3,17.6,15,3.6,16.3,15.7,6.2,9.1,0.4,2141890.6,14
64,93,279.5,13,33.3,20.2,40.2,67,9.8,27.9,37,13,14.2,3.9,5563825,27
64,94,50,5,0.9,3.1,11,11,3.1,5,4,5.9,0,1,988964.4,5
64,95,27,1.6,2.3,0,6.6,3.8,0.5,1.1,6.8,2.7,1.6,0,545410,6
64,96,89,8.2,5,4,22,9.9,1.9,11.1,18.8,6,2.1,0,1438949.3,11
64,97,35,1,1.9,2.2,5.9,6,0,4,7,1,6,0,636083.5,6
64,98,86,1.4,10.2,10,3.9,27,0.9,7,15,5.6,5,0,1790991.9,11
64,100,222,6.9,25.1,7,42,49.1,6,27,29,20.9,8,1,4384118.8,6
64,101,278,9.9,31.8,9.4,47.7,65.1,4,30.1,39,13.2,22.8,5,5431132.3,14
64,102,101,6,7.9,8.9,13,21.9,4.9,22,4,4,6.2,2.2,1915023.4,8
64,103,428.5,12,40.7,24,50.9,107.9,4.7,80.1,53,22.1,24,9.1,8775334.7,14
64,104,1536.5,72.4,114.1,96.1,275.4,301,45.2,218.9,203.1,107.1,86.1,17.1,3.02920225E7,29
64,105,521,13,56,24.1,87,133.9,11,65.9,69.1,38,19,4,1.03225199E7,7
64,106,198,6.8,18.7,9.8,39,38,4,31,26.1,8.4,13.1,3.1,4497438.5,11
64,107,134,4,7,3.1,23.9,24,3,26,21,7.9,12.1,2,2781632.1,3
64,108,912.5,23.8,85.6,47.7,143.1,202.2,15.8,121.8,144.8,52.5,56.2,19,1.96102301E7,22
64,109,83,2.8,11,5.2,10.9,26.1,0.8,10,8,2,5,1.2,1661446.6,8
64,110,125.5,4.2,3.4,7.1,20.9,24.2,2.9,23.1,27,7.7,5,0,2408665.2,11
65,0,57,3,3.9,1.9,7.7,9.6,3,11.5,9.6,4.8,1,1,1129746.7,4
65,1,174,3.9,21,13,17,45,1,27,14.1,7.9,15,9.1,4058550.3,8
65,2,105,7.6,12,6.1,26,15.9,4,13.9,3.1,7.5,7.9,1,2170371.4,6
65,3,5,0.3,0.3,0.3,0.7,1.2,0.1,0.7,0.3,0.4,0.3,0.4,122922.4,1
65,4,33,1.8,4.5,1.8,5.1,9.6,0,3.3,1.9,2.5,2.5,0,776795.7,3
65,5,150,12.9,16.4,6,32,24,7.9,12.1,17.1,16.5,3.1,2,2990979.3,6
65,6,477,32.9,41.6,21.1,88.9,100.1,15.2,47.6,45.7,52.2,25.7,6,9974688.5,12
65,7,9,0.7,0.2,1.1,2.1,1.6,0,1.3,1.3,0.5,0.2,0,230646.9,2
65,8,136,3.9,13.8,7.9,17.2,30,2,20,19.1,11,7.1,4,2878292.8,9
65,10,5,0.4,0.2,0.2,1.5,0.8,0,0.9,0.2,0.5,0,0.3,133526.2,1
65,11,40,3.5,1.8,1.8,11.5,6.2,0,7.2,1.8,3.5,0,2.7,1068209.9,5
65,12,16,0,1.6,0.8,2.1,4.5,0,1.6,2.9,1.3,0.8,0.4,373394.6,2
65,13,662.5,33.9,70.8,35.5,124,163.2,28.2,88.1,42,47.7,15.9,13.2,1.55790762E7,15
65,14,204,9.1,21,12,36.9,51,8,24.9,11,15.9,3.2,11,4981120.7,7
65,15,334,24.9,40,17,65,74.9,18.1,32,20.1,24,7,11,7949049.5,6
65,16,321,19.9,26.3,13.1,66,58,8.7,35.2,54.1,20,11.8,7.9,6927850.7,10
65,17,525,49,56,28.9,125,110,18,28.1,31.1,39,25,14.9,1.20243502E7,9
65,18,12,0,1.7,0.5,2.1,3.5,0.3,1.2,1.2,1.2,0.3,0,307736.9,3
65,19,44,4.1,2.9,0.9,9,10,0.9,1,6.1,5,4.1,0,1094446.4,3
65,20,195.5,6.8,13.4,10.1,32.8,41.2,3.9,25.2,34.1,12.9,4.2,10.9,5832762.6,10
65,21,47,2,4.7,4.7,7.6,11.6,1,8.6,4.8,2,0,0,1415148.1,5
65,22,34,1,1,3.9,5.8,2.9,0,5.8,8.6,1.9,3.1,0,800645.5,6
65,23,672.5,27.9,58.9,42.9,100.2,167.9,16.4,78.3,74.1,43.9,29,33,1.96322697E7,15
65,24,73,4.2,7.9,1.9,17.8,18.2,1.8,4.2,8,6.1,0,2.9,2056154.4,8
65,25,52,1.9,8,2.1,2.1,17,0.9,8,10.1,1.9,0,0,1525879.4,4
65,26,743.5,25.8,73.9,27.5,108,174.7,14.4,122.3,100,51.6,21.1,24.2,23681715,21
65,27,201.5,6.9,18.9,9.1,28.1,55,6.6,28.1,15.9,13.9,5,14,6418463.9,12
65,28,163,2.7,19.1,12.7,15.3,41.1,0.9,25.7,21,12.2,6.6,5.7,5681160.2,5
65,29,638.5,12.6,42.1,29.6,74.7,139.8,10.7,118,107,39.9,31.8,32.3,2.15117058E7,39
65,30,61,2.9,7,5.2,4.4,16.8,0,8.7,8.2,4.2,1.2,2.4,1943819.7,10
65,31,308,11.9,25.9,6.9,37,67,5.7,41.3,59.3,21,9.9,22.1,1.02687069E7,24
65,32,4,0,0,0.2,0.2,0.8,0,1,1.2,0.2,0,0.4,136094,2
65,33,51,0,0,2.8,2.8,10.2,0.7,12,14,2,1,5.5,1735198.7,7
65,34,202,4.2,25.9,6.1,14.2,53.2,4.8,28.8,29.1,11.5,12.1,12.1,7999153.6,23
65,35,199.5,2.7,26.6,5.1,23.1,45.7,4,27,32.1,14.1,9.1,10,7234941.6,17
65,36,267.5,8.7,35.7,12.7,30.2,59.2,2.9,43.7,39.7,16.8,6.2,11.7,8773103.2,6
65,37,382.5,13,34.3,12,33,98,7.1,51.8,73,20,20.1,20.2,1.32931932E7,14
65,38,38,0.7,4.6,4.7,7.7,11.6,0,1.6,5.5,1.6,0,0,1227145.3,4
65,39,451,15.1,48.4,19.8,66,115.1,8.7,73,50,27.9,13.9,13.1,1.39075543E7,20
65,40,245.5,10.3,20,8.2,32,45.1,9.4,34,41.1,14.4,16,15,8035188.5,14
65,41,85,4,7.1,3.5,20,14,2,14.9,3,11.5,3,2,2405142.1,8
65,42,430,23.1,45.5,21.6,80.9,100,8,50.1,42,29,19.9,9.9,1.29041132E7,14
65,43,20,0.4,1.2,1.7,1.8,4.8,0.1,2.9,3.5,0.6,2.4,0.6,665660.3,3
65,44,1375.5,62.3,115.4,54,219.1,301.2,30.3,206.1,193.8,93.1,51.3,48.9,40075069,31
65,45,9743,647.9,954,598.1,1829,1807.8,351,1068.1,1059.1,881.9,298,248.1,200694921,11
65,46,20174.5,1613.1,1561,1202,5100.5,3607,731.4,1807,1839,1334.9,1006,372.6,4.236324852E8,6
65,47,14475.5,1059.3,1504,994,3158.8,2376,525,1457.9,1500,1244.8,440.1,215.6,247851447,15
65,48,795,51.5,60.7,47.3,151.8,153.4,22.3,86.7,108.7,53.1,38.3,21.2,1.93974291E7,18
65,49,665,21.2,66.1,30.9,96.9,172.2,15.4,82,90,45.2,21,24.1,1.85288836E7,17
65,50,791,33.9,102.7,41.5,114,195.1,24.3,86.9,87.6,61.1,28.9,15,1.95390324E7,30
65,51,196.5,12,16,8.6,33.8,53.1,6.9,24,21,11.9,5.1,4.1,5267489.7,13
65,52,130.5,3,9.1,2,11.9,28.1,2.4,29,28.9,5,8.1,3,3349794.7,8
65,53,63,6.1,6.9,6.1,13.9,8,1.1,9,2.9,5,2,2,1575539.4,5
65,54,332.5,14.9,32.8,16.5,62,86.9,10.5,44.9,21.2,24.3,10.2,8.3,8249630.3,9
65,55,339,18.6,36.4,28.1,69,72.9,12.5,26.9,21.9,33.6,8,11.1,7720174.6,6
65,56,236.5,9.9,32.5,12,34.1,59.3,2.8,28.8,30,12.9,8,6.2,5673102,20
65,57,416,20.8,34.5,16.1,72,94.1,14.9,62,50.1,31.4,9,11.1,1.05336218E7,17
65,58,799.5,42,87.5,37,164,173.2,22.3,86.9,80,63.6,26,17,1.63087203E7,17
65,59,201,11,18.5,9,32,55,5.4,36,14,7,6,7.1,4605844.7,3
65,60,657,34.1,57.5,43,123.1,147,18,84,55,43.4,30.9,21,1.49756043E7,12
65,61,43,1.5,3.8,0.8,4.6,11.5,2.3,8.5,5.4,3.8,0,0.8,1041008.8,1
65,62,107,2.9,9.1,6.4,26.8,21.5,5.4,8.9,13.2,12.3,0.5,0,2255454.2,7
65,63,17,0,1,0.6,3.3,4.4,0.6,1.1,1.6,3.8,0.6,0,345884.2,2
65,64,60,3.1,7,3.4,9.9,14.1,0.9,8,9,2.5,0,2.1,1353654.9,6
65,65,88.5,4,10.8,4.9,16.1,19,4.2,12,7.1,5.6,2.9,1.9,2127815.1,7
65,66,171,7,16,14.1,32,40.1,6.8,20.9,15,10.1,6,3,3430035.4,10
65,67,277.5,17.8,28.9,17.2,66,52.1,12.9,26,27.1,22.5,6,1,5804662.7,14
65,68,120,5.8,14.2,4.8,24.2,30.2,6.3,11.2,9.1,11.4,1.9,0.9,2378395.4,15
65,69,30.5,0.5,5,1.1,1.1,12.9,1.1,3.9,3,0,0,1.9,662847,7
65,70,49.5,1.9,7.1,0.9,9.9,9.9,2.1,1.1,9.9,6.7,0,0,966742,8
65,71,118,9.2,13.6,6.1,17.9,27.8,2.2,13.9,18,2.8,5.2,1.3,2559033.3,25
65,72,181.5,8.4,15,15.1,33,33.8,2.9,30.2,21,8.9,11.1,2.1,4085113.2,16
65,73,67.5,4.5,2.3,4.1,13.2,14.9,0.8,7.2,14.6,3.2,2.7,0,1556764.7,19
65,74,129,3.9,10,6.1,30.3,25.7,4.1,14.5,6.9,12.9,9.4,5.2,2662775,18
65,75,160,2.9,26.9,9.9,21.1,48.1,0.9,17.1,14.2,5.8,8.1,5,3285848.9,19
65,76,112,3,15.1,0.7,22.9,25.2,4,20.9,9.2,7,1.9,2.1,2402309.5,18
65,77,40,0.7,3.1,0.9,8,7.3,0.7,4.9,6.1,7.1,1.2,0,804675.4,12
65,78,23,0,1.1,0,5.8,3.1,0,4.9,4.9,2,1.2,0,565718,9
65,79,186,9.3,22.8,5.9,39,34.2,5.7,16.2,27.4,13.7,9.8,2,3754973.9,20
65,80,83,3.8,7,3.1,13.1,19.8,0,15.8,10.1,3.9,1.2,5.2,1725363,23
65,81,44,2.7,3,1.8,12.3,11,1.2,4.6,3.1,3,1.3,0,1012519.2,16
65,82,55,0.6,5.6,1.8,7.2,16.4,1,9.2,10,3.2,0,0,1289817.8,18
65,83,69,0.6,2.2,2.9,11,11,0.9,16.2,12.4,4.7,4.8,2.3,1645714.4,17
65,84,116,3.4,5.2,9.1,14.9,28.8,1.8,18.1,18.2,5.3,7.8,3.4,2266397.9,29
65,85,110,7.2,10,3.8,21.8,16.3,3.9,19,13.2,9,3.8,2,1906476.7,16
65,86,106,3.9,10.6,9,18,16.1,4,26,6.8,2.5,9.1,0,2194476.3,13
65,87,44,1.9,6.8,3.9,10,8.8,2.5,2.7,2.7,3.3,0.7,0.7,679833.7,10
65,88,66,8,6.1,7,10,11.9,0,2.9,11.1,3.9,5.1,0,1239081.9,8
65,89,103,5,8.9,7,8.9,25.3,1.1,16.9,17,5,2.2,5.7,1912891.5,15
65,90,33,0,5.6,4.3,3.4,6.4,0,5.6,3.4,0.8,3.5,0,645418.7,8
65,91,4,0,0.7,0.5,0.4,0.8,0,0.7,0.4,0.1,0.4,0,78232.6,1
65,92,23,0.8,0.9,1.1,2.3,6,0.8,1.6,5,0.9,1.1,2.5,522058.2,9
65,93,231,10.8,19.2,12,37.2,52.9,6.8,32.1,35,5.7,15,4.3,4601683.9,25
65,94,327,11,32.9,22.3,55,74.7,3,53,37.8,13,21.1,3.2,6347257.3,19
65,95,22,1.4,1.8,0,5.3,3.1,0.4,0.9,5.5,2.2,1.4,0,444408.2,4
65,96,30.5,0,6.8,1,2,6.1,1,4,4.1,3.5,2,0,448752.1,6
65,97,192.5,8,16.7,19,31,49.2,3.8,18.9,29.9,4.1,10,1.9,3689235.8,23
65,98,2,0.2,0.2,0,0.6,0.4,0,0,0.2,0.4,0,0,45748,1
65,99,37,3.8,3.8,0,10.5,6.7,0.9,0,3.8,6.6,0,0.9,846337.4,2
65,100,204,5.8,13.7,13.1,36,44.8,6.4,27,33.1,14.9,7.2,2,4011594.9,20
65,101,64,5.9,5,0,20,11,2,5,10.1,3.9,1.1,0,1396767.5,3
65,102,507,16.1,45.2,20.4,80.8,135.8,12.8,86.3,63.1,24.3,18.2,4,1.03493602E7,18
65,103,223,13.5,21.1,14.9,45,50.1,10.5,28.8,22.1,7.8,7.1,2.1,4472123.3,14
65,104,397.5,7.1,29.5,20.9,39.9,98.1,8.6,67.9,63,23.5,29,10,7709009.9,5
65,105,1186.5,54.5,96.4,86.1,197,231.1,31.9,159.1,167.9,69.4,85.1,8,2.12448871E7,13
65,106,582.5,25.2,38.5,36,107.1,116.2,6,89.8,82.9,42,30,8.8,1.17611354E7,21
65,107,1023,38.9,89.6,74.8,159,205.7,20,131,189.6,50.1,57.1,7.2,1.96206807E7,16
65,108,654.5,14.2,56.2,44,100.8,134.8,13.4,111,95.9,33.2,38,13,13209380,21
65,109,620.5,17,62.7,33,96.1,142,16.9,91.9,81.8,42,30,7.1,12544860,12
65,110,29,0,1.9,0,4.4,6.9,0,5.2,7.9,0.8,1.9,0,609433.1,8
65,111,4,0,0.3,0,0.6,0.9,0,0.7,1.1,0.1,0.3,0,84059.7,2
65,112,212.5,6.1,11.7,12,26,39,5.9,38.1,45,10.5,18.2,0,3937663,14
65,113,1677,39.5,118.3,88.9,182.2,314.9,15.8,311.3,371.9,69,153.3,11.9,3.22717813E7,17
66,2,460,26,47.7,19.5,75.4,101.9,10,68.3,50.4,30,24.8,6,9966068.5,7
66,3,21,0,5.2,0.4,0.4,6.3,0,1.7,1.7,2.1,3.2,0,410706.5,5
66,4,146.5,2.9,16.5,5,16.9,40,2,28,15.2,12.9,5.1,2,3462304.1,9
66,5,9,0.3,1,0.7,1.3,1.7,0.2,0.9,1.1,1,0.8,0,174378.8,2
66,7,2,0,0,0.2,0.2,0.3,0.2,0.5,0.5,0,0.1,0,54446.2,1
66,8,74,5.1,6,0.9,16,14,3,4.1,9,9,6,0.9,1629754.4,5
66,9,2,0.2,0,0.1,0.5,0.3,0.1,0.3,0.3,0.1,0.1,0,49040.3,1
66,10,345.5,23.1,39,17.9,75.2,73.9,5.4,37.1,26,31,9,7.9,8002714.4,8
66,11,89,5,6,2,15,23,3.1,11,5.9,9.9,5,3.1,2482539.9,4
66,12,25,0.7,0,1.4,2.2,7.4,0,3.7,3.8,2.1,2.2,1.5,694802.1,4
66,13,4,0.1,0,0.2,0.4,1.2,0,0.6,0.6,0.3,0.4,0.2,111168.3,1
66,14,20,0.8,2.2,0.8,3.7,4.4,0.8,2.2,1.5,1.4,2.2,0,497272,2
66,15,632,39.5,59.1,34,114.9,141.1,19.4,92.1,51,37.9,25,18,1.52500805E7,10
66,16,196.5,13,18.5,3,33,43,9.9,25,25.9,19.1,4.1,2,4512205.8,5
66,17,19,0.5,1.7,1.3,1.3,6.6,0.5,2.6,1.4,1.3,0,1.8,508358.6,2
66,18,8,0.5,1.1,0.3,1.9,1.9,0.2,0.5,1.1,0.5,0,0,205848.3,3
66,19,26,1,3,0,1.9,6.9,0,2.1,6,1.9,2.1,1.1,752818.5,4
66,20,338,13,31.1,11.9,49,74.1,8.7,56.9,43,26.4,18,5.9,9798642.9,7
66,21,3,0.2,0.2,0.2,0.7,0.8,0.1,0.3,0.2,0.2,0,0.1,85774.5,1
66,22,368.5,12.3,36.9,18.9,38,89,5,71.2,46.1,23.1,12,16,1.09904417E7,13
66,23,219.5,7.9,24,9.1,19,51.9,2,29.1,49.8,10.5,8.1,8.1,6572093.4,9
66,24,147,2.8,11,8,15.1,40.1,1.8,29.9,18,5.9,3.2,11.2,4750965.2,10
66,25,61,3,4,8,21.1,10.9,4,5,0,5,0,0,1288224.4,3
66,26,218,12.8,11.1,5.5,46.3,40.5,10,26.2,31.8,14.7,11,8.1,6741305.8,13
66,27,19,1.2,0.8,0,4.5,4.5,2.6,3,1.2,1.2,0,0,514209.6,4
66,28,3,0.2,0.1,0.1,0.6,0.6,0,0.3,0.6,0.3,0.2,0,90532.1,1
66,29,47.5,4,3.6,2.2,10.1,5.9,1.8,10.1,8,0.9,0.9,0,1402793.7,11
66,30,35.5,1,5.1,0,3.8,6,0.3,7.8,6,1.1,3.2,1.2,1022163.3,11
66,31,969,35.9,101.4,43.5,157,234.9,16,115.1,115.1,71.1,38.1,40.9,28870518,11
66,32,53,3.1,5.9,1.1,10,9,2,6.9,6,3.9,0,5.1,1859232.3,6
66,34,444.5,11.1,49.9,21.7,41.9,124.1,8.9,61.3,54.9,35.6,15.9,19.2,1.60150343E7,32
66,35,350,8.9,40.9,16,40.8,86,10.1,37.1,53.9,30.2,16,10.1,1.05842445E7,21
66,36,2280,77.5,190.2,113.4,339,506,55.6,309.8,345.2,133,111.2,99.1,6.97205944E7,35
66,37,1531,56.9,150.9,95.8,235.1,347,36.4,220.9,193,76.6,58.2,60.2,44382237,9
66,38,48,2.9,4,4.9,8.1,9.1,0,6.9,5.9,3.1,3.1,0,1355492.9,5
66,39,487,25.6,38.1,23.6,75.9,117.8,15.9,68.1,53,33.7,16,19.3,1.47136259E7,21
66,40,370.5,18.7,39.4,16,60.9,89,11.7,41.1,39.9,28.3,17.1,8.4,12967590,16
66,41,257,6.8,32.2,7.9,39.7,64.3,9.9,33.5,21.5,26.2,7.1,7.9,7686907.8,8
66,42,508.5,25.4,50.6,26.1,87,116,11.1,71,60.9,36.5,10.9,13,1.50764438E7,4
66,43,703.5,32,66.4,41.5,123.1,153.9,20.5,77,107.9,47.1,18,16.1,1.85260684E7,8
66,44,936.5,45,91,53,146,219,25.1,133.1,107.8,63.6,30.9,22,2.49724016E7,18
66,45,3146.5,154.9,323,188,517,687,106,355,409,225.5,106,75.1,7.45732595E7,8
66,46,14824.5,1015.1,1278.4,1024,3381,2908,486,1301.9,1416,1054,684.1,276,3.080650939E8,12
66,47,3487,211.7,383,228.6,681.1,711.9,106.8,442.1,282,274.6,77.8,87.4,84195289,22
66,48,727.5,32.1,63.1,31.5,129.7,145.1,18.5,92.8,93,60.6,34.1,27,2.04042457E7,9
66,49,18,0.7,0.8,1.5,5.2,3,1.5,2.3,3,0,0,0,457907.4,2
66,50,545.5,20,57.4,25.4,73.1,128.1,9,65.9,77,34.2,40.1,15.3,13811317,20
66,51,304.5,11.2,18.6,17.8,41.7,62.7,8,45.3,51.2,23.9,13,11.1,7732389.7,33
66,52,290.5,17.5,37.6,11,55,67,10,29.1,33,20.4,5.9,4,7770635.2,11
66,53,152,5.1,21.9,13.1,13.9,53.8,4,10.1,8.1,13.8,4.1,4.1,3805918.7,10
66,54,145.5,3,15,8.5,22,30.1,3,20.9,26,10,2.9,4.1,3698810,5
66,55,302.5,12.9,27.5,15.1,50.9,71,13.1,42.1,30,12.9,15.9,11.1,7417589.8,15
66,56,168.5,7.1,13,9.9,30,39.9,5.5,20.1,19,13,7.1,3.9,4028261.9,7
66,57,191,15,16.5,12.1,35.1,46.1,3.9,20.8,22,15.5,2,2,4767786.5,8
66,58,439,22.8,45.5,25,81.1,106.1,17.9,46,28.9,41.5,9.1,15.1,9597957.1,7
66,59,162,1.9,15.9,13.2,22,41,1,20,25.2,8.7,8.1,5,3573038.2,12
66,60,204,10.2,20.9,12.2,37,49.1,6,17.9,18.8,21.9,3,7,4337372.7,9
66,61,547,24,66,27.9,84.2,128.1,14,67.7,67,32.9,17.1,18.1,1.24568489E7,9
66,63,197.5,4.8,32.8,7.1,18.1,51.9,3.8,28.1,23.9,11.9,11.1,4,4555473.5,14
66,64,122,6,15,3.9,25,28.9,6.1,4.9,14.1,13,1,4.1,3083384.6,10
66,65,153,8.1,18.1,7.9,27,34.9,2.9,17.8,18.1,8.9,3.2,6.1,3388614,13
66,66,253.5,15.5,25,12,32.9,54,11,40.1,31.9,18,7,6.1,5832804,10
66,67,54,5,7.9,3,7,14,2,3,3.1,6,2,1,1146474,3
66,68,102,3.8,5.1,1.8,13.9,17.2,1.8,24.1,26.2,0,8.1,0,2441224.6,16
66,69,56,1.9,7,2,6.9,12,1,8.1,12,2,2.1,1,1169296.4,9
66,71,165,4.1,16.2,6.9,19,48.1,0.9,17.1,23.9,14,7.9,6.9,4060387.8,15
66,72,354.5,19.7,30.1,13.1,62,74,13.8,38.8,43,35.6,19.3,5.1,7623843.3,30
66,73,55.5,1.9,5.5,2.2,8.9,15,0.9,10,3.2,5.9,1,1,1171217.5,8
66,74,151,2.7,19.4,6.8,10.9,46,1.8,19.1,25.1,6,11.1,2.1,3286758.2,26
66,75,153,2.8,24.3,8.9,22,33.9,5.9,21.1,14.9,11.2,5,3,3186066.1,22
66,76,134.5,2.7,13.7,8,16.6,29.1,3.8,18.9,21.8,12.3,5.2,2.4,2817669.6,30
66,77,62,1.9,3.5,3.5,10.6,8.8,1.9,16.7,6.2,2.7,4.2,2,1365755.6,20
66,78,81.5,7.5,5.6,4,17.6,17.2,3.7,7.4,15,2.7,0.8,0,1694706.6,25
66,79,94,4.7,7.8,4.2,18.2,16,2.9,18.9,20.4,0.9,0,0,1964533.4,19
66,80,54,0,4.3,2,8.8,8.9,3,10.9,5.8,8.8,1.5,0,1092165.9,13
66,81,66,2.7,5.8,3.9,12.2,17.2,2.2,10.2,6.8,2.8,2.2,0,1524601.1,19
66,82,70,1.9,6.9,0,9.1,19.2,2.1,8.1,11,3.7,6.4,1.6,1466375,20
66,83,837.5,44.1,59.7,43.5,155,124.7,24.7,139,134.1,39.7,67.1,5.9,1.46493419E7,28
66,84,28,0,2,1.3,5.5,8.5,0.6,5.8,2.7,0.8,0,0.8,588369,7
66,85,14,0,1,0.7,2.7,4.3,0.3,2.9,1.4,0.3,0,0.4,294184.5,5
66,86,14,1,1.5,1,2.5,3.3,0.3,1.5,0,1,1.3,0.6,251880.1,5
66,87,31,2.3,3.4,2.3,5.6,7.3,0.5,3.4,0,2.3,2.8,1.1,557734.5,9
66,88,26,0.6,2.7,1.4,5.6,7,1.2,2.1,3.3,0,0,2.1,563382.8,6
66,89,97,1.9,11.1,4.9,10.2,25.9,2,23.9,5.1,10,2,0,1804106,13
66,90,265.5,12.4,28,16.1,46.1,65.9,3.1,27.2,30.1,19.5,15,2.1,5326554.4,28
66,91,22,2.8,0.3,0.3,4.1,2.8,0,4.5,4.5,1.5,1.2,0,448935.2,5
66,92,98,2.8,8.1,5,16.1,21,2.9,12,18.5,5,5.2,1.4,1818069.1,17
66,93,89,3.8,5.6,8.7,13.9,16.8,1,11,18.9,3.1,5.2,1,1752280.2,10
66,94,511.5,17,30,36,76.1,108.9,7,92,78.2,17.4,48.9,0,9591227.5,11
66,95,185.5,9,19.2,5,41.1,34.9,6.9,13.3,23.9,18.4,13.1,0.7,3523435,15
66,96,49.5,0.8,0.5,0.8,12.3,11.1,2.9,4.1,5,5.8,4.2,2,979113.4,12
66,97,42.5,0,4.3,3.5,9.3,7.8,1.7,6.9,3.5,1.2,3.5,0.8,938435.7,7
66,98,163,5.9,9.9,10.1,31.8,29.1,2,34,19,15.2,4.9,1.1,3279696.9,9
66,99,42,1.9,1,8.1,4,14.1,0.9,6.9,4,0,0,1.1,920077.2,6
66,100,152,5.8,18.8,10.9,22.5,29.5,0.9,24.5,23.4,8.9,5.9,0.9,3014929.6,9
66,101,185,4.1,16.6,13.6,20.8,43.9,7,27.9,36,6.9,7.2,1,3740123.2,17
66,102,2552.5,70.8,197.9,175.5,343.2,559,50.5,343.8,459,109.7,208,35.1,4.67022438E7,32
66,103,14.5,0.5,0.9,0.1,2,2.5,0,3.4,3.2,0.8,0.9,0.2,327464.8,3
66,104,678.5,18.9,65.9,44.9,111.1,150,17.8,98,104.1,19.5,42.2,6.1,1.26975541E7,16
66,105,115,9,11,7,24.9,20,1,22.1,6,10,3,1,1954571.5,3
66,106,1216.5,49,97.9,74.1,196.9,224.1,35.9,211,184.9,67.7,61.1,13.9,2.23949591E7,14
66,107,2579,88.1,242,138.5,404.3,519.9,48.4,380.1,434.5,129.9,153.2,40.1,4.75335393E7,19
66,108,1499,84.9,117.8,121.3,285.8,301.9,31.1,170.9,180.1,100,85.2,20,2.79996112E7,20
66,109,358.5,13.9,22.2,22.1,56.9,67.1,5.6,43.1,77,16.5,33.1,1,7525803,16
66,110,117,2,11,5.1,3.9,29.9,1.1,34,14,8,7,1,2537789,5
66,111,242,10,15.1,14,33.8,59,2.9,34,33,14.1,14.1,12,4693614.3,18
66,112,125.5,0.8,14.2,4.6,6.1,41.2,0,20.1,26.1,7.4,4.2,0.8,2686676.3,21
66,113,24,0.6,0.7,1.7,4.7,5.2,0.7,2.8,4.1,2.4,1.1,0,438919.9,4
66,114,287,11.7,14.1,22.4,35.2,57.9,1.9,51.7,57.1,15.1,19.9,0,5622407.3,22
67,0,151,11.5,11.5,6,38.3,30.1,4.7,19.5,7.3,11.3,5.8,5,3602930.3,5
67,1,6,0.6,0.6,0,1.5,0.8,0.2,0.6,0.7,0.7,0.3,0,140953.5,1
67,2,1779,85.6,179.6,104.4,309.8,373.1,40.8,192.8,231.2,99.4,137.3,25,3.83508708E7,15
67,4,1,0,0.1,0.1,0.2,0.2,0,0.1,0.1,0.1,0.1,0,19375.4,1
67,5,39,1.6,4.4,3.2,5.6,7.2,0.7,4,4.7,4.4,3.2,0,755641.4,3
67,6,167,9,27,3.1,18.1,52.3,3.6,10.1,19.4,16.1,5.2,3.1,3716739.2,7
67,7,13,0,0,1.6,1.6,1.6,1,3.3,3.3,0,0.6,0,353900,2
67,9,51,4.8,0.9,1.9,13.5,6.7,2.9,7.8,6.7,2.9,2.9,0,1250526.9,2
67,11,216.5,19.6,18,22,47.9,52,5,23,9,13.9,5.1,1,5026539.9,3
67,12,5,0.1,0,0.3,0.5,1.5,0,0.7,0.7,0.4,0.5,0.3,138960.4,2
67,13,269,14,28,8.4,51.1,68,10.4,33,16.9,22,8,9.2,6451321.3,5
67,14,116.5,9.2,10.5,5.2,30.6,29.9,1.2,12.3,5.2,8.9,3.5,0,2809679.6,6
67,15,3,0.1,0.3,0.1,0.6,0.7,0.1,0.3,0.2,0.2,0.4,0,74590.8,1
67,16,67,0.6,8.2,6.7,9.7,18.4,0.6,8.3,3.7,4.6,1,5.2,1797364,5
67,17,302.5,12,37.5,11.9,44,78.7,8.6,37.1,29.9,20.6,12.2,10,7842695.5,10
67,18,28,1.5,3.9,0.8,7,7,0.7,1.6,3.9,1.6,0,0,720469.4,3
67,19,2143,135.5,270,110.9,438,533.1,79,163,120.9,190.5,46.1,56,5.33247121E7,7
67,20,1011.5,46.1,81,57.9,175,198,21,182,121.1,55.4,31,43,2.69482264E7,9
67,21,63.5,2.8,6.3,3.9,9.3,16,1.9,7.7,7.7,3.8,0,4.1,1808150.2,7
67,22,41,0,3.1,3.1,8.1,10.8,0,4,7,4,0.9,0,769997.5,5
67,23,284,12,27.3,11.1,39,73,11,26.9,35.9,20.7,6,21.1,8712249.2,10
67,24,351.5,29,36.9,12,75,69,15,41.1,28,28.5,5,12,1.00897934E7,4
67,25,66,3.8,8.2,3,13.9,14,2.1,6.8,4.1,9.1,1,0,1572714.2,10
67,26,4081.5,203.9,303,192.5,900.5,779,85.5,475.1,535,217.1,263,126.9,1.063113338E8,8
67,27,5789,252.8,497.5,336.4,1215.9,1220.1,146.5,605,649,335.6,339.1,191.1,1.513300211E8,10
67,28,4,0.3,0.1,0.1,0.8,0.8,0,0.4,0.8,0.4,0.3,0,120709.5,3
67,29,30,1.7,0.8,0.8,6.5,5.6,0.4,3.1,6.5,2.9,1.7,0,905321.2,4
67,30,941.5,31.2,118.8,33.4,103.5,245,15.2,143.1,119,62.8,34.3,35.2,2.92674156E7,25
67,31,28,0,2,0,4.9,4,0,7,5.1,1.9,1.1,2,886798.5,4
67,34,680,16,66.8,21.4,57.8,137.7,6.8,91.4,175.8,39,36.2,31.1,2.42147894E7,30
67,35,1178,48.9,136.9,66.9,168.7,299.9,27.8,151.1,119,81.4,33.1,44.3,35635842,24
67,36,715,29.5,92.2,34.8,100.8,184.9,19.8,81.1,71.2,60.5,13,27.2,2.03360816E7,11
67,37,125.5,9.9,7,3.5,29,18.8,0,25.1,19.2,5.8,6.2,1,3902755.5,8
67,38,101.5,2.2,10.9,2.2,11.8,28,3.2,7.9,19,9.4,4.7,2.2,3190526.4,9
67,39,1278.5,69.8,108.9,62.8,279.9,267.1,38.5,112,158,105.1,39.1,37.3,3.60818569E7,22
67,40,377,20.2,35.3,11.9,60.2,99,11,39,43.8,35.6,13,8,1.24394621E7,11
67,41,3,0.1,0.3,0.1,0.4,0.6,0.1,0.5,0.5,0.3,0,0.1,86654,1
67,42,636,34,63.6,34,115,162.9,17.4,79.1,49.9,46.7,15.3,18.1,18264355,14
67,43,386,14,28.9,20.3,54.9,95,9,50.9,48.9,30,22.1,12,1.11580177E7,13
67,44,165.5,6,12.6,8.4,17.9,37.9,1,27,32.1,8.5,8.9,5.2,4515597.8,9
67,45,1020.5,81.8,109.5,73.7,214.2,213.1,44.9,81.9,72,97.5,18,13.9,2.34352262E7,16
67,46,4946.5,352.6,553.6,392.4,1017.9,902.1,177.5,536.9,403.9,423.6,108,78,8.92024713E7,14
67,47,1671,102.8,189.4,137,309.1,357,51.6,177.9,130,137,36,43.2,33540979,6
67,48,945,36.8,93,47.4,131.9,229,24.2,134,112.9,60.5,37.1,38.2,2.65366159E7,18
67,50,383,13.6,36.2,28.1,56.7,78.9,13.1,53.1,59.1,23.8,15.2,5.2,1.04591045E7,21
67,51,106.5,6,9.5,3.1,17,28.8,2,13,13.1,5.9,4.1,4,3019595.1,13
67,52,25,1.2,0,1.3,7.7,6.4,1.2,2.6,2.6,0.7,1.3,0,664307.2,4
67,53,14,0.7,0,0.8,4.3,3.6,0.7,1.4,1.4,0.3,0.8,0,372012,2
67,54,134,3.2,12.4,7,17.4,33,2.5,13.4,27,7.8,6.4,3.9,3491026.2,7
67,55,25,1.3,2.5,2,4.5,7.1,0,2.5,2,1.3,0.5,1.3,718171.6,3
67,56,58,1.9,8,3.1,5.9,12.9,0,12.1,11.1,1,0,2,1472870.4,6
67,57,338,21.1,26,16,69.9,63,9,49.1,39.9,35.1,5.9,3,8291042.5,7
67,58,178,17,10.1,4.9,43.9,36.9,5,19.1,16,19.9,2.1,3.1,4314722.4,6
67,59,89,7,10.8,4.1,17.9,21.1,4.1,12,3,7.9,0,1.1,2082302.1,8
67,60,49,6,2,0,12,6,0,12,7,2.9,0,1.1,1280203.4,7
67,61,192,6,16.8,18.1,19.8,49.1,3.8,27.1,29.1,9.8,6.4,6,4652653.6,16
67,62,420.5,13,41.4,11.4,56.9,90.1,8.8,52.1,78.9,32.5,25.2,10.2,1.03342769E7,15
67,63,1480.5,74.6,144.3,104.9,249.1,322.1,36.9,203.2,146,109.9,56.3,33.2,3.36586795E7,22
67,64,12,0.2,2.2,0.8,2,2.9,0.2,1.1,1.7,0.6,0,0.3,315505.4,2
67,65,30.5,0.7,5.4,2.1,5,7.2,0.7,2.9,4.3,1.4,0,0.8,801909.5,3
67,66,103.5,5,13,8,21.9,18.9,3,12.1,10.9,7.6,1,2.1,2215111,6
67,67,217,6.9,22,17.2,37.2,48.9,5.9,21.9,26.1,16.9,4.9,9.1,4609558.1,12
67,68,156.5,7.9,10.8,4,30.1,40.3,6.3,18.9,17.1,10,6.1,5,3280095.2,15
67,69,102.5,5.8,14,6,14,26.1,1,12,6,12.5,4.1,1,2199046.4,8
67,70,183,5.1,18.9,11.9,24.9,53.8,3,24,17,11.9,7.1,5.4,4328015.5,16
67,71,96.5,2.5,17.6,1.8,17.1,19.9,0.9,14.9,11,6.5,1.2,3.1,2215506.5,11
67,72,61.5,2.1,11.6,2.9,6.9,19.9,1.1,8,2.1,2.9,2.9,1.1,1244536.1,11
67,73,198,4.7,26.2,9.1,33.9,55.4,6.9,18.9,21.8,10.9,6,4.2,4334497.5,27
67,74,158.5,6,11.6,8.2,22.8,44,4.3,25.5,20.8,9.1,6.2,0,3579915.5,26
67,75,233.5,12.8,20.2,12.8,42.6,47,3.7,50.9,21,13,5.3,4.2,4580230.4,38
67,76,201.5,3.5,23.1,9.9,33.9,47,5.2,36,23,11.7,5.2,3,4549704,20
67,77,90,4.6,10.3,3.1,15,19.9,0.8,18.1,7,8.9,1.2,1.1,1963076.5,18
67,78,96.5,0,10.5,3,12.1,25.6,0.9,15.1,13,9.1,3.1,4.1,2150697.3,21
67,79,129,4,16.2,6,21,23.2,0,13.9,30.2,10.7,3.1,0.7,2727909.6,17
67,80,35,0,6,1.8,2,11,0,8,3.2,1,0,2,686467.5,12
67,81,57,3.9,3.8,0.8,10.6,8.1,0.8,10.4,5.4,3,7.9,2.3,1442340.9,19
67,82,125,2,13.1,6.9,16,29.9,3,29.2,10.9,4.9,6.9,2.2,2412871.3,18
67,83,42,2.2,2.2,3.1,8.8,8.8,0,5.8,8.9,1.1,1.1,0,805564.1,13
67,84,45,0,5.8,1.9,5.8,13.3,0,3.8,7.1,3.2,3.2,0.9,967235.4,12
67,85,282,5,26.8,15,42.8,45.3,8.8,45.2,43.9,23.9,24.3,1,5534328.7,26
67,86,150,10.7,14.1,8.1,33,32.1,3.8,15.3,11.9,12.1,8,0.9,3023745.1,18
67,87,134,4.8,15.8,5.8,23.9,35.2,4.9,15.1,10.3,9.9,8.3,0,2591614.1,17
67,88,12,0.2,1.2,0.6,2.6,3.2,0.6,1,1.6,0,0,1,260022.8,2
67,89,156,11.7,11.9,8.1,37.9,21,9.1,14.2,17.9,16,8.2,0,2651379.1,18
67,90,97,4.3,8.9,5,15.7,25,1.6,10.1,14.3,6.8,4.2,1.1,1739539.4,16
67,91,36,4.4,0.5,0.5,6.7,4.4,0,7.6,7.6,2.4,1.9,0,734621.3,6
67,92,49.5,1.5,1.9,0,16.1,4.9,4.9,5.8,5,4.1,3.1,2.2,1064320.8,6
67,93,331,17.9,32.8,16.7,64.9,70,6.2,35.2,37.2,21,25.2,3.9,6636041.4,22
67,94,538,17.8,51.1,35.5,74.1,138.1,12.1,64.1,65,34.5,33.7,12,1.07163944E7,26
67,95,59,4,4.1,1,12,12,0.7,9.1,7.9,4.1,3,1.1,1419462.9,8
67,96,3,0,0.3,0.3,0.6,0.6,0.1,0.5,0.3,0,0.3,0,66242.5,2
67,97,4,0,0.4,0.4,0.8,0.8,0.2,0.6,0.4,0,0.4,0,88323.4,2
67,98,32,1,4,4,5.8,6.8,0,6,3.2,0,1.2,0,702975.6,7
67,99,483,24.8,48.4,38,86.9,99.1,11,72.2,50,32.6,16.9,3.1,9802859.6,15
67,100,892.5,30.9,74.6,53.3,134.9,203,20.6,130,135.2,48,46.1,15.9,1.86613156E7,29
67,101,3,0.1,0.3,0.1,0.4,0.6,0,0.5,0.7,0.1,0.2,0,64862.7,1
67,102,174,2,16.4,19.5,15,54.9,3,16.1,29,8,5.1,5,3390908.9,10
67,103,152.5,6.5,11.5,4.8,27.9,31.4,5,25.6,22,10.8,5.2,1.8,3353281.5,8
67,104,266.5,8.9,20,13.9,36.1,67,6.9,28,44,16.7,20,5,5271542.3,9
67,106,1817,68.5,158.3,102.3,280,379.8,43.5,238,294,85.2,144.2,23.2,3.50903284E7,13
67,107,547.5,24,39.4,35.5,65.9,125,18.5,101,70,28.1,40.1,0,1.00038212E7,4
67,108,689,26,71.4,43,118.1,137.1,15.3,84,104,45.1,37,8,1.30581743E7,12
67,109,974.5,31.1,81.5,55.1,132.9,207.9,22,145.8,174.5,47.8,66.9,9,1.98869898E7,33
67,110,66,1.9,1,3.9,10,13.1,2,9,18,5.1,1,1,1313257.8,10
67,111,401,22.9,38.3,14.8,70.2,96,14.9,32,56.3,25.2,25.2,5.2,7531900.2,21
67,112,467.5,4.9,40.2,26.3,68,107.4,8.1,82.2,71.8,25.9,25.9,6.8,9353224.3,30
67,113,17,0.4,0.4,1.3,3.4,3.6,0.4,2,3,1.7,0.8,0,310901.5,4
67,114,79,1,3,6.2,4.9,8.9,1.9,12.1,24,3.9,12.1,1,1381399.9,9
68,1,143,2.9,16,7.9,15,34.1,2.1,20,20,9,11.1,4.9,3324224,10
68,2,3,0.1,0.1,0.1,0.7,0.7,0.1,0.5,0.4,0.1,0.1,0.1,73787.1,1
68,3,96,4,8.8,3,20,22.1,1,13,10,5,7,2.1,2447907.6,7
68,4,151,7.7,12.9,9.3,24.7,27.4,3.5,22.4,20.9,5.5,10,6.7,3338694.8,7
68,6,5,0.2,0.9,0.3,0.7,1.4,0.1,0.4,0.1,0.7,0.2,0,109937,1
68,7,208.5,9,17.6,7.1,29.9,56,4.9,25.9,23.9,14.1,14,6.1,5136219.3,7
68,9,111,4.4,2.1,4.9,18.8,26.4,4.6,19.3,15,11.5,1.9,2.1,2701890.9,9
68,10,147,5,14.5,10.4,31,40,5,14,9.1,11,3,4,3513495.7,5
68,11,96.5,8.9,10,5.1,24,20,4.5,4.9,7,5,7.1,0,2118061,5
68,12,8,0.7,0.7,0.7,1.1,1.6,0.1,1.1,0.4,0.7,0.4,0.5,156660.1,1
68,14,882.5,36.4,80,44.4,129,214.9,20.4,119.1,94.2,84,38,22.1,2.07158901E7,13
68,15,9,0.5,0.3,1.3,1.4,1.9,0.2,0.8,1.3,1,0.3,0,272258.4,2
68,16,151.5,9.9,19.6,9.1,23,39,4.9,14.9,9.9,10.9,5.1,5.2,4088047.2,9
68,17,20.5,2.1,2.9,0,5,5.5,0.2,1.1,0.7,2.6,0.4,0,534407.8,4
68,18,463.5,17.1,56.9,18.9,58.9,117.1,6.9,62.9,60.3,35.5,16.9,12.1,1.23573825E7,11
68,19,9,0.3,0.8,0.3,0.9,3.5,0.3,0.9,0,1.7,0.3,0,272376,1
68,20,60,5,0.9,3,16,7,2,8,8,7,3.1,0,1533484.7,5
68,21,197.5,9.9,19.5,8.1,34.1,44,3.9,27,21,18,9,3,5498717.4,4
68,22,47,1.1,4.3,2.4,7.3,6.2,1,7.7,12.6,2.1,1,1.3,1307828.1,6
68,23,25,0.8,0.8,2.5,5.9,5.9,0,4.2,3.3,0.8,0,0.8,714822.8,3
68,24,85,1.8,5.7,5.5,11.1,13,3,16.8,15.1,3.5,4.6,4.9,2461468,7
68,25,276,4,19.9,14.5,42.1,49.2,4,41,62.9,10.5,11.9,16,7709624.9,12
68,26,4946.5,198.6,421.3,232.5,926.6,1089.9,112.6,535,627,277.1,328.9,197,1.429376454E8,11
68,27,7543,344.1,659,423.7,1290.9,1507.8,185.1,968.9,956.1,524.4,398.1,284.9,1.974643995E8,17
68,28,17,0.8,1.7,0.7,2.3,3.9,0.1,2.7,2,1.3,0.3,1.2,566189.4,3
68,29,2610.5,116.6,252.4,131.2,460.3,606,63.5,308.3,309.1,186,83.1,94,7.50101519E7,28
68,30,148,7.1,17,2,20.9,43.9,7,23.1,9.2,10.8,0,7,4431790,9
68,31,39.5,0.8,5.5,3.2,3.9,4.9,1.8,10.3,2.2,3.9,2.2,0.8,1351266.1,10
68,32,139,8,11.8,5,30.7,19.7,2.1,18.1,27,9.3,1.1,6.2,4546179.9,14
68,33,318,8.6,23.8,14.7,27.3,66,3.6,65.9,48.1,19.7,14.1,26.2,1.10752885E7,38
68,34,3042.5,90.4,319.3,163.7,395.9,707.1,59,432.9,388.1,161.2,169.9,155,9.95146512E7,19
68,35,557,18.9,62.3,22,67.2,130.2,14.1,64.2,86.8,43.3,30.1,17.9,18628273,15
68,36,160,5.9,20.3,5.5,29.2,41.2,2.9,17,16.9,17.1,3,1,5020269.1,12
68,37,508,18.9,46.5,25.4,68,123,13,83.1,58,25.9,16.1,30.1,1.60059278E7,5
68,38,876.5,40.7,89.9,28.1,108,220.9,17.8,139.3,117,45.2,22.4,47.2,29347061,31
68,39,1222.5,61,126.6,43.9,195.8,285,33.1,165,121,90.1,47,54,3.89166968E7,17
68,40,8,0.4,0.5,0.4,1.7,1.2,0.6,0.7,0.7,1.2,0.6,0,314994,1
68,41,419.5,20,32.4,25,76.1,94.1,13,52.9,60,29,10,7,1.25127273E7,6
68,42,267.5,14.9,29.7,8.9,45,68.1,12.7,30,12.9,23.1,11.1,11.1,6762197,12
68,43,444,16,42.9,22,59.8,119.9,14.4,57.1,50.1,24.6,17.2,20,1.24451389E7,16
68,44,2889,153.3,272.5,146.6,571.9,647.8,86,359.7,267.4,209.5,75,99.3,7.61010766E7,22
68,45,2901.5,138.8,320.1,179.1,500,647.9,74.5,321,313.9,236,89.2,81,6.90041353E7,15
68,46,2605.5,154,324,144.9,505.1,607,67.9,301,191,201.5,57,52.1,6.16456978E7,7
68,47,668,25.4,73.1,37.9,119,146.6,12,112.2,72.8,42.5,10.4,16.1,1.82161365E7,10
68,48,7,0.2,1.3,0.4,0.7,2.7,0,0.8,0.5,0.2,0,0.2,187177.5,1
68,49,16.5,0.4,3.2,0.9,1.6,6.3,0,1.8,1.1,0.6,0,0.6,441204.1,5
68,50,969,58.4,93.5,45.1,173.1,220.1,16.4,116,125,72.4,30,19,25405046,11
68,51,294,12,28.1,19.2,73,58.9,9.9,38.8,14,31,6.1,3,7067407.7,10
68,52,193,4.8,17,7.8,24.1,51.8,1,33.8,25.9,16.9,4,5.9,5816834,8
68,53,334,9.8,27.9,29.9,45,74.8,6,54.1,41.2,22.1,8.2,15,8591745.3,13
68,54,359.5,8,36,21.5,39.9,91.1,6,51,46.1,27.9,15,17,9185439.2,11
68,55,150.5,6,6.1,12.4,23.9,33,2,18.1,26,5.9,10.1,7,3885865.3,10
68,56,157.5,3,12.5,6.1,25,36,1.9,27,20,13,4,9,4682493.8,3
68,57,115,5,11.1,3.4,22.9,25,1.6,20.2,7.1,10.8,2,5.9,3013650,12
68,58,238.5,6,26,18,29.9,59,3,32.1,25.1,20.4,7,12,6429905.9,10
68,59,68,1.9,11,1.1,5,18,1,11.9,10,2,4,2.1,1827828,4
68,60,375,15.9,24,14.1,67.1,91.1,7.6,58.2,39.1,29,17.8,11.1,9567767.1,17
68,61,742.5,30.1,74.9,31,118.9,173.9,19.4,100.1,97.1,61,23.2,12.9,18295045,15
68,62,880,38.6,78.3,38.2,147.8,175.8,24.9,158.9,110.9,58.6,34.1,13.9,2.12436241E7,20
68,63,10,0.2,1.6,0.2,0.9,3.3,0,1.3,1.6,0.9,0,0,208212.7,4
68,64,160.5,3,13.7,3.8,20.9,34.9,5.5,34.7,31.2,6.6,2.1,4.1,3961843.3,15
68,65,238,4.9,30.4,10.4,28.7,51.2,2.2,27,59.1,13,4.2,6.9,5781091.8,19
68,66,392,14.9,50.1,21.2,60.2,89.8,6.2,69.9,40.8,20,11,7.9,9403468.8,23
68,67,223,9,32.1,5,38.9,62.1,3,25,15.9,21.9,5.1,5,4939852,12
68,68,101.5,6,8,3,22.3,16.2,1.8,13.8,19,9.4,2,0,2119646.2,11
68,69,103.5,2,6.3,10.5,14.9,22.9,0.9,10,19.9,9,3.1,4,2150423,14
68,70,497.5,19.2,48.9,32.8,70.6,118.1,15,59.1,72.1,29.3,23.2,9.2,1.04211471E7,19
68,71,98,3,8.1,3.9,14.2,32.9,1.9,10.1,8,6.8,5.1,4,2300757.2,12
68,72,79,2.7,7.9,2.2,14.3,14,0.9,18.9,14,2.1,2,0,1665928.6,20
68,73,1077.5,28.5,90.2,92.1,154.8,234.1,12.5,162,178.1,49,51.1,25.1,1.97305034E7,20
68,74,526,8.8,61.4,32.2,58,114,9.2,62,89.2,37.1,41,13.1,11123392,33
68,75,460,20.2,45,19,87.3,106,11,54,46.9,34.8,17.7,18.1,1.06002655E7,33
68,76,48,1.9,5.8,0,7.1,10.8,0,4.8,9.2,1.9,4.2,2.3,1024622,13
68,77,63,1.9,8.8,1.1,9.7,16.8,2.1,10.1,3.1,3.2,3,3.2,1223369.6,13
68,78,34,0,1.3,1.4,3.7,1.8,0,10.5,11.4,0,1.9,2,765726.2,12
68,79,52,4,1.7,2,14,8.1,3,5.1,8.2,5.1,0,0.8,1053618.9,11
68,80,113,9.6,10.1,3.8,23.2,17,4.8,16.1,13.4,3.8,9.1,2.1,2125712.8,17
68,81,158.5,9,11.8,4.9,32.9,28.1,4.4,31.4,17.2,8.9,8,1.9,3142905.8,21
68,82,85,1.1,9.6,6.1,7.8,17.9,0.9,14.2,10.2,13,4.2,0,1384780,13
68,83,51.5,4.2,9.5,0.9,5.9,11.9,0,8,4.2,5.1,0.9,0.9,1052650.4,13
68,84,32,0,4,3.1,0,12,0,6.9,4.1,0,1.9,0,690523.1,6
68,85,38,3.9,3.9,2.2,9.1,5,0,6,6,1.9,0,0,709686.9,8
68,86,120,8,13,7.1,29,14.9,2,16.2,12,11.1,5.9,0.8,2323227.1,19
68,87,24,0.6,2.5,1.3,1.6,4.2,0,4.2,4.2,0.6,4.2,0.6,456803.7,6
68,88,180,15.8,24,5.9,41,36.1,7,14.1,9.9,18.1,6.1,2,3295927.6,15
68,89,139,13.6,11.9,5.1,24.9,23.1,2.8,18.5,14.1,7.9,15,2.1,3019826.2,20
68,90,51,4,3.1,4,10,7.8,1.9,9,5.1,1.9,3.2,1,979566.3,11
68,91,187,6,17.8,12.4,25.8,40.2,6,17.8,38,7,15,1,3563384.9,23
68,92,280.5,10.5,20.9,19.2,52.2,52,7.8,40.8,31.2,10.5,28.1,7.3,5261439.2,24
68,93,58,2.9,8.1,2,12,15.9,0.9,5.1,3.1,3.9,2,2.1,1139918.6,7
68,94,176,4.9,11.4,8.9,33.1,36.2,4,27.9,19.1,12.5,16.9,1.1,3637856.8,6
68,95,20,0,3.1,1.9,2.4,5.6,0.5,2,2,0.5,0.5,1.5,294712,6
68,96,192,13.2,7.9,6.1,43,28,4.8,32.4,26,16.4,13,1.2,3782061.4,26
68,97,34,1.1,4.9,3,4,4.9,0,4,6.1,6,0,0,676415,5
68,98,1222,48.9,87.6,85.5,182.1,265.1,28.4,159.8,205.9,51.6,84.1,23,2.16290615E7,13
68,99,2158,96,160,147.3,334.2,387.7,45.9,291,361.3,130.5,178.2,25.9,4.25904642E7,25
68,100,342.5,4,35,23.3,47,81,6.2,41.7,53,19.3,26,6,7255804.1,19
68,101,26,1.4,4.2,1.5,3.5,5.6,0.7,3.5,2.1,2.8,0,0.7,498841.5,2
68,102,227,9,20.4,9.2,43.8,48,5.8,34.8,21.1,18.7,12.1,4.1,4781179.6,16
68,103,247.5,8.6,26.7,7.1,43.1,55.3,8,37,27.1,14.8,17,2.8,4678619.3,19
68,104,241.5,13.9,23.3,13.9,42.1,43.9,8.9,32.9,27.1,15.6,17,2.9,4973183.3,16
68,105,238,17.1,30.6,10.1,41.9,41,5,28,22.9,15.4,24,2,4592961,8
68,106,2076,98.5,154.1,138.6,360,418.1,37.3,241.9,335,130.6,136,25.9,4.03291348E7,22
68,107,198,11,15,5,50,36.8,4.9,21,24.1,12.8,13.1,4.3,3886490.1,16
68,108,587,23.1,41.1,31.9,98.9,117,14.7,100,79.1,39.3,31.9,10,1.23846403E7,22
68,109,136,8,11,3,33,19.9,4,16.1,20,10,8,3,2921755.9,5
68,110,85.5,0.9,10.6,2,6.9,26,2,10.9,13.1,1,10,2.1,1374930.2,6
68,111,351.5,16.3,34,21,57,66.9,7,58.1,38.2,23.9,23.1,6,6393325.4,9
68,112,474,14.4,43.6,28.1,51,105.8,6.6,75.9,101.2,9.3,32.8,5.3,9668471.1,19
68,113,2,0,0.1,0,0.1,0.3,0,0.5,0.7,0.1,0.2,0,43850.5,1
68,114,19,0,1.2,0.6,0.6,4.9,0,1.3,3.7,0.6,3.7,2.4,447008.7,2
68,115,12,0,0.8,0.4,0.4,3,0,0.8,2.3,0.4,2.3,1.6,282321.3,2
68,120,143,5.2,8.1,4.1,13.7,20.9,0,32.1,46.9,0,10,2,3388914.8,15
68,121,358.5,7.9,13.8,19.3,53.9,57.3,6.9,55.9,88.2,14,39.1,2.2,7884232.6,12
68,122,95,2,2,3,13,10.9,0,17.1,39,3,5,0,2109366.5,3
69,0,26,0.8,2,0,7.1,4,0.8,7.1,2.1,0,1,1.1,727181,6
69,1,2159,106.9,196.8,129.2,359,420,64.6,264.8,305.2,123.5,155,34,4.42668179E7,14
69,2,397.5,13,64,26,57,112,6.5,34,36,27,12,10,8890155.7,4
69,3,38,1.8,1.9,0.9,8.4,9.2,0.9,6.6,4.6,0.9,0.9,1.9,934637,3
69,4,12,0.9,1.2,0.7,2.3,2.6,0.3,1.5,1.2,0.9,0,0.4,263433.9,3
69,6,75,2.7,12.7,4.2,10.3,21.5,1.9,6.6,1.9,10.3,2.9,0,1649055.5,6
69,7,126.5,7.9,12.1,2.5,31.9,29,4,10.9,11.1,9.1,4,4,2858002.8,3
69,8,5,0.5,0,0.1,1.1,0.5,0.4,0.7,1,0.5,0.2,0,115771.8,2
69,9,106,3,13,9,19,21,4.5,8,12,10.5,4,2,2351993.4,4
69,10,68,2.9,7.9,2,12,18.1,0,7.9,10,5.1,1,1.1,1707667.7,4
69,11,35,4,3,0,9,6,2,3,3,3,0.9,1.1,921647.6,2
69,12,133,10.1,13.4,10.5,32,18,4.4,15,6.1,13.5,7,3,2806228.5,4
69,13,89.5,4.2,8.3,8.5,15.9,19.6,2.3,6.9,8.6,8.2,4.5,2.5,2042814,5
69,14,6,0.3,0.2,0.8,1,1.3,0.2,0.5,0.8,0.7,0.2,0,181505.6,1
69,15,21,1.2,0.6,2.9,3.5,4.6,0.5,1.7,3,2.3,0.7,0,635269.5,6
69,16,218,7,21,7.9,33.1,56,8,39,18,10,13,5,5568344.5,5
69,17,69,4.8,7.6,1,18.9,12.6,2.2,7.9,1.2,8,3.7,1.1,1724070.5,7
69,18,128,4.9,18,12.9,16.9,32.1,5.9,14.1,4,9.1,6,4.1,3071266.8,7
69,19,22,0.7,2.1,0.7,2.2,8.5,0.7,2.2,0,4.2,0.7,0,665808,2
69,20,45,1.4,3.8,2,6.2,12.7,1,7.9,3.9,2.7,1.4,2,1471373.9,8
69,21,22,0.6,1.4,0,3.6,9,0,3,1.4,1,0.6,1.4,629338.7,7
69,22,225.5,10.8,18,10.3,34,50,4.9,37.8,27.3,15.3,6,11.1,6552794.2,12
69,23,606,29,71.6,42.7,101.8,155.3,18,63.4,35.1,54.7,16.2,18.2,1.66753174E7,15
69,24,122,4,8.9,7.1,18.1,29,4.9,19,17.1,3.9,4.9,5.1,3414858.7,5
69,25,8,0,0.3,0.5,0.8,1.1,0,3.2,0.8,0.5,0.5,0.3,218958.7,2
69,26,355,4,37,20.5,15.9,65,3,54,86.9,16.6,21.1,31,1.39122672E7,3
69,27,3616,151.5,397.9,153,469.1,699.1,114.4,405.1,552.8,306.9,161.1,205.1,1.129958966E8,15
69,28,477.5,18.1,38.2,28,73.7,98.2,7.8,88.1,54.2,28.7,17.6,24.9,1.61428607E7,8
69,29,4223,155.3,376.9,232.4,677.9,940,73.6,554.9,596.2,252.8,215.9,147.1,1.179701321E8,22
69,30,608,21.1,49.8,25.7,93.9,131.1,9.1,102,95.9,28.8,18.4,32.2,1.85591826E7,26
69,31,281.5,12,35.9,8.8,33,86,6.9,23.2,28.1,23.5,11,13.1,10031162,7
69,32,226,9.8,22.1,8,35.9,40.9,4,30,43,10,13.2,9.1,7105496.7,16
69,33,533,23.7,40.9,23.7,52.2,116.1,11.8,94,82.1,29.7,28.1,30.7,1.85397735E7,31
69,34,478,27.1,42.8,19,73,96.8,14.9,65.9,72.8,24.4,19.1,22.2,1.64544872E7,27
69,35,311.5,14.4,23.4,14.6,53.9,72.9,4.5,44.1,44,15.6,9.9,14.2,1.08389386E7,10
69,36,254.5,5.9,33.2,8.9,29.2,59,8.8,26,32,27.6,6.9,17,8695583.4,13
69,37,1027,58,113.4,45.5,195.8,247.8,24.3,103.2,93,87.7,22.1,36.2,2.96971536E7,23
69,38,410,16,47.9,26,63.9,113.8,13.8,54.2,27.2,25,5,17.2,1.27718865E7,10
69,39,42,0,3,2.1,7,12,0,0,5,11,0.9,1,1264556.4,4
69,40,459.5,19.7,59.9,18.7,66.3,122.9,11.2,54.1,41.4,35.9,15.4,14,1.43926285E7,6
69,42,65,4,4,3.1,11,12,3,9.9,10,4,1,3,1910022.4,5
69,43,941.5,37.8,93.8,35.5,156.9,229,15.5,149.9,103,58.1,28,34,2.64548246E7,16
69,44,4770,240.4,467,266.3,924.1,1005,123.3,557,552.8,338.2,187,108.9,1.187740258E8,17
69,45,2071,131.9,191.9,126,398,415.9,64.6,260,234.1,145.4,68.2,35,4.78017621E7,13
69,46,5855,248.1,581.3,367.4,993,1258,129.1,800.1,639.9,401.5,262.1,174.5,144651739,13
69,47,6,0.4,0.5,0.4,1,0.5,0,0.9,1.4,0.4,0.4,0.1,185947.6,1
69,48,299,10.3,36.4,11.2,55.7,70,12,35.2,30.3,22.4,8.1,7.4,8173608.4,12
69,49,535.5,19.8,51,27.4,87.9,124.1,11.8,92.3,52.9,35.5,17.9,14.9,1.56569561E7,24
69,50,96.5,1.9,8.2,3.9,16.1,18.2,4.1,15.2,16.9,7,3,2,2472994.6,13
69,51,71.5,3,3,5,9,18.9,2,14,11,3.6,0,2,2065402.2,4
69,52,274,10,21,20.2,41.9,69.2,9.2,38.1,22.8,18.8,9.8,13,6809026.6,9
69,53,1,0,0.1,0,0.1,0.3,0,0.1,0.3,0.1,0,0,29387.1,1
69,54,27,0,1,2.1,5,11,0,2.9,3,2,0,0,493500.8,4
69,55,4572,256.5,441.6,333.9,846.9,959.7,124.6,519.9,472.4,311.5,211.9,93.1,9.87343467E7,20
69,56,529,15.8,58.5,31.1,71.9,130.1,10.1,55.1,76.8,32.3,18.1,29.2,1.41053597E7,12
69,57,34,1.9,1.1,1.2,3.8,6.9,0,8.2,5.1,0,3.8,2,980834.1,10
69,58,149,3.9,13.9,11.9,15,36.1,1,34.1,15.9,5.9,5.1,6.2,4090361.4,6
69,59,74,1,9.9,4,8,20,1.1,9.9,11,3,6.1,0,1747432.6,9
69,60,15,0,1.4,0,2.4,2.5,0,1.9,5,1.2,0.6,0,429214.4,4
69,61,387,19,39.1,14,68.6,81.4,11.6,44.1,55.9,29.7,17.6,6,9270192.5,12
69,62,5735.5,272.3,564.4,412.4,991.1,1091.2,152.5,730.8,684.2,378.4,352.2,106,1.108438035E8,19
69,63,35,0.7,5.5,0.7,3.1,11.7,0,4.7,5.5,3.1,0,0,728744.5,4
69,64,390.5,12.1,45.4,22,62,76.1,4.9,66,60,27.8,7.2,7,9478614.7,23
69,65,325,13.6,41.2,12.1,57.1,78.9,8.1,40.9,30,27,5.2,10.9,7334879.5,10
69,66,42,1.6,5.2,3.5,6,14.5,0,1.7,5.2,4.3,0,0,783032.3,3
69,67,7,0.2,0.9,0.6,1,2.4,0,0.3,0.9,0.7,0,0,130505.4,2
69,68,764,33,82.7,46.6,109.8,186.9,14.1,116.1,88.2,50.5,18.1,18,1.70293501E7,21
69,69,112,6.9,14.1,3.1,22,19.9,1.1,11.1,14.9,10.9,7,1,2458766.8,7
69,70,413.5,22,40.5,13.4,79.9,75.2,12.8,56,52,37.6,21,3.1,8860139.9,14
69,71,105,2.9,9.1,9.9,9,29.1,1.8,16,10.9,6.2,8.2,1.9,2189045.7,15
69,72,76.5,5.4,5.2,7.1,17.8,17.1,0.6,5.9,10,5.2,2.2,0,1462925.4,16
69,73,4629.5,203,402.3,274.1,733,859.8,99,581,745.1,256,416.1,60.1,87277279,16
69,74,557.5,27.7,43.9,32.2,78.1,123.1,9.9,65.9,88.2,45.4,38.8,4.3,1.08703705E7,26
69,75,160,3,17.5,6.9,15.2,43.1,2,29,19.9,11.4,7.8,4.2,3607233,21
69,76,106,7.1,11,6,22.8,20.8,1.9,11,15.2,6,3.2,1,2134169.3,16
69,77,149,4.1,16,8,21,38.8,4.1,15.9,19.1,9.9,8.1,4,3307555.5,17
69,78,71,5.9,3.1,2.2,14.9,8.9,1.9,14,8.9,4.1,7.1,0,1390456,9
69,79,45,0,4.2,3,4.9,9.9,1.8,7.4,10.1,0.7,3,0,994957.5,16
69,80,165.5,5.6,19.2,15,16.8,43.2,6.2,24.3,20.7,8.1,2.3,4.1,3349366.7,30
69,81,205,8.9,22.6,15.4,29.6,49.4,3.3,25.1,20.7,18.8,9,2.2,4052907.4,27
69,82,80.5,2.1,5,3.2,17.6,16.1,2.3,10.8,9.8,7.6,0.9,5.1,1624905.5,16
69,83,77,3.9,7.2,2.1,17.1,15.1,1.8,5.9,11,8,4.9,0,1456721,11
69,84,253,11.9,24.8,11.9,51.2,53.8,8.6,37,26.3,15.3,12.2,0,5139129.6,22
69,85,84,3.1,2,4.3,21,10.8,2,12,13,7.9,7.9,0,1801647.1,13
69,86,21,0.3,2.1,1.1,1.3,3.9,0,3.9,3.9,0.3,3.9,0.3,399703.4,8
69,87,78,0.9,8.9,1.1,10.1,13.8,2.1,14.8,10.9,4.1,10.2,1.1,1453586.5,13
69,88,40,3,6,0,6.1,8,0.8,7.2,2,1.9,4,1,873310.3,9
69,89,51,1.8,6.9,1.8,8.8,9,0,8.3,6.2,6.1,2.1,0,1066470.1,12
69,90,72,4.9,5,6.1,14.9,11,0.9,12.1,9.1,5.9,2.1,0,1506081.6,11
69,91,106,4.9,9.9,3.9,17.9,25.1,6,10.9,9.1,8.1,9.1,1.1,2038309.3,12
69,92,142,7.9,15,6,29.9,24.1,3.9,12.9,18.1,14,8.1,2.1,2522165.2,17
69,93,154,8.9,13,7,22.1,37.1,3.8,19.8,21.1,9.1,7,5.1,3078033.4,18
69,94,316,11.1,37.2,17.9,50.1,74,10,35.2,32,15.6,23.1,9.8,6239944,22
69,95,129.5,4,9.3,7.1,16.6,41.3,2.3,19.1,13.3,4.3,9.3,2.9,2583953,17
69,96,198,8,24.1,7.1,34,42.8,6,24,25.9,16.2,8.9,1,3631812,13
69,97,270,7.8,20,17.6,42,71,5.2,30,44.2,13.3,17.9,1,5624014.6,14
69,98,72,0,3.1,2.2,7.9,17.1,0,14.8,21.9,0.9,3.2,0.9,1641142.6,11
69,99,151,3,8.9,11.7,15.1,35.1,4,27.2,24.8,6.1,9.1,6,3526305.3,16
69,100,85,2.8,7.1,2.9,14.9,14.1,5.1,12,18,8.1,0,0,1829566.8,6
69,101,67,6.6,7.9,4.5,13.3,10.4,3.2,8.6,3,5.1,4.1,0.3,1562675.5,7
69,102,333,20,41,12.1,74.8,77.2,10,28.9,31,25.8,11.2,1,6427100.1,12
69,103,117,5.7,10.2,4.1,28.1,29.8,6.1,12,6,9.8,4.1,1.1,2393918.3,16
69,104,501.5,25.9,46.3,36.1,97.1,127.9,13.1,45,48.1,41.9,12.1,8,9679448,14
69,105,40,2,4,2,4.9,12,0.9,3.1,3.1,6,2,0,832302.9,4
69,106,636.5,22.1,33.5,25.9,103,118.8,15,94.1,125,37.6,56.1,5.4,1.34344547E7,20
69,107,527.5,16,49,32.1,80.7,107.2,6,90.8,82.2,28.4,26.1,9,1.00364813E7,13
69,108,292.5,18,22,10,49.1,70.8,8.3,33.2,42.7,16.6,19.9,1.9,6356341.1,15
69,109,369,12.9,31.6,14.7,48.9,93.3,2,37.9,58.8,27,27.7,14.2,7495066.4,16
69,110,507.5,36.5,36,34.5,83,79.1,11.8,68.9,74,33.5,40.1,10.1,9581968.2,18
69,111,325,11.7,23.5,14,44,58.3,4.7,70,52.3,16.3,30.2,0,6624669.6,29
69,112,88.5,0.5,5.1,2.1,9.1,12.1,0,24.9,24.7,1,7,2,1967805.4,7
69,113,55,0,3.8,1,3,7.7,0.9,12.6,18.2,3.8,4,0,1205888.5,8
69,115,29,0,0,0,6.1,2,1,6.9,8,0,5,0,603931.7,4
69,117,105.5,2.8,5.5,10,18,20,2.1,20,16,3,7.1,1,2413854,11
69,118,162,1.3,13.9,11.7,22.8,35.4,3.1,27.6,30.8,7.4,7.2,0.8,3580345.6,25
69,119,14,0.3,1.3,0.4,1.4,4.5,0,0.4,2.8,0.3,2.1,0.5,349547.4,5
69,120,253,4.6,12.1,19.5,34.8,41.9,2.8,31.5,64.1,14.8,20.8,6.1,5157797.9,27
69,121,540.5,20.9,33,26,73.9,97.6,14.8,86.9,118.4,28.1,32.2,8.7,1.07719021E7,28
69,122,506.5,12.8,28.2,21.2,51.8,82.1,7.8,77.8,138.1,22.5,59.1,5.1,1.09380217E7,19
69,125,7741.5,227.4,516.9,532.4,1166,1469.1,131.6,1098,1556.9,328,618.2,97,150664910,11
69,126,1444.5,57.4,107.4,113,266,261.1,29.5,199.2,256,86,50.9,18,2.71521735E7,11
70,0,38,1.1,5.9,0,5,10,1.9,2,5.1,5.9,1.1,0,824317.4,5
70,1,147.5,3,11.4,8,24.9,40.9,3.2,24.9,13.1,7.1,9,2,3651352.4,12
70,2,11,0.9,1.1,0.6,2,2,0.7,0.7,1.1,0.4,1.1,0.4,258418.5,1
70,3,13,1,1.3,0.7,2.4,2.4,0.8,0.8,1.3,0.5,1.3,0.5,305403.7,2
70,4,131.5,9,20.5,16,22,28,1.5,15,7,8.5,3,1,2803332.9,4
70,5,33,0,7.9,2.1,1.1,11,0.9,5,3,2,0,0,712420.5,8
70,6,399,20.8,49.5,22,54.1,103.3,5.9,49.9,34,33.4,17.1,9,9169643.5,9
70,7,16.5,1.7,0.2,1.1,4.1,4.1,0,0,4.7,0,0,0.6,314033.5,2
70,8,52,2.2,4,1.5,6.2,9.5,0.8,8,8.1,2.2,7,2.5,1160808.6,6
70,9,88.5,2,13,4,7.8,27.2,1,9.9,12.2,9.4,2,0,2027923.5,5
70,10,273.5,21,34.6,6,57.2,57,6.5,19.9,25,31.5,11.9,2.9,5998806,6
70,11,3,0,0.3,0,0.8,0.6,0.3,0.1,0.2,0.6,0.1,0,64787.7,2
70,12,72,3,8,1.9,5,20,1,13.1,14,3,2,1,1739421.6,3
70,15,202,10.9,19.9,8.9,33.9,48.1,0.9,29.1,27.2,7.1,11,5,4781948.1,8
70,16,65,3.9,2.4,3.4,11.5,16.6,0,12.7,6.7,4.9,1,1.9,1759380.3,6
70,18,38,2.1,3.9,0,7.8,10.2,0,8,3.9,2.1,0,0,1233341.5,8
70,19,516,19.1,59.4,22.9,90.1,121.1,11.2,63.1,40.2,46.8,19.1,23,1.45570343E7,17
70,20,118.5,2.5,12,4.6,17.7,28.3,1.7,14.2,16.8,11.6,7.4,1.7,3388442.3,6
70,21,635,24.8,82.9,21.9,81.1,171.2,20.1,60,73,64.9,14.1,21,1.88618766E7,11
70,22,516.5,13.8,55.7,30.3,63,124.2,11.9,64.9,82.7,37.1,12.9,20,1.80045779E7,21
70,23,50,1.9,5,5.9,8.1,13.1,0.9,7,2,5,1.1,0,1473021.8,5
70,24,154,5,14.9,10.1,19,44.1,1,24.9,18.2,8,5.8,3,5621686.1,8
70,25,509.5,22.6,37.8,21.3,90.5,116.2,11,73.6,60.2,27.3,11.9,37.1,1.80398923E7,28
70,27,30.5,0,3,0.7,2.4,6.3,0,7.8,7,0,2.6,0.7,882687.8,6
70,28,230,4.7,23.2,15.5,24.6,63.3,2.5,36.6,33.3,7.5,6.2,12.6,7872760.9,9
70,29,1304,42.4,128.3,55.4,168.8,276.3,24.5,182.7,242.3,71.6,60,51.7,4.45169803E7,23
70,30,3266.5,117,327,169.8,471.2,749,60,441,439.9,219.4,113.1,159.1,9.41171152E7,15
70,31,1263,86.8,133.6,64.1,244.9,266.8,28.9,148,107,100.5,51.1,31.3,2.98343599E7,15
70,32,725,39.9,58.7,39.1,150,144.8,22.1,87.1,93.3,45.2,27,17.8,2.46529334E7,28
70,33,913,31.5,80.4,39.3,116.3,194.6,13.8,141.8,164.6,64.4,37.4,28.9,32125626,44
70,34,900.5,35.9,97.5,36.8,148.2,221.5,15.7,124.9,105.5,52.8,27,34.7,2.89206505E7,19
70,35,5,0,0.5,0.3,0.6,1.3,0.1,1,0.6,0.3,0.1,0.2,168141.6,1
70,36,1469.5,72,145,66.6,252.8,346.9,40.9,168,162.1,116.2,48.1,50.9,4.42229148E7,19
70,37,211.5,8.7,27.2,5,31,53,3.9,24.9,19,21.9,9.9,7,7379660.4,7
70,38,1366.5,68.6,131.7,65.7,257.1,315.1,19.5,173,135.1,102.6,37.1,61,4.06122937E7,15
70,39,279,7,33,16.1,36.1,61.7,4,44,29,18,12.1,18,8835948.3,13
70,40,527.5,16.8,63.7,28,64.6,145.4,7.1,68.9,57.9,23,24.8,27.3,1.92725645E7,23
70,41,4036.5,164.5,391.6,214.4,633.8,877.9,120.2,519,494.1,259.9,198.1,163,1.109449991E8,30
70,42,2062,91.6,219.8,101.8,299.1,491,42.3,274.9,241,144.6,72.9,83,6.41914444E7,40
70,43,1593,70.9,174.5,78.7,271,371.4,39.6,183.3,174.1,112.3,60.4,56.8,43439297,34
70,44,5352.5,302.5,422.2,322.9,1099,1135.9,159.5,679.8,557.1,362.5,187.2,123.9,125670403,18
70,45,4973,252.7,469.6,253.9,862.8,1019.1,161.5,658.1,577,350.1,239.2,129,1.238700012E8,16
70,46,3285,145.1,302.6,180,577,721.1,70.3,453.1,359.9,240,130.9,105,8.41000334E7,18
70,47,109,3.1,14,10,10,35.1,0.9,14.9,6.9,8.1,2.1,3.9,2847448.1,6
70,48,1060,49.3,108.2,56.2,146.8,241.2,28.1,148.1,152,60.9,34,35.2,3.16891736E7,27
70,49,391,21.4,38.7,24,55,105,6,58.9,29.1,26,8.9,18,1.06427741E7,13
70,50,508,31.1,40.4,27.4,83,119.1,19.4,77,55,35.5,7,13.1,1.46295759E7,9
70,51,87,5,3,6,17,22.1,1,5.9,17,4,4,2,2605447.3,6
70,52,112,5,10,7,19,22,1,23,13,1,5,6,3512359.3,5
70,53,154,8.8,19,6.2,27.9,35,4,16,13.1,19,3,2,3851029.4,9
70,54,2,0,0.1,0.1,0.2,0.9,0,0.3,0.1,0.1,0.1,0.1,40807.1,1
70,55,1491,77.4,160.6,78.8,266.9,348.9,36.1,189,129.3,125.8,26.1,52.1,3.81112723E7,18
70,57,678,32.1,76,27.6,117.8,174.2,22.3,81.1,56.1,54.8,18,18,1.73075222E7,14
70,58,184.5,9.9,13.5,16.5,33.1,43.1,2.5,26,22,7,6.9,4,4643790.5,12
70,59,73.5,2.9,7.5,1,19,13,4,10,6.1,7,2,1,2186008.1,3
70,61,847.5,27.1,115,61.1,118,193,24,100.2,102.8,56.2,35.9,14.2,1.81435166E7,20
70,62,4620.5,223.9,373.3,337.6,934.9,869,123.9,563.1,585.1,272.3,255.1,82.3,9.31770129E7,14
70,63,41,1.8,4.1,2,9.1,12.8,0,4.1,1,3,1.1,2,928661.7,9
70,64,552,20.1,44.1,44.9,84,122,16.9,81,64.9,35,25,14.1,1.24162294E7,8
70,65,104,3.8,6.3,4.8,20.8,25.2,3,20.2,10.1,3,4.7,2.1,2216330.5,6
70,66,2611,130.4,248,159,498.9,504.2,71.2,341.9,269.1,214.3,133.9,40.1,5.11909497E7,15
70,67,25,0.8,0.8,0,5.6,4.8,0,4,4,2.5,1.7,0.8,565421.4,4
70,68,638.5,21,71.5,39.1,95,138.9,13.9,117.1,57,50,18.9,16.1,1.31540097E7,6
70,69,132,4,18.8,6.3,20.9,31.1,4,21,14.9,9,2,0,3210304.1,12
70,70,40,0.9,3.1,3.1,4.9,5.9,0.9,5.9,7.1,0.9,5.2,2.1,727603.6,7
70,71,302,14.9,21.4,18.1,40.8,65,9,45,43.1,24.4,14.1,6.2,6558771.2,14
70,72,244,16.1,19.1,16.3,41.8,50.9,3.7,32.9,35.2,18.2,9.8,0,5416533.8,19
70,73,378,11,19.2,17.8,45,68.1,5.9,66.1,95.2,14.6,24.1,11,8629572.3,20
70,74,340,10.9,28.4,14.1,38.1,75,7.6,55,64.1,16.9,22.8,7.1,7456298.6,25
70,75,178.5,6.8,16.7,11.8,32.8,35.7,3.3,24.9,20.9,11.9,8.4,5.3,4104824.3,23
70,76,76,1.1,9.1,5,9,22.9,0.9,6.9,9.9,4.9,3.2,3.1,1594544.3,12
70,77,121,3.9,2.5,9.9,18.9,27.9,4.1,20,15.1,4.6,10,4.1,2577030.3,8
70,78,72,2.9,6.1,2.9,10.2,16.2,0.9,6.9,15.1,3.8,6,1,1350229.1,12
70,79,241.5,9.9,21.6,11.9,50,46.8,4.7,17.2,37.9,19,17.3,5.2,5097801.2,18
70,80,96,2.9,13.8,3.2,16,21.9,1.1,9.9,16.1,4.8,5.2,1.1,1712226.7,9
70,81,74,6.1,6.3,4.8,24.3,8.7,4.7,4.9,6.3,6.2,0.7,1,1545658.8,14
70,82,934,29.5,97,44.5,114.1,168.9,18.4,151,171,57.5,76.1,6,1.66350222E7,12
70,83,1113,50.9,103.1,71.8,151.6,224.7,27.2,148.1,172,56.3,95.1,12.2,1.97379773E7,22
70,84,176.5,4.9,21.7,18,17,50,4,11,18.8,12,5.9,13.2,3301633.3,15
70,85,103.5,8,7,10.1,22.8,25.1,3.1,12.8,8.2,2.4,3.2,0.8,1907357.8,17
70,86,13,0.2,2.5,0.4,1.3,2.9,0,2.3,1,1.3,0.4,0.7,214361.1,3
70,87,131,5.8,13.3,10.1,28.9,29.9,7.3,9,17.1,6.6,3,0,2730332.3,24
70,88,54,0,7.8,6,3,11.8,1.5,7.3,11.9,1.7,2.1,0.9,1106822.8,11
70,89,69,0.9,4.9,6,5.1,20.8,1,6.9,9,6,5.4,3,1428836.7,12
70,90,171,11,13,9.1,34.2,35.2,2.6,21,24.2,12.9,4.8,3,3638343.2,16
70,91,72,0.9,1.8,1.9,12.4,16.2,0.9,12.3,14.6,3.9,6,1.1,1756882.7,13
70,92,7,0.4,0.5,0,1.4,1.2,0.5,0.7,1.2,1.1,0,0,130840.7,3
70,93,102,7.7,7.5,0.7,22.5,16.8,6.6,10.4,13,14.9,1.9,0,1802293.2,14
70,94,129,6.2,14.5,8.1,27.1,29.1,4.5,13.6,6.2,16.5,2.5,0.7,2727264.2,10
70,95,14,0.7,1.5,0.8,2.9,3.3,0.6,1.4,0.7,1.9,0.2,0,295982.3,4
70,96,43,2.9,1.9,3,4.1,12.9,0,6,6,1.1,5.1,0,933280.2,5
70,97,402.5,17.7,26.7,30.5,62.9,93.9,9.1,59,59,21.4,18.1,4.2,7945173,16
70,98,90,4.5,4.6,8.1,14.9,14,2.5,13.8,20.5,3.7,2.7,0.7,1709664.9,8
70,99,11,0.5,0.5,0.9,2,2.2,0.5,1.1,2.2,0.3,0.5,0.3,206079.2,3
70,100,302,15,31.1,19.9,67.9,63.9,11.2,26.8,30,21,10,5.2,5823154.4,23
70,101,57.5,5.1,2.5,6.9,9,12,0,9,8.1,1.9,3,0,1126047.8,4
70,102,57,1,1.1,3.9,9.1,17.1,0,5.8,8.1,3.8,4,3.1,1396158.7,7
70,103,193.5,6.9,20.7,6.9,38.9,44,5.9,24.1,24.8,13.1,7,1.2,3953831.7,18
70,104,203,8.8,14,5,39.1,44.7,4,32,24.1,19,10.2,2.1,4052363.9,15
70,105,62,4,4,0,9.9,11.9,0,13.1,7.9,7.1,4.1,0,1394395,6
70,106,925.5,40.9,92.8,55.1,148.4,199,27,111,121.9,59.2,50.1,20.1,1.65487519E7,18
70,107,22,0,1.2,1.2,2.9,8,1,0.3,4.4,1.1,0,1.9,523674.1,8
70,108,508.5,29.4,36.9,20.1,102,101,19.8,52.6,65.9,37.5,33.1,10.2,9861991.8,18
70,109,199,5.8,18.9,11.3,40.4,40.1,3.1,28.8,24.8,10.8,13.1,1.9,3984821.7,19
70,111,60,0,3.9,3.1,8.9,15,1,13.2,4.9,0.9,5,4.1,1580650.6,8
70,112,1073,34.9,77.8,49.8,137,202.2,21.9,182.1,226.7,45.5,88.1,7,23213261,26
70,113,811,19.9,50,50,67.9,129,4,160,199.1,11,100,20.1,1.83160225E7,9
70,114,827,14,52,42.1,71,131.9,11,164,209,23,95,14,1.68137191E7,5
70,115,801,26.5,60.2,46.7,103.1,137,16.2,133.8,171.1,45.1,47.2,14.1,1.65381833E7,18
70,116,299,16.7,25.1,22.4,48.1,63,13.7,40.1,33.9,12.7,16.1,7.2,5849596.1,16
70,117,215.5,5.7,24.4,21.8,25.1,53.3,4,23.2,29.1,13.3,8.9,6.7,4036108.6,18
70,118,25,0,3,1,2,7.7,1,4,2,1.8,1.5,1,548940.3,9
70,119,26,0,3.1,1.1,2.1,7.9,1.1,4.1,2.1,1.9,1.5,1.1,570898,7
70,120,225,9,26.8,10,40.9,39.1,4,30.2,34.9,11.8,16.1,2.2,4196713.9,22
70,121,25,0,1,4,1,3,0,9,2,0,3,2,476151,7
70,122,11,0.5,0.2,0.6,0.8,1.7,0.2,3.1,2,1.1,0.3,0.5,243196.5,4
70,123,172,5.8,16.1,7.6,24.9,36.1,5.1,21.5,27.7,19.3,2.6,5.3,3444052.7,4
70,124,592.5,17.7,58,26.1,55,137.8,6,105.1,106.1,40.8,21,18.9,1.50561873E7,28
70,125,4717,213.1,440.5,297.6,775,870,116.2,667.1,677.9,290.4,299.3,69.9,8.98156634E7,20
70,126,42,1,4,1.9,4,4.8,1,9.6,10.8,3.9,0,1,897280.3,5
70,127,1,0,0.1,0.1,0.1,0.1,0,0.2,0.3,0.1,0,0,21363.8,1
71,0,62,1,2.9,1.9,7,16.2,1,4.1,10,4.9,12,1,1567556.7,5
71,2,71,4.9,7.6,2.9,12.5,12.7,2.4,12.4,5.6,3.2,5.6,1.2,1688240.6,3
71,3,92,4,7.1,6,13.1,20,3,11,11.1,7.9,4.9,3.9,2001191.6,6
71,4,405,29,54,18,86,97.1,20.9,26,9,49,10,6,8489865.2,6
71,5,58.5,1.9,1,4,11,11,1.5,14,6,4,4.1,0,1364400.3,4
71,6,5,0.5,0,0.3,1.2,1.3,0,0,1.5,0,0,0.2,95161.7,3
71,7,103,0.7,10.1,6.5,15.7,31.8,1.9,9,13,7,5,2.3,2464652.1,6
71,8,8,0.4,0.6,0.2,1,1.4,0.2,1.2,1.2,0.4,1,0.4,178586,2
71,9,6,0.3,0.4,0.2,0.7,1.1,0.1,0.9,0.9,0.3,0.8,0.3,133939.5,1
71,10,236,13.9,29,4.9,48,55,8,26.1,13.1,23,12,3,5191648.1,7
71,11,71,3.8,4.7,2,13.3,20.4,8.7,3.9,3.8,7.5,2.9,0,1669919.6,4
71,12,447.5,24,40.5,30.5,71,106.9,17.3,48.1,51,30.1,22,6.1,10483364,8
71,13,43,6,4,2.9,7.1,8,4,5,1,4,1,0,906580.2,4
71,14,492.5,28.9,60.5,20.6,102.1,98.1,17,61.1,41.9,34.3,16.9,11.1,1.21922479E7,15
71,15,390.5,25.1,28.4,29.9,67.9,90,10.9,59.1,33.2,27,7.1,11.9,9862260.2,10
71,16,2,0.1,0.1,0.1,0.4,0.5,0,0.4,0.2,0.1,0,0.1,54134.8,1
71,18,1062,46.9,115.5,54.9,184.1,252.1,25.9,130,102,82.5,29,39.1,2.67211666E7,6
71,19,39,0.9,2.7,6,7.1,7.2,0,12.1,3,0,0,0,1238832.3,9
71,20,325,12,28.9,13,46.1,76.1,8,44.9,50.1,18,10,17.9,9712173.9,5
71,21,24,0,4,1.3,2.3,6.7,0.4,2.6,2.3,3.3,0.7,0.4,700654.1,2
71,22,4973.5,187.4,517.4,250.6,760.1,1084.1,99,624.1,701.9,334.9,233.2,180.8,1.402888509E8,18
71,23,294.5,9.9,22.5,9,30,56.2,7.8,53.9,57.2,11,22.1,14.9,9434498.8,7
71,24,112,3.3,12.7,4.6,19.4,27,1.5,16.8,13.2,3.3,4.2,6,4457270.1,15
71,25,16,0.5,1.3,0.9,2.7,3.7,0.3,2.5,1.8,0.5,0.7,1.1,612985.4,3
71,27,17,0,1.6,0.3,1.5,3.6,0,4.3,3.9,0,1.5,0.3,491990,5
71,28,225,11.9,27.1,8.1,40,50.9,3.9,33.9,26.1,12,4,7.1,6631333.7,12
71,29,11,0.1,1.1,0.4,0.6,3.7,0.1,2.2,0.7,0.4,1.1,0.6,387366.1,6
71,30,1033,25.3,90,57.7,103,223.8,14.5,162.9,167.2,44.1,79.1,65.4,3.51472434E7,21
71,31,2684.5,122,281.4,131,454,591.9,81.1,345.1,313.9,176.8,85.3,102,7.71507388E7,13
71,32,1331.5,54.8,120.8,64.2,248.3,295.1,42.4,137.2,185.9,94.1,55.9,32.8,3.57773819E7,13
71,33,1143,22.7,115.4,61.2,132,237.3,10,182.2,222,48.4,43.9,67.9,4.27665245E7,30
71,34,1344,58.9,147.2,70.7,193.2,325.8,21.9,157.2,172,80,55.9,61.2,4.61203486E7,23
71,35,4130,186.4,455.2,167.5,677.1,959.9,92.3,455.8,490.1,314.5,150,181.2,1.287393917E8,18
71,36,4841.5,255,427.3,223.5,946,1003,135,605.1,566,315.3,189.2,176.1,1.507146491E8,22
71,37,1186,48.3,129.6,45,178.9,291.7,28.1,168.1,147.1,83,29.1,37.1,3.79555415E7,15
71,38,4109.5,174.3,350.4,245.5,693.9,956.2,93.5,434.9,602.1,248.5,138.1,172.1,1.117997511E8,15
71,39,344,17.5,27.9,20.2,51.2,91.1,3.7,47.1,42,16.3,11.9,15.1,9841740.7,25
71,40,1488.5,44.6,148,51.1,147.9,360,32.1,190.9,276.9,124.8,51.2,61,4.98507672E7,20
71,41,1367.5,29.9,142.8,55.8,127.9,327.4,27,217.9,222.1,74.9,80.8,61,4.66358968E7,24
71,42,1156,55.8,106.2,40.2,174.7,270.1,29.5,148.1,163.9,80.6,43.1,43.8,3.97837661E7,21
71,43,276,13.1,20,13.1,44,66.1,8.8,36.1,35.8,19,13,7,9363555.6,15
71,44,5249.5,352,493.4,296.1,1111.2,1034.9,173.1,585.9,512.9,436.9,163.1,90,1.117487544E8,13
71,46,1807,83.4,168.1,91.9,298.9,397,55,236,213,126.5,71.1,66.1,4.92430236E7,20
71,47,168,8,12.6,6.9,38.9,33.9,6,24.3,15.2,9,4.9,8.3,4423287.5,14
71,48,1366.5,38.9,135.5,84.4,190,303.8,27.3,197.9,206,69.4,57.2,56.1,4.03255801E7,35
71,49,609,21.5,71.8,30,92.1,147.2,21.8,88.9,56.9,40.5,13,25.3,1.71373221E7,21
71,50,389.5,16.9,32.5,19.9,61.1,78.9,11.9,63.2,43,23,17.2,21.9,1.08229044E7,6
71,51,79,0,10.5,3.7,6.9,19,0,15.9,10,5.1,4.9,3,2293589.5,5
71,52,254,9.9,19.6,6.9,41,51.9,7.9,53.1,32.9,11.4,12.1,7.3,7574392.8,13
71,53,460,19.9,42.5,25,86,106.8,14.4,69.1,31.2,40,12,13.1,1.22455111E7,10
71,55,269.5,18,32.4,12.8,51.5,63.1,9,33.9,16.9,16,7,8.9,6533130,9
71,56,56,0.9,3,0.9,5.9,9,0,11.1,18.1,4.1,1.9,1.1,1705337.5,6
71,57,253.5,12.3,28.1,4,34.1,63.9,1.9,44,27,25,6,7.2,6301477.6,11
71,58,57,0.9,4.4,2.1,7,14,0,15.1,3,3.5,4,3,1546021.9,5
71,59,113,3,13.1,7.1,10.9,25,0,24,9.9,5,7,8,3387504.8,5
71,60,548,22,53.2,30.9,91,101.8,11.4,92,89.1,19.5,22,15.1,1.39222269E7,19
71,61,346.5,14.1,32.3,8.6,66.9,76.1,13.6,52.8,40.2,24,8,9.9,8963301.4,16
71,62,1301.5,60.4,108.1,76.9,188.1,305,30.5,168.1,187.2,80.3,74.8,22.1,2.99801039E7,23
71,63,569,10.9,52.4,26.2,65.1,118.9,14.4,91,101.1,38.9,27.2,22.9,1.43734701E7,17
71,64,25,2,0.6,2,6.3,2.9,0,4.9,2.9,0,1.3,2.1,746231.2,4
71,65,259,5.9,31.3,15.8,29.1,73,3.1,41.8,30,11.5,7.2,10.3,6160930.9,13
71,66,6,0.2,0.2,0,1.3,1.1,0,1,1,0.6,0.4,0.2,135701.1,1
71,67,28,0,0,0.9,3,6,0,8,8.1,0,0,2,771655.8,4
71,68,57,3,2,3.9,8,17,3,5,8.1,3,1,3,1161971.9,4
71,69,286,11,35.4,12.9,46.9,63.1,7,45.8,28.2,25.5,9.2,1,5793036.9,17
71,70,27,0,1,2,4,4.1,0,5.1,8.8,0,1,1,790731.8,6
71,71,710.5,35,55.3,27.9,114.6,134.9,13.5,91.7,142.3,36.3,49.3,9.7,1.49106702E7,35
71,72,182.5,8.1,22.4,16.9,24.8,49.3,3.9,24.1,14,9.9,3.2,5.9,3660482,20
71,73,292,14.4,26.9,12.1,59,59.9,10.2,46.1,26,24.1,9.1,4.2,6330431.1,24
71,74,70,4.9,0.8,4.1,10.9,11,3.1,11.1,9.9,4,8.1,2.1,1792230.2,9
71,75,42,3.9,0,1,14,4.8,2,4.2,8,4.1,0,0,855478.2,6
71,76,59,4.6,3.9,2,14.1,10,0.8,2,6.8,5.7,6.9,2.2,1481660.4,8
71,77,108,2.9,6,4.1,18,25,3,16.9,19.1,5.8,4.1,3.1,2169174.3,15
71,78,151,5.7,13.1,6.9,20.8,33.9,3,28.3,21.2,10.9,6,1.2,3351159.8,25
71,79,112.5,5.8,9.9,10,21.1,23,4.5,15.9,4.9,7.9,5.9,3.6,1939707.9,23
71,80,108.5,9.1,7.4,3.9,21.2,21.2,1.7,19,12,4.7,8.3,0,2214450.5,14
71,81,380.5,29,36.4,20.9,65,81.1,11.1,47.1,40,27.9,17.2,4.8,7751898.8,19
71,82,140.5,7,9.6,6.1,37.1,23.9,4,12.9,18,13.9,6.9,1.1,2777876.6,9
71,83,204,4.1,19.1,13.3,24.6,55.3,4,34,25.8,7.8,14.9,1.1,4422476.7,16
71,84,258.5,15,25.5,14,48,61,4,21,34,16,19,1,5368348.8,6
71,85,98,5.8,10.1,2,11.7,25.2,1,11.1,15.6,9.2,5.5,0.8,1871391.7,17
71,86,126,4.8,13,5,26.1,17.9,7,17.2,20,9,3.9,2.1,2542273.5,16
71,87,40,0.5,7.6,1.4,4,9.1,0,6.8,3,3.8,1.4,2.4,659572.5,10
71,88,144,3.9,18.3,8.4,20,30.9,1.6,21.3,19.8,8,9.9,1.9,3045100.5,21
71,89,645,23,50.9,37.2,104.1,120.1,6.9,102.1,115.9,33.7,39.9,11.2,1.30237191E7,26
71,90,3,0,0.1,0.1,0.5,0.6,0,0.6,0.7,0.1,0.3,0,78322.6,1
71,91,107,1.9,7.9,6.9,19,25.9,4,14.2,12.2,4.7,4.2,6.1,2198174.2,18
71,92,116,3.7,10.1,3.2,20.2,26.1,3.9,9.9,18.9,11.2,8.8,0,2368594.5,21
71,93,455.5,16,37.6,32.1,76,96.1,9.3,84.9,53.1,16.4,28.9,5.1,9535673.8,25
71,94,269.5,6.9,31.9,17.4,42.1,66,6.1,39.9,29.2,10.8,18.1,1.1,5441236.8,17
71,95,194,8.1,24.1,3.9,36.1,43,4.9,29.1,25.1,8,9.8,1.9,4056894.9,20
71,96,721.5,27.5,71.2,29.7,105.7,169.8,15,111,94.2,45,41.3,11.1,1.48201599E7,23
71,97,72,1.9,7,9,13.1,13.1,3.1,7,9.9,6,1,0.9,1310001.5,7
71,99,361,13.4,32.7,21,62.1,76.8,9.3,41.5,41,24.9,36.2,2.1,6994720.7,28
71,100,265.5,11,23.6,11,47.9,59.2,7.8,29,28.9,21.8,21.1,4.2,5239313.5,15
71,101,132,2.1,9.9,4,19.9,32,1,17,23.2,6,7,9.9,2641994.2,10
71,102,176.5,9.7,25.2,8.1,35,35.9,2.8,23.2,16,7.6,11.1,1.9,3576010.8,15
71,103,134,3.9,19.9,8.8,20.2,38.8,3,9,17.5,8.2,0,4.7,2973019.8,20
71,104,553.5,19.2,49.1,37.8,91,125.9,16.2,67.1,63.4,48.6,29.2,6,1.11572257E7,24
71,105,152.5,5.6,11.2,10.8,30.8,24.9,5.1,13.1,25.8,12.8,9.3,3.1,3106707.8,15
71,106,305,7.9,28.2,15.2,49.1,56.2,8.9,48.7,45,22,23,0.8,6069459.6,18
71,107,115.5,7,8.9,5.1,18.4,24.1,3.7,13.3,14.6,8.3,9.9,2.2,2293620.8,12
71,108,268.5,9.4,31.9,7.9,28.2,73.1,5,35.1,38,12.9,21.9,5.1,5728697.6,16
71,109,202,10.2,16.4,9,40.9,35.9,5,30,22,15.7,14.1,2.8,3825742.6,10
71,110,181.5,7.1,9.8,6,33,35.9,5.7,28.9,33.2,6.8,14.2,0.9,3824081.6,13
71,111,245,10,16,14.2,31.1,44.8,6.9,30.9,61.7,15.1,12.1,2.2,5402777.9,13
71,112,113,3.9,12.1,6.1,13.1,21.9,3.2,12.8,19.8,2.9,15,2.2,2365020.5,9
71,115,116,2.1,12.8,6.2,4.3,30.9,2,18.9,17.9,4.9,12.9,3.1,2499274.9,10
71,116,131,10.2,7,8,22.8,26.1,4.6,24,15.8,4.1,6.2,2.2,2556568.3,20
71,117,73,5,9.1,2.1,12.1,11.8,3,8.8,13.1,6,2,0,1259980.9,16
71,118,29,0,1,0,5.8,2.1,1,5.9,4.1,1.9,6.1,1.1,633094.2,8
71,119,152.5,3.1,15.8,13.9,17.3,32.1,0.8,21,30,9.3,8.3,0.9,3117588.8,21
71,120,380.5,14,29.2,24.3,47.9,74.8,10.6,64,61.9,14.5,33.3,6,7239822.6,36
71,121,44,0,3,5,3,11.1,0,6,12.1,1.9,1.9,0,866452.4,10
71,122,8,0.3,0.2,0.5,0.5,1.3,0.2,2.2,1.4,0.9,0.2,0.3,176870.1,2
71,123,286.5,10.9,30.9,9.8,33.2,80.1,9,41.1,41.1,16.5,10.1,3.8,6029327.8,11
71,124,860,34.9,81.5,49,106,197,23.1,133.4,139.1,46.2,26.8,23,2.06255891E7,29
71,125,1688,64.4,157.2,95.1,263.2,349,45.8,241.9,267.2,99.1,77.3,27.8,3.66567019E7,30
71,126,2030.5,79.9,218,98.5,306.8,461.8,55.7,322,289.3,111,48.3,39.2,4.44969211E7,24
71,127,696,39.7,66.7,41.8,137.9,133.1,21.9,108.9,82.1,36.9,12.8,14.2,1.43781474E7,31
72,0,143,7,13.9,5.1,28,27,7.9,18.1,16.9,12,5.1,2,3133986.3,5
72,1,130,3.9,20,7.9,13.9,31.2,1.9,17.2,15.1,14,2.9,2,2700436.1,11
72,2,614,33.4,50.4,36,90.1,118.9,16,89,95.1,36,38.2,10.9,1.21538941E7,14
72,3,18,0.6,0,0,3.3,4,0.6,2,2.7,1.4,3.4,0,478151.8,3
72,4,8,0.8,0.8,0,1.3,2.4,0.4,1.7,0.2,0.4,0,0,214410.8,2
72,6,176.5,3,33.3,10,18.1,58.9,5,20,8.9,9.1,6.1,4.1,4249025.3,8
72,7,2753.5,147.9,294.6,159.4,471,617,107,241,302.1,249.5,106,58,5.89009485E7,13
72,8,1316.5,65,142,100.1,232,292.9,32.4,185.8,139.1,73,36.1,18.1,2.66738638E7,10
72,9,366.5,13,52.7,24,55.3,94.7,13.5,37.7,28.4,24.4,20.9,1.9,8700515.2,8
72,10,1623.5,89,153.4,120.6,312.2,380.8,52.5,164.1,141.9,112,78.9,18.1,3.51616888E7,9
72,11,98,7.6,7.8,2,19.1,18.3,2.7,6.8,16.8,8.3,4.8,3.8,2350586.1,3
72,12,137.5,4.9,15.1,11.1,20,37,3.9,18.1,10,10.5,3,3.9,3267359.6,4
72,13,92.5,4.9,3,1.5,21,13.9,4.1,16,12.9,7.1,4,4.1,2204661.2,7
72,14,3,0.1,0.3,0,0.6,0.6,0,0.4,0.5,0.3,0.2,0,74901.9,2
72,16,18,0,3.5,0.6,3.5,3.5,0.6,1.2,4.5,0.6,0,0,432559.7,3
72,17,5,0,1,0.2,1,1,0.1,0.3,1.3,0.1,0,0,120155.5,1
72,18,695.5,30.1,78.7,26,108.9,150,20,75.7,106,52.9,19.1,28.1,1.74800671E7,7
72,19,10,0,0.5,0.5,0.8,2.8,0,0.5,2,1.2,1.2,0.5,213088.3,3
72,20,510.5,28,42.1,16.6,81.9,134,11.8,62,66,34.1,9.1,24.9,1.49451049E7,17
72,22,832,29.3,84.3,26.3,111,189.9,27.1,106.8,126,61.9,37.2,32.2,2.75238251E7,22
72,23,32,2,2,0,7,2,1,3,10,2,3,0,1179442.6,0
72,24,62,1,7,2,7.2,12.9,2.9,9.9,9.1,2.9,1,6.1,2144381.3,6
72,25,44,0.8,1.1,5,10.1,11.9,0,7,4,0.9,1.2,2,1467981.3,4
72,26,534,12.8,51.4,26.2,56.1,117.8,10.1,100.1,83,23.2,21.3,32,1.88204283E7,21
72,27,93.5,1,5.5,5,10,18,3,24.1,12.9,8,3,3,3139607,7
72,28,25,1.5,3.1,1.5,6.5,3.6,0,2.5,2.1,2.1,1,1.1,588887.4,3
72,29,24,1.5,2.9,1.5,6.4,3.5,0,2.4,2,2,0.9,0.9,565331.9,4
72,30,198,2.6,15.9,11,23.8,41.3,3,33.1,29,13.3,7.8,17.2,7246244.5,21
72,31,1329.5,58.6,140.6,43.9,164.9,272.1,23.9,167.9,224,81.5,82,70.1,4.52150845E7,12
72,32,5706,282.8,608.2,362.1,951.8,1230.1,191.3,648.8,607.3,441.5,199.1,183,1.362422105E8,20
72,33,13908.5,741.8,1224,703,2691.1,2863.8,364,1503.1,1911.1,927.5,534,445.1,3.747328976E8,15
72,34,748,37.8,62.5,24.1,117,172,22.9,106.1,101.3,48.3,18,38,2.65093975E7,20
72,35,399,12,40.8,10.9,48.7,101,13.2,54,62.1,22.9,11.2,22.2,1.43179089E7,12
72,36,3093,159,273.2,123.8,531.2,699.9,117,359.2,389.9,250.7,75.1,114,1.019629987E8,14
72,37,68,1,6.9,3.8,7.9,16,0,11.1,10.1,6,2.1,3.1,2264633.4,8
72,38,1533.5,45.6,158.8,67.7,205.8,378.2,39.3,198,243.7,101.2,38.1,57.1,4.86120231E7,14
72,39,982,26,106.3,57,109,247,20,148,112,57.5,29.1,70.1,3.42330721E7,6
72,40,482.5,12.9,44.9,20,39.1,108.9,6.8,62,83,40.1,35,29.8,1.98035322E7,11
72,41,1023.5,35.9,103.4,39,121.1,246.9,23.6,158,142,76.4,37.1,40.1,3.69304469E7,10
72,42,36,3,4,1,4,7,0,6,3,3,1,4,1365396.7,2
72,43,98,3,10.5,3.9,12.9,20.9,1.9,10,18.1,6.6,6.1,4.1,2544135,5
72,44,2364.5,114.5,219.5,133,422,494,54.9,306.9,291.7,148.3,127.4,52.3,63493642,20
72,45,6166,452.9,639.3,391,1291,1067,254.4,646.2,602.2,547,187.1,87.9,1.169086911E8,9
72,46,4520.5,209.7,402.8,228.1,701.1,1001.2,127.1,597,557.9,324.3,211.2,160.1,1.196908155E8,25
72,47,1110.5,57,114.7,46,190.8,226.8,30.6,151,138.1,71.5,48.2,35.8,3.00583533E7,20
72,48,225,13,16,6.5,44,51,3.5,26.1,27,16.9,11,10,6642385.4,5
72,49,396.5,20.9,39.5,19,76,81,7,43,69,18,12,11.1,9680288.4,6
72,50,107.5,3.4,12.8,8.5,12.5,29.8,1.5,9.4,14.2,5.3,3.1,7,3019629,5
72,51,780,25,75.4,33.5,116,181.8,16.5,120,101.2,55.5,29,26.1,22257994,16
72,53,5,0,0.6,0.6,0.3,1.7,0,1.3,0.1,0.1,0,0.3,139623.3,1
72,55,489.5,12.6,54.5,27.8,59,129,8.1,68.1,57.9,26.4,21,25.1,1.34469348E7,10
72,56,105,2,9,1.9,17.1,28.1,2.8,21,8,8,2,5.1,2960825.2,5
72,57,153,9,11.8,8,34.1,34,5,19,18,6,3,5.1,3903145.9,11
72,58,164,9.7,17.2,5.9,29.5,37.1,5.8,23.5,17.6,6.9,6,4.8,4328135.2,4
72,59,4,0.3,0.8,0.2,0.5,0.8,0.1,0.5,0.4,0.1,0,0.3,91860.9,2
72,60,113,3.5,6.2,4.6,16.3,23.3,2.6,16.7,23.3,6.6,5.2,4.7,2928560.3,10
72,61,10,0.2,0.7,0.4,1.4,1.9,0.4,1.6,1.9,0.6,0.7,0.2,265488.9,3
72,62,269.5,8.1,16.9,7.8,47.9,54.1,7,39.1,47.1,19.4,12.1,10,6294644.4,7
72,63,145,4.8,15.2,6,23.2,32,1.9,22.9,19.9,9.1,0.9,9.1,4038370.7,13
72,64,26,0.9,1.9,1.1,6,6.1,0,7,1.9,1.1,0,0,679154.2,4
72,65,262,7.7,28.2,13.1,41.9,57.2,4.8,42.9,34.1,18.7,8.5,4.9,6108325.8,16
72,66,135.5,4.9,14.5,6.3,16.6,34.9,1.8,24.4,11.4,9.2,6.5,5,3363927.2,11
72,68,52,3.1,2,0,9,10,2.8,8,7,4,6.1,0,1162194.6,6
72,69,402,12,43.5,29.1,57.1,99.1,7,46.7,57,24.3,15.1,11.1,8877061.3,15
72,70,393,22,37,18.2,76,84,7.8,57.9,48.8,17.9,18.1,5.3,8891171.7,28
72,71,476.5,16.5,41.3,19.9,78.1,100.7,12.3,83,59,27.6,27.2,10.9,9508609,26
72,72,160,7.9,16.8,18,22,31,4.6,24.1,19.2,10.5,4.8,1.1,3241713.7,27
72,73,115.5,8.2,7.6,8.8,22.2,27.2,2,6.7,20.8,6,4,2,2399993.5,16
72,74,106.5,7.9,7.5,8.9,27,22.1,2.8,7.1,10,6.1,4.1,3,2226362.9,11
72,75,55,0.9,5.2,1.9,5.8,19.2,0.9,10.1,5.8,4.3,0.9,0,1313862.1,11
72,76,50,2,3.8,3.8,3,14.2,0,14.2,5,2,2,0,1227174,10
72,77,139,7,13.9,9.3,20.7,27.8,2.9,17.3,15.1,8,16,1,2890957,24
72,78,3,0.1,0.3,0.3,0.2,0.8,0,0.4,0.2,0.2,0.5,0,68681.6,1
72,79,181.5,7.6,22.9,11.9,32.9,38.3,4.8,17,21,11.1,11,3,3594680.2,15
72,80,11,0.9,0.9,1.4,2.5,2.2,0.5,0.9,0.7,0.6,0.2,0.2,269292.1,2
72,81,128,11.1,4.9,8.7,26.7,28.6,6.6,10,14.3,8.4,5.9,2.8,2603364.8,14
72,82,138.5,8.9,11.9,11.4,32.2,23,7.9,15.4,12,7.9,7,0.9,2475689.6,11
72,83,150.5,15,12.2,6.1,30.1,29.1,5.8,17.1,16.9,8.5,6.7,3,3031654.7,14
72,84,282,12,28.9,22.3,42.9,58.3,7.5,28.8,44.1,24.4,11.9,0.9,5402563.1,24
72,85,526,27.3,51.5,25.5,93.9,103,14.5,67.7,77.1,41.6,20,3.9,9852192.1,23
72,86,13,0.5,1.1,0.8,1.6,2.6,0.3,2,2.1,1,1,0,253299.9,4
72,87,122.5,6.9,6.6,5,22.9,26,2.1,20,17.1,3.9,12,0,2382959.5,10
72,88,264,3.2,29.8,17.9,27.9,54,6.3,40.7,48.8,14.1,18.3,3,5385541.9,17
72,89,1253,28,88.9,107.5,164,216,22.1,192.9,240.9,52.4,127.1,13.2,2.52147003E7,16
72,90,162,1.9,9.3,6.2,18.2,32.7,3.9,35.2,27,10,14.7,2.9,3411580.3,17
72,91,66.5,5.1,8,6.2,12,13.2,0.5,3.7,11.1,3.7,0,3,1492359.5,10
72,92,52.5,2.9,7.6,0.9,7,9.1,0.9,6,8,5.1,3,2,913435.3,5
72,93,289,7.9,29.9,13.9,39.1,55.9,5.9,46.1,54.1,9,23,4.2,5315463.9,9
72,94,223,4.6,24.5,17.1,30.9,42.2,6.9,31.9,32,14,11,7.9,3863831.7,7
72,95,80,7,7,2.8,18,7.1,2.7,10.8,14.2,4.2,4.2,2,1410348.4,8
72,96,235,9.5,26.4,22.5,34.8,58.9,1.5,28.2,38.2,10.9,3.1,1,4919923.8,11
72,97,162,13.8,19,3,33,32.1,5,17.8,16.9,8.1,10.2,3.1,3169273.1,13
72,98,90,0.9,16.6,2.5,12.9,22,0,6.9,13.3,6.9,7.1,0.9,1763789.5,8
72,99,177.5,5.9,14.9,6.9,25.1,39.9,1,33.9,32.9,8.9,8.1,0,3419290.7,13
72,100,32,0,3,1.1,2,7.9,1.1,7.9,3,2,2,2,622381.9,5
72,101,199.5,6.8,25.1,10.4,37.1,44.1,6,16,27,14,9,4,3975109.2,12
72,102,614,36.8,50,35.2,138.2,115.1,17,71.7,67.3,37,36.8,8.9,1.17278036E7,25
72,103,225.5,15,26.5,14.2,51.1,45,7,26.9,16,18,3.9,1.9,4443929.6,15
72,104,120.5,4.9,9.2,5,28.2,27.9,6.1,8.2,16,2.1,9.9,3,2283208.1,10
72,105,114,4.8,9.6,7.1,17,28,2,16.9,14.9,8.6,4.1,1,2247407.9,11
72,106,193,10.1,11.9,14.1,25.9,43,4.9,41.9,17.2,6.9,13,4.1,4106487.7,19
72,107,397,16,37.6,17.4,57.2,78.8,8.9,73.1,79.1,11.9,12.1,4.9,8422832.2,13
72,108,312,8.9,28,22,57.7,75.1,4.8,48.4,31.8,12.1,14.2,9,6616649.2,18
72,109,68.5,3,5,4,7,10,0,16,17,2.5,4,0,1502542.1,2
72,110,220,5,20.9,19.4,23.9,43,2,33.1,44,11.5,15.1,2.1,4610151.5,8
72,111,86,2,6,6,11,22,1,13,11,4,9,1,1781107.2,2
72,112,111.5,6,4.5,12.1,16.9,27.1,2,18.9,15.1,1.9,7,0,1942200.6,7
72,113,56,2.8,4,5.1,11.1,16.9,3.1,6,2.1,1.8,3.1,0,1164352.5,8
72,114,188,1.8,19.6,6.5,12.1,39.8,1.1,31.9,40.1,6.9,20.1,8.1,3988184.3,23
72,115,206.5,5.9,21.1,4.9,37.6,29,2.8,31.2,41.7,13.1,18.1,1.1,4373751.4,25
72,116,104.5,4.9,4,4.1,14.2,26,2.8,16,20.1,4.5,7.9,0,2048774.3,12
72,117,2216,65,220.6,149.6,309.6,411.1,50,285.2,392,108.1,195.9,28.9,4.19823476E7,28
72,118,368.5,11.4,30.1,23.1,52.9,69.1,9.9,68.8,59.2,18.7,21.2,4.1,7534448.6,25
72,119,27,1,1.7,1.9,4,7,0,2.2,7,1.1,1.1,0,718973.9,9
72,120,195,3,25.6,11.3,19,49.2,5.9,22,33,11.1,12.9,2,3426745.7,14
72,121,46.5,0,3.1,3.1,5.5,10.9,0,6,10.9,0.9,3.9,2.2,1007232.7,7
72,122,362,17.1,27.7,17,67,64.6,6.5,67.9,48.3,24.5,14.1,7.3,7598110.7,18
72,123,1141,49.1,113.9,56.1,207.2,254,37,155.4,126,84.9,37.5,19.9,2.37245816E7,28
72,124,874,40.1,101.5,57.2,139.2,182.8,24,125.8,99,53.4,35.9,15.1,1.77231018E7,10
72,125,1337.5,54.7,101.6,57.8,215,218,25.1,232.2,231.1,66.8,109.2,26,2.72724568E7,18
72,126,428,15.8,38.2,27,68.9,102.1,11.3,63.1,49.9,21.4,21.1,9.2,9214547.4,19
72,127,36,2,0.9,5,5.9,7,3,5.1,3.1,0.9,2,1.1,765660.9,3
73,0,71,6.4,4.5,4.5,21.8,7.3,3.6,11.9,0.9,5.5,1.9,2.7,1990053.4,5
73,1,7,0.7,0.5,0.5,2.1,0.7,0.4,1.2,0,0.5,0.2,0.2,196202.5,2
73,2,66,1.3,4,4.9,8.8,15,0.3,12,11.3,2.7,4.7,1,1995038.3,6
73,3,298,13,39.2,11,39.1,77.2,3,42.8,25.8,22.8,18.2,5.9,6803079.6,13
73,4,34,3.3,3.3,0,5.7,10.5,1.6,7.1,0.8,1.7,0,0,911245.8,6
73,5,183.5,7,21.4,9,39,45,10,12,14,14,9.1,3,4404385.6,7
73,9,8,0.2,0.6,0.8,1.7,1.3,0.4,1.5,0.7,0.6,0.2,0,201465,2
73,10,4,0.4,0.2,0,0.8,0.7,0.3,0.2,0.3,0.7,0.2,0.2,88534,1
73,11,228.5,9,30.6,6.9,28,52.8,6.4,42,29.1,14.5,5.1,4.1,5697853.2,6
73,12,198,5,14.9,10,30.1,52,3.8,30.3,26,16.9,8,1,5095159.5,10
73,13,537.5,18,62.9,20.6,112,112,22,67.9,46.1,47.9,13.1,15,1.27678082E7,6
73,14,4,0.2,0.4,0,0.8,0.8,0,0.6,0.6,0.4,0.2,0,99869.2,2
73,15,319,20.8,34.6,10.7,55.7,74.5,3,35.9,35.9,25.5,14.6,7.8,8137605,12
73,16,381,17.8,31.7,9.1,50.2,88.3,6.9,53.2,69.2,28.5,13,13.1,1.08951333E7,7
73,17,7,0,1.4,0.3,1.4,1.4,0.1,0.4,1.7,0.3,0,0,168217.7,3
73,18,141,5,15.1,6.6,17.2,33.1,3,11.6,23.9,12.2,8.7,4.6,3701285,4
73,19,2578.5,143.1,241.5,148.8,487.1,512.8,68.8,268.9,326.2,179,128.2,74.1,5.47040574E7,14
73,20,1828,73.4,188.1,99,272.8,416.2,52,233.1,218,107.4,110,58,4.68856661E7,13
73,21,180,8,18.9,4.9,23,44,4.9,23.1,27.1,11.1,12,3,6311069.5,9
73,22,370.5,9.9,50.4,15.9,47.2,107,12,40,25.1,38,5,20,11993979,9
73,23,623.5,15,65.5,26.8,87.9,163.1,10.6,78,96.8,33.6,23.1,23.1,2.21539874E7,18
73,24,206,1.7,15.9,6.9,23.2,54,3,40.1,33.8,15,5,7.4,7577188.5,14
73,25,307.5,10.9,36.5,17.9,32.8,73.1,7,53.1,38,18,5.1,15.1,9571140.7,7
73,26,278.5,14,27.4,12,35.1,70.9,4.6,40.9,34,16.5,9.1,14,9058787.4,11
73,27,446.5,10.8,60.5,10,51,112.9,11,58.1,67.1,34.9,10.2,20,1.48907255E7,11
73,28,1509,71.9,130.6,60.8,196.2,318.1,40.7,208.2,249.1,108.4,65.9,59.1,4.97734752E7,19
73,29,562.5,13,52.7,21.2,62.1,118.1,9.1,102.8,103.3,29,30.1,21.1,2.12659202E7,33
73,30,179,4,6.1,8,20.9,38,3.9,22.2,38.9,11,13,13,6843336,15
73,31,2059,93.1,193.8,84.9,325.2,467.7,53.6,209.2,269,171,112.1,79.4,6.69792357E7,14
73,32,7691.5,409.9,778.1,381.1,1368.9,1527.9,213.9,875,976.2,622.5,241.1,296.9,1.848842353E8,17
73,33,21708.5,1414.9,1985.5,1182.5,4798,4275.5,767.1,2232.1,2275.7,1610.6,527.1,639.5,5.168713739E8,15
73,34,4054.5,160,460.2,233.9,577,1000.2,122.1,490.3,415.1,286.8,97.4,211.5,124284625,21
73,35,1599,61.9,182.9,66.8,196.1,381.1,35.5,172.2,219.3,147.3,53,82.9,5.57164592E7,18
73,36,19712,1357.6,1763.9,1219.9,4855.4,3870.2,661.3,2018.1,1598.1,1446.9,472,448.6,4.403253067E8,16
73,37,1673,114.4,151.4,103,456.1,349,53.9,141.1,85.1,150.9,29,39.1,34963441,9
73,38,306,6,34.9,11,39,74,6.9,49.1,33.2,20.8,10.1,21,1.17667968E7,10
73,39,46,4,6,0,4.2,14,0.9,6,2.1,5.8,2.1,0.9,2005466.5,7
73,40,133.5,3,14.6,3,17.8,28.8,5.9,21,21.1,7.1,4.1,7.1,4977101.1,14
73,41,176.5,4,17,7.1,22.1,40,2.1,14.9,38.1,12.3,9.9,9,5460251.6,8
73,42,1446.5,54.9,148.4,57.4,192,354,40,192,169,131.7,39,68.1,53845769,14
73,43,4146.5,242.3,357.6,212,879,842,115.4,427.1,478,325.1,149,119,1.081881656E8,12
73,44,1723,81.5,201.9,84.4,266,386.9,47.6,223,217,110.6,53,51.1,4.78859558E7,14
73,45,18189.5,1428.1,2082.4,1213.5,3814,2909,743,1739,1749,1710.4,389,412.1,3.040929229E8,11
73,46,10699,723.1,944,687.2,2420.6,2080.8,353.9,1078,1034.9,749.4,439.1,188,2.263070924E8,14
73,47,4352.5,244.5,507.3,263.9,751.8,960.2,149.3,486.4,415,340.5,119.7,113.9,9.72335086E7,29
73,50,38.5,2.7,3.1,4.3,11.5,6.1,3.6,2.7,1.8,2.7,0,0,987313.4,2
73,51,336.5,15,31.1,10,68.1,76.9,11,37,32.9,26.5,14.1,13.9,9550980,10
73,52,178,3,19.4,8.4,18.7,45.3,6,41.7,10.9,7.9,5,11.7,4898982.3,2
73,53,506,34,44,18,106,103.1,16,61,54.9,47,9,13,1.34121017E7,5
73,54,398.5,16.5,53.5,13,90,93.1,14.5,42,29,30.9,5,11,1.04219065E7,6
73,55,43,1.2,0,4,6.9,11,0,8.9,3,0,4,4,1241719.2,5
73,56,265,16.9,26,17,41.9,77,9,24,20,15.1,9,9.1,6638758.5,6
73,57,151.5,6,17.5,4.9,28.1,28.2,4.6,20.8,15,16.5,5.9,4,3820195,11
73,58,214.5,9,16.5,12.1,33,56,8,29,22.9,17,5,6,5332521.3,4
73,60,234,8,19.9,12.1,41,46.1,4,40.9,33,15.1,10.9,3,5985733.6,6
73,61,1735.5,72.4,161.1,128.4,343.8,371.1,50.3,206.1,190.2,99,82.1,31,3.85768649E7,14
73,62,66.5,0,4.9,2.5,5,23,1,7,9,10.1,2,2,1678251.9,3
73,63,260.5,12.1,32.5,5,56.9,51.1,9,36,20,31,4.9,2,6124920,10
73,64,82.5,3.9,2.6,4.9,17.1,15.9,1,12,10,7,4,4.1,2117855,8
73,65,295.5,23.2,15.8,20.1,60.1,48.1,7.7,57.9,25.1,17.1,12.3,8.1,6793332.3,20
73,66,9,0.1,0.7,0.5,1.8,1.8,0.1,2.5,0.5,0.5,0.5,0,232590.7,2
73,67,3,0,0.2,0.2,0.6,0.6,0,0.8,0.2,0.2,0.2,0,77530.2,1
73,69,560.5,28,82.5,34.9,91.8,119.1,18,48,57,50,25.2,6,1.02159824E7,7
73,70,247,8.2,25.7,11.8,40.7,63.2,8.7,28.4,24.7,25.5,3.9,6.2,5549054,16
73,71,18,1.7,0.6,1,4.3,3.7,1,2.6,1.7,0.4,1,0,429967.9,5
73,72,160.5,4.6,21.1,3.5,27.8,43.1,4,19.1,17,12.4,5,2.9,3526024.6,16
73,73,294.5,13,38.9,14,48.1,65.1,7.6,37.8,32,22,12,4,6192423.3,12
73,74,48,4.3,3.9,2.9,8.2,10.5,0,2.3,8.2,4.7,1.5,1.5,977419.3,9
73,75,10.5,1,0.8,0.6,1.8,2.3,0,0.5,1.8,1,0.3,0.4,213810.5,3
73,76,103.5,8.1,7.4,4,16.8,23.2,5,9.9,12.9,9,5.1,2.1,2221678.2,11
73,77,77,5,4.9,3.1,17,11.9,0,18,13,3.1,0,1,1858270.2,7
73,78,48,1.7,4.8,5.6,3,13.2,0,5.6,3,2.5,8.6,0,1098905,8
73,79,81,8.1,5.1,1.1,19.7,9.1,3.9,12.8,7,5.1,9.1,0,1591787.4,8
73,80,178.5,5.7,27.3,10.1,24.2,45,6,20.3,24.2,9.9,4.8,1,3453635.2,18
73,81,106,6,5.5,5,14.1,10.7,0,24.1,28.1,0.6,11.9,0,2282360.8,14
73,82,38,3,1.9,2,6.9,5,1.1,6,6,5,1.1,0,860768.9,3
73,83,887.5,55,91.9,69.9,178.8,170.2,27,99.1,84.2,73.5,27.9,10,1.68441333E7,14
73,84,166.5,9.9,17.6,11,29.7,41.1,0.9,14.1,19.9,12,7.3,3,3647297,15
73,85,40,4.9,4,2.1,8.9,6.1,4,1,6.1,1.9,0,1,744537.7,4
73,86,313.5,16.9,26.9,20.1,64,63.1,16.4,29,30.1,20.2,22.8,4,5807294.9,13
73,87,126.5,6,10.3,8.1,15.4,25.3,3.1,19.4,19.4,9.6,9.9,0,2464802.9,12
73,88,62.5,8,4,4,17.1,5,0.9,10,3.9,4.5,5.1,0,1246849.9,4
73,89,192,7.9,16.9,9.9,29.1,40.1,4,27,31,11.7,10.4,4,4250498.4,13
73,90,352,14.4,28.2,17.8,40,77,6,53.8,61,18.7,22.1,13,7322319,12
73,91,180,11.7,16.5,11.1,40.1,35.1,6,11.9,34.3,3.4,8.9,1,3672930.8,17
73,92,124,6,9.1,5,21,20.9,5.1,17.9,14.9,11,12.1,1,2457041.7,6
73,93,1442.5,64.1,154.1,86.3,191.9,275.7,34.1,197.1,227.6,84.5,116.1,11,2.60345258E7,24
73,94,57,2.1,4.6,4,6,8,1,7,15.9,4.4,4,0,1092693.5,3
73,95,226,9.9,20.9,10.2,31.9,49.8,5.1,32.3,27.8,17.1,16,5,4706268.4,23
73,96,33,0,1,0,5,6.9,2,6,9,2,1.1,0,693082.5,4
73,97,180,2.9,17,13,24.1,45,2.9,22.1,31.9,4.9,15.1,1.1,3671687.5,5
73,98,57,0,0.9,6,4.1,17.9,0,11.1,14.9,0,0.9,1.2,1141640,7
73,99,796,29.9,60,53.1,118.1,147.9,23.1,110.8,135.9,54.1,55.1,8,1.46838292E7,13
73,100,170,6,25,14.1,26,36.9,3.1,22,21.1,7.9,7.9,0,2862901.7,4
73,101,231,18.1,20.6,6.9,55.9,32,14,30.1,18,21.6,11,2.8,4226214.5,14
73,102,93.5,2.8,13.1,5,19.1,21.8,5,6.2,6.2,9.4,0.9,4,1708639.9,8
73,103,392,11.3,32.1,32,59,97,11,38,49,34.1,18.1,10.4,8489515.2,14
73,104,111.5,5.9,15.4,4,19.1,31.9,4.9,12,5.1,7.1,4.1,2,2307604.8,12
73,105,290.5,16.7,30,9.8,55.2,65.9,8.9,36,33.1,17.6,11.2,6.1,5999169.8,19
73,106,288,11.2,23.4,13.1,57.1,67.8,11.2,39.9,25,17.4,13.8,8.1,6435612.1,15
73,107,87,3.1,2,6.9,15,18,1,13,8,10,10,0,1729966.2,3
73,108,194.5,8.9,20.1,10.9,29.1,39.1,6.9,23.9,17,18.7,18,1.9,3980237.6,15
73,109,205,6,20.8,10.1,32.9,39.8,5.1,35,22.2,12.9,12.1,8.1,4403587.5,17
73,110,63.5,0,2.8,3.7,10.2,12,0,12.9,12.2,3.3,1.9,4.5,1432575.3,9
73,111,5,0,0.2,0.3,0.8,1,0,1,1,0.2,0.2,0.3,112801.2,2
73,112,368.5,6,36.5,18,53.9,68.1,10.1,44.9,78.9,28.2,17,6.9,6942462.7,13
73,113,70,0.9,8,2.8,5.1,10,2,10,20.1,4,6.2,0.9,1320176.3,8
73,114,192,3.7,19.8,6.8,25.1,42.9,2.9,30,32.2,6,15.3,7.3,3811219.7,24
73,115,174,6,13.9,6.9,25.1,35.4,4.8,32.2,30.3,7.7,8.9,2.8,3406984.4,21
73,116,104,9.1,10,6.1,30.9,17,2.9,7,7,8.9,5.1,0,2001975.2,5
73,117,115,4.7,17.6,10.6,9.9,29.9,0.4,8,20,7.6,4.2,2.1,2244351.8,16
73,118,56.5,3,5.8,2.6,5.8,12.9,0,9.1,9.3,4,4,0,1203500.8,8
73,119,294,11.6,26.5,15.2,48.9,67.9,10.2,36.7,37.2,18,16.1,5.7,5876313.1,20
73,120,161,5,9.9,9,27.9,37,4.8,23.9,20.1,13.1,5.2,5.1,3293226,11
73,121,171,8.9,7.8,3.9,40.8,25.1,5.1,29.1,26.9,6.1,16.3,1,3789546.6,23
73,122,11,1.4,0,0,3.9,1.7,0.8,1,0.5,0,1.7,0,200593.8,2
73,123,85,1.1,20,12,14.1,25.3,2.7,1.9,0.5,6,1.4,0,1276149.9,1
73,124,217.5,19.2,21.9,13.9,63.9,30,7,21.9,11.2,17.4,7,4.1,4854399.1,9
73,126,136,5,15.1,12.9,21,22.1,2.9,30,14,0.9,11,1.1,3080428.9,9
73,127,124.5,7.8,5,5.9,24.8,23.2,6.1,24.9,12,2.5,4.3,8,3120837.9,8
74,0,32,2,2,0.9,8.1,5.7,0.8,4.9,1.2,4.8,1.6,0,829067.1,2
74,1,102,7.1,7.1,2.2,26,19.3,2.2,17.2,7.6,9.1,3.2,1,2347960.1,5
74,2,2,0,0.3,0.1,0.3,0.5,0.1,0.1,0.3,0.2,0,0.1,51743.1,1
74,3,106,6,13.9,5,21,23,0,12.1,10,5,9,1,2373159.5,4
74,4,6,0.1,0.2,0.2,1,1.6,0,1.8,0.6,0.2,0.3,0,191886.4,3
74,5,84,6,12.2,4.2,11.6,23,3,7.2,7.4,4.2,5.2,0,2002852.3,4
74,6,20,0.9,2.1,0.9,2.7,5.1,0.7,2.8,2.9,0.9,0.6,0.4,493643.6,2
74,7,221,17,23.5,15,31.8,53.2,6,25.1,19.9,17.5,10,2,5145145.2,9
74,8,11,0.6,0.7,0.4,1.6,2.9,0.2,1.2,1.5,0.7,0.8,0.4,320156,3
74,9,389,16.9,41.5,16.7,65.8,98,12,48,41.2,26.1,16.8,6,9494361.7,8
74,11,14,0.3,0.8,0.6,2.5,3,0.3,1.5,3.1,1.1,0.4,0.4,295744.7,3
74,12,6,0.3,0.8,0.6,2,0.9,0.1,0.9,0.1,0,0.1,0.2,147089.1,2
74,13,269,3,23.9,21.9,24.3,74.1,1.6,46.9,39.8,12.4,13.9,7.2,7372566,22
74,14,12,0.8,1.2,0.4,1.8,3.8,0.4,1.4,1,0.6,0.4,0.2,356414,2
74,16,29,0,0.9,3,0.9,6,0,5,9.1,0.9,1.1,2.1,934348.7,4
74,17,419.5,15.9,55.5,18,54.9,121.1,6,49,35.9,33.1,13.1,17,1.09095652E7,5
74,18,1050,41.4,126.5,47.6,155,228.2,42.8,127.1,119.1,85.3,46,31,2.71935353E7,10
74,19,4494,235.8,451.3,294.9,845.3,949.2,130.4,487.9,471.1,330.9,178.1,119.1,1.027319427E8,23
74,20,1784,101.5,180.1,94,325,390.1,44,214.9,183,110.5,83.9,57,4.14835492E7,10
74,21,72.5,0,7,2.9,4.5,24,1.9,9,14,1,1,7.2,2493909.8,7
74,22,190.5,13.2,22.4,9.9,33.2,40.1,4.8,16.9,24,15.5,8,2.5,5105203.2,6
74,23,219,11.1,17.5,8.5,35.8,49,3.8,40.1,16,14.9,12,10.3,7279564,11
74,24,201,3.2,12.5,17.9,20,42.1,1.8,36.8,35.8,10.5,10.2,10.2,7184406.2,9
74,25,1193.5,48.2,115.4,57,174.9,282.9,28.1,166,149.9,72,41.1,58,3.75306396E7,17
74,26,205,14.3,11.8,13.2,36.6,40.2,5.4,31.5,28.8,5.1,8.2,9.9,6755862,6
74,27,9,0.7,0.7,0.4,1.6,1.8,0.5,1.3,1.1,0.2,0.2,0.5,294310.6,3
74,28,125,3,15.3,6.1,11.1,39,2.6,11.1,15,5.9,5.1,10.8,4295060.5,12
74,29,469,23.6,35.4,29,79.9,97,10.9,70.2,52,28.8,14.1,28.1,1.57614329E7,14
74,30,449.5,19.5,41.7,11.6,49.7,111.9,8.5,65.9,64,28.6,15,33.1,1.63575963E7,20
74,31,121.5,8,13,1.9,13,31,3,16,17.1,10.5,6,2,3986785.3,4
74,32,26,0,4.4,1.1,1.5,8,0.6,3.8,2.7,2.2,0,1.7,815052.6,4
74,33,18451.5,1444.1,1912.1,1178.9,4158.8,3289,740,1820.9,1592,1676.6,395.1,244,344765814,10
74,34,11643,1031.6,1240.5,828,2961.9,2203,465.5,962.1,580.9,1065.5,102.9,201.1,2.188797534E8,7
74,35,2258.5,66,258.9,74.1,244,514,40.9,272,358,180.2,117.1,133.3,8.64716466E7,14
74,36,16827.5,900,1636.6,904.4,3349.8,3580.4,465.4,1979,1704,1188.7,579.1,540.1,4.156322294E8,10
74,37,164,6,20,7,18,39,1,22,19,11.9,5,15.1,6477520.6,4
74,38,1320.5,47.8,177,65.3,121.9,344.7,32,131.1,162.1,96.5,43.9,98.2,4.76777222E7,21
74,39,1567,41,197.5,66.2,142,380,27.8,226.9,196,97.5,62,130.1,6.50487466E7,15
74,40,23,0.9,3.9,0.9,4.4,2.6,0,4.5,1,1.3,1.6,1.9,807486.6,7
74,41,2921.5,100.3,356.3,123.7,353.2,704.1,81.8,345,358.1,254.8,87,157.2,1.097743677E8,23
74,42,1516,83.9,159.9,56,234.1,376,64.7,145.9,122.1,163.8,51.2,58.4,5.01197307E7,24
74,43,1471.5,62.9,171.5,51.8,167.1,374.9,33.1,141,198.1,134.9,52.1,84.1,5.89082892E7,14
74,44,1506.5,50.8,218.8,96.6,165,416.5,25.5,173.1,105,116.4,27.8,111,50735597,27
74,45,3996,180.9,402,190.1,677,923.9,91.9,500.9,468.1,258,115.1,188.1,1.229194462E8,10
74,46,1353,54.6,125.4,75.6,230.8,292,35.5,191,164,100.9,41.1,42.1,3.88539278E7,24
74,47,746,37.8,65.2,33.1,127.8,164,21,125.9,81,38.1,17.9,34.2,2.21768269E7,16
74,48,808.5,30,99.2,39,116.1,189.8,24.1,104.2,106,47.8,30.2,22.1,2.08473789E7,15
74,49,715.5,24.4,67.6,46.4,86.8,171.1,5.9,120.9,96.1,32.2,29.1,35,20412699,11
74,50,955.5,50.5,77.4,59,161,187.9,31.6,129.9,131,56,31.2,40,2.79633073E7,10
74,51,106.5,2,10,11.4,14.9,34,1,9,6,5,4.1,9.1,2484980.3,3
74,52,578.5,23,63,39.8,83.1,150,22,80.1,44.1,42.4,11,20,1.57493992E7,7
74,53,34,0,4,0,7,6,0,6,6,4,0,1,1027524.5,3
74,54,95,6,10,5.9,18,19,3,11,7.1,8,4,3,2113767.8,3
74,55,341,14.1,34.1,25,60.9,79.1,10.5,58.1,26.8,13.5,11.9,7,8885056.6,6
74,56,191,24.5,15.2,6.4,41.9,31,4.9,28.1,17.9,17.1,1,3,4701977,8
74,57,190.5,13.5,10.1,12,42,44,3.5,24.9,17.1,9.4,4.9,9.1,4698816,5
74,58,9,0.3,0.7,0.6,1.1,2.5,0.3,1.1,1.2,0.6,0.6,0,221656.3,3
74,59,574.5,26.4,51.6,29,96,132.9,15.9,86.2,45.9,40.4,27.1,23.1,1.38432358E7,20
74,60,146.5,7.8,24.3,4.2,30,30.3,3,18,7.9,14,4.9,2.1,3417092.2,8
74,61,1090,58.9,111.6,54.9,197,200,41,151.1,119.1,84.5,45.8,26.1,2.35307388E7,7
74,62,26,0,4.1,3.1,1,7.9,1,6.9,1,1,0,0,706096.7,4
74,63,172.5,7.9,12,7.1,32,31.9,4.2,35.9,11.9,15.5,7,7.1,4667390.8,9
74,64,181.5,8.9,21.4,6.9,28,45.1,2,34,13.1,8.9,9.1,4.1,4413739.8,9
74,65,259,17.3,23.8,15.1,42.9,54.1,4.9,42.1,28.9,13.9,8,8,6355476.7,17
74,66,103,5,2.7,4.1,22,26,3,13.1,8.1,13,4,2,2859548.8,8
74,67,2,0.1,0.1,0.1,0.3,0.4,0.1,0.4,0.2,0.2,0.1,0,46848.6,1
74,68,491,24,57.5,32.7,97.7,113.3,11.5,56.9,44.7,40.5,5.1,7.1,1.11220469E7,18
74,69,441.5,19.2,36.1,25.9,62.9,114.9,8,54.8,69.3,25.5,15,9.9,1.02169354E7,17
74,70,559.5,36,59.6,27.8,122.1,106.5,17.6,68.7,50.2,58,6,7,1.12825562E7,24
74,71,305,19,27.5,14.8,74.3,53.9,20.4,32.1,25.1,27.9,8,2,6618653,20
74,72,348,9.9,35,35.5,59,81.7,8.9,47.1,32.2,20.5,11.1,7.1,7928546.3,18
74,73,100,6,9.9,6,17,25,2,14,9.1,6.9,4.1,0,2401314.5,6
74,74,78,0.8,8,5.2,11.1,17.2,1.9,15,14.2,2.7,0.9,1,1708555.4,10
74,75,308,14.1,33.9,18,45.8,72.2,7.5,39,38.1,20.5,8.2,10.7,6414720.2,18
74,76,619,27.7,55.2,34.1,76.2,120.8,16.2,85.1,111.1,25.6,53.1,13.9,1.26257027E7,23
74,77,542.5,24,62.4,33.5,89,99,11,61.2,87,33.6,32.9,8.9,1.16365345E7,6
74,78,18,1.7,0.7,1,4,4,0.2,1.8,3,1.2,0.2,0.2,393928.3,4
74,80,106,6.8,5.2,11.8,20.9,14.2,2.9,18,14.1,7.1,2.1,2.9,2393868.9,13
74,82,1404.5,66.9,156.1,87.5,237,280,43.5,183,167.1,86.3,71,26.1,2.60011712E7,14
74,83,278.5,10.7,23.6,20,53.4,53.9,2.7,46.8,30.8,18,17.8,0.8,5687930.1,11
74,84,17,0.6,1.3,1.1,2.5,3.5,0.8,1.3,2.8,1.9,1.2,0,356364.2,2
74,85,149.5,6,16,16,26.2,32.9,6,19,11,12.4,4,0,2725231.1,10
74,86,161,9.8,9,8.1,23.2,31.9,5,20,30.9,10,8.1,5,2922212,16
74,87,220.5,6.9,27.1,16.2,23,53.1,3.5,26.9,27,17.8,16,3,3902308,15
74,88,188,5.9,25.2,3,33,41,6.8,19.8,20.1,10.1,19,4.1,3495284.1,12
74,89,65.5,1.1,5.4,7,6,17.8,0,5,15.1,2,4.1,2,1597339.9,8
74,90,132,5.9,9.9,7.9,24,28,2.9,23,14.2,7,7.1,2.1,2730302.7,16
74,91,75.5,3,3.5,4,10,16.9,2,9.1,17,4,6,0,1608455.1,5
74,92,133.5,5.9,13.4,5.9,28.9,17.1,12.1,23,10,11.1,6.1,0,2892306.7,12
74,93,47,1.7,1.8,3.5,10.4,12,0,10.4,5.2,0,2,0,971610.5,7
74,94,571,18.9,65.6,38,67.9,131.3,9.9,64.9,92,41.5,37,4,1.06095235E7,16
74,95,43,1,4.9,0,5,8.9,0,9.9,6.2,3,3,1.1,768581.1,7
74,96,152,9,18.8,2,32,30,5.1,13.1,19,12,9.9,1.1,2988190.9,9
74,97,95,2,7.8,4.1,14.9,19,5.2,12.1,15.1,6.9,7,0.9,1804951.3,10
74,99,104,5,17,6,10,29.1,3,11,11.9,7.9,2.1,1,2400237.3,4
74,100,343,6.8,32.2,24.2,34.1,83.8,5,44,56.2,18,32.9,5.8,6490240.4,21
74,101,126,3.1,10.2,3.9,21.9,25.2,5,16.9,21.8,10,4.9,3.1,2615086.3,14
74,102,256,11.7,32.4,7.1,47,51.8,5,32.1,29.2,20.7,5.9,13.1,4907608.3,13
74,103,305,5.1,29,13.9,35,83.9,4,37.3,40.3,22.9,26.7,6.9,6705632.2,16
74,104,134.5,4,11.7,3.8,21,33.9,1.8,18.1,18.2,11.1,9.1,1.8,2976145.9,15
74,105,211,8.8,8.8,11.1,48,45.2,9.7,30.2,15.4,20.9,10.8,2.1,4376425.4,21
74,106,168,11.7,13.8,10.9,24.5,37.7,4.9,15.3,27.6,11.7,5.9,4,3423638.6,6
74,108,615.5,23.9,43.4,38.8,95.1,112,15.8,99.1,103.1,39,37.1,8.2,1.29646406E7,14
74,109,9.5,0.6,1.5,0.4,1.9,1.9,0.3,1.9,0.1,0.5,0.1,0.3,234570.3,4
74,110,318.5,18,21.9,23,55.9,71.9,8,54.9,32.2,16.4,13.2,3.1,6773139.1,12
74,111,69,7,3.1,2,18,12.9,4,6.9,7,4,4.1,0,1577291.9,3
74,113,124,1.9,8.8,3,20,27.7,1.1,17,24,9.1,9.2,2.2,2793176.1,16
74,114,23,0.4,3.6,1.3,2,6.2,0,2.2,4,0.7,2.2,0.4,473564.7,4
74,115,153.5,7.2,17.4,7.7,19,33.7,3,28,17.7,10.3,8.8,0.7,2980568.7,12
74,116,189,7.8,14.5,11.1,32.2,41.2,14.5,15.8,19.1,15.9,15,1.9,3621122.1,11
74,117,178,11.8,20,9.9,29,35.2,5.9,16,18,20.1,11.1,1,3227136.1,14
74,120,8,0.4,0.7,0.1,1.6,1.3,0.4,2,0.7,0.4,0.4,0,187327.9,3
74,121,87,8.2,4.3,2.5,17.2,10.5,1.1,22.4,14.1,4.2,2.5,0,2012489.4,14
74,122,68,10.9,4,3,20,9.9,0.9,5,5.2,6,3.1,0,1333476.7,6
74,123,37,3,1.9,1,11,7,1.9,2,1,6.1,2.1,0,674921,3
74,124,80.5,0,13.4,5.9,8,19.1,2,11.9,11,5.1,2,2.1,1628484.4,6
74,125,128.5,7,16,8,25,26.1,5,13.9,11,15.5,0,1,2532969.1,4
74,126,258,10.9,21.1,14.9,45.1,62.1,6.8,35.1,29.9,13.1,11.9,7.1,6300347,13
74,127,163.5,8.2,19.9,3,20.9,40.1,5.6,22.1,23.9,15.1,2.8,1.9,3897000.2,8
75,0,502.5,21.8,45.9,27.8,78,120.1,16.9,56.2,54.2,38.6,33.1,9.9,10884240,20
75,1,163,11,11.7,0.8,36,26,6.1,9.8,31,14.6,15,1,3757634,10
75,2,97,5,10.7,6.8,16.7,22.5,3.5,4,9.7,9.3,4.9,3.9,2376309.5,6
75,3,207,4,23.9,13.8,25,61.9,5.1,7.1,32.1,15.9,13.1,5.1,4911943,12
75,4,17,0.6,0.6,0.6,2.5,4.5,0,5.1,1.9,0.6,0.6,0,543677.9,2
75,5,483,25.5,25.1,24,72.9,111,11.8,63,77,21.7,45,6,1.10184968E7,15
75,6,118,4.9,12.7,5.1,16.4,30,4.1,16.4,17.1,5.1,3.6,2.6,2912497.4,9
75,7,2105.5,82.3,210.5,105,334.2,466,51,274,293.9,137.6,96.1,54.9,4.95275002E7,20
75,8,309.5,13.9,20,22.1,60,67.9,10,42,39,14.5,15.1,5,7521438.1,5
75,9,44.5,2.4,2.8,1.6,6.3,12,0.8,4.9,5.6,3.2,3.3,1.6,1295176.5,4
75,10,305.5,17,34.1,10.2,51.9,81,7.9,27,42.9,19.6,2.9,11,7785861.8,17
75,11,31.5,0.6,2.1,1.5,5.6,6.9,0.6,3.5,6.9,2.5,0.6,0.7,665425.6,5
75,13,289.5,10.4,24.2,10.6,39,60.2,7.9,42.2,42,24.5,14.7,13.8,7911184.1,18
75,14,785,27.7,70.7,34.4,115.2,197.1,22.6,116.7,93.4,60,25.9,21.3,2.08021131E7,39
75,15,425.5,28,42.2,21.7,87.4,107.5,13.7,52.5,31,28.2,6.6,6.7,1.14147796E7,11
75,17,73,2,8,4,7,22,1,5,9,7,4,4,1874434.9,2
75,18,46.5,1.5,6,1,4,16,1.9,2,8,3,2.1,1,1379105.4,2
75,19,892.5,36.7,91.3,61.6,147,231.3,21.5,89.1,67.2,85.9,26,34.9,2.51427739E7,18
75,20,154,5.1,7.8,10,22.9,33.2,1.8,27.9,23.9,8.1,6.1,7.2,4227711,13
75,21,636.5,20.3,69.8,40.7,85.9,174,8.5,81.2,71.1,33.9,15.2,35.9,1.90840343E7,16
75,22,449.5,17.1,33.5,24.8,54,113.1,8.2,69.1,61.1,38.2,17.2,13.2,1.32429685E7,18
75,23,8,0.8,1,1,0.8,1.8,0.2,1.2,0,0.6,0,0.6,192299.2,2
75,24,1230.5,49.5,116.6,54.6,211,284.1,30.8,180,142.8,78.1,36,47,35564069,9
75,25,657.5,26.8,72.9,24.5,105.3,152,16.8,90.2,83.9,40.2,14,30.9,2.10339263E7,15
75,26,8,0.5,0.6,0.3,1.5,1.6,0.3,1.1,1.1,0.3,0.3,0.4,261609.5,2
75,27,7,0.5,0.5,0.3,1.3,1.4,0.4,1,0.9,0.2,0.1,0.4,228908.3,3
75,28,391.5,14.4,35.2,14.9,59,88,7.8,62,58.8,22,16.3,13.1,1.34182175E7,25
75,29,1254,43.9,117.1,61.3,145.9,276.6,15.4,168.3,221.3,64,63.9,76.3,4.51712774E7,37
75,30,208.5,7.7,16.2,9.1,22.2,50.1,6.1,26,38.3,11,6.9,14.9,7518317,22
75,31,409,20.2,45.2,13.8,55.1,93.8,9.2,61.2,54.9,21.4,12.2,22,1.58895209E7,27
75,32,625,12.9,78.1,33.5,38.3,155.8,7.6,107.3,101.3,31.8,7,51.4,2.33491222E7,7
75,33,11919.5,792.7,1131.3,641.9,2612.9,2442.9,390.6,1400.9,911.1,973.1,274,348.1,2.908902644E8,18
75,34,2366,154.5,167.5,122.4,604,483,76,267,237,148.5,47.1,59,5.89951483E7,3
75,35,7011,447,610.5,363.4,1668,1465.1,245,704.9,573,553.1,144,237,1.995292604E8,8
75,36,12745,639.6,1324.5,695.5,2235.6,2860.9,369.9,1372.2,1292.9,891.9,578,484,3.397722968E8,11
75,37,559.5,24.9,50.5,25,65.9,124.1,12,89,73,33,29,33.1,2.10644391E7,6
75,38,1515.5,53.8,198.3,55.1,147,374.1,42.1,155.8,217.8,109.5,66,96,6.37814904E7,20
75,39,559.5,10.4,60.1,23.5,67.1,120.8,10.6,89,69.9,27.8,35.1,45.2,2.17462408E7,18
75,40,3,0.1,0.5,0.1,0.6,0.3,0,0.6,0.1,0.2,0.2,0.3,105324.3,2
75,41,2155.5,95.4,254,86.3,283.3,504.9,58.1,237,284.1,141.5,122,88.9,7.89017965E7,27
75,42,4199.5,159.1,502.3,176.7,549.6,1078.1,110.4,442.9,478.1,352.3,118,232,1.569420395E8,26
75,43,2315,75,253.4,97.4,295.2,551.8,53.8,319.9,306.2,150,92.7,119.6,86146479,26
75,44,12914.5,712.9,1316.3,648.3,2405,2751.3,366.3,1509.1,1232,1030.1,391.9,551.3,3.578585901E8,16
75,45,7395,408.5,611.5,366.5,1465.4,1578.9,224,829.1,799,517,353,242.1,1.946328161E8,12
75,46,3229.5,153.3,339.9,145.2,563.3,722.9,78.3,386,367,258.2,100,115.4,9.28370649E7,24
75,47,3289,192.4,295.4,145.1,664.9,681.9,95.8,388.3,359.3,280.9,87,98,8.16466039E7,12
75,48,395.5,16.1,30.3,30.9,66.9,86,8,50.1,54.1,26,14,13.1,11392648,11
75,49,602.5,33.7,47.8,29.4,113.3,112.1,25.4,67.1,80.9,48.8,23,21,1.67388487E7,18
75,50,181,8.9,19.2,17.1,27.9,38.9,2,28,17.1,16.9,1,4,4416150.8,6
75,51,977.5,52,73.9,36.1,187,208.9,24.1,127.9,114,62.5,53,38.1,2.68906092E7,8
75,52,300.5,11.9,43.5,13.1,38.9,74.2,6.8,35.9,31.1,30,5.9,9.2,7948856.8,7
75,53,845,48.9,73.1,34.6,147.7,186.2,24.3,133.2,105,52,19,21,2.45340634E7,15
75,54,419.5,29,51,19.9,88,83,20.1,46.1,21.9,40.4,8,12.1,1.01003435E7,8
75,55,1107.5,65.5,92.5,74,264.9,228.1,33.5,116.1,91.9,79.1,36.9,25,2.53264699E7,4
75,56,84,3.8,6.9,7.1,11,24.1,2,8,11,7.1,3,0,2301645.3,4
75,57,231.5,9.9,27.5,8.9,36,51,2.4,27.1,27.1,12.6,19,10,5707545.4,4
75,58,176.5,3.8,16.8,16.6,16.8,51.6,5.7,20.8,26.7,9.3,7.5,0.9,4432084.6,12
75,59,372,18,40,17,58.9,94.1,15,47.1,39.1,26,8.8,8,9692038.6,13
75,60,303,13,27,20,49,70.9,5.5,45.9,35,22.5,8.1,6.1,7401427,10
75,61,112,4.9,15,5.1,17.1,27,6,15.1,12.9,3.9,4.1,0.9,2699611.4,8
75,62,184,6.9,15,6,25.9,46,2,20.1,39,8,9,6.1,4607723.1,3
75,63,102.5,2.1,4.8,7.5,13,27.2,3,13.9,16.8,7,2,5.2,2620069.3,8
75,64,456.5,44,57.6,13.9,113.2,93.1,21.9,22,24.1,49.8,3,13.9,9931817.1,10
75,65,199,13,20.9,8.1,46.9,51,6.8,19,12.1,14.9,4,2.3,4662240.4,12
75,66,83.5,2,5.6,3,13.7,17.5,3,17.6,8.8,8.3,3,1,1955928.4,6
75,67,381.5,21.7,40.2,18,65,76.1,11,57.1,47.9,28.6,8.9,7,8309982.7,13
75,68,7,0.1,0.3,0.4,1.9,1.8,0.1,0.8,0.6,0.6,0.2,0.2,180429.1,2
75,69,255,7.7,22.1,10.6,35.2,60.2,3.8,45.1,39.5,12,10.9,7.9,6404899.9,12
75,70,864,47.1,92.4,56.6,159.9,186,22.9,77.9,90.9,70.1,27,33.2,1.69384433E7,18
75,71,1280.5,66.9,123.2,85.8,245.1,245.2,33.7,168.8,139.9,93.5,55,23.4,2.68094733E7,25
75,72,272,12,25.8,17,57.1,61,13.1,20.1,24.9,27,12,2,6576293.6,10
75,73,172.5,11.1,11.9,15.2,39.8,37.8,8,20,11,11.6,2.1,4,3738488.6,10
75,74,495.5,37,46.4,26,103.2,116,16,46.9,43,29,19.9,12.1,1.08194933E7,12
75,75,171,5,22.8,9.1,15.9,42,2,26.2,22.1,9.8,13.2,2.9,3773425,19
75,76,1,0,0.1,0.1,0.1,0.3,0,0.1,0.1,0.1,0.1,0,23927.6,1
75,77,92,5.9,5.1,6,15.9,18.6,2.9,16,9.8,5.8,4,2,2315414.1,11
75,78,487.5,33.4,37,24.8,108.1,104.2,14.6,60.9,44.6,36.8,19.6,3.5,1.00448945E7,15
75,79,9,0.8,0.4,0.5,2,2,0.1,0.9,1.5,0.6,0.1,0.1,196964.1,2
75,80,90,4.8,11,2,15,23,3,5,10,14,0,2.2,1794749.4,8
75,81,139,6.9,14.9,11.1,24.1,34.9,7.9,11.1,11.1,8.9,6,2.1,2717551.3,13
75,82,1,0,0.1,0.1,0.1,0.3,0,0.3,0,0.1,0,0,20321.9,1
75,83,6,0,0.3,0.6,0.6,1.8,0,1.8,0.1,0.4,0.2,0.2,121931.4,3
75,84,320,12,34.8,17.1,48.1,69.1,16.1,32.2,31.9,31.8,22.9,4,5999237.3,17
75,85,71,2.4,5.6,4.7,10.5,14.6,3.2,5.6,11.4,8.1,4.9,0,1488344.7,5
75,86,13,0.3,0.3,1.3,2.1,3.7,0.7,1.3,1.3,0.3,1.4,0.3,270064.2,2
75,87,59,2.7,4.7,4.6,7,14.3,1.3,9.6,5.7,0.7,6.6,1.8,1202605.3,6
75,88,151,8,11.1,14.2,30,20.8,3.1,23.9,25.7,7,5.1,2.1,3097931.8,12
75,89,101,4.9,11,7,16.1,18.8,4.9,8.1,18.9,5.3,6,0,1797696.1,8
75,90,161.5,8.7,10,14.7,24.9,36.3,1,14.8,26.1,9.9,11,4.1,3391947.8,20
75,91,127.5,9.7,13.3,7.1,22.1,28.1,0,10.1,18.1,9.9,6,3.1,2621285.7,10
75,92,7,0.2,0.3,0.5,1.6,1.8,0,1.6,0.7,0,0.3,0,144708,2
75,93,98,4.1,8.9,4.1,14.9,23.1,2,18.2,8.9,3.9,6.9,3,2072236.7,14
75,94,234,9,27.4,14.8,43.1,49,3.9,28.2,26.9,18.6,10,3.1,4905800.1,13
75,95,71,1.9,8.9,3,15.1,15,1.9,2.9,8,8.1,5.1,1.1,1246801.9,9
75,96,250.5,17,30.7,16,42.1,47.8,6.9,32,27.8,20.8,8.3,1.1,4410855.8,18
75,97,107,1,10.9,5.2,16.3,24,1.9,12.1,15.8,6.8,9.9,3.1,2297190.2,13
75,98,39,1.9,3,1,8,8,0,3,8.1,2,3,1,804123.9,3
75,99,183.5,10.8,14.1,8.8,35.2,37.1,6.9,28.8,21.1,11.6,7.1,2,3851675.6,16
75,100,72,6.1,4.4,2,15,15.1,1,9,10.9,5.5,2,1,1194094.3,5
75,101,252.5,11.9,17.6,10.9,39.8,53,6.1,39.1,40,13,18,3.1,5026721.5,13
75,102,11,0.3,1.3,0.9,1.1,2.6,0.3,1.3,1.3,0.3,1.3,0.3,214054.5,1
75,103,141,4.8,16,10.1,16,36.3,3.3,13.8,14.5,8.5,14.9,2.8,2713652.2,7
75,104,340.5,18.8,34.6,14,60.2,77.1,10.8,42.5,48.9,17.9,10.7,5,7031284.6,26
75,105,342,11,33.5,21,46.8,67,6.9,49.8,54,19.4,23.4,9.2,6854018.8,21
75,106,3,0.2,0.1,0.1,0.5,0.4,0.1,0.8,0.5,0.2,0.1,0,74821.7,2
75,107,432,20.4,48.9,26.9,67.9,101,7.1,48,66.1,23.4,16.1,6.2,8815256.2,12
75,108,528,20,55.1,35.9,84.1,115.9,9,61,76.1,28.8,34.1,8,1.11862855E7,18
75,109,424.5,25.2,29.1,16.4,85,73,14.4,91.4,48.1,19,18,4.9,1.00394191E7,21
75,110,10,0.3,0.7,0.7,0.8,2.7,0.3,1,1.7,0.4,0.4,1,276076.4,3
75,111,64,3.8,6.2,2.2,9.3,14.3,1.8,4.1,14.3,2.4,1.5,4.1,1562363.5,4
75,112,908.5,46.8,81.5,47.8,169.1,174,26.1,127.1,112,63,50.1,11,1.69318407E7,19
75,113,465.5,18,43.9,25,83.9,75.1,11,51,83,30.4,38,6.2,8943039.3,7
75,114,687,25.1,77.9,44.2,95.9,140.2,15,122.1,86.8,35.9,30.9,13,1.30645905E7,15
75,116,79,5.9,9,1.9,18,19,5.9,3.1,9.1,3,3.1,1,1685987.6,5
75,117,211,9.6,13,7.1,27.8,39.9,4.2,33.3,35.9,17,20.2,3,4421412.7,20
75,119,776.5,34.7,80,48.9,121.8,174,13,112.9,104.8,43.9,26.3,16.2,1.50492174E7,24
75,120,11,0.5,0.9,0.3,2.2,2,0.5,2.7,0.9,0.5,0.5,0,257575.8,2
75,121,199.5,12.9,10.8,22.1,45.9,32.9,3.1,28.9,20,5.7,16.2,1,3843657.7,18
75,122,117,2,16,10,18.1,27,0,18,12.8,3.1,10,0,2341769.6,7
75,123,192.5,4.9,10.9,10.2,28.9,41.3,3,33.9,29.9,14.4,15.1,0,4094925,14
75,124,350,22.5,35.2,20.8,71,74.9,9.8,37.2,41,22.4,8,7.2,7750116.6,12
75,125,535,18,44.5,36.9,90.1,125.9,14.2,69.2,69.9,28.9,23.3,14.1,11850483,19
75,126,159,0.9,35,15.1,9,47,0,21,17,8,2,4,3451275,6
75,127,688.5,44.7,60,41.8,145.4,148,33,80.9,48,50.5,24,12.2,1.55485664E7,16
76,1,38,0.9,2,0,7,4,2,10,3,6.1,0,3,930216.5,3
76,2,71,1,8.9,2.1,10.9,15.9,2,7,8,3.1,9,3.1,1735330.5,5
76,3,68,1,7,1,7.1,16.8,1,13.9,9.1,4,7.1,0,1531254.1,4
76,5,42,3.3,2.4,1.7,8.2,4,0.7,8.8,10.4,0.8,0,1.7,1210006.9,5
76,7,221,13.1,20.5,8.1,40,50,6.9,29,23.9,12.4,11.1,6,5431837.5,5
76,8,403.5,15.9,41.8,20,73.8,91.9,5.1,66.2,32,32.5,15.2,9.1,9739759.4,19
76,9,442.5,27,49.2,18.7,81.2,105.3,19.4,60.2,31.2,27.1,18,5.2,1.13622991E7,27
76,10,673.5,30.5,56.3,40,100,187.2,16.7,85.1,67.8,52.8,23,14.1,1.81508995E7,22
76,12,29.5,1,1.8,3,3,6.6,0,4,6.1,0,2.5,1.5,889468.2,3
76,13,37,1.1,1.7,1.1,9.9,7.2,1.1,3.9,5.1,1.7,2.1,2.1,1076787.3,7
76,14,181,8.8,20.8,8,31.9,43,2,24.1,24.1,14.1,3.2,1,4761928,13
76,15,3,0.2,0.4,0.2,0.4,1.2,0,0.3,0.1,0.2,0,0,83905.1,1
76,16,353,16,28.5,18.5,66,83,14,42,38,21,18,8,9117200.3,3
76,17,261,9,30.6,9.9,47.2,68,9.4,28,26,29,2.9,1,7229050.1,8
76,18,71.5,3,9.5,5.5,9.9,24,1,10.1,4,1.6,0,2.9,2139719.2,3
76,19,412.5,19.1,36.8,21.8,63,97.8,6.5,61.7,52,26,17.5,10.3,1.19377233E7,16
76,20,439.5,12.9,37.7,25,52.6,111.2,5.9,81.5,56.6,13.9,21,21.2,1.21646205E7,11
76,21,957.5,38.9,89.4,50,136,231.9,24.1,136.1,117.2,63.9,37,33,2.80880841E7,10
76,22,311,7.5,30,14.9,37.9,74.9,5.5,61,42.4,11.6,7.1,18.2,9965082.8,17
76,23,1814,83.4,211.8,98.6,293,479.1,45.3,203.2,163,139.4,38.3,58.9,4.78594605E7,25
76,24,96.5,6.9,6.9,4.6,18,21,3,8.9,15.1,8.1,3,1,2538986.8,6
76,25,1618,56.9,144.1,72.8,245.1,342.9,44.6,257.1,218.8,106.3,54.2,75.2,4.75136549E7,20
76,26,2571.5,104.9,262.8,133.6,487,561.8,63.1,311,292,163.2,89.9,102.2,7.18664638E7,11
76,27,1168.5,35,125.4,53,160,278.9,21,175,149,79,37.1,55.1,3.86074697E7,12
76,28,787.5,42.9,79.1,28.6,116.7,174.9,19.5,118,91,39.6,36.1,41.1,2.75384225E7,19
76,29,4640.5,173.1,440,252.8,728.7,1065,108.4,550.3,581.3,297.4,209.4,234.1,1.486279512E8,25
76,30,608.5,18.6,63.1,22.8,56,148.8,10.9,102,86,30,41.8,28.5,2.30147739E7,37
76,31,248,6.8,31.3,7.2,22.9,67,2.9,35,33.9,14.1,12.9,14,9156532.8,18
76,32,11261,462.6,1188.9,520.1,1775,2475.8,292,1606.8,1239,784.6,241.1,675.1,3.843694416E8,13
76,33,26677,1500,2305,1382,5977,5677.5,745,3673,2221,1798.5,400,998,7.467775733E8,5
76,34,7466.5,466,534.4,417.5,1747.1,1495,212.5,790.1,803,458.9,364,178,2.044941697E8,8
76,35,7976.5,409.9,771.9,408,1494.9,1744.1,216.5,908.8,753,618,365.2,286.2,2.170794436E8,12
76,36,50.5,2.8,5.5,1,9.1,10,2,10.1,3,2.9,1,3.1,1749819.7,6
76,37,1108.5,13.2,115.5,41.9,60.1,237.8,8.4,177.4,229.4,59.5,71.3,94,4.96144671E7,38
76,38,3777.5,118.1,450.4,186.3,370,861.1,75.8,453.7,579.2,290,156.8,236.1,1.547770178E8,19
76,39,8,0.4,0.6,0.6,0.6,2,0.4,1.2,1.2,0.6,0.2,0.2,296792.6,2
76,40,1530,26.2,209.9,62.3,129.1,406.1,28.9,177.3,217.1,93.4,56.9,122.8,6.27186938E7,25
76,41,4968,356.9,465.4,282.5,1117.1,895.2,171.1,538,495,426.9,157.9,62,90814173,25
76,42,8611,609.6,954.3,470.5,1635.6,1727.5,309.9,907.9,822.2,768.4,195,210.1,1.838799567E8,20
76,43,227,14.1,29.9,4.9,33.1,59.2,8.1,23.7,22,20,4.1,7.9,7352855.2,14
76,44,7335,408.4,758.1,377.9,1433.5,1583.5,199.8,844,718.3,533.4,238.1,240,1.990525074E8,20
76,45,3971.5,142,418.5,189.4,559.5,917.8,91,506.8,447.1,288,212.1,199.3,1.276104445E8,19
76,46,636.5,29.1,69,32,95.9,147,17.9,102.2,59,39.3,14.2,30.9,1.92259599E7,14
76,47,3827.5,164,428.4,190.5,622.5,968,104.7,416.8,371.9,310.5,109.1,141.1,1.021844886E8,13
76,48,8048.5,600,754.4,494,2309,1585.1,277,740,320.8,614.9,62,291.3,1.955954765E8,9
76,49,15,0.9,1.1,1.6,2,3.3,0.5,2.7,0.5,0.9,0.2,1.3,374781.7,2
76,50,291,9.8,31.6,5.2,52.8,63.9,3,52,29,18.5,12,13.2,8445772.4,8
76,51,599,30.1,55.8,23.3,106.9,123.2,19.4,101.1,63.8,40.4,14.9,20.1,1.62234452E7,16
76,52,164,5,20,10.9,23.1,47,2.8,22,10,11.1,3.9,8.2,4672931.2,5
76,53,529.5,22,63.5,26.9,80,135,13,78.1,41,34,14.1,21.9,1.50440061E7,11
76,54,2962,139.7,323.1,179.5,574.9,659.3,96.2,341,205.8,224.4,118.1,100,7.20908123E7,17
76,55,217,12.4,20.5,12.9,45,51.1,6.5,24.9,22,9.5,5.1,7.1,5741101.3,6
76,56,11,0.2,1.3,0,1.3,2,0.5,2.6,1.8,0.5,0.8,0,289715.4,2
76,57,743,37,68.4,42.1,141,165.2,23.5,101.9,61,60.9,19.1,22.9,1.92924732E7,10
76,58,96,2.7,9.8,5.1,8.8,25.2,2,6.9,11,16.2,6.3,2,2059385.9,14
76,59,521,27.5,55.5,25,103,120,16,56.9,55.3,41.9,10.1,9.8,1.29535157E7,12
76,60,10,0.9,0.7,0.2,1.8,1.8,0.4,1.4,0.5,0.7,1.1,0.5,237684.1,1
76,61,88,4.8,7.1,2.7,22.4,12.4,1.4,15,10.4,6.1,4.3,1.4,2135534,2
76,62,496,28.2,58.1,27.1,93.8,122,17.6,59.2,28,38.6,11.3,12.1,1.13675054E7,12
76,63,395.5,18.8,43.1,18.1,74.9,93.1,9,51,32,41.4,9.1,5,9075160.5,10
76,64,79,4.9,3.4,4.4,12.7,20.4,3.4,11,5.8,5.2,5.2,2.6,2213469.4,7
76,65,575.5,24.1,64,36.9,120,120.2,11.8,92.9,33,51.5,13,8.1,1.20600405E7,12
76,66,131.5,4,12.4,6,26.1,28.9,2.6,26.1,7.9,11.6,2,3.9,2693586,11
76,67,62,4.9,6,2,11.9,12.1,1,8.1,9,2.9,3.1,1,1794197.7,7
76,68,418,17.9,40.9,30.9,64,91,10.9,54.9,53.1,20,22.2,12.2,1.01907427E7,13
76,69,704.5,33.5,65.5,44.6,113,162.9,17.1,124.4,68.9,43.4,17.1,14.1,1.61483069E7,36
76,70,230,15,20.8,14,63,42,9,30.8,17.1,13.1,4.2,1,4632510,10
76,71,399,14,32.2,16.8,65.4,84.1,8.7,67.7,50.1,25.8,13.2,21,9796202.2,24
76,72,55,1,5.9,4,11,10,2,7,8,5.1,1,0,1341480.9,9
76,73,276,12,19.1,14.9,58.9,56.2,4,51,28,22.8,5,4.1,6849915.6,12
76,74,155,14,9.9,6.9,44.1,26.1,9,12.9,12,17,1,2.1,3431455.7,7
76,75,234.5,10.1,26.2,13.2,38.1,59.9,2.8,24.9,29.7,13.5,12,4.1,5110837.5,11
76,76,75,10,3.9,3,24,15,1,7.1,4,3,0,4,1512763.5,3
76,77,356,25.1,29.4,20.7,84,72,12.8,29,34.8,27.1,15.3,5.8,7919786.6,22
76,78,70,0.7,6.8,3.3,10,21.7,1.6,6.6,5.3,6,5.8,2.2,1874677.5,7
76,79,194.5,4.9,23.5,9.7,30.9,50,5.3,22,27,8.1,6.1,7,4254585.5,16
76,80,137.5,9.9,14,13,25,27.2,1,14,14.9,10.5,4,4,2596006.4,7
76,81,55.5,4,2.6,1.9,11.1,14.9,4.8,4.1,5.1,4,1.9,1.1,1224076.2,7
76,82,247.5,14.4,25.9,13.2,37.5,56.5,7.1,21.3,40.7,20.3,7.6,3,5143290.9,11
76,83,10,0.6,1.1,0.7,1.4,2.6,0.4,0.6,1.4,0.8,0.3,0.1,196613.6,3
76,84,26,1.8,1.8,1.8,1.8,9,0,2.7,0.9,2.6,2.7,0.9,467333.5,2
76,85,76.5,1.8,8.1,3,10.1,15.1,2.6,17.1,6.9,4.9,6,0.9,1678220.7,9
76,86,110,4.2,8.9,2,15.8,19.1,1,18.1,24.8,5.9,10.2,0,2306908.9,13
76,87,62,1.1,9.8,2.2,9.1,17.1,1.1,9.9,7,1.8,2.9,0,1249170.7,9
76,88,16,0.4,0.7,0.7,3.4,4.4,0.2,2.3,2.1,0.6,1,0.2,378144.5,2
76,89,352,16.8,36.9,22.1,68.9,68.1,12,36,35,35.2,19,2,7477754,16
76,90,69,4,5.1,5,13,13.9,2.9,8.1,11,1,2,3,1202102,3
76,91,65,4,2.1,5.9,18.1,13,1.9,7,6,0.9,4,2.1,1433507.9,7
76,92,96.5,2.1,13,1.1,14,23,2.7,8.8,14.9,7,5.9,4,1856561.3,9
76,93,118,9.9,14.9,1,19.1,23,6,14,12,13.1,1.1,3.9,2280772.7,8
76,95,85,2.7,9.1,2.1,12.9,19,1,12.1,19.7,4.2,2.2,0,1447467.9,8
76,96,91,6,6.1,5,9.1,21.8,2,14.9,13.1,4,6.9,2.1,1665948.8,11
76,97,123,8,11.2,7.1,25,20.1,3.9,17,10.9,6.8,12,1,2367337.8,7
76,98,110,1.5,10,4.1,16.1,22.9,1.3,13,24,7.9,9.2,0,2240441.3,11
76,99,102,6.8,10.1,3.1,27.6,20,5,8.2,9.2,10.1,0.9,1,1757085.9,11
76,100,239,9.7,24,9.9,39.1,48.3,4,32.1,34.1,17,14.9,5.9,4445199.3,16
76,101,48,1.4,5,2.2,5.8,14.9,1.4,7.2,4.4,2.1,2.2,1.4,898157,4
76,102,4,0.4,0,0.2,0.4,1,0.2,0.6,0.4,0,0.6,0.2,86442.6,2
76,104,33,1,2,1,2,7.9,0,4,9.9,4,0,1.2,687800.5,4
76,105,352.5,8.8,37.5,18.1,55.8,74.1,10.1,44.9,48,30.1,15.1,10,6770452.7,13
76,106,510.5,17.1,40.6,35.9,58.2,131.7,8.7,75.1,82.3,17.1,31.9,11.9,1.03325326E7,28
76,107,2008.5,88.6,157.1,141.5,337,397.7,37.9,255,298.1,109.5,147,39.1,3.87684661E7,17
76,108,5111,223.7,482.8,401.4,873.9,1042.5,114.2,707.7,615.1,280,299.7,70,9.20075668E7,26
76,109,8,0,0.5,0.2,1.1,0.8,0,1.9,1.9,0,1.3,0.3,201772.8,3
76,110,516.5,23.9,39.8,24.6,83.1,94.1,10,103,78.9,23.1,20.8,15.2,1.23210026E7,15
76,111,415,28.8,41.9,26.3,77.5,84.9,10.2,54.1,39.1,23,22.2,7,8724946,9
76,112,368,15,36.9,25.6,69,64.9,7.5,44.9,61.1,21.1,18.9,3.1,7460208.4,10
76,113,114.5,10.5,12.5,3,35.1,14,5,10.9,7,11.4,4.1,1,2188992.7,6
76,114,40,0,7,3,8,9,2,1,3,7,0,0,841835.6,0
76,116,3,0,0.3,0.1,0.4,0.6,0.1,0.7,0.4,0.1,0.2,0.1,70988.6,1
76,117,105,0.8,10,2.9,14.7,20.6,2.1,26.1,12.6,3.8,7.6,3.8,2484599.4,16
76,118,13,0.7,1.5,0.1,2,3.5,0.2,1.4,1.8,1.1,0.3,0.4,303001,4
76,119,58.5,2.7,7,0.6,9.1,15.4,1.5,6.6,8.1,4.4,1.5,1.6,1363504.4,10
76,120,16,0.6,1,0.8,3.7,3.2,0,3,1.9,1,0.6,0.2,371215.8,3
76,121,44.5,2.9,3.6,0,4.1,7,0,8,9.9,2,7,0,982838.6,7
76,122,205,18,18.8,6,47,36.9,5,23,25.2,17.1,6,2,4324385.2,11
76,124,403.5,19.9,38.4,15.2,83.9,74,11,57.9,52.8,27.2,11.1,12.1,8669462.5,17
76,125,2,0.1,0.2,0,0.5,0.4,0.2,0.2,0.2,0.2,0,0,47900.9,1
76,126,139.5,4.6,7.8,10.9,26,28.5,3.6,19.2,19,8.1,9.8,2,3337777.4,9
76,127,1930.5,80.8,180.5,104.7,320.7,338,41,272.2,310.1,90.5,155,37,4.09593765E7,22
77,1,186.5,8,16.1,18,36,34.9,2.3,24,22.1,10,12.1,3,4289835.3,7
77,2,33.5,1,2.9,1,5.8,10.6,0,3.9,2.9,1.5,3.9,0,747287.8,2
77,3,1,0,0.1,0,0.2,0.3,0,0.1,0.1,0.1,0.1,0,22307.1,1
77,4,10,0.8,0.6,0.4,1.9,0.9,0.2,2.1,2.5,0.2,0,0.4,288096.9,1
77,6,324,14.9,36,22.1,62.8,72,10.2,25.9,36,25,12.1,7,7580115.1,9
77,7,67,4.9,7.4,5.6,8.9,19,2.9,6.1,7.1,3,2.1,0,1816299,8
77,8,13,1.3,1.6,0,1.9,2.6,0,3.3,1,0.3,0,1,335670,4
77,9,303,18.7,24.5,4.1,59,56.4,10,49.7,35.1,21.8,17.8,5.9,8122562.3,13
77,10,1061.5,63,105.8,68,197.7,218.1,29.9,135,108,64.5,42.3,29.2,2.36889724E7,18
77,11,55,4,8,2,8,14,2,5,6,5,1,0,1421546,5
77,12,29,0.9,1.7,2.9,2.9,6.6,0,4.1,5.8,0,2.8,1.3,874392.6,8
77,13,633,32,52.4,44.1,114.9,134.7,20.4,75.1,71,37.1,30.2,21.1,14999775,15
77,15,51,2.8,6.6,2.9,7.6,19.9,1,4.6,1.8,2.8,1,0,1426386.6,5
77,17,88,1,6.9,4.1,10,23.9,0,17.1,9,2.9,3.1,10,2589088.3,8
77,18,226.5,11.1,27.3,11,33.8,55.2,4.5,25.9,30.3,13.9,4.1,9.4,6426087.3,18
77,19,598,25,69,22,100,166,16,67,56.8,43.1,11,22.1,1.70323119E7,6
77,20,1105.5,48.9,103.9,54.4,154.2,242,27,149.9,161.8,66.1,57.1,40.2,2.85958179E7,19
77,21,11,0,0.4,0,0.5,3.7,0.4,3.7,2.3,0,0,0,306234.2,1
77,22,128.5,7.9,9,1.1,25.1,24.1,3,23.9,17.8,10.5,6.1,0,3813813.8,9
77,23,638,38.4,52,42.1,153.1,135.1,18,81.8,53.1,41.4,8,15,1.70550015E7,12
77,24,200,8,15,5.9,33.1,47.9,7,26.9,24.9,15.1,7.2,9,5986673.2,8
77,25,3553.5,118.6,351.3,157.1,520.8,747,91.9,508.2,499.1,203.9,184.8,170.8,1.079951049E8,27
77,26,1769.5,87.5,171.1,106.2,351,382.1,48,201,195.1,106.8,66.9,53.8,4.76722365E7,14
77,27,891.5,37.4,91.9,34,134.9,207,22.5,110,103.2,75.5,27,48.1,2.87669515E7,10
77,28,105,1.9,7.1,3.9,18.1,17.1,0,24.9,15.1,4,9.9,3,3946782.7,7
77,29,4841,178.1,456,236.9,679.9,1030,97.4,638,663.2,285.4,291.3,284.8,1.669436056E8,23
77,30,4780,254,503.2,247.3,847.5,1055.1,140.2,621.9,359.1,360.8,99,291.9,1.433993196E8,12
77,31,346,11.5,32.9,8.9,54.2,73.1,9,56,43.9,26.5,11.1,18.9,1.17625217E7,10
77,32,12138,781,1224.4,701.5,2688.5,2732.1,410.3,1327.8,624.1,946.2,137,565.1,342268208,13
77,33,14173.5,914.9,1375.5,796.4,3204.1,2938.2,461.3,1645,1084.9,1057.4,212.1,483.7,3.640041723E8,12
77,34,11901,787,947.7,628.4,3104.5,2408.1,328.4,1100.9,927,825.6,411.9,431.5,3.311866911E8,12
77,35,13814.5,891.1,1213.1,750,3183.8,2773,439,1353,1383.9,971.5,547,309.1,3.302908929E8,8
77,36,1001,40.4,112.1,41.5,109.1,276,26.5,114,99.9,77.5,46,58,3.32775767E7,9
77,37,5944.5,213.5,707.5,242.4,665,1292,122.6,794,845,382.5,293.9,386.1,2.192041199E8,13
77,38,1794.5,54.9,210,70.4,152.9,454.2,27,225.1,216.1,131,113.9,139,7.30226506E7,6
77,39,1554.5,37.1,202.9,57.5,149.3,333.1,28.5,240.8,271.8,79.9,34.8,118.8,6.65683746E7,11
77,40,6326.5,254.5,752.6,295.7,849,1476.7,145.1,720,751.8,486.8,305.6,288.7,200673459,29
77,41,18146.5,1119.5,1470.9,898.6,3759.1,3508,518.5,1977,2260,1160,1053,421.9,441665795,6
77,42,11902,845,831.5,591.6,3552,2301.1,337.8,1057,957.1,733.8,432.1,263,3.317026956E8,8
77,43,4437,296.7,398.4,176.2,1033.9,986.8,150,440.1,376,343.9,129,106,1.175624992E8,13
77,44,13129,974.3,1402.3,749.6,2720.4,2436.2,497.5,1414.6,1183,1148.1,263,340,2.854091136E8,16
77,45,360.5,13.4,40.3,21.2,57.8,86,9.1,42,34.9,28.8,11,16,1.10727777E7,15
77,46,9073,523.9,1001,521.9,1860.5,1914.1,337,1180,590,782.4,90,272.2,202437649,11
77,47,17239,1053.9,1861.8,1115.9,3793,3456.1,568,2284.1,1042.1,1373.9,167.9,522.3,4.039456885E8,11
77,48,27934,2325.9,2618.5,1878.8,7811.1,4939,1124.3,2656.1,1419.1,2348.6,235,577.6,5.539260864E8,13
77,49,664,21.1,62.9,54.5,89.5,166.4,19,98.1,71.6,32.3,10.9,37.7,1.80367266E7,10
77,50,1284,46,130.4,85.8,224.3,302.9,27.4,175.2,128.3,83,36.8,43.9,3.49152056E7,14
77,52,1612.5,102.7,166.7,79.2,340.8,336.3,59.3,172.2,155.4,124.8,42,33.1,4.13156671E7,23
77,53,119,2,15.9,5,15,29,2,23.9,9,6,4.1,7.1,3310282.8,6
77,54,157.5,4.7,18.5,8,21.8,36,2.1,20.1,30,9,3.2,4.1,4939790.8,11
77,55,226.5,14.4,14.6,6.7,47.9,54.1,2.9,26,33.9,15,4,7,6435722.5,12
77,56,145.5,4,18.6,12,22.9,33.9,4,19.9,21.1,7.1,0,2,4045016.6,11
77,57,87,2.8,10.8,1,11.8,21.8,2.5,13.6,10,4.4,3.2,5.1,2416890.6,9
77,58,42.5,0,4.9,0,8,9,0,12.1,5,1.5,0.9,1.1,1135243.6,5
77,59,104,2.8,7,9,17,22,1,23,10.1,3,3.1,6,2695664.3,6
77,60,465.5,25,51.1,25.9,98.3,93,13,56.8,43.1,38.3,11.9,9.1,1.11906211E7,13
77,61,4,0.4,0.3,0.1,0.7,0.7,0.2,0.5,0.2,0.3,0.4,0.2,95073.7,1
77,62,477,17,54,22.2,87,111.8,9.9,63.9,39.9,42.1,19.2,10,1.14598402E7,11
77,63,685,46.9,63.5,44.2,139.8,154.1,27.1,67.9,67,46.4,14.1,14,1.43840104E7,11
77,64,110,0.9,8.1,8,9.1,24,2,25.9,18,3,9,2,2765104.1,12
77,65,14,0.8,0.6,0.8,2.2,3.6,0.6,2,1.1,0.9,0.9,0.5,392260.4,3
77,66,218.5,5,19.5,15,30.1,58.2,5,34,16.9,13.9,10.9,10,4799350.1,9
77,67,160.5,9.1,9.8,11,34,23.9,5.1,35.1,11,8.4,8,5.1,3857894.4,12
77,68,87.5,2.9,7.5,8,4.1,21,4,23.8,7,2.9,5.1,1.2,2170128.1,9
77,69,107,4,8,4.9,15,27.8,0,15.1,15.2,5.1,5.8,6.1,2571278.7,10
77,71,569.5,34.9,44,29.3,110.8,118.2,25.6,46,61.1,50.5,31,18.1,1.31030355E7,10
77,72,191.5,6,23.1,8.5,29.9,55.8,4.1,32.9,15.1,3,5.1,8,5158296.5,11
77,73,187,10.7,19.8,15.2,40.3,47.9,3.3,20.2,11.1,12.3,4,2.2,4415093.7,11
77,74,192,10.2,13.5,14.1,43.8,43,4.8,26.2,20.1,11.4,3,1.9,4618244.2,11
77,75,76,1,6,3,12,13.9,4,9.1,17,2,6,2,1694279.6,4
77,77,166.5,9,17.5,9,38.1,31,6,18,15,16.9,4,2,3053785.6,3
77,78,249,5.9,30.7,11.8,41,49.1,10.3,33.1,37.1,16,13,1,5730651.4,14
77,79,14,0.3,1.1,0.5,2.1,4.3,0.3,0.6,1.7,2,0.3,0.8,388612,2
77,80,248.5,16.5,17.7,16,55.1,48,9.9,28.9,22.1,10.9,20.3,3.1,4903419.9,9
77,81,74,3,7.9,7,14,14,1.1,7.1,12.9,4,3,0,1392254.4,5
77,82,451.5,15.8,50.2,15,63.1,94,8.9,59.2,76.8,28.6,24.9,15,9782020.6,16
77,83,341,10.9,34.7,18.1,60.8,71.8,8.9,28.9,44.2,29.7,25.1,7.9,7199109.8,18
77,84,54,0.2,9.2,1.1,5.2,15,0,12.3,5.1,3.4,1.3,1.2,1204474.3,4
77,85,111,2,12.2,6,26,16.8,2,23.1,11,6.9,3,2,2279459,10
77,86,100,4.9,12.1,12.1,11.8,29.8,0,8.1,13.1,5.2,1,1.9,2209086.7,8
77,87,81,4.9,5,4.1,12.1,16.1,1.9,15,13,1.9,4.9,2.1,1694882.5,4
77,88,211,8.7,14.7,13.7,34.9,46,4.6,20,31.3,20.9,13.2,3,4311972.2,19
77,89,130.5,4.6,9.7,6.5,26.5,25.5,2.8,18.7,20,9.5,4.9,1.8,2792864.4,6
77,90,40,2,0.9,0.9,7,5,0.9,6,7.1,0,7.1,3.1,1004193.2,5
77,91,30,1,0,2,3.7,4,1.2,5,9,0,4.1,0,678473.6,6
77,92,44.5,1.2,4.5,2.1,11,8.9,2,2.9,4.9,4.9,2.1,0,968390.7,6
77,93,632.5,31.3,55,25.2,119.8,110.2,23,86,100,37.9,35.1,9,1.24306114E7,13
77,94,40,0.5,3,0,10,6.1,2.6,3,3.9,5.9,5,0,963137,4
77,95,51,4.9,5,4,3,8,0,12,7,2,5.1,0,1066880.1,3
77,96,93,3.9,8.1,6,17,18.1,2,4.8,18.1,8,6,1,2051119.6,11
77,97,47,0,6,1,4.8,9.9,0,8.1,6,3.1,7,1.1,922211.6,8
77,98,64,2,6,6,7,18,1,5,13,3,2,1,1205409.8,3
77,99,32.5,1,5,3,4,7,0,5,6,0.5,0,1,623980.5,2
77,100,19,0.6,2,0.8,2.3,6,0.6,2.8,1.7,0.8,0.8,0.6,355520.4,3
77,101,931.5,33.1,95.1,48.7,129.9,202.9,15.7,110.2,150.2,67.5,60.9,17.3,1.71215057E7,19
77,102,57,4.2,0.8,2.9,6.5,14.3,2.1,9.4,6.5,0.8,7.5,2,1231807.8,9
77,103,216,8,22.9,12,41.9,37,8,34,17,11.8,18.2,5.2,4048486.6,19
77,104,205,7.9,22,12.1,32.8,35.1,8,33.8,24.9,14.1,13.2,1.1,4129426.7,12
77,105,52.5,3,6.5,2,9,11,2,8,5.1,3.9,1,1,1289604.1,5
77,106,351.5,13.9,24.5,13.1,49,68,3.9,76.1,57.1,18.8,17.1,10,8504957.3,19
77,107,10876.5,502.4,1049.8,848.6,1729.9,2094.3,291.4,1436.9,1434.2,664.7,659.1,165.2,188446311,18
77,108,3756,111.4,337.1,240.7,530,795.8,70.4,519.4,563,216.9,284.2,87.1,8.17530373E7,24
77,109,25,0,1.5,0.7,3.8,2.3,0,6.1,6.1,0,3.8,0.7,630539.7,2
77,110,79,2,10.1,2,9,19,1,14,10,7.9,3,1,1767173.2,6
77,111,190,11.9,14.4,10.6,44.2,41.1,8,26.9,9.9,17,1.9,4.1,4518626.5,11
77,112,328,10.9,27.9,12.5,59.1,73.9,12,41.1,37.1,26.4,21.1,6,6867983.6,16
77,113,302,14.9,29.1,8.5,45.1,69,5.1,34.9,42.8,22.6,25,5,6566136.8,15
77,116,142,5.8,14.8,5.9,26.1,29.2,4.8,23.3,10.1,7.9,10.1,4,3273651,20
77,117,200,10,13.9,7.2,41,37,6.7,28.1,20,20.9,12.2,3,3722777,13
77,118,241,9,18.5,13,34.1,44.1,6.3,37.9,51.1,10.9,15.3,0.8,4713747.4,13
77,119,8,0.4,0.9,0.1,1.3,2.1,0.2,0.9,1.1,0.6,0.2,0.2,186462.2,2
77,120,40.5,1.3,2.7,2.1,9.1,8.2,0,7.7,4.9,2.3,1.4,0.8,939639.9,6
77,121,2,0.1,0.1,0.1,0.5,0.4,0,0.4,0.2,0.1,0.1,0,46402,1
77,122,280.5,18.4,19.1,14.1,52,48,9,40.1,45.8,17.9,12.1,4,5544449.6,13
77,123,178.5,9.9,20,12,43,39.2,7.9,11,11.1,17.4,7,0,2768371,7
77,124,137,6.6,11.2,5.1,31.4,26.1,7.1,19.1,13.1,8.9,4.6,3.8,3259587.9,12
77,125,8,0.3,0.8,0.2,1.9,1.4,0.7,0.6,0.9,0.8,0.2,0.2,191603.5,2
77,126,19,0.5,1.2,1.1,3.9,3.6,0.5,2.6,2.7,1.4,1.3,0.2,472885.2,5
77,127,232.5,10.6,26.2,11,46,56,6.4,27.2,24.2,13.8,8,3.1,4491441.6,14
78,1,239.5,8.9,25.6,13.1,38,64.1,3.9,26,30.9,18,9.9,1.1,5330770.9,9
78,2,28,1,4,0,2.9,8,0,6.1,4,2,0,0,788227.1,4
78,3,165,3,18.5,8.1,18.1,49,3.5,27.9,16,11.9,6,3,4252389,3
78,4,5,0.6,0.1,0,1.1,1.5,0.1,0.4,0.5,0.4,0.1,0.2,134477.6,2
78,5,395.5,22,34,15.1,73.2,70.7,16,62,42.1,34.5,13,12.9,9141415.4,10
78,7,5,0,0.2,0,0.8,1.2,0,0.8,1.5,0.2,0.3,0,141012.4,2
78,8,185,6.8,18.8,10.8,26.9,48.3,5.9,21.1,22.3,16.3,4.7,3.1,5005476.4,16
78,9,560,29.9,54,19.9,101.9,129.9,14.1,71.2,63.9,34.1,17,24.1,1.46319939E7,36
78,10,385.5,11.6,39.2,17,59.9,82,9.8,70.2,48,21.7,17,9.1,1.09214048E7,20
78,11,227.5,3,14.9,19,28.2,47.2,4.6,39.1,42.9,9.3,11.4,7.9,6437277.3,23
78,12,857,32,73.6,39.3,110.7,196,18.3,137.8,128.9,55.8,29,35.6,2.36411003E7,31
78,13,5015.5,320.1,410.4,335,1030.2,1012.1,136,590,532.8,321.9,246.9,80.1,1.045949564E8,16
78,14,10438,654,1229,747,2038,2130.1,359.3,978.9,839,952.5,287,223.2,1.991663735E8,12
78,15,1153.5,49.5,112.8,59.6,186.9,264.1,37.9,159.1,127,95.4,39.2,22,2.96580616E7,20
78,16,2,0,0.2,0.1,0.3,0.6,0,0.2,0.2,0.3,0.1,0,47847.7,1
78,17,105.5,2.2,15.9,3.9,9.7,28.5,2,13.9,13.6,8.7,2.1,5,2987181.4,6
78,18,423.5,13,49.9,17.8,60.2,93,8.9,61.9,47.8,27.8,20.1,23.1,1.28149572E7,15
78,19,106.5,3.5,8.7,8.2,16.5,23.7,1.5,11,19.8,7.1,3,3.5,2874059.5,8
78,20,3648,177.5,340.2,233.1,657.8,798.9,97.5,426.1,407.1,217.7,170.1,122,9.37277009E7,16
78,21,756,25.7,80.5,30.1,107.2,176.8,19,106.9,100.1,50.7,23,36,2.22346108E7,20
78,22,1015,25.9,102.4,55.8,152.1,247,24.7,122,124,77,35.2,48.9,3.16740104E7,15
78,23,627.5,31,55.1,36.1,94.7,142.8,8.9,77,73.2,51.3,25.2,32.2,1.80521441E7,15
78,24,2399.5,85.9,251.4,129.9,370.1,574.9,52.8,297.1,249.9,174.1,113.2,100.2,69397417,15
78,25,635,15.6,65.7,19.1,69.9,124.1,22.5,83.9,135,42,25.1,32.1,1.97122964E7,15
78,26,605.5,29,78.9,28.1,82.2,166,17.4,75,56.9,32,8.9,31.1,1.80543307E7,7
78,27,2461.5,68.8,276.1,96.1,285.1,546,54,299,400.1,176.3,94,166,8.84174604E7,14
78,28,6688.5,242.3,654.9,289.5,929.5,1516,145.5,842,929.1,399.1,282,458.6,2.256096741E8,16
78,29,3584,154.4,305.9,164.7,667.1,758.1,96.9,435,456.9,238.9,151.3,154.8,1.060161614E8,20
78,30,4944,240.3,560.5,279.7,774,1142.9,157.6,562.6,533.2,366.3,125.9,201,1.391150973E8,17
78,31,1136.5,45.4,121.8,43.9,174.1,252.6,29.1,194,91.1,69.5,27.9,87.1,4.07555249E7,9
78,32,177,6.4,20,7.1,16,39,2,15.9,23,21.5,14.1,12,7739060.6,3
78,33,1056.5,54,131.6,61.6,142.8,246,28,109,106.9,103.4,26,47.2,2.52431567E7,9
78,34,76.5,0.8,5.6,2,16,21,2,20.9,0,4.2,2,2,1992537.4,10
78,35,230.5,6,29.1,10.9,36,51,6.9,25.1,25,15.5,17,8,7558282.5,6
78,36,4309.5,135.5,455.1,168,463.9,982,99.9,473.1,692.1,316.9,275.1,247.9,155310081,13
78,37,689,16.9,76.9,34,64.9,145,14,96,118.1,42,34.1,47.1,2.69031693E7,5
78,38,9449,321.4,984.5,400.5,1242.6,2205.8,217.6,1156.2,1234.8,612.4,553.1,520.1,3.328837217E8,23
78,39,18427,774,2059.5,845.6,2672,4122.9,475,2173,2055,1411.9,883.1,955,6.123723076E8,6
78,40,10964.5,533.4,1004.1,484.9,2112.9,2235.9,259.4,1173.1,1251,781.7,661,467.1,3.509545242E8,10
78,41,565.5,25,49.9,29,114.1,127,20,66,54,47.5,21,12,1.32939587E7,3
78,42,7101,466.6,673.4,376,1567.1,1506.9,243.1,803.1,520,541.9,184.9,218,1.721459731E8,10
78,43,17219,1117.8,1618.5,1017.5,3685.1,3644.1,582,1805.1,1564,1227.4,573,384.5,3.938826442E8,7
78,44,5860.5,338,518,263.1,1370.6,1296.8,199.2,670.1,477.2,388.2,155.1,184.2,1.658540579E8,30
78,45,10314.5,526.5,987.5,463.3,1782,2287.9,358,1177,1144.1,799.9,440.2,348.1,2.832257369E8,12
78,46,7536.5,423,723.9,434.4,1398,1591,232.1,1045,689.9,617,123.1,259.1,2.001911646E8,25
78,47,2716.5,121.4,214,176.9,553.7,571,61.8,362.2,282,148.4,88.1,137,7.74462486E7,15
78,48,13397,977.9,1438.4,934.1,2922.8,2453.1,505.7,1435,1015.2,1136.6,199.1,379.1,2.628067588E8,17
78,49,6854,375.5,764,446.5,1377.2,1386,239,756,640.1,514.7,178.2,176.8,1.529461493E8,17
78,50,610.5,19.9,64.5,29.2,77.1,132,12.9,112.8,87.1,33,17,25,1.74883369E7,7
78,51,3,0.2,0.3,0.2,0.6,0.8,0,0.3,0.2,0.3,0,0.1,77492.6,1
78,52,167,6.9,17,10.1,18.9,41,2,32.1,17,9,4,9,4759012.2,5
78,53,335.5,16,32.1,11,55,77,5.9,55,37.1,15.5,16.9,14,9488021.4,10
78,54,55.5,1,5,3,9,12,2.5,7,7,6,1,2,1886170.2,2
78,55,432.5,24.9,41.5,19.4,65.7,98.8,7.5,62.4,51.1,33.1,11.3,16.8,1.29624642E7,34
78,56,216,11,27.9,10,33.1,50,7.1,31.8,19.2,14.2,8.7,3,5809712.1,9
78,57,302,13.8,18,18,57,73.2,12,45,31.1,17,11.9,5,8085942.4,12
78,58,843,49.9,70.6,37.6,174,178,27.6,95,94.8,78.3,19.1,18.1,2.05266889E7,16
78,59,12,0.3,1.2,0.7,2.7,3.3,0.5,1.5,0.6,0.3,0.2,0.7,299182.1,3
78,60,161,10.9,15.2,6,29.8,33,1.9,23.2,15.9,16.1,6.1,2.9,4280090.3,9
78,61,496.5,22.9,51.3,17.1,91.9,120.1,11.3,55.1,50.3,38.5,21,17,1.15127493E7,15
78,62,187,6.9,16,7.9,31.9,48.2,7.1,29.2,14.9,13,4.9,7,4805782.1,12
78,63,214,8,17.1,14.1,40,46,6.9,41,17,13.9,7,3,5282537.3,9
78,64,138,5.9,19.8,7,18.1,41.1,1,25,6.9,6.1,3.1,4,3221178.2,12
78,65,103,3.4,6.6,3.9,16.1,30,2,18,11.8,7.2,0,4,2768084,8
78,66,2235,104.6,225.5,137.4,383.9,485.8,63.4,286,244.3,155.9,102.2,46,4.62600475E7,21
78,67,181,7,12.4,11.4,26.9,42.6,6.1,29.6,31.9,6.1,2.9,4.1,4102199.1,13
78,68,322,12.9,21,19.5,52,77.1,12.6,45,45,17,11,8.9,8381118.5,8
78,69,771,40,76,47.1,142,173.1,17.8,115.1,73.6,35.1,28,23.2,1.80275464E7,24
78,70,640.5,32.9,55.5,35.1,117.7,127.1,15,82,87.2,44.6,20.3,23.1,1.61654774E7,23
78,71,161,3.5,9.5,10.8,24.7,40.8,4.7,27.3,21.3,8.5,4.9,5,4221903.3,5
78,72,280.5,6.6,23.8,15.4,39.1,61.1,4.3,57,42.9,7.1,14.5,8.7,6552253.9,10
78,73,13,0.4,1,0.8,1.8,3.8,0.8,1.8,0.4,0.4,1.4,0.4,315913,3
78,74,247,5.1,17.8,13.1,31,46.9,3.9,55.9,41,14,15.2,3.1,5964260.6,16
78,75,193,8.9,22.2,9,40.8,55.9,4.9,23.2,13.1,12,0,3,4452011.8,8
78,76,320.5,11.1,32.3,15.9,58.8,65,13,43.3,35.3,24.2,14.1,7.5,7092270.7,13
78,77,817,52.7,77,66.2,157.9,169.9,22.5,78.1,81.9,58.6,32,20.2,1.49926177E7,13
78,78,475,30,55.6,25.6,86.9,87,22.1,47.1,47,42.9,18.9,11.9,8723556.5,8
78,79,463.5,18.4,64,15,100,108.1,14.9,48.2,26,43.9,21,4,9758312.8,12
78,80,329.5,14.7,36.3,13.1,75.5,62.3,8.7,43.8,32.9,32.3,7.9,2,7257452.5,11
78,81,387,20.9,40.1,14,80,76,16.9,46,43.1,33.5,11.1,5.4,7518344.5,6
78,82,903,42.4,75.5,68.2,145.2,190,21.8,132.1,109.8,62,48.9,7.1,1.66719693E7,18
78,83,1923.5,60.5,199,141,238,383,32,267,300,97,170,36,3.77841234E7,4
78,84,65,2.4,3.9,3.2,14.8,13.2,1.5,9.3,7,6.4,3.3,0,1429073.7,8
78,85,104,6,9,6,18.9,16,3,19,14.1,7.9,4.1,0,2192906.7,7
78,86,6,0.1,0,0.8,0,1.2,0,1.6,0.8,0,1,0.5,92917,3
78,87,136.5,14.1,6.8,4.8,36.3,20.9,6,13,14.8,9.9,7,2.9,2878753.2,10
78,88,59,4.9,6.1,2,9,16,2,6.9,6,5,0,1.1,1285741.1,4
78,91,2,0.2,0.2,0,0.4,0.4,0,0.3,0.2,0.1,0.2,0,42161.8,1
78,92,169,9.7,13,9.3,37,33,5.1,17.7,20,9.1,11.2,3.9,3516673.5,16
78,93,96,1,7,3.8,13,19.1,4,13,24.2,4.8,5.1,1,2118228.4,6
78,94,54,1,3.5,2,10,14.1,1.9,5.1,12.9,0.5,3,0,1302207,5
78,95,81,3.1,12.9,3.1,8.1,16.9,0,8.8,18,4,4.9,1.2,1662733.8,6
78,96,93,4.9,6.9,4.1,19,15.1,0.9,13.1,14.9,3,6.1,5,1755562.1,8
78,99,742,30.4,64.1,48.2,132.1,161.9,22.4,89.9,93.1,44,42.8,13.1,1.55815269E7,24
78,100,21,0.9,3.1,0.5,2.8,5.6,0.4,2.7,2.5,1.2,1.2,0.1,448642.9,3
78,101,364,13.7,39,16.2,66.1,76,16.9,46.9,48,20,17.2,4,6727079.4,17
78,102,37,4,5,1,9,7,0.9,3,3,3,0,1.1,608480.5,2
78,103,56,5,3,5,13,10,0,5,7,5,2.1,0.9,1212937.8,3
78,104,713,27.8,69.3,46.9,127.3,165.3,26,96.9,66.8,48.7,31.7,6.3,1.36864469E7,28
78,105,667.5,18.9,63.1,33,93,137.8,16,114.8,107.1,36.4,37.1,10.3,1.53543159E7,22
78,106,33,1,0,1,3.9,4.1,1,10,5,2,2,3,986477.8,2
78,107,288.5,7.1,28.4,13.9,29.7,74.2,4.1,41.9,44.1,18,19.9,7.2,6188932.3,13
78,108,337,9.6,30.7,18.2,39.1,66.3,4.3,74.9,64,10.8,14,5.1,8214593,18
78,109,554.5,18.8,48.3,27,87.2,113.3,9.8,86.9,92,33,29.1,9.1,1.45003783E7,24
78,110,502,19,41.2,20.2,81,115.9,8.4,60.9,83.1,29.9,29.2,13.2,1.29372094E7,24
78,111,212.5,14,13.7,7,39.9,43,5,38.1,17,12,17.8,5,4929872.5,11
78,112,7,0.1,0.3,0.4,1.4,1.8,0.4,0.9,0.4,0.6,0.5,0.2,144987.5,2
78,116,18,0.9,0.4,0,3.2,5.1,0,2.3,2.9,1.8,1.4,0,443956.9,5
78,117,90,2,12.1,3.9,16.1,23,3.9,9.8,7,10,2.2,0,1877080,11
78,118,31.5,2.8,2.4,3.3,4.1,6.3,0,4.2,4.2,0.7,2.1,1.4,638097.4,7
78,119,2,0.2,0.1,0.2,0.3,0.4,0,0.3,0.3,0,0.1,0.1,40514.1,1
78,120,232,11.9,24.4,12,43.9,37.2,8.2,30.9,35.9,9.5,16,2.1,4679718.5,19
78,121,149,4.9,12.3,2.1,27,22.8,3.9,26.9,23.1,11.1,13.8,1.1,2893741.6,17
78,122,112,6.1,9.3,5.7,18.6,26.7,4.1,9.5,20.6,8.3,2.4,0.7,2160411.5,12
78,123,660.5,34,63.3,39.9,142.1,125.4,27.8,86,47,47.9,38.1,9,1.17477571E7,23
78,125,6,0,0.6,0.5,0.6,1.9,0,0.7,0.9,0.3,0.3,0.2,145212.3,2
78,126,42,4.9,2.9,2.1,8.9,12,0,4.9,3.2,2,1.1,0,910013.1,7
78,127,347,27.6,21.9,16.9,78.1,49.8,12,48.1,45.9,26.5,15.1,5.1,6923017.8,24
79,0,79,1.8,5.7,3.8,7.7,17.9,2.8,10.8,14.9,5.8,5.9,1.9,2073635.9,3
79,1,4,0.2,0.3,0.2,0.3,1.2,0.2,0.1,1.1,0.2,0.1,0.1,113166.5,1
79,2,226,15.9,19,13,50,49.1,7.8,33.1,15.1,18,4,1,5472431.7,5
79,4,158,6.8,17.4,14,34.4,36.3,5.4,12.7,12.1,10.3,6.3,2.3,3575532.8,7
79,5,15,1.9,0.5,0,3.4,4.3,0.5,1,1.4,1,0.5,0.5,403433,1
79,6,1283.5,71.5,98.8,82,241.2,245.8,37,145.2,186.5,87.8,72.8,14.9,2.92751751E7,12
79,8,1,0,0,0,0.1,0.2,0,0.3,0.2,0.1,0.1,0,26210.1,1
79,9,7,0.2,0.1,0.3,0.8,1.4,0.1,1.7,1.4,0.7,0.3,0,183470.6,2
79,10,87,3,9,7,16,23,3,10,5,5.9,1.1,4,2242460.5,4
79,12,53,1.9,3.9,0,12.1,8,5,8,5.1,5.1,1.9,2,1299269.6,4
79,13,2340.5,125.4,179.3,147,494,421.9,69.5,286,294.1,116,166,41.3,5.24406424E7,11
79,14,8171,510.5,792.1,528.7,1788,1594.1,249.4,855.9,801.7,588.6,294.9,167.1,1.700687377E8,19
79,15,43,3.1,1,3.1,8,7,1.8,4,9.8,1,4.2,0,923765.1,8
79,16,305.5,4.9,35.6,14.9,23,55,1.9,26.1,81.1,21.1,31.9,10,8869545.7,4
79,17,972.5,32.2,85.9,33.5,114.9,190.3,18.9,132.2,197.9,61.6,70,35.1,2.85185495E7,14
79,18,30,2.5,0.8,0.9,10.6,3.2,2.5,4,3.2,0.7,0,1.6,852691.8,4
79,19,273,15,38.1,5,49.2,66.8,5,33.9,24,18.7,6.2,11.1,7960497.9,13
79,20,313.5,9.8,32.7,10,43,80.1,1.9,34,52.9,25.7,11.1,12.3,8333033.7,15
79,21,1935.5,88.4,167.2,108.7,345.2,431.9,53.4,232.2,256.3,141.5,62,48.7,4.78977368E7,31
79,22,1340,47.3,136.1,61.3,196.3,357.3,23.1,198.8,157.1,74.4,26.1,62.2,4.14067775E7,38
79,23,478,22.9,41,26.6,89.9,105.7,16.6,61.1,54,27,9,24.2,1.38657955E7,14
79,24,1084.5,58.9,100.6,50.2,218.5,224.2,48.1,155.9,96.9,81.2,22,28,3.02608969E7,15
79,25,358.5,10.6,29.9,18,49,79.1,6,64,41.9,24.9,20,15.1,1.04843397E7,9
79,26,175,8,19.9,4,29.9,36,5,24,22.1,13,6,7.1,4966907.4,6
79,27,2609,109.8,262.8,106.6,429.5,611,72.4,272.8,308.1,246.1,86.9,103,7.77272147E7,18
79,28,8721,345,851.5,403.4,1334,1897,220,1114,1129.1,559.8,358.1,509.1,277715665,18
79,29,3318.5,138,278.1,119.8,621.1,712.7,68.8,416,435,233.7,166.3,129,1.074820511E8,23
79,30,1284,52.4,111.5,60.5,244.1,281,36,165.9,151,100.5,36.1,45,4.11907611E7,14
79,31,1097.5,39,144.9,72.1,166.9,295,30.6,120.9,44,118.1,6,60,3.75742846E7,10
79,32,3292.5,109,368.8,138,415.1,693.1,76.4,434.1,470.1,222.8,162.1,203,1.172440295E8,16
79,33,6656.5,503.5,617,387.1,1992.9,1416.6,271.1,350.9,265.1,524.4,101.4,226.5,1.842946331E8,18
79,34,15008.5,819.3,1311,674.1,3609.1,2990.9,431.9,1362,1403.2,951,745,711,5.139540709E8,10
79,35,18951,924.4,1579.7,744.1,3523.1,3743.9,454,2119.9,2733,1094.9,1295,739,6.328098435E8,12
79,36,9635,327,826,407.6,1346.1,1965.7,170,1172.9,1740.1,522,795.1,362.5,3.106484318E8,8
79,37,2606.5,118.9,243.7,100.5,383.9,535,65.9,325.9,330.1,199.6,162,141,9.62691893E7,14
79,38,13027,646.8,1182.5,588.2,2311.6,2754,332.1,1590.7,1493.4,887.7,624.1,615.9,4.100872127E8,33
79,39,27799,1416,2363.5,1231.5,5793.1,5900,773.6,2851,3004,1817.1,1725.7,923.5,8.620132832E8,11
79,40,7157,306,593,293.3,1276.1,1556.5,174.4,785.8,868.1,448.5,503.1,352.2,2.639241348E8,8
79,41,711,38.5,83,29,121,156,17.5,66,73,73,22,32,2.38388645E7,2
79,43,116.5,10.1,15.9,3,28,23,5,4.1,2,19.4,0,6,2740524.3,4
79,44,288.5,20.9,24.6,11.5,100,57,10.9,24,15.1,22.5,1,1,7719346.5,7
79,45,14194.5,814.9,1231,727.8,2799.6,3023.2,421.9,1649.2,1403.8,1013,653.9,456.2,3.747365453E8,12
79,46,6096.5,378.1,552,378.4,1353,1181.8,151.3,728.3,551.8,408.7,222,191.1,1.535076286E8,24
79,47,17078.5,1265.4,1519.4,1088.1,4238.2,3142.9,587,1683,1445.1,1348.3,360,401.1,3.619057026E8,17
79,48,15408.5,1111,1505,946,3657.3,2965.9,606.1,1444.9,1215.1,1248.4,351,357.8,3.175912755E8,16
79,49,8123.5,389.7,756.8,477,1467,1698.9,234.4,1109,934.9,564.7,210.1,281,2.122539928E8,18
79,50,463.5,12.8,36.6,23.1,79,103,13,88.9,62,20,13.1,12,1.28312605E7,8
79,51,77.5,3.8,10.2,3.8,18.4,14.3,1,9.7,8.8,5.6,1,0.9,1959236.5,3
79,52,541.5,18.8,52.5,22,67,121,12.1,100,80.9,33.9,13,20.3,1.56972335E7,16
79,53,317,7,36.4,20,42.1,77,7,50,37,20.5,6,14,9141719.7,4
79,54,36.5,0.8,5.5,1.9,9,11.1,0.9,0,0,3.2,2,2.1,936080.1,6
79,55,109,2.9,7,10,20.2,30.9,0,13,12,9,1,3,2992854.7,7
79,56,221,14,19.9,6.9,37,49.1,6.9,34.1,28.1,15,6,4,6480898.3,10
79,57,774.5,36.3,70,48.2,138.9,191.9,25.1,98.4,75.8,50.8,27.1,12,1.91787266E7,16
79,59,109,3.6,13.1,7.3,22.1,29.7,3.8,15.3,5.4,2.3,1.1,5.3,2699626.1,7
79,60,71,2,5,2.9,10.8,19,4,5.9,11,4.2,4.2,2,2016509.2,5
79,61,255.5,16.1,22.3,14,45.2,62,7,42,23.1,17.8,5,1,6234309.4,11
79,62,217,8.9,23,18.7,40.8,48.1,6.9,16.1,24.4,20.9,4.2,5,4853200,20
79,63,371,10.8,39,16,60.8,82.2,11.1,61.1,43,29.9,7,10.1,8921729.2,11
79,64,297.5,5.9,35.7,20.9,43.1,75,6.9,49,34.1,10.9,7.9,8.1,7196321.4,10
79,65,160,8,18.1,6.9,27.9,29,3,25,19,10.1,5,8,3871949.3,7
79,66,134,4.9,6.4,12.6,24,30.9,3,20.2,21.1,5.9,5,0,3270255.2,12
79,67,393,12.8,31.5,30.9,58.1,92.2,9.8,55.2,48.1,29.3,10.1,15,9117908.8,14
79,68,557,22.7,50.6,31,88.8,106.1,11.1,94,90.9,26.5,24.1,11.2,1.40906227E7,12
79,69,800,26.8,64.4,43.2,99.9,172.1,19,108.8,153.9,45.3,40.6,26,23374798,29
79,70,694,32.8,51.9,27,87,141.9,10,116.2,116.2,43.1,33.9,34,1.99121134E7,16
79,71,6,0.2,0.6,0.2,1.2,1.2,0.2,0.8,0.8,0.6,0.2,0,156794.2,2
79,72,387.5,20,31.5,23.1,86,71,9,50,42,33.9,12,9,8815539.7,8
79,73,1412,76.7,127.6,72,265.3,262,41.3,203.9,182.9,94.4,67.1,18.8,3.01563653E7,23
79,74,281.5,14,20.8,17.9,48.2,54.1,7,40.1,40.9,18.4,10.9,9.2,6450150.3,17
79,75,805.5,31,77.5,55,137.9,150.2,18.8,129,100.8,55.9,34.1,15.3,17260674,28
79,76,18,0.5,1.8,1.2,2.6,5.2,0,3,1.8,1.1,0.8,0,339417,4
79,77,124.5,3.5,15.3,3.7,21.4,29.7,2,16,14.3,10.5,4.1,4,2725942.8,3
79,78,3,0.3,0.4,0.3,0.7,0.6,0.1,0.1,0.1,0.3,0.1,0,63589.8,1
79,79,395,28.1,43.6,24.2,79.2,80.4,12.9,37.9,37.1,36.6,4.9,10.1,8416336.4,13
79,80,14.5,1.3,2.7,0,3.3,2.7,0.8,1.4,1,1.3,0,0,311490.5,1
79,81,367.5,24.8,30.1,24.8,74.2,86.1,7.7,36.8,30.1,31.7,15.4,5.8,7652053.5,22
79,82,421.5,22,45.3,19.5,81.9,91,9.5,59.1,43.1,32,11,7.1,9196332.9,12
79,83,58,1,7,5,10,11,1,7,9,3,4,0,1270687.7,2
79,84,18,0.6,1.1,0.9,4.1,3.7,0.4,2.6,2,1.7,0.9,0,395743.5,1
79,85,101,4,10,10,15,25,0,15.1,13,2.9,6,0,1803767.5,4
79,86,295,6.9,32.6,20.8,56.2,73.1,6.8,33.1,22.2,22.5,10.9,9.9,6108063.6,19
79,87,17.5,0.4,0,2.2,0,3.7,0,4.5,2.3,0,2.9,1.5,271007.9,2
79,88,90.5,8,6.5,6.1,22.9,15.9,0,11.1,9.8,6.2,4,0,1935617,8
79,89,366.5,9.6,27.9,13,74,68.2,8.5,50.9,44,30.4,29,11,8347954,16
79,91,111,8.9,12.7,3,18.6,22.6,1.9,14.7,11.8,5.9,10.9,0,2206756.2,7
79,92,229,17,22.1,6.5,49.9,41,7.9,21.1,28,16.5,17,2,5137872.5,10
79,93,82,3.9,8.1,6,7.1,15.8,2.9,9,8,6,9.1,6.1,1656212.4,6
79,94,70,2,9,2,10,21.9,0,7,6.1,6,5,1,1564498,5
79,95,205,12.9,14.4,10.2,38.8,42.9,3.2,22,24.2,14.4,16.1,5.9,4132662.9,11
79,96,35.5,2,1,3.9,7,7.9,1,4.1,4.1,0.5,2.9,1.1,773000.8,5
79,97,197.5,5,16.9,22,28.1,43.8,2.8,33.9,26,7.7,9.2,2.1,3793919,8
79,98,250,14.3,26.3,19.1,49.9,44,5.2,26.1,25.1,20.1,8,11.9,5196237.2,14
79,99,590,25.9,49.1,37.8,91.9,125.1,7.1,66.2,100.1,43,36.9,6.9,1.23767918E7,18
79,100,4,0.2,0.6,0.1,0.5,1.1,0.1,0.5,0.5,0.2,0.2,0,85455.8,1
79,101,77,3.1,11.3,1.5,10.6,20.3,1.5,9.8,9,4.6,4.6,0.7,1645024,6
79,102,179,2,18.5,8.1,29.9,38.2,6.5,19,35,14.9,4.9,2,3842038.1,8
79,103,134,0,13.2,8.2,24,27.7,2.1,14.8,23.1,12,8.9,0,2690968.5,15
79,104,1334.5,75.9,117,90,246.1,252.7,34.7,185,144,109.1,52.9,27.1,2.34495946E7,16
79,105,56,4,5.1,4,5.9,11,0,8.9,13,0,4.1,0,1035754.7,4
79,106,512,17.5,42.3,16,84,114,9.5,102,65.2,41.5,17,3,1.26279509E7,8
79,107,605.5,19.9,58.5,34,79.1,137.1,11.9,107,88.9,34.1,24,11,1.36651417E7,10
79,108,337.5,16.1,27,22,35.9,84.1,4.5,39.1,59.9,24.9,8.1,15.9,7326455.6,15
79,109,121,2,17.9,4.9,19.9,25.9,2,20.1,16,6.2,5.1,1,2665070.3,7
79,110,272,10.4,23.1,13.6,42,64,8.8,39,37.9,18.1,13.1,2,5505309,11
79,111,142,4.3,18.9,6.2,23.9,32.9,5,11.9,11.1,14.9,12,0.9,3075656.6,11
79,112,276.5,6.6,17.9,11.8,48,66.8,10.3,40.4,31.9,16.6,18.6,7.6,5710348,10
79,113,13,0.3,0.4,0.7,2.6,3.3,0.9,1.7,0.7,1.2,0.9,0.3,269262.5,2
79,114,29,1,0,2.9,2,6.1,1,9.1,3.9,1,2,0,674074.7,4
79,115,1184.5,50.6,121.1,76.1,165.8,244.9,35,143.9,163.3,74,83.9,25.9,2.17316769E7,20
79,116,21,1,0.4,0,3.9,6.1,0,2.7,3.3,2.1,1.5,0,517949.7,6
79,117,208,13.8,14,8.1,48,34.9,8,26.1,23.9,15.2,14,2,4099472.7,14
79,118,40,0.8,0.8,6,3.2,9.2,0,4,12,2,2,0,733246.7,5
79,119,12,1.1,0.9,1.3,1.5,2.4,0,1.5,1.5,0.2,0.9,0.7,243084.8,5
79,120,284,11.7,29.3,15.7,45.7,57.9,9,37,41.1,19,12.4,5.2,5775699.2,26
79,121,267,15.7,23.2,19.1,49,54.8,2.2,32.9,36,16,18.1,0,5077357.6,14
79,122,16,0.7,1.7,1.2,2.5,3.3,1,2.7,1.5,0.7,0.4,0.3,308313.9,3
79,123,194.5,17.9,22.5,11.4,45,34.9,7,17,15,15.7,5,3.1,4014582,9
79,124,94,0,14,7.3,8,28.7,2,11.7,7.5,7.5,6.5,0.8,1786116.2,3
79,125,4,0,0.4,0.3,0.4,1.3,0,0.5,0.6,0.2,0.2,0.1,96808.2,1
79,126,786,45.9,59.6,50,151.8,180.9,26.3,98.1,76.4,56.9,32.1,8,1.56817046E7,22
79,127,201,9,18,6,30,44,1,35.9,30.1,8,13,6,4318981,19
80,0,56,2,7,2,9.9,14,0.9,8,2,6,2.1,2.1,1363459.4,4
80,1,211.5,8,20.9,9.1,30,53.9,6,43,21,7.5,10.1,2,5316323.6,4
80,2,200.5,9,25.4,13.1,37.1,41,1.9,13.1,19.9,19,14,7,4383931.9,12
80,3,79,7,11,2.9,13.9,19.1,1,11.1,3,4,4.1,1.9,2067869.1,6
80,4,3.5,0.2,0.2,0.2,0.5,1,0.2,0.3,0.2,0.3,0.2,0.2,103033.7,2
80,5,129,8.5,15.6,6.9,27.9,22,2.5,20.1,10.9,9.5,3,2.1,2926576.9,3
80,6,359,21.6,30.1,18,56.8,83.1,11.4,49.9,29,27.9,24.1,7.1,7925412.6,8
80,7,293.5,12,21.7,13.2,62,70,4.8,46,18.1,29.6,10.1,6,7274010.8,13
80,8,2,0.1,0.1,0.1,0.3,0.4,0,0.4,0.4,0.1,0.1,0,52195.1,1
80,9,44.5,4,4,0.6,9.6,9.6,1.5,6.6,5,2.6,1,0,1172920.9,3
80,10,149.5,5,15.6,7,26,28.1,5,24,19,9.9,5.9,4,3755809.2,4
80,11,86,4.1,9.1,1.9,20,20,4,7.9,10,6.9,1,1.1,2860718,6
80,12,159,8.7,25.5,3.9,22.4,36.3,3.9,11.9,17.4,16.2,6,6.8,4539785.1,8
80,13,6,0.1,1.5,0.1,0.5,1.8,0.1,0.3,0.7,0.7,0,0.2,176280.6,2
80,14,754,31.9,68.2,30.8,94.2,156.4,14.6,105.2,160.6,47.3,25.9,18.9,2.05716241E7,4
80,15,946.5,43.6,92.4,30,120.2,205.8,19,143.2,177.9,52.2,34.9,27.3,28015615,19
80,16,1213,49.5,82,60.5,190.8,240.2,20.3,163.2,211.2,58.4,83.9,53,32616582,27
80,17,4475,211.1,383.4,291.3,785,954.9,114.5,486.1,602.8,253.6,255.3,137,1.102260594E8,16
80,19,537.5,11.7,61.6,21.9,65,138,8,82,75.2,31.1,23.9,19.1,1.58822104E7,15
80,20,304,9,23.5,8.7,49,74.2,3.9,53.1,42.7,23.7,8.1,8.1,8969635.7,21
80,21,7466.5,343.7,780.6,455,1128.9,1789.5,184.5,813.6,962.2,514.1,248.2,246.2,1.983057731E8,25
80,22,1737,89.8,161.3,80.6,312.2,423,42.5,189,188.8,128.5,71.1,50.2,4.90552658E7,17
80,23,806,34.8,86.3,42.5,108.8,200.9,16.8,100.5,109.1,43.2,27,36.1,2.40132664E7,13
80,24,360,20.6,47.9,15.8,58.8,83.1,10,48,34.1,27.6,5,9.1,1.00755134E7,11
80,25,244,8.1,23.5,14.5,34.1,69.9,4.5,29,23,26.5,3.8,7.1,8029529,7
80,26,38,1.8,6,1.9,6.1,11.9,0,1,2.1,5,0,2.2,995633.4,7
80,27,18230,1282.9,1764.8,1055.6,4019.5,3495.2,667.9,1948.8,1780.9,1493.1,364.1,357.2,3.694422033E8,14
80,28,10614,561.4,983.7,483.6,2065.8,2179.9,317.5,1207,1254,714,461.1,386,299473109,12
80,29,283.5,8.8,29.8,18.5,27,62.9,3.7,29.2,43.9,17.6,22,20.1,1.10436216E7,11
80,30,144,5,10.9,2,24.2,26.9,2.8,31,17,9.9,4.1,10.2,4743729.6,7
80,31,44,0,4.8,3.1,7.1,12,1.1,4,5.9,4.8,1.2,0,1112737.2,8
80,32,2449.5,76.5,258.2,116.3,370.2,572.9,70.4,297.1,261.2,165.5,100.8,160.4,9.00236566E7,34
80,33,4072,193.5,426.4,200,775,854,119,467.1,357,305,207,168,1.202463315E8,7
80,34,36699,1885.1,3165.5,1775.7,7385.8,7297.6,923,3715.8,4336,2289.5,2369,1556,1.2079699901E9,11
80,35,24167.5,970.5,2625,1181,3359,4995,536,2832,3175,1541,1512,1441,8.725069008E8,2
80,36,11700.5,570,1178.9,535,1739.9,2497.5,335.5,1419,1345.1,806.5,727.9,545.2,3.844523309E8,12
80,37,13195.5,606.8,1307.4,612.9,1896.5,2943.1,336,1512,1549.9,894.6,786.2,750.1,4.785080824E8,10
80,38,11447.5,524.4,1187.9,490.4,1928,2567.7,271,1294.1,1349.4,789.6,503,542,398189694,24
80,39,11959,487.5,1194.3,527.2,1800.5,2608.9,317,1384.9,1448.9,702.6,866.1,621.1,4.727635525E8,10
80,40,11697,495.5,1386.1,483.6,1630.9,2783.9,317.5,1305.9,1283,918.5,448,644.1,4.306822673E8,11
80,41,3055.5,107.1,356.6,178.6,418.9,763.8,71.5,374,316.2,236.1,90.8,141.9,1.049950228E8,19
80,42,6766,282.5,715,283.5,1114,1490,181.4,751,747,509.5,412,280.1,2.245998717E8,7
80,43,1,0,0.1,0,0.1,0.2,0,0.2,0.1,0.1,0.1,0.1,39700.3,1
80,44,52,0,6.9,3,6.1,10.9,0,6,13,0,6.1,0,1012495,4
80,45,17723,1038,1693.9,901,3604.6,3749.9,592.4,1912.1,1557.1,1404.9,691.1,578,4.455102105E8,6
80,46,15497.5,867.1,1554,822.4,2919.5,3135.5,506.9,1966.9,1569.1,1193.8,496.1,466.2,3.687584237E8,16
80,47,11987,824.9,1138.7,773,2683.1,2240.3,425.6,1277.1,1029.9,918.3,306,370.1,2.280738336E8,13
80,48,17430,1134.2,1472,983,4284,3433.9,535.5,1825.9,1554,1121.9,617.1,468.5,4.059795832E8,18
80,49,4751,244.2,471.9,246.5,844.9,928,141.4,582.1,542.1,401,218.8,130.1,1.077923884E8,20
80,50,370,13.9,21.5,18.9,69,72.9,8.1,55.8,53.2,24.7,18.1,13.9,1.09261055E7,12
80,51,63,1,3.1,2,13,4,0,13.9,18,2,6,0,2015034.8,6
80,52,31,0,1.5,1.7,4.8,8,2.3,4.8,1.7,1.4,2.4,2.4,882747.4,5
80,53,151,8.6,11.6,7.1,25.9,26.8,2.6,29.9,24,10.5,2,2,4396238.3,14
80,54,8,0,0.2,0.6,1.2,2.4,0.2,1.4,0.8,1,0,0.2,220084.2,2
80,56,166,4.9,14.1,9.1,29,40.1,4,22.8,19,15.1,3,4.9,4533283.1,13
80,57,18,1.9,0,1.1,9,1.1,1,0,1.9,0,2,0,371705.4,4
80,58,1019,47.9,114.6,60.6,166,248,27.4,121,112,71.5,24,26,24583854,7
80,59,242,14.9,21.8,18.6,35.6,65.3,5,34.6,17.9,18.9,2.8,6.6,6085091.3,5
80,60,1027.5,71.1,104.9,48.4,209,229,34,103,100.1,73.9,28.1,26,2.45210275E7,8
80,61,4,0.2,0.2,0.2,0.8,1,0.1,0.7,0.3,0.2,0.1,0.2,114781.4,1
80,62,518.5,29.5,41,31,118,99,21.9,63,48,41,17,9.1,1.18579515E7,4
80,63,107.5,2.9,18.6,7,8,30.8,1,13,14.2,3.9,4.1,4,2789464.1,10
80,64,180,13,17,9,27,45.1,4.9,26,18,11,5,4,4192694.2,5
80,65,459.5,22.1,38.2,22.2,70.7,110.8,7.9,88.1,51,23.3,10.2,15,1.21435709E7,15
80,66,3,0.1,0.5,0,0.6,0.8,0.1,0.2,0.3,0.3,0,0.1,65978.9,1
80,67,891,40.4,81.5,42.9,152,200.2,26.4,127.1,119,48.5,29,24,2.21441779E7,7
80,68,748.5,39.1,55.8,32.6,139,155,22.5,83.1,127.8,40.6,40,13,1.77828316E7,17
80,69,1541.5,64.9,128,88.1,249.2,309.9,31.6,214.1,215.1,101.4,98.1,41.1,3.58810583E7,18
80,70,991,33.5,63.4,45,128.1,192.1,18.5,164,216,33.5,60,36.9,2.38369717E7,9
80,71,424,19.9,25,25.1,55,87.1,6.8,65,100.9,13,14.2,12,1.12545297E7,10
80,72,1183,49.4,103,50.6,189.7,238.9,34.9,177,179.1,75.5,53.9,31,2.85066529E7,19
80,73,20,0,0.8,0.8,2.8,2.2,0,7.2,4.4,0.8,0.2,0.8,672454,4
80,74,193,8,20.8,12,30,37.9,2.1,25.1,25,10.9,12,9.2,4523195.2,12
80,75,4,0.1,0.4,0.3,0.8,1.1,0.2,0.8,0,0.2,0,0.1,93519.7,1
80,76,237,11.8,22.2,11.7,47.9,54.1,2.1,27,26.4,18.8,8,7,5597953.7,15
80,77,206,9,35.5,6.5,29,52,3.9,24.9,16.1,18.1,8,3,4557362.2,8
80,78,282,18,28.5,13,53.9,57,9.8,28.1,39.8,14.6,13.1,6.2,6692499.8,9
80,79,44,3.9,3.9,1.1,10,10,3.1,1.1,5,3.9,0,2,894963.2,3
80,80,56,6.1,2,2.1,14.9,6.9,1.9,2.2,14,5,0.9,0,1146966.5,5
80,81,99,8.9,8.9,3.8,26.9,15.1,3.2,8.1,6.9,10.9,2.1,4.2,2031185.7,7
80,82,64,0,12,3.9,5.9,17,0,11.1,6,3,4.1,1,1389059.1,6
80,83,449,33,31.9,25.9,107,84.1,15,42.2,44,44,13.9,8,9063888,16
80,84,180,5.1,12,14.1,27.1,37,4.8,29.9,27.9,12,9.1,1,3865431.8,11
80,85,69,2,6.1,0,11.8,14.9,3.1,5.1,13,7,6,0,1552325.3,7
80,86,139,8,19.1,5,15.9,33,1.9,17.1,20,11,6,2,3146930.1,6
80,88,1007.5,37.8,92.9,51.6,204.8,214.1,31.9,102.2,130,67,59.1,16.1,1.97751731E7,14
80,89,1392,59.9,142.6,88.3,219,289,34.5,189.2,184,82.4,76.2,26.9,2.77652685E7,18
80,90,71,7.1,6,3.8,18.1,10.2,1.8,11.3,5.6,5.1,2,0,1385278.9,3
80,91,7,0.7,0,0.1,2.9,0.8,0.1,0.8,0.5,1.1,0,0,143463.4,3
80,92,10,0.7,0.3,0,1.4,3.1,0.3,0.7,2.5,0,1,0,231915,4
80,93,19,1.3,0.7,0,2.7,5.8,0.7,1.3,4.6,0,1.9,0,440638.6,4
80,94,180,5.2,17.8,14.8,21.4,44,4.1,22.9,28.9,4.9,13.1,2.9,3894468.9,15
80,95,12,1.1,0,0.7,2.6,2.3,0,1.9,1.9,0.7,0,0.8,257793,2
80,97,86.5,2,8.5,5.9,10.1,28.1,1.8,13.1,7,3.9,3.1,3,2004156.6,7
80,99,1572.5,96.7,153.5,113.9,276.2,302,59,161.1,217.9,113.1,63.9,15.2,27354212,13
80,100,45,3.1,3.1,3.8,1,13.1,1,8,6.9,1,0,4,964824.4,6
80,103,497.5,20.6,46.5,21,74.8,109.2,14.7,53.1,84.8,33.6,35.4,3.8,9816399,35
80,104,114,6.9,10.7,4.2,22.3,25.3,3.5,10.6,15.5,10.3,3.7,1,2131716.9,9
80,105,197.5,7,29,10,28,49.9,4.8,17.2,28.1,12.3,9.2,2,4640544.8,10
80,106,115,4,9,5,18.9,25,1,25,11.1,10,6,0,2684663.3,4
80,107,229.5,14,15,14,33.9,43,2,34.1,36,15.6,17.9,4,5204247.4,9
80,108,248.5,11.2,17.1,10,32,54,5.4,47,42.9,12,15.9,1,5533859.2,14
80,109,38,0,1,4,1,9,1,3,16,0,0,3,792445.3,0
80,111,214.5,8.1,26.6,7.3,42.7,37.9,7.4,29.2,24,17.4,9,4.9,4555548.3,17
80,112,314.5,17,42.1,16.1,54.1,72.8,6.8,31.1,27,28.5,14,5,6421644.2,16
80,113,48,1.9,2,0.9,12,7.1,1.9,12.1,6.1,0.9,2.2,0.9,1123118.9,8
80,114,74,2.1,11.9,2.1,3.1,21.1,0.9,8.9,14.1,4.8,5,0,1676320.7,9
80,115,54,1,5.9,5,6,13,0,14.1,7.9,1.1,0,0,1114861.7,6
80,116,130,4,13.1,3,14.9,33,1.9,16.1,12,13,17,2,2827341.1,12
80,118,115,7,8,4,22,22.9,5.9,11,17.9,9,4.1,3.2,2297805.5,7
80,119,112,5.1,5,3.9,17.7,19.3,5.1,25.8,15.2,6.1,7.8,1,2396277.3,21
80,120,103,3.5,10.8,5.4,20.9,23.3,2.7,15.2,4.6,9.4,6.5,0.7,2088984.6,6
80,121,11,0.4,1.1,0.7,2.2,2.7,0.2,1.8,0.4,0.7,0.6,0.2,230826.7,2
80,122,324,9.7,32.8,21.1,42,83.1,1.9,49.1,40.3,18.9,17,8.1,6304252.4,17
80,123,882,56,69.8,56.8,162.7,174.3,26.5,88.8,128.6,57.7,54.8,6,1.73967499E7,20
80,124,291.5,16.9,16,25.7,58.9,46.1,11.1,43,34.1,14.4,18.1,7.2,5986745.7,14
80,125,465.5,23.9,37.6,18.2,87,79.1,8.9,83.6,63.9,35.1,22.1,6.1,8889742.6,26
80,126,228,11.5,21.5,7,48,39.1,7.1,30.9,28,18,15.9,1,4509969.6,12
80,127,15,0.9,1.4,0.2,3.3,2.3,0.4,2.1,2.1,1.3,0.9,0.1,284849.2,1
81,0,36,3,3.5,2.1,5.9,8,0.9,5,5,0.5,1,1.1,690169.6,4
81,1,61,5.1,3.9,1.9,12,14,0,9,7,0.8,6.2,1.1,1443262.2,8
81,2,82,10,7,2,21,16,3.9,4,3,9,2,4.1,1704441.1,2
81,3,43,2,3.5,0,12,4,2,7.9,4,4.5,3.1,0,996975.3,3
81,4,15,0.8,0.9,0.9,2.5,4,0.6,1.6,0.9,1.6,0.6,0.6,441573.1,1
81,5,30,1.6,1.7,1.7,5,8.1,1.3,3.1,1.8,3.1,1.3,1.3,883146.2,4
81,6,23,0.7,2.8,2.1,2.8,8.7,0.3,1,3.5,0.7,0,0.4,523226,1
81,7,88,3.3,6.2,9.9,11.3,29.3,1.6,7.9,9.6,4.3,4,0.6,1980664.8,3
81,8,15,0.8,0.8,0.5,2.2,3,0,3,3.4,0.5,0.8,0,391463.2,2
81,9,67,4.9,2.5,2.5,15.9,19.1,3,8.1,4.9,6.1,0,0,2019994.7,5
81,10,75,5,11,3,11,16,1,8.9,12,5.1,2,0,2110859.5,5
81,11,153,10.9,16,9.9,25.9,34,1,18,16.2,14.9,3,3.2,3933098.5,7
81,13,176.5,16,17.4,11,33,41.1,5,18,11.1,8.9,6,9,5128035.8,5
81,14,8,0.5,0.3,0.1,1.8,1.6,0.5,1.8,0.5,0.7,0.1,0.1,223882.4,2
81,16,426.5,19.5,41.1,25.1,66.9,90.9,7,59.9,66.2,25.9,14,10,1.26207346E7,16
81,17,663.5,29.6,67.7,31,105.7,163.9,15.3,90.1,71.2,45.5,16.2,27.3,1.77809224E7,18
81,18,1106.5,35.5,107.7,65.9,201.8,254.9,23.2,154.9,103.4,79,46.1,34.1,2.94985671E7,25
81,19,147,4.9,14.1,6.1,24.9,31,3,19,26,8,3,7,4461015,5
81,20,3402.5,126,323.2,166.6,630,785.2,104.4,435.1,413,226.2,89,103.8,9.02907961E7,31
81,21,1256.5,80.2,110.5,54.6,266,258.2,59.3,122,127.1,109.5,45.1,24,3.24388416E7,14
81,22,2554,134,261.5,136.5,476.9,579.3,72,319.1,226.1,206.7,59.9,82,6.74673075E7,18
81,23,11,1.1,0.8,0.6,3,2.1,0.1,0.6,1.9,0.8,0,0,236818.2,2
81,25,83.5,3.7,11.5,6.1,14,20,3,6,9.1,6,1.1,3,1985751.1,11
81,26,258,3,21,17.1,50,62,7,30,31,25.6,9.2,2.1,7404432.9,23
81,27,6309.5,282.8,679.6,372.5,934.1,1347.1,155.5,763.8,834,423.9,256,260.2,1.641934871E8,15
81,28,10904,435,1027,616.4,2222,2106.1,249.5,1222.9,1231.1,674.4,648.1,471.5,3.157136399E8,9
81,29,2384.5,90.5,224.5,111.1,450.6,506.1,49.6,304.9,284.8,130.3,113.1,119,7.87853868E7,16
81,30,1559.5,77.7,161.5,80.5,295,348.9,54.9,205.9,125.1,115.9,31.2,62.9,4.65692826E7,14
81,31,3973.5,184.1,418.1,187.4,579,976,136.9,358,476.1,360,142,155.9,1.392706745E8,7
81,32,3801,156.5,354.6,195.1,632.1,866.9,81.1,468,425.9,223.9,163,233.9,1.344969954E8,16
81,33,13675,779.3,1249.1,619.1,2898,2930.1,409.4,1397,1352.1,935.9,659,446,3.694529013E8,11
81,34,25423,1255.5,2427.5,1142.5,4707.5,5333,648,2774,2844,1588.5,1502,1200.5,8.723942418E8,6
81,35,2686,101.4,281.2,137.7,328.2,654.1,56.3,331,347,182.7,141.9,124.5,105104582,15
81,36,9664.5,414.9,1051.8,432.6,1439.5,2243.2,257.9,1083.2,1027,681.5,535.9,497,3.897236159E8,16
81,37,7761,348.8,795.1,281.7,1136.8,1755,195.1,910.2,959.1,489.2,474.9,415.1,2.900856788E8,21
81,38,11264.5,555.4,1137.6,449.6,2053.8,2580.2,317.2,1127.1,1215.1,804.5,502,522,4.396579335E8,25
81,39,23917.5,1277.5,2306.6,949,4533.5,5441.6,705.5,2565.9,2283.9,1626.9,1215.1,1012,8.353056536E8,7
81,40,16193,828.8,1554.1,757.6,3092.6,3718,424.5,1835,1603,1085.2,652.1,642.1,4.839412167E8,13
81,41,14155.5,702.1,1083.6,697.7,2788.8,2948.1,357.5,1770.6,1678.1,828.9,816.2,483.9,4.257635353E8,12
81,42,18881,960.5,1495.5,817.1,3924.9,4000.1,529.8,1881.1,2172.9,1179.1,1123,797,6.566318705E8,12
81,43,2121,85,199.9,70,285,487.7,44.7,270,283.8,156,132.9,106,8.35026386E7,15
81,44,1235,43.4,112.5,49,181.1,278,30.4,175.8,166,75.7,57.1,66,39690745,10
81,45,8807.5,578.7,940.2,435.3,1954.8,1841.1,310.6,857.8,683.9,778.8,140.3,286,2.158065389E8,25
81,46,6382,334.2,661,389.7,1085,1434.9,169.9,773,667.8,464.3,210.5,191.7,1.504918493E8,25
81,47,3982.5,343.5,369,228.4,1161,807.1,149,293.8,154.1,361,26,89.6,9.16165712E7,9
81,48,4735,298.4,426.6,284.1,1007.1,952.2,147.3,583.1,417.1,353.2,96,169.9,1.065694126E8,13
81,49,1066.5,31.8,99.4,60.2,157.9,251.1,31.2,148.1,152.9,68.9,24.9,40.1,2.90684813E7,27
81,50,60,1,6,3.1,13,9,2.4,7.9,7,6.5,0,4.1,1689693.2,3
81,51,534.5,19,54.5,33.9,82.1,126.9,14,84,51.1,25.9,15,28.1,1.45740628E7,4
81,52,8,0,0.3,0.3,1.3,2.1,0.7,1.3,0.3,0.3,0.7,0.7,227805.7,3
81,53,642,31.7,68.5,29.1,122,140,6.3,92.1,66.8,38.5,19,28,1.87651642E7,23
81,54,52.5,1,1.1,1.6,11.9,13.6,1.6,10.5,6.4,4,0,0.8,1372365.9,6
81,55,603,33.1,58.1,27,96,147.1,11.5,100.8,63,28.6,16.8,21,1.69114018E7,13
81,56,852,46.9,79.2,45.4,188.9,193.9,26.5,99.1,59.1,64.1,20,28.9,2.07425998E7,6
81,57,46,0,6,3,3,15,1,1,7,5,5,0,1146451.2,0
81,58,8.5,1.2,0.8,0.4,1.3,1.6,0,1.3,0.2,1.1,0.2,0.4,197528.1,3
81,59,1167.5,56.9,120.6,79.5,211,271.9,40,160,118.1,75.5,23,11,2.66590132E7,6
81,60,275,11.6,26.9,15,42.2,71.9,6.9,45.3,27.5,12.8,5,9.9,6747854.7,10
81,61,339.5,14,33.6,20,69.6,62,10.1,55,38.2,23.8,8.1,5.1,8394348.7,11
81,62,387.5,26,33,21.9,94,69.2,12,50,37.1,27.3,8.9,8.1,9095741,13
81,63,113.5,5.1,16.4,5.1,22,26.2,4.1,16,7,6.9,1.9,2.8,2756806.4,10
81,64,494,22,52.9,44.1,78,118.2,7.9,59.8,47.9,33.8,14.1,15.3,1.12484828E7,17
81,65,106.5,0.9,9.6,9,7.9,23,0.9,22.1,20.2,2.9,3,7,2869008.8,10
81,66,456.5,15,41.3,21,92,101,18,65,44,44,5.2,10,11119964,5
81,67,223,9.2,24,10.9,27.3,51.4,4.4,45.1,30.5,10.1,8.1,2,5748944.2,11
81,68,8225.5,605,881.5,627.9,1611,1461.1,305,882,801,679.6,238,133.4,1.338769318E8,7
81,69,11319.5,577,947,816.9,2583.8,2231,298.4,1259,1156,701.6,544.1,204.7,2.338369833E8,16
81,70,7297,435,729,542.3,1513.1,1327,225.5,786,788.1,501.9,337,112.1,1.416083292E8,23
81,71,31.5,0,4.6,3.1,3.1,8.1,0.6,5.9,3.8,0,1.1,1.2,853036.6,8
81,72,151,4.9,5.1,4.3,16.6,27.8,1.9,42.1,29.5,3.1,8.5,7.2,4417835.9,14
81,73,168,8.9,12,10.1,20.1,38,1,28.9,30.9,7.1,6,5,4256685.1,5
81,74,201.5,11.9,18.2,18.7,32.2,54.8,5.8,25.3,19.1,9.7,1,4.8,5007230.4,7
81,75,459,31.1,45.4,30.1,101.9,102.9,12.4,34.9,44.1,36.1,8.1,12,1.00457031E7,8
81,76,311,18,34,12.1,65.8,59.2,7,48.9,28.8,21,8,8.2,6904220.3,12
81,77,59,5,5.9,0.9,14.1,17.1,3.1,5,2.1,1.8,3.1,0.9,1304973.4,5
81,79,379.5,21,43,22.2,68,85.9,9.7,42,35.9,22.8,22,7,8352873.4,19
81,80,312.5,23.1,36.4,17,65.8,51,10,38.8,23,29.1,15.2,3.1,6313767.9,13
81,81,52,2.9,4.5,1.9,11,10.1,0.9,8,4.2,0.6,5.9,2,1144033.6,7
81,84,119,9.1,9,8,31.9,17,4,6.1,18,12.9,2,1,2404552.5,7
81,85,69.5,4,4.1,5.9,12.9,11,3.4,13,4,5.1,6.1,0,1315878.5,3
81,86,137,8,8.8,5.1,30,26.1,0,21,17.1,8.9,10,2,2922366.7,5
81,87,139,4.5,3.9,7.2,23.1,31,6.4,24,19.9,8.9,9.1,1,3066522.1,6
81,88,130,5,15,6.9,21.2,34.8,3,12,17.1,8,5,2,2983406.8,7
81,91,259,16.9,30.1,16.7,51.1,54.2,8.7,27.1,24.2,19,8,3,5563131.3,14
81,92,163,7.1,11.9,8.9,30.1,30.9,3.1,22,25.1,11,9.9,3,3716858.1,8
81,93,31,1,5,0,6,6,0,4,4.1,3.9,1,0,749941.2,3
81,94,20,1.9,0,1.2,4.4,3.8,0,3.1,3.1,1.2,0,1.3,429654.9,3
81,96,152,3.9,13.1,10.1,18.1,48.9,3.9,17.1,16.8,13,5.1,2,3064826.2,15
81,98,246.5,6.1,32.1,15.4,27,56,2.9,36.9,31,17,19,3.1,5243438.1,5
81,99,217.5,13,16.5,15,36,40,4,33.9,31.1,11,14,3,4683271.8,7
81,100,33,0,1.1,0,9.1,3.9,1.9,2,8.1,1.9,5,0,602664,6
81,101,274,13.6,22.9,15,35.8,63.1,8.3,38,46,14.1,9.1,8.1,5739607,17
81,102,268,8.8,33.2,10.9,43.2,56.7,6,27,45.9,22.2,11.1,3,5638798.3,21
81,103,561,33.6,46.6,29.5,106.1,121.9,12.7,61.3,76.3,32.1,31.7,9.2,1.06571119E7,16
81,104,16.5,1.1,1.2,0.9,3.7,3.9,0.6,1.5,1.2,2.3,0.1,0,313812.4,4
81,107,36,3,2,0,12,6,2,4,2,5,0,0,745234.1,3
81,108,597.5,16.4,48.5,42.1,86.8,129.1,9,101.9,86.1,31.5,34.1,12,1.24029148E7,11
81,109,391,18.9,40.6,26,62.1,89.9,8.9,56.1,36,26.5,12.9,13.1,7617212,8
81,111,218.5,10,16,10.1,37.2,48,3.8,24,36,12.6,14.7,6.1,4684774.5,19
81,112,15,1.4,1.4,0.8,2.3,3.3,0.5,1.8,2.3,0.5,0.7,0,303934.7,4
81,113,42,3.7,3.8,2.2,6.6,9.5,1.4,5.2,6.7,1.4,1.5,0,851017.2,6
81,114,251,13,23.5,15.1,54.9,42.7,10.2,30.1,23.8,18.6,14.1,5,5054449.8,24
81,115,349,22,24.7,20.7,67,62.2,6.9,37.2,47.6,27.9,27.4,5.4,6411360,26
81,116,13,0.5,0.8,0.4,3.1,0.8,0.8,2.7,1.8,0.8,0.9,0.4,245636.4,4
81,117,23,1.2,1.3,0.5,5.6,1.3,1.3,5.1,3.3,1.3,1.5,0.6,434587.7,5
81,118,228,4.9,17,7.8,32.1,45.7,1.9,38.1,37.2,17.2,25.1,1,4124679.1,29
81,119,139,4,9.9,6,16,33,3,20.8,27.2,7,8.1,4,2739576.9,16
81,122,388,20,47.9,24,64,87.1,12,31.9,60.1,25.1,14.9,1,7676979.1,12
81,123,46,2.9,3,0.9,7,9.1,2,9.1,8,3,0,1,889204,5
81,124,310,11.7,29,19.9,48.9,63,6,38.2,50,24.1,13.2,6,6437802,16
81,125,1672,58,168.6,98.7,260.9,356.9,45.8,204.8,266,104.9,89.2,18.2,3.14401822E7,23
81,126,3,0.2,0.3,0,0.7,0.5,0.1,0.4,0.4,0.2,0.2,0,56969.8,1
81,127,135,7.1,13.5,1.7,27.9,22.3,3.1,20.4,18.4,9.6,10.2,0.8,2553207.1,12
82,0,7,0.4,0.7,0.5,1.6,1.4,0.1,0.7,0.6,0.7,0,0.3,166706,3
82,1,261,16.3,22,14.1,58.3,46.3,2.9,37.6,30.1,21.1,3.8,8.5,5960649.6,6
82,2,212.5,11.5,21.7,15,37.9,47,2.5,19.9,28.8,11,10.2,7,4725668.9,10
82,3,61,8,1,2,15,9.1,3.1,6,6.9,4.9,5,0,1496613.7,5
82,4,78,2.9,8,4.9,8.1,18,3,14.9,6.1,7.1,4.1,0.9,1487063,6
82,6,215,16.4,11,9.1,46.9,41.9,3.2,21.1,36.9,18.5,7,3,5067632.2,10
82,7,92,2.9,8.1,5.1,10.9,18.9,1,12,15.1,6.9,10.1,1,2549559.8,5
82,9,206,9.9,17.9,7.9,43.5,39.7,11,29.5,16.8,14.9,12.9,2,4851709.1,6
82,11,91.5,1.1,9.9,2.7,10.2,25.9,2,13.9,10.8,6.9,4,4.1,2677107.7,9
82,12,170,10,10.4,7.5,36,38,4,23,20.9,14.1,5,1.1,4913905,9
82,13,299.5,8,35.4,6.1,45,62.8,5.1,53.9,51.2,8.1,11.9,12,8188425.6,11
82,14,271,7.9,25,15,31,86,5,37.1,24.9,14,12.1,13,7685875.2,6
82,15,244,9,16.9,16,40.9,54.1,9,52,26.1,12,3,5,6876732.8,8
82,16,101,4.1,4.3,3.7,14.9,19,2.1,17.1,15,10,6.8,4,2747320,6
82,17,62,3,4.1,2,5.9,10.9,1,17,11,2,3.1,2,1885155.5,5
82,18,1427.5,56.4,143.6,71.9,226,341,38.4,191.1,156.9,82.1,77,43.1,40535569,16
82,19,133,7,7,7.8,25,33,1,9,25.1,10,5,3.1,3990409.6,6
82,20,710,38,73.7,34,142.8,178,22.5,75.5,64.9,39.5,15,26.1,2.04955779E7,13
82,21,5790.5,359.6,714.4,331.4,1038,1115.2,207.3,639.1,481.1,526.3,151.1,227,1.093486495E8,10
82,22,7687,424.4,638.2,459,1623.9,1530.8,218.2,829.9,909.8,479.1,383.3,190.4,1.899859337E8,29
82,23,1472.5,85.8,171.1,90.9,294,339.9,49.9,129.1,106.9,133.8,31.1,40,3.69902725E7,16
82,24,389,21,44.8,15.2,62.8,83.9,15.9,54.1,44.1,22,13.2,12,9226405.7,21
82,25,4812.5,197.8,509.6,258.3,804.9,1131.8,124.1,600.4,501.8,328.1,151.1,204.6,1.381971506E8,22
82,26,1620.5,73,193.4,66.7,244,390,46.2,171.9,197.1,130,46.2,62,4.78828206E7,12
82,27,821.5,42.2,97.6,34.3,180.6,200.7,18,105.1,42.2,65.4,15.3,20.1,2.25981248E7,13
82,28,10405.5,404.1,932.4,468,1640.5,2201,230.9,1396.1,1400,651.5,568,513,3.227120915E8,10
82,29,988,33.1,118.6,45.1,120.1,239.7,14.5,120.9,118.9,61.7,50.2,65.2,3.21293814E7,10
82,30,5300.5,181,535.4,201.2,646.7,1227,111,750.9,678,323.5,360.8,285,1.801384103E8,25
82,31,3568,167.6,322.9,188.9,645,800.1,94,443.1,332.1,251.7,163.1,159.5,1.147381027E8,19
82,32,48,1,5.1,1.9,9,9,1,3,12.1,2.9,1.9,1.1,1972948.4,4
82,33,7498,375.5,465.5,413.5,1696,1360.5,165,823,1108,389,485,217,2.234284463E8,2
82,34,14886.5,752.4,1278.5,777.4,3260.1,3179,402,1525,1512,990,681,529.1,4.556081997E8,7
82,35,24950.5,1218.5,2398,1181.5,4187.5,5604,679,2781,2759,1704,1375,1063,8.631390868E8,9
82,36,17256.5,706,1839.5,796,2546.5,4028,461,1968.1,1907.9,1167.5,961,875,6.542404139E8,6
82,37,25232,1267.4,2472,1213,4446.9,5594.1,728,2956.9,2759.1,1674.6,1130,990,766990819,6
82,38,37181,1905.5,3294.5,1628.9,7435.5,8274.9,1047.5,4038.1,3659,2561.5,1840.1,1495.5,1.2545178616E9,7
82,39,28740,1945.6,2400.1,1485.6,7116,5792.8,920.5,2883,2500.1,2068.7,997.1,630.5,6.826786671E8,12
82,40,19486,1111.5,1907,874.9,4249.4,4424.9,574.7,1886.1,1638.9,1491.5,660,667.1,6.015423325E8,13
82,41,27737.5,1597,2176,1403.5,6144,5978.5,785,3085,2747,1827.5,1188,806,7.795069823E8,0
82,42,17979,1261.3,1608.1,994.9,4499.3,3665.9,526.2,1857.2,1482.1,1240,492.8,351.2,4.208558595E8,19
82,43,5126,254.2,470.9,206.2,928.9,1157.3,145.9,591,602,361.4,255.1,153.1,1.552845538E8,18
82,44,12403,715,1066,627,2487,2601.8,370,1456.1,1291.2,865.9,530,393,3.257289436E8,8
82,45,5579.5,256,530.5,274.5,958,1216.8,149.5,666.1,688,395,269.9,175.2,152364718,16
82,46,4726.5,274.3,435.3,270.6,998,993.9,135.5,513.9,459,324.1,218.1,103.8,1.122983945E8,17
82,47,64,0.9,9.1,1,12,16.1,0.9,12,3,5,2,2,1297972.7,9
82,48,3782,199.3,424.1,261.7,663,928.8,104,465.8,238.3,298.2,48.9,149.9,9.40462009E7,19
82,49,4694,189.3,428.1,239.3,720,1054.8,87.1,703.2,594.1,296.2,202.9,179,129815257,12
82,51,17,1.1,1.6,1.1,3.5,3.7,0.3,2.3,1.8,0.5,0.6,0.5,449040.5,4
82,52,172.5,9.9,16.5,8,37.9,38.2,3,19,21.9,10.9,5,2.2,4982736.9,7
82,53,632,30.9,60.1,33.1,99.2,131.9,11.5,109.9,74,39.4,22,20,1.84278724E7,19
82,54,93,5.9,6.1,0.9,20.9,22.1,0.9,19.1,8.1,1.9,3,4.1,2601696.9,11
82,55,9,1.3,0.5,0,3.8,1.1,0,1.1,0,0.5,0.5,0.2,250208.5,2
82,56,693.5,25.5,67.4,36.1,98.5,168.3,14.7,93.5,89.4,49.7,36.7,13.7,1.76717215E7,12
82,57,922.5,67.1,92.2,54.9,153.9,185,29,116.1,81,98.4,19,25.9,2.04113226E7,10
82,58,12989,930.8,1458,894.6,2520,2491.5,472.1,1311.8,1199,1157,321,233.2,2.396262096E8,14
82,59,1208.5,68.8,126.5,76.2,206.5,293.7,40.6,128.5,88.5,124.6,20.9,33.7,2.91065065E7,14
82,60,10,1,1.2,0,2,1.7,0.2,0.6,1.5,1,0.2,0.6,268665,2
82,61,261,17.8,25.8,10,41.2,61.5,3.8,39.4,28.5,24.8,2.8,5.4,6240751.2,5
82,62,688,28.3,72.6,33,138.8,155.1,14.9,90,60,57.1,21.2,17,1.65696022E7,16
82,63,14,0.2,2,0.2,2.6,3.7,0.5,1.1,1.5,1.5,0.5,0.2,332067,2
82,64,574,39,54.1,33.9,116.9,125.1,19,84.1,30,44.8,14,13.1,13473489,18
82,65,280,16.9,22.9,9.2,49.9,62,7.9,42.9,32.9,16.9,9.2,9.3,6840127.4,13
82,66,67,2,7,2,9.1,16.8,1,9.8,11.1,2,3.1,3.1,1612619.4,5
82,67,709,28,56,39.1,142,138.1,20.7,108.8,78.9,52.8,29.3,15.3,1.81217422E7,13
82,68,3197.5,159.9,299.2,172.9,617,666,74.4,401.1,382.2,210.9,149,64.9,6.99855146E7,15
82,69,17865,1055.1,1626,1315,3983.1,3336.9,541.5,1936.1,1793,1217.1,787,274.2,3.288543062E8,15
82,70,5000,227.9,379.8,305,830,920.1,131,673.8,770.2,314.5,375.9,71.8,1.017525835E8,17
82,71,361,7.9,38,30,39.9,83.9,4.4,63.2,61.3,10.6,13.9,7.9,8523261.6,12
82,72,3,0,0.5,0.1,0.1,0.9,0,0.6,0.3,0.1,0.2,0.2,65827.1,1
82,73,288.5,11,31.2,12.1,38.9,57.9,11.6,38.9,58,16.9,9.9,2.1,7266751.7,9
82,74,330,23,28.5,21,56.9,78.1,12.5,41.8,28.2,24.9,9,6.1,7670777.7,8
82,75,34,0.7,6.3,5.6,7.1,7.2,1.6,3.2,0,2.3,0,0,616751.4,2
82,77,189.5,8,21.4,14,38,46,4.6,23,15,15.5,4,0,4358691.8,4
82,78,30,1.9,1.9,4.7,5.6,4.7,0.9,0,5.6,3.8,0.9,0,749769.6,2
82,79,2675,135.3,264.5,184.1,496.8,533.1,77.5,281.9,331,182.5,135.1,53.2,5.30182236E7,15
82,80,67,4,9.1,5.9,13.1,13.1,0.9,6,6,4.9,4,0,1466941.4,7
82,81,27,1,0,0,2.9,7,0,5.1,6.1,2,2.9,0,608526,4
82,82,86,0,3,7,15.1,20.1,3.9,10,18,2.9,3,3,2059733,6
82,83,208.5,8.8,13,18,40.1,41,7.5,25.8,14.1,13.2,21,6,4164383.8,8
82,84,52,0.9,2.9,7.6,4.8,14.4,1,7.7,7.7,3.9,0,1.1,1350843.2,4
82,85,2,0,0.1,0.3,0.2,0.6,0,0.3,0.3,0.2,0,0,51955.5,1
82,86,64,3.9,4.9,1,19.1,13,4,7,5.1,4,2,0,1320560.4,7
82,87,125.5,3.8,7.5,7.9,26,23.1,4,15.2,19.1,9,5.9,4,2653087.9,7
82,88,130,6.4,17.9,2.7,27.1,27.4,2.9,18.4,15.9,7.7,1.7,1.9,3036352.9,6
82,90,282,14.1,23.1,7.8,56.3,64.9,6,41,39,15.6,8,6.2,6536948.9,14
82,91,4,0.2,0.2,0,0.7,0.9,0.2,0.9,0.2,0.5,0.2,0,90872.8,1
82,92,26,2,0,0,6,4.1,0,2.9,3.1,2.9,4.1,0.9,626622.8,4
82,93,101,3,11,7,18,22,4,10,16,2,6,2,2266909.1,2
82,94,820,50,78.6,38.5,183,124.2,28.9,103.1,106.8,50.9,44,12,1.74275214E7,9
82,95,44,0,0.9,3,0,9,0,13,16,0,1,1.1,974064.9,3
82,99,3,0.3,0.2,0,0.6,0.3,0.1,0.5,0.3,0.3,0.2,0.2,50532.6,1
82,100,4,0.1,0.3,0.3,0.4,1.8,0.1,0.1,0.3,0.2,0.3,0.1,87321.4,1
82,101,1123,45,115.2,61.1,202.6,232.7,35,139.1,145.2,68,58.1,21,2.02654571E7,16
82,102,850,31.5,96.4,48.2,128.1,168,17.8,112.1,123.8,56.1,59,9,1.62811242E7,9
82,103,79,0,11.1,1,5.9,18.1,0.7,9.2,14,10,5.9,3.1,1935558.1,10
82,104,30,0.9,4.5,3.6,3.6,8.2,0.9,5.6,0,0.9,0.9,0.9,598890.8,3
82,105,674.5,29.8,60.7,41.3,137,125.1,20.9,79.3,75.7,50,42.1,12.6,1.43409243E7,18
82,106,132,5,6.2,3,22,21,4.9,18.8,30,8,9,4.1,2944208.1,6
82,107,372,14,39.9,18.2,85.9,62.3,13.8,41.8,35.1,31,22,8,7767981.5,17
82,109,318.5,15.7,29.9,10.1,56.8,74.2,16.1,37.1,40,17.7,16.1,4.8,6423618.1,15
82,111,81.5,4.9,4.5,3,24,12.1,4,8.1,6.1,6.8,8,0,1552787.5,6
82,112,120,0,5.9,3.1,15.9,20,5,13.2,42,6.9,7,1,2236913.7,12
82,113,259,11.9,15.2,19.4,36.8,64.6,3,26.1,33.6,20.3,26.2,1.9,5414400.6,31
82,114,11,0.4,1,0,2.2,1.5,0.7,2,0.8,1.3,0.7,0.4,283327.2,4
82,117,99,10,15,6,19.1,13,3,10,11.9,7.9,3.1,0,1685160,5
82,118,92,2,7.1,2.2,11,19.8,2.8,17,17.8,6.2,6.1,0,1738323.4,12
82,119,11,0.6,0,0.9,1.1,0.2,0,4.4,1.6,0,2.2,0,241418.8,4
82,120,217.5,9.7,16.2,11.2,29,52.1,3.7,35.1,26.9,14.6,14.9,4.1,4144900.5,23
82,121,28,5.1,3.2,0.6,5.8,3.8,0.6,0.6,3.9,4.4,0,0,726136.6,3
82,122,14,0.2,0.8,1.4,1.8,1.8,0.4,2.1,3,0.5,0.8,1.2,315463.8,4
82,123,115,7.9,7,7,14,22,1.9,26,17.2,4.9,5,2.1,2233360.5,8
82,124,659.5,34.1,58,30,114.7,122.9,15.9,75,126.2,35.4,42,5.3,1.22978623E7,16
82,125,152,6.7,8.8,3.8,27,20.5,2.9,31,31.6,5.7,13,1,3353551.8,9
82,126,187.5,12.7,11,10.4,28,33.9,3.9,32,30,13.6,10,2,3619038.1,19
82,127,4,0.2,0.3,0.3,0.6,0.7,0.1,0.6,0.7,0.3,0.2,0,73950.1,1
83,1,6,0.4,0.6,0.4,1.4,1.2,0.2,0.6,0.4,0.6,0,0.2,142890.8,2
83,2,55,3,3,1.9,7.1,17.1,0.9,8.9,2.1,8,3,0,1377098.4,6
83,4,53,2.4,6.2,3.1,3.8,20.2,1.6,5.4,2.4,4.7,3.2,0,1220896.7,5
83,5,15,0.7,1.8,0.8,1.1,5.7,0.5,1.5,0.7,1.3,0.9,0,345536.8,2
83,6,33,1,2,1,7,5,2,2,3,7,3,0,727611.1,2
83,7,45,0,6,0,3,8,2,8,10,1,5,2,1306118.8,2
83,8,2,0,0.1,0.1,0.4,0.4,0.1,0.4,0.3,0.2,0,0,50508.1,1
83,10,106.5,4.8,12.5,3.9,11,31,0,11.9,17.1,7.2,2.1,5,2844024.1,7
83,11,182,10.8,17.1,5,27.1,44.1,1.7,31.9,20,11.1,6.1,7.1,4761137,11
83,12,78.5,7.9,3.7,4,11.9,14.9,3,10.1,15,3.9,2,2.1,2156370.2,7
83,13,320,6.9,35.4,18.7,33.1,94.1,7.1,44.9,29.1,23.9,11.8,15,7891660.9,20
83,14,173,8.9,12.5,10.9,26.1,48,3.5,24.1,13.9,7,5,13.1,4697407,7
83,15,1320,75.4,129.6,74.6,247,299.9,38,167.1,136,94.6,34.9,22.9,3.25903743E7,15
83,16,81,0,10.1,5,14,20.9,0.9,11,5.1,5,6,3,2161581.2,7
83,17,245.5,10.7,25.3,11,32.1,59,2,27.1,47.1,18,5.2,8,6836076.4,17
83,18,3040,139.1,274.3,134.1,509.4,687,74.4,355.7,389.9,178,199,99.1,87942231,20
83,19,216,18.1,23.1,6.5,61,49,4.9,15.9,7.1,20.5,0,9.9,6033664.3,5
83,20,1530.5,90.4,162.9,81.9,300.9,345,42.1,176,151,110,33.1,37.2,4.22372361E7,12
83,21,2677,138.8,292.3,149.7,436.1,635,61.9,398.9,208,181.8,58.1,116.4,7.43333652E7,21
83,22,12115,648.5,1116.6,769.2,2628.1,2513.9,324.9,1270.1,1207.9,833.9,488,313.9,2.940356638E8,15
83,23,7588.5,497.6,755.6,442.4,1629,1752.9,257.4,702.1,532.4,639.3,150.8,229,1.891454581E8,28
83,24,3338,149.4,331.1,178.8,595.2,754.3,88.1,411.9,392,211.5,105.9,119.8,8.63062515E7,22
83,25,5245,233.7,569.7,262.4,864.1,1295.3,112.9,594.7,571.1,394,149,198.1,1.519645269E8,25
83,26,4477.5,185.1,565.1,233.5,734,1239,112,438.1,363,322.3,105,180.4,1.234149735E8,11
83,27,1891,79.3,194.9,116.9,309,489.3,38.4,239.6,186.2,122.3,61,54.1,5.42114179E7,26
83,28,9051.5,555.7,678.1,432.7,2165.8,1759.1,265.8,947.1,941,607.4,396.9,301.9,2.457864066E8,23
83,29,19048,1233.8,1524.5,1092.6,4878.5,3762.5,571.5,1793.1,1640.8,1245.4,718.1,587.2,5.019724759E8,15
83,30,9794.5,478,968.5,501.5,1670,2200.8,230.3,1114.1,1068.1,663.9,470.2,429.1,2.865281068E8,20
83,31,2532,110.1,256.5,110.4,462,613,67.6,266.9,268,183.7,92.9,100.9,7.30282689E7,13
83,32,2609.5,113.4,215.9,140.1,430.2,534.9,56.3,340,369,145.6,175.1,89,7.63725047E7,12
83,33,25050.5,1539.9,2160.4,1429,5068,4941.1,759.1,2736,2813,1721.9,1419.1,463,5.325668532E8,8
83,34,11908.5,494.4,1070.1,485.5,1905.9,2734.1,297.9,1350.1,1430,790.5,792,558,4.582210159E8,11
83,35,28171.5,1512,2265,1232.5,6059.1,5943,755.9,2988,3191.9,1770,1438,1016.1,9.590774712E8,7
83,36,31380.5,1580.9,2524.1,1382.4,6414.1,6623.8,795.9,3271.2,3843.9,1878,1876.1,1190.1,1.1957396267E9,10
83,37,36181.5,2033.4,3124,1563,7580.6,8005,1051.9,3642,3623.1,2503,1818,1237.5,1.2491201944E9,7
83,38,34518,1919,3310.5,1809.4,7407,7572.1,1043,3571,3046.1,2494.9,1243,1102,1.0140089015E9,6
83,39,35069,2429.6,3361.1,2169,8467.4,7038.9,1173.5,3646.1,2506,2723.3,827.2,726.9,7.584267543E8,15
83,40,12621.5,802.9,1200.1,781.4,2587.8,2720.1,417,1341.9,1096.1,999.9,405.1,269.2,2.680562201E8,14
83,41,35367,2263.5,3309.5,1983.5,7384.5,7396,1129,3884,3474,2534,1260,749,7.720564162E8,2
83,42,18794.5,1440.7,2100.2,1140,4290.1,3753.9,756.1,1730,1332,1694.5,326,231,3.535111807E8,18
83,43,16287,754,1603.9,838,2891,3736.1,453.4,1960,1693,1178.5,610.1,569,4.394021402E8,7
83,44,10770,696.1,1084,570,2269.3,2252.9,363.5,1163.9,886.2,913.9,293.1,277.1,2.482790637E8,17
83,45,16748,1065.7,1644.6,942.6,3541.1,3282,601.4,1928.1,1530.8,1256,513,442.7,3.757822691E8,13
83,46,7068.5,270.4,685.1,359.4,974.9,1554.2,169.9,955.9,975,452.3,450.2,221.2,1.885924332E8,14
83,47,963,34,105.8,65.4,116.1,259.9,23.5,140.2,79,74,20.1,45,2.68397301E7,8
83,48,6409.5,391.7,604.6,315.6,1309.3,1389.1,211.3,710.8,569.8,498.9,212.8,195.6,1.575836656E8,21
83,49,2712.5,127.5,252.3,116.5,456.1,615.2,80.4,389.7,301.9,180.6,101.3,91,7.33528973E7,28
83,50,700,25.9,63.4,37.2,101.3,180.3,11.2,92.6,99,35.9,30.6,22.6,1.98938425E7,12
83,51,857,26.9,61,40.2,109.8,216.9,14.5,157,115.8,41.4,34.2,39.3,2.62566385E7,30
83,52,1448.5,50.9,124.6,60.8,218.3,316,42.9,229.8,210.1,86.7,46.4,62,4.13179572E7,32
83,53,196,6.8,12,5.9,26.2,42.1,2.9,32.9,43,10.8,7.3,6.1,6357176.2,10
83,54,98,5.9,8,1.9,14,20.1,0.9,20,10,6.1,7,4.1,2978714,4
83,55,25,3.7,1.5,0,10.3,2.9,0,2.9,0,1.5,1.5,0.7,695023.5,1
83,56,8,0.3,0.1,0.8,1.6,2,0.2,1.6,0.6,0.3,0.2,0.3,197613.6,2
83,57,1369.5,86.9,151.8,96.9,291.1,293.3,55.8,146.7,89.1,107,28.9,22,3.27062393E7,17
83,58,22,1.2,1.4,1.8,2.3,6.2,0,3.6,2.3,1.6,1.2,0.4,564688.5,3
83,59,1763.5,87,173.6,129,325.4,415,46,211,187,113.5,53,23,4.01318131E7,7
83,60,626.5,19.9,54.2,37.2,105,148,15.3,78.9,83.9,27.2,38.9,18,14963834,10
83,61,875.5,37.1,88.1,51.1,127.8,205.9,19.9,136,94.1,64.5,19,32,2.07107775E7,14
83,62,4,0.1,0.6,0.1,0.7,1.1,0.1,0.3,0.4,0.4,0.1,0.1,94876.3,2
83,63,261.5,3.6,32.3,15.5,31.9,61.1,5.4,41.9,34.1,20.6,6.4,8.7,6049887.7,8
83,64,323,8.9,49,14.8,46,75,6.1,39.2,41,24,9.9,9.1,7796420.8,12
83,65,261,7.9,24.5,16.4,43.9,52.9,9.1,33.1,38.1,18.9,7,9.2,6546737.7,15
83,66,562,16,38,18,84.9,108,13,79,113.1,28,45,19,1.41934039E7,5
83,67,356.5,13.8,31,16.1,62.2,70.8,9.8,54.1,46,25.5,16.2,11,8578840.6,12
83,68,661,30,62.2,40.9,101.1,158.1,7.9,98.1,83.2,28.8,30.8,19.9,1.61561999E7,14
83,69,603.5,34,49.9,43.5,122.1,135,17.9,65,69,46.9,10,10.2,13608469,10
83,71,971,41.9,76,68.9,172,177.1,23.9,147.1,166.1,39.9,38,20.1,2.18800289E7,8
83,72,296.5,11.9,22.8,21.1,41.1,64.9,3.9,59,42.1,9.5,12.1,8.1,8022345.8,9
83,73,69,0,13.4,2.8,4.9,20.1,3,9.5,4.7,4.9,1.8,3.9,1357077.4,7
83,74,9,0.2,1.7,1.5,1.9,1.9,0.4,0.8,0,0.6,0,0,163257.7,1
83,75,86,7,7.1,6.1,23.1,19,2.8,7.1,0.8,5.9,3.1,4,2155918.5,7
83,76,297,16.9,37,12.9,62,67,11,29.1,28,26.1,5,2,6606303.9,7
83,77,212,15.9,19.1,20.1,36.9,48,10,17.9,19,14,7.1,4,4422439,9
83,78,2,0.1,0.1,0.3,0.4,0.3,0.1,0,0.4,0.2,0.1,0,49984.6,1
83,79,568.5,22,60.5,49.7,95.8,131.1,12,84.9,55,29.5,15,13,9514190.3,12
83,80,76,0.9,15,5,11.1,24,0.9,8,4,3.1,0.9,3.1,1673429.8,6
83,81,106,4,11.1,6.9,17.8,21,0,18,12.9,6.1,7.1,1.1,2452081.9,6
83,83,210,12,27.9,13,41,53.1,3,19.2,16.1,14.8,6.1,3.8,4367612.4,9
83,84,86,2,8,5,13.9,12.1,4,7,16,8,10,0,1884746.7,4
83,85,73,5.9,6.3,2,12.9,14.8,4,4,15,2,5.1,1,1664014.5,8
83,87,149,6.1,12.4,6.4,27.2,24,3.2,18.8,23.7,9,14.9,3.3,2894580.9,15
83,89,9,0.4,1.1,0.3,1.9,1.6,0.1,1.8,1.1,0.3,0.2,0.2,210071.9,1
83,90,6,0.3,0.3,0,1,1.3,0.3,1.3,0.4,0.7,0.4,0,136309.2,1
83,91,55,3.4,2.5,1,7.3,12.8,2.4,7.8,7.5,2.8,5.5,2,1215040.5,4
83,92,180,5,15.8,12,20,55.1,3,26.1,20.9,12.1,7,3,4290179.7,6
83,93,120.5,4,15.6,4,22,27,4.9,14.9,15,5,5,3.1,2775582.9,3
83,94,176,6.9,20,6,29,39.9,2,27,25.2,6,10,4,3756152.1,4
83,95,238.5,10.9,23.4,10.9,37.9,52.8,3.1,38.1,33.2,13,10.1,5.1,5255251.6,14
83,96,234.5,13.1,18.1,13.3,39.8,47.5,5.7,39.5,27.5,12.9,12.4,4.7,4710123.3,9
83,97,11,1.1,0.5,0.6,1.6,3.4,0.4,1.2,0.6,0.6,0.6,0.4,268031.5,4
83,98,220.5,9.5,25.7,9.1,26.5,52.9,2.6,35.7,24.3,16.6,14.4,3.2,4625629.3,11
83,99,10,1.1,0.5,0,2,0.9,0.3,1.8,1.1,1.1,0.6,0.6,168441.9,2
83,101,307,11.9,23.6,18.8,47.5,74.5,6.9,51.8,40.6,5.8,19.7,5.9,6450464.6,10
83,102,912,38.9,73.9,43.5,162.9,181.1,26,118.1,143.2,53.5,58.9,12,1.61221969E7,16
83,103,157,8.9,17.1,12,23,35.9,0.9,22.1,22.1,7.9,6,1.1,2931589.8,8
83,104,148,4,16.9,6,14,42.9,1,21.2,24.1,8.9,7,2,3035289.7,8
83,105,133,7.1,11.4,5.5,18.3,25.8,3.1,22.6,21,7.2,7,4,2999617.5,5
83,106,45,2,5.9,2,5.9,14,0.9,1.1,4,5,1.1,3.1,969389.3,3
83,107,136.5,3,13.9,4,20,31,2.5,27.1,12,6.8,12.1,4.1,3282792.8,9
83,108,76,1.9,6,2.1,12,12,2,8.9,19,5,5,2.1,1576322.3,8
83,109,199.5,11,21.5,12.1,36.9,47.2,9.9,17,17.1,12.9,6.9,7,3903093.4,13
83,110,93,4.5,11.9,10,16.9,18.1,3.6,7.1,7.9,6.2,4.8,2,1869517.2,9
83,111,405,17.9,50,21.9,55.1,90.9,7.1,45.2,52,38.9,21.2,4.8,7587890,28
83,112,5,0.3,0.3,0.1,0.6,0.7,0.1,0.9,1.1,0.3,0.6,0,106055.1,2
83,113,37,1.7,1.9,1,4.4,5.3,0.8,7,8.8,1.7,4.4,0,784808.2,5
83,114,30,1,2.8,0,6,4.4,1.6,5.5,2.2,3.8,1.6,1.1,772710.6,6
83,115,14,0.5,1.3,0,2.8,2.1,0.7,2.5,1,1.8,0.7,0.6,360598.3,2
83,116,459,14.6,31,20.1,60.9,78,6.1,80.5,84.7,23,51.1,9,8499093.2,25
83,117,28,1,2,2,4,7,1,6,3,2,0,0,536924.1,0
83,118,24,1.4,0,1.9,2.3,0.6,0,9.6,3.4,0,4.8,0,526732.1,8
83,119,31,1,3.9,0,4,8,1,6.8,5.1,0,1.2,0,769976.2,6
83,120,5,0.9,0.5,0.1,1,0.7,0.1,0.2,0.7,0.8,0,0,129667.2,2
83,121,11,2,1.3,0.2,2.2,1.5,0.2,0.2,1.6,1.8,0,0,285267.8,3
83,122,46,0.7,2.3,4.6,6.1,6.1,1.5,6.9,10,1.5,2.4,3.9,1036524.1,2
83,123,847.5,41.2,69.8,42.3,149.4,164.6,15.8,144.9,120.9,46.3,41.2,11.1,1.54896303E7,32
83,124,314.5,13.7,30.5,19.6,43,56,8.8,51.1,60.4,18.4,11.1,1.9,6262674.8,19
83,125,8,0.1,0.2,0.4,0.8,1.5,0.1,2.1,1.5,0.1,1.1,0.1,189942.5,3
83,126,225,15.1,11.8,12,44.6,44,4.7,32.1,31.1,15.8,9.8,4,4464580.2,27
83,127,96,3.9,8.6,6.6,13.8,18.1,1.8,13.8,16.2,8.4,4.8,0,1774803.5,16
84,0,8,0.3,1.1,0.4,0.8,2,0.1,0.9,0.8,0.4,0.7,0.5,191498.7,2
84,1,44,1.8,5.8,2.5,4.2,11,0.9,5,4.3,2.5,3.4,2.6,1053242.9,6
84,2,656.5,35.4,67.5,37,133.8,125,23.1,88.9,47.1,60.4,26.1,12.2,1.42638418E7,18
84,3,24,0.9,0.9,1,3,6.1,0,8,2.1,2,0,0,708058.4,3
84,4,47,2.9,3.1,3.1,8,12,1,6,5,2,3.9,0,1236428.3,4
84,5,207,8.9,21.5,15.1,32,61.1,4,18.9,20.1,17.4,7,1,4677605,8
84,6,118.5,4,12,7.1,20,36,3,15.9,4.9,5.6,6,4,2841809,5
84,8,383.5,18.1,40.7,19.9,69.9,92.3,15.5,44.9,27.5,34.6,11.1,9,9176867.1,10
84,9,20,0,1.2,0.7,3.1,5.7,0,4.9,2.4,2,0,0,542612.8,5
84,10,30,0.7,3,1.4,5.1,7.3,0,7.3,2.3,1.4,1.5,0,839693.1,2
84,11,227,8,22,12.5,32.2,55.8,10,21,27,11.5,15,12,5776845.9,8
84,12,53,4,2.2,4.4,6.6,12.9,0,6.8,8.5,3.6,1.5,2.5,1286478.8,6
84,14,345.5,14.6,27.3,17,63,83,13.6,41.1,43,15.6,16.1,11.2,1.00052227E7,12
84,15,229,11.8,26.9,16.5,52,59.1,9.2,22.9,10.2,13.4,3,4,6119248.4,8
84,16,99.5,5.7,13.1,2.3,20.8,29.5,3.3,7.5,3,13.3,0,1,2587907.6,4
84,17,8,0.2,0.9,0.7,2.3,2.5,0.3,0.5,0,0.6,0,0,205805.4,2
84,18,4261,157.1,516.9,236.1,639,1198,100.8,431,385.1,286,135.1,175.9,114890328,17
84,19,1016.5,42.5,95.7,44.4,181.9,224,16,134,124.9,61,53,39.1,2.73728792E7,8
84,20,4126.5,179.5,398,189,695.1,952.1,101.5,485.9,536.9,283.5,180.1,124.9,1.120728183E8,19
84,21,102,8,9,4.8,19.1,21.1,2.8,13.1,8,10,2,4.1,2555719.7,10
84,22,5350,298.5,592.7,347.5,973,1178.2,153.4,621.8,485.3,368.9,161.8,168.9,1.363084683E8,17
84,23,2400.5,170.5,194.5,152.8,667.4,471,82.7,210,177.9,168.7,56.9,48.1,58561822,36
84,24,6490,316.7,662.5,386.4,1240.1,1534,174.5,645.9,654,470.3,201.4,204.2,1.721961139E8,27
84,25,8839,439,892.8,497,1790,2070.9,232.3,950.1,900.9,579.7,239.1,247.2,2.339415414E8,21
84,26,6502.5,332.9,690.9,370.4,1289.8,1499.3,226.2,663.2,541.2,518.4,165.1,205.1,1.735812889E8,18
84,27,3749,197,333.6,223.4,781.9,837,108.6,428,375.9,252.5,95.9,115.2,9.81354697E7,17
84,28,2083,94.9,226.8,135.1,395.8,492,61.3,201.2,206.8,139.6,76.2,53.3,5.19828451E7,31
84,29,14403.5,1325.9,848.5,789.5,5304.9,2410,517,928.1,751,948.5,310.1,270,3.836388082E8,12
84,30,24924.5,1461.5,2262.6,1286.5,5107,5146.9,759.5,2770,2408.1,1828.5,1052.9,841,6.622629387E8,9
84,31,11484.5,545.1,1083.9,572,1914,2388,279.1,1433.4,1438.9,768.1,651.1,410.9,3.191685365E8,10
84,32,29254,1684.9,2444.9,1530.6,6523.2,6431.7,873.5,3223.1,2671.1,2110,1089,672,772697795,10
84,33,20784,1158.5,1834.9,963.6,4153,4673,587.5,2347,2014,1479.4,927,646.1,5.925727866E8,10
84,34,32117,1620.1,2935.5,1484.9,6255,7256.1,854,3650.1,3201,2090.4,1518,1251.9,1.0475471792E9,8
84,35,74080,4590.4,5369,3363.4,20077.5,15752,2084,6834.1,6801,4493.5,2747.1,1968,2.2930979191E9,6
84,36,58218.5,2604.5,4241.5,2534,12606.9,12299,1273,6420.1,7424,3073.4,3657.1,2085,2.2324906817E9,5
84,37,70,1.8,4.9,2.9,13.1,26.3,2.9,8.1,4,1.9,1,3.1,1886227.3,10
84,38,60495.5,3591.4,4497.2,2668.4,16026.8,12819.5,1715.5,6005,5389.1,3723.1,2417,1642.5,1.9351807135E9,9
84,39,59586.5,3668.9,4927.5,2952.5,16027,12726,1753.5,5732.9,4723,3778.1,1753,1544.1,1.7543004898E9,10
84,40,46961,2914.6,4545.1,2522.9,9966.5,10006,1502.4,5043.1,4105.9,3513.5,1523,1318,1.1598145901E9,6
84,41,27065,2139,2420.1,1541,6563.9,5379.5,976.9,2639.2,2128.8,2150,696.1,430.5,5.233163418E8,11
84,42,37948,2791,4013.4,2480.6,7635.5,7397.3,1389.6,3921.1,3297.1,3233.7,1083.1,705.6,6.664922117E8,13
84,43,6433.5,286,632,340.5,977,1535.9,164.6,843,747,419.4,246.1,242,1.550835258E8,15
84,44,31307,2075.3,2576.1,1720.4,7600,5897,1020,3433,2952.2,2239,1180,614,701630253,8
84,45,11873,704.8,1153.5,687.5,2290.1,2505,366.5,1537,1025,855,359,389.6,2.914050137E8,12
84,46,18558,1047.4,1683.4,1084,3724.1,3766.9,572,2197.1,1836,1355.4,737.1,554.6,4.465014537E8,11
84,47,6932,341.1,660.1,373.6,1303.8,1507.9,174.4,906.2,712.8,482.9,288.1,181.1,1.755370434E8,19
84,48,1822.5,88,148.3,90.6,333,424.1,49.9,220.1,202.2,136.3,61.9,68.1,5.03619611E7,11
84,49,5191.5,248.8,545.4,267.1,953,1178.8,152,601.9,525.2,382.9,175.2,161.2,1.341981365E8,20
84,50,2997.5,124.9,305.6,165.1,466.8,684.9,65.4,425.1,358.2,192,89.2,120.3,8.22011656E7,30
84,51,5277.5,264.4,469.3,274.7,914.1,1130,127.5,629.9,628.9,356.6,293,189.1,142656947,21
84,52,1291.5,51.4,142.2,58.9,173,282,25.7,200.1,184.3,74.8,46,53.1,4.00594946E7,25
84,53,103,2.1,7.9,4.1,6.9,37.1,1.9,20,12,8,0,3,3073161.7,6
84,54,33,0,3.8,3.8,0.9,11.1,0.7,4,1.2,0.9,3.3,3.3,910158.7,10
84,55,448.5,15.1,53,30,59.8,125,9,58,38,43.5,9.1,8,1.23335529E7,17
84,56,705,32.4,67.2,41.4,162,161.9,22.3,78.1,53,52.5,13,21.2,1.66150407E7,15
84,57,580.5,21.5,55.6,30,110,115.8,16,92.1,81.8,34.7,12.1,10.9,1.43666343E7,8
84,58,148.5,3.9,20,5.4,22,35.2,3,20.1,19,13.9,3,3,4111339.1,7
84,59,1208,59.5,131.5,79.5,217.8,302.9,30.5,145.1,70,96.9,25.2,49.1,28259587,11
84,60,539.5,25.9,60,35.4,81,130,19.5,78.1,54,32.5,13.1,10,13034605,8
84,61,965.5,62.9,88.7,49.7,168.9,230.8,31,125.2,87,71,24.2,26.1,2.23572106E7,20
84,62,2,0,0.2,0,0.2,0.7,0,0.5,0,0.2,0.2,0,58578.8,1
84,63,216,13.2,13,7.1,43.1,45,5.9,35.9,25.8,12,10.9,4.1,5541478.1,14
84,64,204,4,18,14,20.1,62.9,3,37,20.1,8.9,4,12,4573422.6,7
84,65,720.5,32.7,58.5,33.9,132.2,150.7,13.1,112.2,87,47.3,29.8,23.1,1.73366709E7,25
84,66,142,5,10,16.1,16,28.9,2,33.1,11.9,11,5,3,3451933,14
84,67,204.5,10,21.4,7,33,48.6,4.8,34.2,26.1,5.4,6.1,7.9,4982182.9,21
84,68,908,45,82.6,48,206.9,171,27.1,103.1,92,77.3,28.9,26.1,2.07469774E7,14
84,70,104,2,13,5,14,23,0.9,16.1,20,6,4,0,2816515.3,6
84,71,436,17.9,31.6,41,85.1,76.1,13.8,64.1,58.1,25.5,11.9,10.9,9818659.3,9
84,72,204.5,8.5,19,10,33.1,40.1,5.9,40.9,29,12,5,1,5108460.7,10
84,73,216,10,16,7,39,42,4.1,34,37.1,10.8,15,1,5351629.7,6
84,74,122,5,16.1,3.1,22.1,31.1,2,14.8,12.9,10.9,2,2,2583300.8,8
84,75,64,7,5,5.1,21.1,6,4.9,7,0.9,6,1,0,1419900.8,3
84,76,244.5,10.8,29.9,13,45.1,56.1,5,28.1,23.1,19.6,9.8,4,5412835.8,6
84,77,365,28.5,36.4,22.2,81.9,65.1,7.8,49.1,30.9,29.9,9.2,4,8305338,10
84,79,195.5,11.8,22.6,14.9,42.1,47,2,31.1,12.1,9,2.9,0,4715162.2,10
84,80,92.5,5,8.4,5,26.9,18,5,4,5.1,10.9,3.1,1.1,2169127.9,5
84,81,106,2.1,13,5,15,31,3.9,15,6,2.9,9.1,3,2160192.3,6
84,84,339,14.4,34.6,13.9,64.7,70.6,12,44.1,33.8,28.5,19.4,3,7403996.9,9
84,85,2,0.1,0.1,0.2,0.3,0.3,0,0.4,0.3,0.2,0.1,0,45726.3,1
84,86,104,4.9,9.5,3.9,26,22.1,4.8,11.4,3.9,13.5,3,1,2369489.4,5
84,87,270,14.9,34.5,12.6,46.9,64.1,5,35,22,20,10,5,5798498.6,9
84,88,5,0.3,0.5,0.2,1.3,1.2,0,0.3,0.6,0.4,0.1,0.1,103014.4,1
84,89,86,1.6,10.7,2,17.5,18.9,2,7.7,12.3,7.1,4.6,1.6,1914780.4,4
84,90,165,10,18,2,33.1,42,3.9,22.1,9.1,12,8.9,3.9,3472527.7,3
84,91,1164,55.9,118.6,51.2,228.6,240.9,27,165.3,134,70.4,58,14.1,26037006,16
84,92,6,0.3,0.4,0.4,0.7,1,0.1,1.6,0.9,0.6,0,0,159606.4,1
84,93,182,12.8,7,7.7,40.2,31.9,5.9,30.3,24.2,11,10,1,4230482.4,6
84,94,232,21.1,16,2.9,61.9,37,9.5,29.9,26.2,14.3,9.2,4,5414821.3,12
84,96,101.5,6,7.3,3,17.8,26.3,2.8,12.4,17,4.4,2,2.5,2220278.7,6
84,98,87,2,5.6,7,14.8,23.6,2.9,12.7,10,2.9,3.1,2.4,1931070.3,7
84,99,272,12.9,19.7,11.9,49.2,55,8.4,43.2,45.1,14.6,8,4,6244721.1,16
84,100,758,35.2,62,57.6,130.6,189.8,15.9,80.8,91.1,47.7,25.2,22.1,1.60039416E7,17
84,101,114,2,14.7,4.2,10,35.9,1,13.2,21,2,7.9,2.1,2794978.5,7
84,102,256.5,11,26,14,53,47,9,36,32,20.5,6,2,4935350.7,2
84,103,96,3.3,7.7,2.5,18.1,18.6,4,13.6,11.1,6.7,7.1,3.3,2013297.6,11
84,104,128.5,2,12.9,4.7,27,22.9,2.1,19.2,19.2,12.4,4.1,2,2965122.5,11
84,105,217,9,17.5,9.1,39,45.9,6.9,26,26.9,22.7,11,3,4206611.7,13
84,106,336,8.9,36.6,19.5,54.1,82.9,6,47.1,37.9,19,16.1,7.9,7059744.5,20
84,107,301,22.8,25.9,22.2,66.7,63.6,8.9,24.1,28.1,18.6,18.1,2,6377758.7,17
84,108,30.5,0,1.5,0,4.9,7,2,2,9,2,2.1,0,639353.9,3
84,109,82.5,1,13,1,13,22.9,0,8.8,8,6.7,3,5.1,1687502.9,9
84,110,16,1.1,1.5,1.5,3.6,2.9,0.4,1.5,1.8,1.3,0,0.4,329435.7,3
84,112,49,4.9,3,1,9,8.1,1.9,7.1,9,1.9,3.1,0,864694.2,4
84,114,259.5,12.2,17,8.9,45.2,47,5.5,34.2,34.9,22.5,27.1,5,5000559.1,26
84,115,119,2.4,8.5,5.6,15.6,26.4,2.6,17.6,21.8,8.9,7.8,1.8,2240150.3,17
84,116,100,3.8,10.5,3.7,12.8,16.1,5,16.9,14.3,2.5,11.4,3,1845996.3,14
84,117,7,0.4,0.4,0.3,1,1.1,0,1.3,1.7,0.1,0.7,0,146425.7,3
84,118,243.5,7,19,13.2,43.1,64.9,7.3,34.9,28.9,7,13.2,5,4905252.7,19
84,119,146,3.3,14,11.2,34.4,21.7,3.6,23,14.8,7.2,11,1.8,2662339.5,15
84,120,591.5,44,52.2,38,118.9,107,11.8,72.3,63.1,44.4,23.1,16.7,1.15847718E7,23
84,121,21,0.8,3.4,0.8,3.7,4.9,0,2.8,1.7,0.8,1.3,0.8,384835.9,5
84,122,1198.5,45.4,93.8,72.8,214.3,221.1,33.7,173.9,193,78.5,58.9,13.1,2.28249982E7,35
84,123,44,2,2,0.9,9,8.1,2,6.9,8.1,2,2.1,0.9,906203.3,5
84,124,356,12.1,37.6,20,65,68.7,4.9,49.3,38.2,30.1,22.8,7.3,6955992.4,32
84,126,43,0.9,12.9,2.1,5.9,6,0.9,6.9,2.2,4.1,0,1.1,773614.2,6
84,127,272,15.1,22.3,16.9,38.9,42.4,4.8,51.1,49,14.5,15,2,5283788.4,35
85,0,287,12.9,22,12.2,32.1,66,6,43.7,55,14,18.1,5,6977732.5,8
85,2,68.5,0.9,3.5,7,9,22.2,0,11.9,5,3.1,3.9,2,1856561.6,6
85,3,31,2,1,2,5,7,1,2,5,1,5,0,717680.2,2
85,4,283,8.1,26,13.1,38,70.1,5.9,38,43.2,13,14.8,12.8,6902071.9,13
85,5,184,9,22.9,9.9,30.9,43.1,8.9,12.9,15,22.1,5,4.3,4094003.1,7
85,6,5,0,0.6,0.2,0.4,1.8,0.1,1,0.5,0.2,0.1,0.1,155243.1,1
85,7,50,0,6,1.8,3.6,18.2,0.8,10,5.5,2.3,0.9,0.9,1552430.9,6
85,10,1,0,0.1,0.1,0.2,0.2,0,0.2,0.1,0,0.1,0,27989.8,1
85,11,10,0.2,1,0.5,1.7,2.4,0,2.4,0.8,0.4,0.6,0,279897.7,2
85,12,10,0,1,1.5,0.3,3,0,1.2,1.5,0.3,0.5,0.7,278185.8,3
85,13,110.5,3,15,6,14,20,0.5,31,10,4,2,5,2826076.9,3
85,14,931,43.8,90.8,51.8,136.8,215.3,23.2,141.3,106.3,65.5,26.9,29.3,25383650,17
85,15,1932,84.9,154.6,105,324.1,418,65,280.9,238,113.3,85.1,63.1,5.15688855E7,14
85,16,986.5,45.1,77.7,46.1,171,233.8,29.5,140.9,108.7,61.4,37,35.3,2.72591403E7,24
85,17,1013.5,38.9,94,53.9,184,258.1,29.4,141.1,87.1,70,30,27,2.92625571E7,14
85,18,88,1.8,6.9,5.9,16,18.1,2.9,16.1,7.9,4.1,5.1,3.2,2569196.3,8
85,19,1806,78,170.6,80.9,314.9,395,60.5,171.1,238.9,138.9,86.1,71.1,5.22466584E7,14
85,20,2715.5,118.1,241.4,169.2,490,626.1,69.4,328.9,317,172.1,61.1,122.2,7.77220488E7,20
85,21,57,0.9,8,1,7,15,3,10,3,8,0,1.1,1676412.7,2
85,22,6624,408.4,615.6,373.5,1341.1,1301.1,208,728,681.9,475.5,312,178.9,1.574515049E8,10
85,23,16064.5,1218.5,1450.4,979.9,4058.9,2988.1,585,1444.1,1319,1260.5,456.1,304,361810742,17
85,24,13172,755.3,1222.4,788.9,2699.2,2672.9,408,1591,1243.1,943.1,503.1,345,3.105033525E8,13
85,25,10991,560.9,886.6,511.5,2037.9,2277.1,289.4,1390.3,1398,701.3,585,353,3.056723987E8,14
85,26,5262.5,305.9,495.5,261,1040.1,1199,151.4,551.1,518,400.4,147,193.1,145091224,18
85,27,17629,1109,1751.9,949.9,3381.5,3776.8,607,1806.1,1685.2,1430.6,662.9,468.1,4.092667078E8,17
85,28,9781,608.8,736.4,539.6,2378.8,2037.8,299,1048.1,970.1,623.2,354,185.2,2.264041864E8,19
85,29,4070,210.6,386,201,725.9,865.9,102.5,429.1,482.1,272.8,268,126.1,1.035800023E8,10
85,30,37123,2433.6,3237,1962.5,8072.1,7234.1,1175.5,4016,3488.9,2731.3,1771,1001,9.003802605E8,8
85,31,19888.5,942.5,1777.7,875.4,3719,4165,488.9,2315.1,2306,1214.9,1205,879,6.841822643E8,10
85,32,26058,1192.5,2053.1,1073.5,4686,5628.1,616.5,3052,3269.8,1504.3,1895.1,1087.1,9.193974769E8,6
85,33,37329.5,1948.4,3054.9,1634.5,7764,8219.9,985.5,4405,3748.1,2435.9,1828.2,1305.1,1.1242515928E9,6
85,34,49650,2809,4133,2197.5,11659,10952.5,1348,5036,4354,3271,2266,1624,1.5365650942E9,2
85,35,55733.5,2696,3884,2511.9,14227.4,11381,1303.5,5915,6311.1,2872.6,2965,1666,1.8385124515E9,3
85,36,97830.5,3825,7114.5,4377,19655.5,20204.5,1962,11428,13637.5,4879,7227,3520.5,3.8043624258E9,2
85,37,56257.5,2019,4727.3,2672,9698.1,11328.8,1137,6910,8136.2,3002.6,4267,2359.5,2.6060644992E9,11
85,38,49721.5,2105.4,4224.5,2082,8682,10180.1,1095,5658.5,6868,2850.5,3912,2063.5,2.1750189067E9,5
85,39,68497.5,3829.5,5201.4,2723,16252,14808,1878,7201,7030,4269.5,3111.1,2194,2.3926906544E9,5
85,40,61074.5,3578,5271.5,2637,13662.5,13412,1829,6193,5514,4260.5,2724,1993,1.8835031068E9,0
85,41,30686,1924.7,3150.1,1925.9,6340.4,5960.1,984.6,3345.1,3105.9,2346.5,1034.1,568.6,5.851248537E8,9
85,42,26504,1873.5,2255.5,1655.6,6248.8,5532,860,2642.1,2064.8,1914.6,879.1,578,560585911,9
85,43,22343,1228.5,1943,1066,4546,4699,699,2685,2219.9,1539.5,1062,655.1,5.544598084E8,8
85,44,29966,1887,2539.6,1631.5,6504,5785,960.3,3446,3015.1,2129.5,1342,726,6.856976221E8,6
85,45,18431,850,1778,930.6,3268.9,3964.9,497,2291.1,2187.9,1185.6,834,643,4.913486722E8,12
85,46,7160,315.9,684.5,334.1,1290.2,1567.8,171,860.9,801.9,463.6,349.1,321,2.053923641E8,12
85,47,105,3.9,6.1,1,23.1,26,2,16.9,14.9,2.9,4.1,4.1,3179891,7
85,48,994,34.8,91.8,46.5,119,260.3,24.8,133.3,152.2,65.3,33.9,32.1,2.98657899E7,15
85,49,3,0,0.3,0.1,0.1,0.7,0.1,0.5,0.8,0.2,0.1,0.1,100293.7,1
85,50,239,10,22.5,13,27.1,48,4,31,48,12.4,16,7,7243148.1,6
85,51,8330.5,352.5,735.9,368.1,1413,1640,193.5,1019.2,1276,505.2,561.1,266,2.289951857E8,12
85,52,3246,144.6,338.9,186.1,532.9,742.2,78.6,431,349.1,209.6,103.1,129.9,8.64916106E7,28
85,53,359,21.9,42.4,10.1,71,81.9,9,49,25.9,24.5,14.2,9.1,9447054.6,8
85,54,1979.5,87.5,218.6,144.8,361.1,454,45.5,232.2,202.1,120.6,52.9,60.2,4.83255039E7,25
85,55,628,24.9,66.5,46.9,103.9,157.9,13.4,88.2,55.4,45.9,6,19,1.61390789E7,24
85,56,2769.5,150.5,239.9,191,560,590.1,70,345,282.1,184.9,102,54,6.25937712E7,5
85,57,479,20,37.2,24.7,94.7,105.2,11,61.9,64.1,30.4,17.8,12,1.27627498E7,12
85,58,31,2,2.5,3.1,5.6,7.2,1.4,4,2.8,1.8,0,0.6,812122.6,2
85,59,107,6.9,8.6,10.7,19.5,24.9,4.7,14,9.4,6.1,0,2.2,2803132.8,10
85,60,1000.5,67.6,101.8,45,195.9,236,24.6,98,120.1,75.6,20,15.9,2.26619964E7,22
85,61,1978.5,155.7,197.4,123,463,358.1,71.1,179,186,150.2,61,34,4.23503052E7,17
85,62,110,4,7.4,2.9,16.6,29.3,1.4,19.6,8.9,6.9,7.9,5.1,2855389.1,5
85,63,2852.5,148.8,300.7,185.7,559.2,589.2,72.1,336.1,280.7,212.9,114,53.1,6.00886805E7,18
85,64,572.5,21.8,55.6,28.7,101.8,129.6,12.4,75.1,61.1,41.9,30.4,14.1,1.32975527E7,24
85,65,285.5,17,24.1,15.5,58,63.1,7.9,32,23,27.9,8,9,6990022.4,10
85,66,287.5,12.5,28.6,11,42.9,74.9,4.9,44,31.1,24.5,6,7.1,7344543.2,15
85,67,953.5,72,90.5,45,234,183,33,92.1,80.9,74,32,17,2.09361242E7,15
85,68,420,27,41.9,27.1,93,81.9,13,43.8,43.3,24.9,16.1,8,9733125.9,9
85,69,204,9,11,12,44,38.1,7.9,27,35.1,7.9,6,6,5072817.3,3
85,70,154,4,11,9,26,30.1,3,25.9,21,8,12,4,4198209.6,4
85,71,254,10.8,24,10.1,29.9,64,5,45.1,38.1,13.8,7,6.2,6311684.5,7
85,72,458.5,11.1,39.4,20,68.7,94,11.5,106,53.9,31.7,11,11.2,1.20747417E7,21
85,73,377.5,23,39.9,24.5,56.1,92,4.9,57,45,15,8,12.1,9041390.1,6
85,74,160,7.1,10.9,8.1,29.9,37.9,1.9,21.9,16,9.1,9.1,8.1,4041265,8
85,75,307.5,25.4,27.1,17,79,52.9,13,26,17.1,32.8,10.2,7,7231617.6,13
85,76,121,3,12.9,4.9,14.9,33.1,3.1,13.9,13,10.1,9,3.1,2820399.1,8
85,77,172.5,7,18.9,15,30.1,36,8,26,11.1,13.4,6,1,3431509.3,6
85,78,487,30,47,20,122,82,10.1,77,41.1,35.8,18,4,1.09382677E7,12
85,80,161.5,9.9,9.6,7,39.9,30.1,1.9,18.1,16.9,10,8.1,10,3715552.6,11
85,81,64,0.9,11,2,7.9,19,1.9,7.9,5.1,5.1,2.1,1.1,1210504.2,7
85,82,139,3.9,7.6,9.6,21.6,27,2.8,23.4,23.2,4,13.9,2,2856124.1,6
85,83,4,0.1,0.3,0.3,0.5,0.9,0.1,0.7,0.8,0.1,0.2,0,87150.6,1
85,84,2,0.1,0.1,0.2,0.3,0.3,0,0.4,0.3,0.2,0.1,0,45726.3,1
85,85,5,0.2,0.3,0.4,0.8,0.7,0,1.1,0.7,0.5,0.3,0,114315.7,1
85,86,134,5,13.1,10.9,23,31,2,14.1,16,8.9,6,4,2916237.2,7
85,87,4,0.1,0.5,0.2,1,0.9,0.2,0.5,0,0.5,0,0.1,92334.4,1
85,89,17,1.1,1.8,0.7,4.2,3.9,0,1.1,2.1,1.4,0.3,0.4,350249,1
85,90,319.5,17.9,27.5,20.2,59,80,2.9,41,35,22.1,7.9,6,7273253,10
85,92,490,17.9,39.9,26.1,65,132.1,7,79,58.9,26.1,24.1,13.9,1.17567458E7,12
85,93,257.5,9.1,27.1,10,47,58,7.3,30.9,36,16,11,5.1,5616196.8,11
85,94,97,3,10.4,4,10,27.9,1.1,14,16,2.5,2,6.1,2575055.4,8
85,95,180,4.9,14.8,10,22.9,34,4.1,34.1,25.1,11.2,17.9,1,4156665.2,12
85,96,404.5,17.9,45.6,22,64.9,91.2,5.8,52.9,51.9,22.1,18,12.2,9092927.2,13
85,97,5,0,0.7,0,0.3,1.7,0.3,0.5,1,0.1,0,0.4,108827,1
85,98,23,0,1.6,0,2.3,4.5,0,5.2,5.8,0,2.9,0.7,577923.2,5
85,99,376.5,20,29.9,20,68,83,11.7,53.3,41,22.4,14.1,13.1,9066109,16
85,100,97,4.9,10.5,12.9,14,29.1,1,7,7.1,3.4,2.9,4.2,2126705.8,7
85,101,2191,81,216.7,138.1,364.2,467.9,62.4,291,283.9,126.6,127,32.2,3.95344284E7,20
85,102,1021,39.6,105,52,171.9,208.9,31.7,130.9,162,55,53.8,10.2,1.91727672E7,18
85,103,2,0.1,0.2,0.1,0.4,0.2,0.1,0.1,0.4,0.1,0.2,0.1,49263.5,1
85,104,55.5,1.7,4.7,3,7.5,12.4,1.2,10.1,8.3,3.3,2.4,0.9,1180003,6
85,105,11,0.4,1,0.6,1.5,2.4,0.2,2,1.7,0.6,0.5,0.1,233874.4,2
85,107,1,0.1,0.1,0.1,0.2,0.3,0,0,0,0.1,0.1,0,23714.2,1
85,108,100.5,5.1,14.1,6,16.9,21.9,0.8,10.8,10,9.5,3.2,2.2,2146083.2,10
85,109,215.5,10,21.1,10,33,53,4.3,24.6,25.2,19.2,12.1,3,4130171.8,16
85,110,71.5,1,11.1,2.9,13,8.9,0,14,7.1,1.6,7.9,4,1475260,10
85,111,28,1.9,2.6,2.6,6.4,5.1,0.6,2.6,3.1,2.5,0,0.6,576512.5,2
85,112,203,14.1,20,11.9,41,47,10,21.1,17,12,7,1.9,3737649.8,12
85,113,123,1.8,6.9,10.1,21,21.1,3,20,19.1,6,11,3,2425242.1,14
85,114,13,0.3,1.4,1.2,1.2,3.9,0.6,1.4,2.3,0.3,0.4,0,280644.8,3
85,115,163,5.8,10.1,6.2,21.6,27.9,1,32.3,31,11.7,13.1,2.3,3397448.5,24
85,117,105,0,7.9,8.1,13.1,22.1,0.8,17.1,10.7,6.1,17.1,2,2074080.9,9
85,118,150.5,11,2.9,9.8,27,25.2,4.9,27.3,21.2,3.4,15.9,1.9,2802059.7,11
85,119,154.5,12.8,9.1,7.2,25.9,17.9,6.5,25.1,32,9.1,7.9,1,2665586.1,18
85,120,103,6.2,12.8,4.1,17.3,27.9,1,4.9,10.4,12.2,3.8,2.4,1975630.3,10
85,121,1488,50.2,124.9,105.2,214.1,286.2,35.5,234.9,233.2,76,111.9,15.9,2.61641947E7,20
85,122,1622,57,129.4,94.8,238.1,273,33,252.1,269.1,101.4,146.9,27.2,29073928,19
85,123,123,2,15,9,19.2,14.9,2.9,20,21.1,7,7.9,4,2243594.2,4
85,124,286.5,16.4,24.1,21.8,51.2,62.3,7.2,36.8,35.9,16.8,12,2,5657347.7,20
85,125,94,8,5,4,19,15,3,11.9,9.9,13.1,5.1,0,1697571.6,8
85,127,125.5,7,15.6,8.9,19.1,28.9,0,15.1,18.9,4,6.9,1.1,2463890.2,17
86,0,369,19.2,37,16.7,46.6,90,8,51.2,51,23.3,22,4,8432075,26
86,1,3,0,0.2,0.2,0.5,0.7,0.2,0.8,0,0.2,0.2,0,80270.2,1
86,2,94,5.6,9.6,6.1,20.5,17.3,0.6,13,8.6,4.3,4.8,3.6,2560285.8,7
86,3,13,0.1,1.4,1,2.5,2.6,0.1,2.1,1.5,0.8,0.4,0.5,337902.1,4
86,4,99,5.1,13.5,6,21.9,18.1,3.1,13.1,9,6.4,1.9,0.9,2068172.5,7
86,5,760,39.3,73.8,45.5,128,161.2,21,116,80.1,54.1,28,13,1.59142919E7,9
86,6,4,0.1,0.5,0.3,0.1,1.4,0,0.7,0.5,0.1,0.3,0,111253.9,2
86,7,295,10.9,22.7,14.2,53.9,54.9,8.9,48.7,43.3,22.3,11.2,4,6691439.9,15
86,8,290,14,11.7,15,44,63.9,7.1,53,41.2,18.9,16,5.2,7808261.2,15
86,9,1069,39.2,112.9,49,175.7,268.7,27.3,131.8,99,80.4,44.9,40.1,2.71184899E7,31
86,10,535.5,23.6,49,26.1,92.9,111,9,72.9,78,32,28,13,1.31753509E7,10
86,11,1190,62,124.6,52.5,227.8,263.9,21,153.1,109,94.1,55,27,2.82778406E7,7
86,12,268,6,31.9,5.9,33.1,64,4.8,41.3,46.1,14.2,12.7,8,7266951.4,12
86,13,1974.5,81.2,164,111.2,332.8,395.9,48.5,298.3,247.2,124.4,134.1,36.9,5.03449706E7,24
86,14,497,19,48.6,39,75.1,118.1,13.8,61.3,56.8,33.6,16.7,15,1.29636426E7,22
86,15,2816,118.4,293.9,155.1,461,636,59.5,404.1,353.1,172,82.9,80,7.34159724E7,17
86,16,2876,114.7,275,174.6,540.1,706.3,85.3,336.9,227,196.8,124.3,95,7.28545686E7,27
86,17,1420.5,54,139.6,68.2,258,320,36.5,199.8,153.9,97.5,53.9,39.1,3.76709704E7,16
86,18,4268,210.4,482.1,238.5,777.1,1066.1,121.9,433.1,351.9,366.7,101.1,119.1,1.104247132E8,18
86,19,1299,59.3,105,88,231.9,302.3,26.9,177.1,134.1,83,40.9,50.5,3.62875393E7,14
86,20,639.5,20,63.4,39,93.9,165.2,13,71,80.9,42.9,23.1,27.1,1.81850699E7,6
86,21,745,38,87,35.4,120,183.1,18,73,85,55.5,25,25,21451167,5
86,22,2,0.2,0.2,0.2,0.3,0.6,0,0.3,0,0.2,0,0,56940.7,1
86,23,2416.5,102.9,243,139.4,479.1,549.2,74.5,234,247,189.2,62.1,96.1,6.68466071E7,10
86,24,23453.5,1491.4,2277,1521.6,4769,4663.9,783.9,2453,2220,1828.5,959.2,486,4.806979554E8,11
86,25,14641.5,605,1273,755.5,2335.9,3232,334,1851,1973.1,858,886,538,4.120814671E8,2
86,26,17220.5,1055.5,1639,954.1,3531,3551,527.4,1894.8,1668.9,1254.7,644,500.1,4.130445072E8,11
86,27,14694,711.5,1452.5,743.4,2491.9,3302.1,393.5,1790.1,1626,1003.4,635,544.6,4.060553776E8,14
86,28,18500.5,1209.3,1478.6,1083.2,4244,3702.7,546.7,1916.1,1844.1,1212.8,845.9,417.1,4.292392361E8,14
86,29,1063,48,68.6,60,203.5,239.1,28.5,140.7,116.6,59.5,50.1,48.4,2.64533993E7,11
86,30,15061,870.4,1371.7,739.4,3180,3068.8,439,1859.9,1465.9,1019.6,494.3,552,4.244738411E8,14
86,31,38477,2517,2959,1983.1,9058.4,7474.9,1222,3963.6,3527.9,2631,2006.1,1134,1061841331,8
86,32,28730.5,1299.9,2329.5,1275.5,5653.5,5679,738.6,3312,3541,1649.5,1998,1254,1.0061401686E9,6
86,33,45960,3038.9,4201.9,2629.5,10148.1,9232.1,1520.5,5041.9,4085.1,3361.5,1776,924.5,9.747394603E8,7
86,34,56307.5,2997,4134.4,2715.5,14217,11854,1338,6382,5696.1,3239,2491,1243.5,1.5481281959E9,6
86,35,115329,5083.5,7728,5667.4,27815.5,22827.5,2475.5,13693.1,14710,5847,6234,3247.5,3.3667955743E9,4
86,36,105354.5,4337,6857,4799,26937.5,20262,2013,11447,13722,4969,6723,3288,4.1222215885E9,4
86,37,40740,1459.5,3081,2037,8156.5,8540.4,728,5103,5535.1,1942.5,2623,1534,1.7769122175E9,6
86,38,115514,5440,9011,5375.5,26005.5,23208,2641.5,12787,14158,6572,6318,3997.5,4.4269125428E9,0
86,39,78781.5,5056,5893,3521.5,21585,16061.5,2300.5,7394,7234,4922,2827,1987,2.3184908873E9,4
86,40,73979,5150.5,6685.4,4105.5,18154.5,15076,2407.5,7292,6199,5346.5,2066,1496.1,1.7094431307E9,2
86,41,20033,1241,2046,1450,3916,3936,668.5,2159,2040,1655.5,630,291,3.631772148E8,2
86,42,30270,2155.5,3089,1953.1,6611.4,5795.5,1073,3170,2424,2525,889,584.5,5.415946853E8,7
86,43,20837.5,1143,1762.5,1021.6,4120.5,4195.1,570.9,2496,2474,1306.9,1077,670,553342947,6
86,44,25575,1473,2175.2,1248.6,5257.9,5195,724.9,2939,2670,1655.4,1484.9,751.1,6.495683149E8,9
86,45,7041,224.6,751.6,347.4,941.7,1657,152.2,1016.9,811,456.5,285.1,397,2.193566756E8,21
86,46,17,0.6,1.7,1.7,1.7,4.7,0,2.8,1.7,0.6,0.4,1.1,465101.7,8
86,47,131.5,2.7,11.3,12.3,8.2,32.4,0.9,28.1,20.3,6.2,2.7,6.4,3655111,4
86,48,171,4.1,29,10.5,20.2,53.9,4.5,9.9,23,5.9,3,7,4625841.5,5
86,49,190,8,13.5,13,29,41.9,8.9,25,24,18.5,4,4.2,5080750.8,4
86,50,81,3,7,3.2,6.2,24.9,1,8.9,13,4.9,6.9,2,1886131.3,7
86,51,116,3.9,14,11,18.1,21.8,1,20,11,8,5.1,2.1,3251559.3,7
86,52,3011.5,184.6,281.1,158,639,612,125.5,320.9,282.9,252.5,68,87,7.31451221E7,13
86,53,1935,111.6,208.6,104.8,365.3,407.2,60.6,223.2,190.2,160.5,59.1,43.9,3.94282012E7,20
86,54,8525,506,775.9,503.5,1848.4,1747,250.5,932.1,809,597.5,366,189.1,1.895279618E8,13
86,55,5,0,0.5,0.3,0.8,1.1,0.1,1,0.7,0.3,0.1,0.1,139103.7,1
86,56,311.5,14.8,19.5,15,69.1,60.9,13,36.1,25.9,37.1,15.1,5,7651932.5,6
86,57,1225,46,117,75.6,183,299.9,34.5,188,145.1,74,24,37.9,3.07934498E7,13
86,58,68,2.6,4.9,4,15.9,12,1.5,16,4,6,1.1,0,1827974.1,4
86,59,518.5,25,53.9,25.6,91,136.9,12.9,60.8,46.1,37,10.9,18.4,12803829,15
86,60,558.5,20,51.4,30.1,98.9,130,10,87,70.1,34.1,13,13.9,1.37095446E7,9
86,61,129,1,10,2,17,23,3.5,24,31,8.3,7.1,2.1,3159036.1,10
86,62,248,19.9,19.9,13,54.1,41,9,30,34.1,16,7.2,3.8,6090803.3,10
86,63,63,6.8,6.1,4.1,23.1,9.9,2,5,1,3.9,0,1.1,1483097,5
86,64,1596,72.1,164.1,105,267.8,389,35.9,197.2,154.1,105.7,59.1,46,3.52357998E7,15
86,65,910.5,51.9,102,45.6,161.1,194,24.8,113.1,95,70,32,21,1.98441614E7,12
86,66,1248.5,63.8,149.3,91.1,225.2,299.9,41,107.2,104.9,70.8,53.1,42.2,2.59099608E7,17
86,68,553.5,38.9,55,31,120.9,125.1,16.9,59.1,53,30.6,15,8,12798566,5
86,69,11,2.1,1.2,0.8,0.9,2.6,0.6,0,0.6,1.2,1,0,207509.2,2
86,70,277.5,9,22,12,52,63,5.1,42,37,19.4,8,8,7056535.8,6
86,72,290,12,22.5,29,52,69,7.1,35.9,23,22.5,7,10,6690022.6,5
86,73,101.5,3,9,3,27,21,7,10,1,14.5,1,5,2258717.8,2
86,74,181,10,22.5,7,42,36,5,22.1,17,14.4,3,2,4000045.4,5
86,76,78,2,13,5,9,22.1,2,5.8,8.1,3,6,2,1728838.4,5
86,77,208,12.9,22,7,49.1,44.1,9.9,27.1,8.9,16,3,8,4417461.5,7
86,78,50,2.1,5.5,4.8,12,11.3,3,2.3,2.2,3.3,2.2,1.3,930001.1,3
86,79,51.5,1,6,1,6.5,12.9,3,9,7,4.1,1,0,1064719.2,3
86,80,486.5,25,54.1,27.3,103.1,108.9,16.9,41.9,42.1,42.9,16.2,8.1,9846371.4,12
86,81,8,0.4,1.2,0.4,1.4,1.4,0.4,1,0.6,0.8,0.4,0,149637.8,2
86,82,27.5,1,0.5,2.1,5,10,0,2.9,2.9,0,2.1,1,711197.8,3
86,83,230.5,3,39,10,31.9,71.1,4.1,23,18.1,17.4,8.9,4,5238844.6,8
86,84,244.5,6,25.8,7,48,50.9,9.5,38.1,33.1,12,10,4.1,5909431.7,12
86,85,61.5,1.1,4.3,6.3,8.1,13.7,3.6,6.8,8.8,4.1,3.3,1.4,1268597.4,5
86,86,1400,51.8,164.1,103.1,206.8,332.9,26.8,167.1,151.8,96.6,69.2,29.8,2.68897405E7,16
86,87,106.5,5,13.9,1.9,23,31,3.5,12.1,7,7,1,1.1,2256547.4,7
86,88,110,6,9.9,5,17,21,2,17,11.1,10,6.9,4.1,2701096.1,3
86,89,204.5,6.5,15.5,12,31,47,6.4,33.1,24.1,17.9,7,4,5196941.8,7
86,90,243,11.8,19.9,10.1,37.1,55.1,8.5,43.9,37.1,11.5,7,1,5785772.1,11
86,92,37,0,3,1,8.1,7,0.9,3.9,7.1,3,3,0,905820.9,4
86,93,288,12.9,19.1,11,49,55,11.5,48.1,49.9,15.5,11,5,7018151.1,5
86,94,417,21.1,35.5,20.9,71.1,89,9.9,69.1,62,19.5,10.9,8,10591847,10
86,95,16,1,0.5,1,3.5,6.5,1.5,0.5,0.5,1,0,0,416213,1
86,96,7,0.2,0.5,0.2,0.8,0.9,0,1.6,1.7,0.5,0.3,0.3,168908.4,1
86,97,437.5,21.7,53.5,17.5,68.2,109,10.5,55.5,49.2,28.9,11.7,11.8,9525431.2,6
86,98,537.5,20.8,42.9,30.3,105.1,109.9,13.9,84.3,59.3,39.1,22,9.9,12965057,14
86,99,322,13.9,21.5,11.1,50.8,79.2,2.9,44,53.9,20.5,16,8.2,7633169.7,11
86,100,5,0.3,0.5,0.2,1,0.6,0.2,0.2,1,0.2,0.5,0.3,123158.8,1
86,102,1040.5,40.9,112.5,57.1,230,209.1,37.5,127.9,91.2,92.3,24,18,1.94890047E7,10
86,103,1323.5,83.5,124.6,100.9,263,257.9,60,157,123.1,90.5,52,11,2.11774776E7,4
86,105,47,3,5.1,1,4,15,1.8,1.9,7.1,4,2,2.1,1023497,5
86,106,193,12.6,17.6,5.9,43,37,7.9,28.1,15.9,13,9.1,2.9,4073963,10
86,107,125,6.1,7.9,7.1,38.1,18,10,10.9,10.9,12.1,3.9,0,2343739.4,10
86,108,78,4.8,1.9,1.9,13.8,11.1,0,14.1,15.1,3,12.3,0,1623366.1,8
86,109,163,10.4,9.9,8,30.1,33.8,5.4,27,12.2,10.2,11.9,4.1,3069680.4,15
86,110,196,11.9,27.9,14,33.9,39,4.7,21.1,24.2,12.8,5,1.5,3504673.3,13
86,111,216,4,21,13,32,41.9,2,40,35,14,11.1,2,4187575.5,10
86,112,26,0.7,0.7,1.9,3.1,8.1,0.7,3.8,3.1,1.9,1.3,0.7,615817.2,6
86,113,15,0.4,0.4,1.1,1.8,4.7,0.4,2.2,1.8,1.1,0.7,0.4,355279.1,1
86,114,129,6,9.8,9,17.1,23.2,2,25.9,19.8,3.2,9.9,3.1,2496466.5,9
86,115,279,10.8,14.9,9,51,49,8.3,44.9,57,11.8,15.8,6.5,5214233.2,25
86,116,12,0.3,0.8,0.4,2.3,2.5,0.1,2,0.9,0.7,1.6,0.4,251337.6,3
86,117,65,1.5,4,2.5,12.2,13.8,0.8,11.4,5,3.2,9,1.6,1361411.8,9
86,118,123,5.7,11,4.2,14.4,22.6,0.9,19.5,28,9,7.7,0,2296096.9,15
86,119,182,6,17.8,15.2,25.1,34.9,7,31.1,23.9,12,8,1,3460285.4,11
86,120,17,0.4,0.3,0.8,3.1,2.4,0.5,4,2.9,0.3,1.3,1,410946.5,3
86,121,1481,50.1,120,91.9,190.1,283.3,26.9,206.7,283.3,73.8,125.9,29,3.04435907E7,27
86,122,659,24.9,49.4,35.3,97.1,127.8,11.9,120.3,97.1,42.5,40.9,11.8,1.22548331E7,30
86,123,133.5,2.8,11.2,7,14,23.8,2.1,23.1,30.9,5.4,10.2,3,2708858,14
86,124,95,8.8,5.7,7.1,14.7,20.1,2,10.3,13.5,4.2,3.8,4.8,1728257.5,12
86,125,215,9.8,18.1,11.4,39.3,34.8,9.9,24.8,30.8,15.1,20.1,0.9,3929519.2,24
86,126,153.5,8.2,18.4,10.9,20.9,38.1,2.9,17.2,20.8,7.1,6.8,2.2,3136100.3,15
86,127,133,8,7.2,14.3,18.8,28.6,3.8,19.7,17.6,4,4.8,6.2,2426929.7,12
87,0,187,4.9,7.8,10.3,32.4,38.4,8.2,28.4,26,14.7,11.9,4,4848586.6,17
87,1,684.5,20.9,70.9,34.5,114,160.9,15.2,110.8,66,32.9,44.2,14.2,1.59369375E7,26
87,2,121,3.9,11.9,6.9,17.1,31.9,3,18.9,6,11,8.3,2.1,2689635.6,11
87,3,234,8.1,18.2,10,28.9,61.2,1.7,34.3,43.9,12.7,8,7,6044310.9,22
87,4,795,30.8,66.6,26,123.1,169.9,19.5,144.9,116,47.1,29,22.1,1.96064715E7,22
87,5,4724,204.1,469.1,285.6,806.4,965.9,126.4,612.6,606.1,320.6,239.1,88.1,9.25450624E7,22
87,6,354.5,19.9,38.2,11.5,38.7,92.2,1.7,50.9,53.1,20.8,23.7,3.8,9666757.2,33
87,7,8,0.2,1,0.5,0.2,2.8,0,1.5,1,0.2,0.6,0,222507.8,3
87,8,77,4,9,6.9,11,17.1,2.4,8,12,2.5,0,4.1,1776847.6,6
87,9,63.5,3.8,3.9,0,13,11.2,0,13,10.2,4.5,2.9,1,1700788.1,5
87,10,255,10,16.5,20.2,54.9,54.9,4,29,30,13.6,18.9,3,5422881.6,7
87,11,682,22.9,59.4,43,125,142.1,13.8,104.1,81.1,48.4,26.2,16,16706137,18
87,12,766.5,17.6,70.3,42,107.8,186.8,11.8,130.2,104.1,40.2,28,27.7,2.09910276E7,24
87,13,987.5,34.5,80.9,46.6,154.2,216,21.4,154.4,121.9,49.6,65,43,2.79824711E7,19
87,14,22,0,0.7,0,1.4,2.7,0.7,8.4,4.2,1.7,0,2.2,522299.1,5
87,15,9.5,0,0.4,0,0.6,1.1,0.4,3.7,1.8,0.6,0,0.9,225538.2,3
87,16,2,0,0.1,0.2,0.4,0.5,0.2,0.1,0.1,0.3,0.1,0,52116.9,1
87,17,393,7.9,53.2,22.9,54.7,109.4,11.9,31,49.9,31.1,9,12,1.15352951E7,6
87,18,6808,289.9,659.1,407.1,1165.5,1509.8,180.5,833.9,805,480.3,297,179.9,1.676579231E8,14
87,19,2060.5,84.5,205.1,121.5,357.9,527.9,48.1,206,208.9,136.5,88,76.1,5.42439459E7,15
87,20,1181.5,72,116.5,65.8,250.2,269.9,42,107.9,88.1,105,39.1,25,2.78470154E7,12
87,21,464,21,54.6,22.3,87,111.9,16.5,51.1,39,28.5,14,18.1,1.20240075E7,5
87,22,2109,95.8,224.2,129.8,300.8,517.4,54.5,256.7,237,150.8,48,94,5.74214942E7,5
87,23,3915.5,208.9,385,215.1,771.1,803,129.6,427.9,490.1,288.9,91,104.9,97532554,6
87,24,10623,881.4,1068.9,720.3,2717.7,2109.1,398,944.9,535.9,898,132.1,216.7,2.203243599E8,9
87,25,24084,1502.5,2465.5,1475.5,4413.6,4911,800.4,2646,2476,1932.4,929,532.1,5.127036115E8,5
87,26,22979.5,1510.5,2035,1277.5,5492.9,4565.1,716.9,2268,1956.1,1705.5,905,547,523722566,12
87,27,21594.5,1014,1823.5,1162.4,3980.5,4711,506.4,2710,2575,1287.6,1224.1,600,5.659145693E8,4
87,28,14704.5,787,1407.6,841.8,2899,3032.2,439.8,1620.1,1567,1119.8,683.2,307,3.307965272E8,10
87,29,15,1,2.4,0,3.4,2.9,0.5,1.4,1.4,0.5,1,0.5,308014,1
87,30,5536.5,256.9,510.4,276.5,1017.9,1281.1,140.9,740.1,552.7,342.5,195.2,222.3,1.610897307E8,22
87,31,6093.5,263.4,544.5,326,1087,1296.9,157.1,810.9,707.1,371.7,312,216.9,1.666879173E8,15
87,32,29423.5,1719.7,2562.5,1431.4,5636,6043.1,904.5,3441.8,3258.1,2072.7,1561,792.7,7.294325942E8,13
87,33,30910,1783,2739.9,1855.6,6772.5,6473,833,3488.9,2828.9,2073,1194.1,868.1,7.588074514E8,5
87,34,54106.5,2923.5,4089.9,2638.5,13372.1,10947.2,1397.9,5788,5756,3274,2534,1385.4,1.5093207754E9,12
87,35,99150.5,3798,6320,4700.5,24561,19328,1817.5,11660,13746,4432,5693,3094.5,3.4079190936E9,0
87,36,61325,1854,3968,2782.5,12656,11787.5,981.5,7475,10250,2568.5,4704,2298,2147483647,0
87,37,26826,1040.9,1832,1230.5,6954.4,5877.9,484,3043.1,3095,1235,1261.2,772,1.1122292183E9,9
87,38,140722,6826.9,8487.6,6253.5,43170,28576,2973,14241,13973,6765,5903,3553,4.8830865891E9,2
87,39,65257.5,3904.5,5636.5,3791.7,16306.9,13308,1839,6942.1,5948.8,4370.1,1910.9,1299,1.3300164744E9,11
87,40,13479,1095.6,1246.9,726.6,3749.3,2385.8,535,1162,1021.3,1073.3,298.2,185,2.547759816E8,23
87,41,10498,810.7,1120.7,706.1,2267.9,1973,381.4,1081.1,806.1,928,240,183,1.838347312E8,19
87,42,36810.5,2441.4,3805.5,2092,7867.5,7170,1313.5,3738.9,3271.9,2973.5,1201.1,935.2,7.300348688E8,9
87,43,23782.5,1237,1926.5,1039.5,4814,4754.3,648.5,2699.9,2863.2,1493.5,1546,760.1,654565848,8
87,44,16180,817.6,1481.5,774.2,2902,3421.9,415.5,1964,1782.9,1139.5,875,605.9,4.367503586E8,13
87,45,4709,234.3,525.4,328.3,826,1040,133.2,528.8,468.2,353.5,137.7,133.6,1.043185037E8,23
87,46,499.5,27.5,40.6,23,76.9,108,13.5,80.9,56.1,29,26,18,13694852,8
87,47,2537.5,114,290.6,139.8,420.9,597.1,65.9,307.2,259.1,181.1,46.9,114.9,6.89217936E7,11
87,48,1930.5,95.5,180.4,102.8,363,417.9,37.7,274,223.8,113.1,48.2,74.1,5.65353905E7,13
87,49,415.5,22,38.1,16.5,82,98,9,48.9,56.9,18.9,13.1,12.1,1.15167793E7,6
87,50,1094.5,52,98.9,40.4,199.8,245,24.8,119,153,79.4,47.1,35.1,2.97574947E7,13
87,51,3159,127.5,277.1,142.5,467.9,734.3,83.9,415,441.9,204.9,132,132,8.88834572E7,15
87,52,7491.5,449.4,668.6,454,1718.9,1507.1,223,793.9,676.9,512.5,357.1,130.1,1.657236851E8,14
87,53,12072.5,882.8,1251,769.6,2797.9,2303.8,454,1136.9,981,1026.2,235.2,234.1,2.263900922E8,14
87,54,2254.5,125,203.9,98.1,399.8,528,44,275,306.1,139.4,85.2,50,5.62008988E7,11
87,55,167.5,4.9,20.6,11.1,22.5,49.8,1.7,26.1,15.2,7.8,3.9,3.9,4831219.6,10
87,56,1243,63.1,124.4,74.9,232.1,312.8,25.5,134.1,127,82,26.1,41,3.19823372E7,10
87,57,1482.5,87.3,148.1,76.6,328.9,314.1,48,161.9,126,109.5,46,36.1,3.45670523E7,5
87,58,100,4.7,15.1,3.3,16.9,26,4.8,10.1,8.2,3.9,4.9,2.1,2557415.5,10
87,59,409.5,19,47.9,26,77,102,7,35,52,24.5,8,11.1,9821732.3,9
87,60,88,2.9,15,4,11,19,1,9,15,4,6,1.1,2258162.9,6
87,61,884.5,37.4,108.4,41.4,155,231.4,25.9,93.1,76.9,72.4,19,23.6,2.09829113E7,15
87,62,354,25,41.9,26.1,65,82.1,13.9,35,28,29,1,7,7888409.6,7
87,63,422.5,16.8,37.3,24.1,74.9,105,8,65,39.3,33.9,10.1,8.1,9687680.9,14
87,64,1890,132.7,187.3,137.7,351.9,387.2,52.6,175.7,220.1,152.1,67.7,25,3.71145588E7,27
87,65,541,23,44.9,40,100,118,13.1,75,63,38,12,14,1.11249304E7,8
87,66,864.5,39.9,77.5,42,156,173,20.9,122.1,117.1,69,22,25,1.96746713E7,6
87,67,3385.5,157.3,342.9,232.5,625.1,705.9,82.5,403.9,393.3,257,149.9,35.2,6.99004266E7,16
87,68,93,10,4.9,7,16.1,20.3,4.3,7,13.4,6.8,3.2,0,1757899.7,4
87,69,114,6,10.9,7.1,21.1,31.1,5.9,13.9,4,10.1,1.9,2,2669719,5
87,70,22,1,4.4,1.1,3.2,5.6,0,3.3,2.8,0.6,0,0,522136.6,2
87,71,66,2.9,6.6,2.9,9.7,12.5,2,12.7,13.3,2.4,1,0,1618556.1,2
87,72,245.5,10.9,24,11,41.1,51.1,4.9,38.1,45,11.4,3,5,5647347.3,6
87,73,144.5,9.1,11.5,5.9,37,32.1,1.8,18,10.1,13,3,3,3454880.7,8
87,74,157.5,17.1,12.5,10,34,35,4.9,15,11.1,10,5,2.9,3272253.5,4
87,75,183,3.9,32,10,36,50,4,15,11.1,14,4,3,4196911.1,7
87,76,865,46.2,62.4,41,155.8,181.8,14.9,107,128,52.4,59.3,16.2,1.85552726E7,15
87,77,270,10.7,31.7,18,50,68.3,9.9,30.1,24.4,13.9,6,7,5967310.9,13
87,78,24,1.8,2.5,1.2,3.1,6.8,0,3.8,1.8,0.6,1.8,0.6,496720.5,2
87,79,91.5,5,9.4,6,8,26,0,16,6,6,5.1,4,1967976.3,4
87,80,266,22.6,30,13,59.9,54.9,11.1,30.9,25,15.5,3.1,0,5435097,6
87,81,142,5.6,17.8,9.5,22.6,28.5,4.6,18.1,11.4,12.4,7.6,3.9,2720187.6,5
87,84,16,0.7,0.8,1.3,1.9,3.3,0.3,2.1,3.3,0.7,0.8,0.8,336423.9,3
87,86,35,2.1,3.1,0,3.9,11.9,0,4.9,4.9,0,2.1,2.1,854325.2,5
87,87,196,12,10,10.1,34.9,48,7.1,22,27.9,11,9,4,4531706.5,4
87,88,793.5,47.8,76.9,37.6,144.7,160.9,15.2,104,115.1,44.2,27.3,19.8,1.76544876E7,12
87,89,124,3.5,14.5,3,19.9,26,2,20.2,12,9.9,4,9,2917534.2,6
87,90,2,0.1,0.2,0.1,0.4,0.4,0,0.4,0.2,0.1,0,0.1,58454.9,1
87,91,190.5,5.8,13.4,6,37.5,31.6,3.8,34.6,34.7,12,4,7.1,5429549.3,8
87,92,356.5,13.1,22.1,18.1,63,74.1,9.5,53,49.8,24.8,20,9,8765299.5,10
87,93,359,31.6,34.3,10,70,73.2,9.8,57,31.1,22.8,11.1,8.1,8956716.6,8
87,94,264.5,8.9,25.5,5,36,54,2.5,53,43.1,11.5,16,9,6924775.5,5
87,95,16,0.9,0.5,1.1,3.4,6.6,1.6,0.5,0.5,0.9,0,0,416213,3
87,97,768.5,30,59.9,62,158.1,165.9,18.3,94.1,92.9,47.1,33.1,7.1,1.52423288E7,10
87,98,668,21,57.4,30.9,90.1,137.8,11.4,107.1,115.9,31.1,47.3,18,1.57599021E7,16
87,99,50,3,4,2,12,6,2,3,7,8,3,0,960540.6,2
87,100,3,0.2,0.3,0.1,0.6,0.4,0.1,0.1,0.6,0.1,0.3,0.2,73895.3,1
87,102,159.5,11,10.4,3.9,28,23,3,30.1,29.1,11,9,1,3195295.9,3
87,103,2331.5,125.6,221.1,154.1,431.9,450.7,58,304,287.8,166.1,99.1,33.1,4.25058523E7,19
87,104,520.5,21.9,53,34,85.1,112,12,70.9,64,33.5,23.1,11,1.00057087E7,11
87,105,617,22.3,61.4,35.1,115.9,133.1,11.9,69.9,88.2,47,27.1,5.1,12465151,16
87,106,95,6.1,8.6,4,20,26.9,1.9,8.9,8.1,6.4,4.1,0,2000270.6,10
87,107,234.5,13,27.1,14,38.2,48.8,12.4,19.9,21.1,27.9,9.9,2.2,4177974,12
87,108,367,18.8,36,24,65.7,81.9,10.2,39.3,55,17.9,14.9,3.3,7093326,17
87,109,151,12,12.9,10,23,27.7,2.1,15.1,21,10,17.2,0,2830795.7,11
87,110,39,1.9,2.9,3,11.1,8,4.1,3,3.2,0.9,0.9,0,675517.1,4
87,111,146,4,21,4.8,23,30.3,0,17,24.9,7,10.9,3.1,3073029.8,10
87,112,39,5,1.9,0,12.1,6,1,5,2,2.9,2.1,1,850302.5,4
87,113,1972.5,79.9,163.5,118.2,305.8,352,45.3,298.8,334.8,97,150.1,27.1,3.43638975E7,20
87,114,80,2.1,5.1,7.1,5,12.9,1.1,18.8,11.8,8,6.1,2,1434108.8,14
87,115,86,3,7,3.9,9,17.1,1.1,10.9,12.1,9.9,8.1,3.9,1224173.7,8
87,116,3,0.1,0.2,0.1,0.6,0.6,0,0.5,0.2,0.2,0.4,0.1,62834.4,1
87,117,101,4,7.9,6.2,16,19.9,3.9,13,12,6.9,9.2,2,1841224.3,13
87,118,8,0.3,0.7,0.4,0.4,1.7,0.1,1.2,2.1,0.7,0.4,0,154811.2,2
87,119,134,4.9,7,2.9,26.1,21.1,5.2,21.9,23.1,14,6.9,0.9,2488683.1,7
87,120,407.5,21.9,38.7,13.9,74.2,73.3,7.6,59.1,66,23.1,23.7,6,8126489.4,20
87,121,48,1.6,0.7,2.2,9.1,6.6,1.7,11.3,7.9,0.5,3.4,3,1160319.3,11
87,122,295,8.9,31.1,24.8,35.1,71,3.9,46.9,40.1,15,11,7.2,5498545.5,22
87,123,145,3.9,14.1,5.1,13.1,28,2,25,33,9.9,9.8,1.1,2465056.3,9
87,124,16,0,1.2,0,1.2,4.1,0,2.7,2.7,0.6,2,1.5,338615.4,4
87,125,117,5.1,7.1,8.8,25,26.1,1,14.2,21.2,5.8,1.8,0.9,2210997.4,7
87,126,167,11.1,20.1,1.8,33.9,27.1,6.7,24,16.7,15.1,6.4,4.1,3376638.6,24
87,127,13,1.3,1.3,1.8,2.1,2.3,0.3,1.3,1.3,1,0.3,0,192533.1,3
88,0,1144.5,49.6,107.3,71,175.3,222.1,26,134.4,192.1,77.5,68,21.2,2.51064816E7,14
88,1,26,0.7,3,2.4,1.8,5.4,1.2,2.4,2.4,3.6,2.4,0.7,616368.5,2
88,2,148,5.9,11,8.9,22.9,32,1,27,17.1,9.1,12.1,1,3823239.1,14
88,3,283.5,12.6,17.9,14.9,34,79.2,5.1,38.1,32.9,17.9,17.9,13,7283211.5,15
88,4,161,4.9,12.1,7.1,22.1,40.9,2.9,28.1,21.9,5.9,10.2,4.9,3964091.7,8
88,5,178,12,11.6,7,31.8,43.9,4,18.1,20.1,16.5,5,8,5037971.9,13
88,6,2,0.2,0.2,0,0.4,0.5,0,0.5,0,0,0.1,0.1,52278.7,1
88,7,68,3.8,5.8,0,13.5,16.5,0,13.4,7.9,2,2,3.1,1752047.3,5
88,8,11,0.4,0.7,0.5,2.2,1.6,0,2.2,2.3,0,1.1,0,396552.9,4
88,9,2,0.1,0.1,0.1,0.4,0.3,0,0.4,0.4,0,0.2,0,72100.5,1
88,10,9,0.3,0.6,0,2.7,2.1,0,1.5,0.3,0.3,0,1.2,270316.5,2
88,11,18,0.6,1.2,0,5.4,4.2,0,3,0.6,0.6,0,2.4,540633,4
88,13,5,0,0.5,0.2,0.4,1.2,0.1,0.8,1,0.1,0.6,0.1,123239.1,1
88,14,172,3.8,13,16.9,24.1,42.1,0,37.9,15,4,10.2,5,4665670.3,11
88,15,79,3,4,3.9,11,19.1,3,13,9.2,3,8.8,1,2109849.6,10
88,16,629,38.5,47.1,30.1,112.9,138.9,17.8,80,75,39.7,28.1,20.9,1.70821725E7,17
88,17,3,0,0.2,0.1,0.3,0.8,0,0.3,0.6,0.1,0.3,0.3,83925.6,2
88,18,22,0.3,2.1,1,4.1,4.7,1.3,1.5,2.2,1.9,1.5,1.4,569948.4,3
88,19,1260,48.9,156.4,92.3,189.1,337,23.5,157.9,108.3,70.4,24,52.2,3.46474743E7,20
88,20,523,24.8,48.9,32,103.1,124.2,13.1,73.1,41.9,30.1,12.9,18.9,13962900,7
88,21,18,1.9,0.6,0.6,5,2.5,0,5,1.2,0,0,1.2,423596.5,1
88,22,964.5,25,84,65.6,104.1,204.9,14.9,229,130,38,11,58,33959585,9
88,23,3967.5,136.5,382.8,235.6,560.1,907,92,556,593,256.7,117.9,129.9,1.065280381E8,15
88,24,2365.5,184.4,286.3,159.1,474.1,425.9,97.9,190.3,207,237.5,71,32,3.88082641E7,8
88,25,25923.5,2267.3,3206.5,1710.8,5212.9,4942.8,1130.1,2165.1,1547,2677.8,433.2,630,3.982063159E8,17
88,26,12276.5,742.6,1040.8,641,2684.1,2438.8,323.7,1319,1320.1,767.4,705,294,2.976036684E8,20
88,27,19918.5,1280.4,1405,1060.9,5482.1,3865.4,588.8,1872.3,1764,1229.5,934,436.1,5.007421662E8,9
88,28,17176,1140.9,1373.8,984.4,4101.6,3391,525.5,1825,1639.1,1148.6,703,343.1,3.981621786E8,7
88,29,1,0.1,0.1,0,0.2,0.2,0,0.1,0.2,0.1,0,0,21606,1
88,30,473.5,12.9,46,27,67,130,6.8,62.1,50,30.3,24.1,17.3,1.04317134E7,10
88,31,11325.5,682.4,1137,729.4,2309,2260.5,343,1370,998,865,347.1,284.1,2.434980592E8,6
88,32,44490.5,2892.9,4080.5,2703,9541.5,8844,1382.5,4882.1,4170,3293.1,1713.9,987,8.801910131E8,3
88,33,46256.5,2714.5,4075,2736,11214,9679,1330.5,4876,3798,3210.5,1625,998,1.0274102459E9,4
88,34,88537.5,4259.6,7043.5,5185.4,20147,18188,2141.9,10934.9,9606.1,5221,3666,2144.1,2.0635590864E9,7
88,35,97745,3819,6174,4848,23707.5,18870,1716,11990,13998,4474,5391,2757.5,2.9816206815E9,0
88,36,64431,2127.6,3869.1,2754.9,16132.9,13567.5,1062,7811,8977.4,2779.7,3451,1897.9,2.4040238749E9,6
88,37,120451,5275,7154,5104.5,36950.5,27249,2497,12461,11589,5631.5,3732,2807.5,2147483647,0
88,38,146802.5,7247,9426,6597.5,44122,31292,3282,15263,14131,7542,5058,2842,2147483647,0
88,39,47129.5,3248,4257.9,2678.5,11751.5,9754.5,1596.1,4690.9,3782,3462.1,1215,693,8.466816032E8,5
88,40,20941,1631.4,1924.8,1177.5,5505.1,4141.5,743,1844,1396.1,1703.5,423,451.1,3.597238436E8,10
88,41,45749,3210.2,4442,2587.3,10322.1,9132.8,1628.4,4776.1,3967.1,3673,1318,692,8.092951793E8,18
88,42,27478,1966,2980.8,1765.4,5854.9,5124,1018.5,2945.1,2207,2426.2,639.9,550.2,4.842110811E8,13
88,43,22060,1277.4,2132.4,1302.1,4651.5,4582.2,689.9,2529,1868.1,1631.8,702.1,693.5,5.158774025E8,13
88,44,7593,367.3,653.4,350,1303.6,1665,216.6,920,893.9,528,401.2,294,2.191212103E8,16
88,45,1091.5,45.9,100.8,73.5,186,212.9,35.5,152.8,124.2,79.5,40.2,40.2,2.61278978E7,23
88,46,14487,786.5,1333.7,752.5,2787.8,3046.9,414,1655,1588.9,973.6,697,451.1,3.522881434E8,16
88,47,4607,250,472.5,251.6,895.4,1016,149.4,448.2,433.9,395,168.9,126.1,1.091290296E8,10
88,48,3636.5,175.8,302.1,219.2,606.8,799.2,87.3,476,467.2,202.9,180.9,119.1,9.66241927E7,12
88,49,1465.5,73.3,155.9,69.6,307,362,30.2,151.1,97.1,138.1,26,55.2,3.95601247E7,10
88,50,62,2,3.7,3.7,8.4,9.9,2,13.5,6.4,3.5,6.9,2,1748339.2,8
88,51,3,0,0.3,0.3,0.6,0.3,0,0.6,0.4,0.4,0,0.1,73838.9,1
88,52,2415.5,151.8,287.7,136.9,467,479.1,83.5,316,197.2,212.6,35.8,47.9,4.67063936E7,13
88,53,2447,128.3,269.4,142.2,459.7,489.1,70,294,275,184.9,64.4,70,5.39904957E7,14
88,54,1,0,0.1,0.1,0.2,0.3,0,0.1,0.1,0.1,0,0,27398.4,1
88,55,404,17,38,26.8,90.8,89.8,10.5,45.9,28.9,38.3,8,10,1.05056001E7,3
88,56,51,2,3,3,8,12,0,7,9,3,2,2,1270726.7,0
88,57,2935,166.5,298.4,168.5,614.9,611,82,351,292.1,181.5,100.1,69,6.83765784E7,9
88,58,23,1.8,0.9,1.9,2.7,5.6,0,1.9,7.3,0,0.9,0,629728.7,2
88,59,83,2.2,11,4.2,10.2,23.4,1,13.2,11.5,3.1,2.2,1,2154825,4
88,60,1173,59.9,103,79.1,219.9,266.8,27,167.2,113.3,83,32,21.8,2.78249794E7,14
88,61,15,0.4,1.2,0.9,2.3,4.4,0.5,2.5,1.1,1.5,0.1,0.1,412006.2,3
88,62,14,1.1,0.5,1,2.3,3.4,0.5,1.3,2.3,1.3,0,0.3,368328.9,3
88,63,286.5,16.5,20.5,18.1,49.6,65.6,4.5,38.7,35.6,28.5,3.1,5.8,7154768.2,12
88,64,790,37.1,90.6,40,127.1,191.9,26.9,85.9,81.2,69.2,20,20.1,1.77818409E7,19
88,65,3,0,0.5,0.1,0.4,0.9,0,0.6,0.2,0.2,0,0.1,75406.5,2
88,67,505.5,21.9,37.1,38,95.9,102,9.5,72.1,61,24,27,17,1.12686064E7,7
88,68,6,0.3,0.7,0,1.7,1.1,0.3,0.6,0.6,0.5,0.1,0.1,138344,1
88,69,136,5.7,11.2,4,29.3,21.8,4.2,24.4,15.5,10.1,5.9,3.9,3167944.8,2
88,70,295,15,24.2,18.4,62.9,78,6,23.1,24.1,24.4,13.9,5,7033874,6
88,71,310.5,7.6,33.1,19,44.2,96.3,9.7,34.5,27.5,15.9,9.7,13,7450303.2,7
88,72,349.5,15.9,39.6,25.1,55,80,9.9,47,34.1,21,14.9,7,8397009.3,4
88,73,57,1,8,3.1,10,13.9,3.9,2,7.1,3.9,2,2.1,1342273.2,6
88,74,4,0.3,0.2,0,1.4,0.3,0.3,0.3,0.2,0.5,0.3,0.2,97682.4,1
88,75,301,16.2,23.6,16,65.8,65.1,11.2,34.5,27.7,25.9,7.4,7.6,6349409.1,11
88,76,160,13,16.4,6,44,27.1,10.9,11.1,10.2,16.3,4,1,3141272.2,9
88,77,187,11,13,10,45.1,45,7,24,9,12.9,8,2,4446308.1,6
88,78,73,2.3,9.5,6.6,8.3,26.3,0.9,6.1,2.6,8.4,1,1,1548694.2,5
88,79,505.5,33.9,68.5,32,106,91.1,11.9,51,54.1,34.9,18,4.1,9310858.7,6
88,80,156,10.5,11,8,28,35,6,21.1,17,13.4,5,1,3373178.3,4
88,81,90,3,10.9,9,13.1,22,1,8,12,3,7,1,1875715.8,6
88,82,708.5,38,64.5,35.1,131,135,16.9,91.9,89.1,63.9,32.1,11,14358365,10
88,83,21,1.2,1.6,0.6,4.3,4.6,0.2,3.1,2.1,2.1,0.9,0.3,532683.4,3
88,84,257.5,6.9,29.6,13.1,51.9,67,5.9,20.1,27.9,18.1,13.1,3.9,5638001.6,12
88,85,46,6.5,2.9,0.9,13.1,7.6,0,8.5,0.9,2.9,0.9,1.8,1069833.3,5
88,86,273.5,17.1,17.8,17.1,62.9,50.9,6.5,42.1,27.1,10,17,5,6284638.7,7
88,89,386,15.8,34.3,13.2,61.6,96.2,6.8,56.2,52.1,21.3,13.5,15,9204720.5,25
88,90,789.5,37,75.5,36,116.8,175,19.7,111,125.9,36,31.3,25.3,2.02224814E7,20
88,91,37,0,3,0,3.9,8,0,8,8,2,3,1.1,1045835,4
88,92,26,2.3,1.2,1.7,4.7,4.8,0.6,3.6,3.6,1.2,0.6,1.7,767473.8,2
88,93,18,1.7,0.8,1.2,3.3,3.4,0.3,2.5,2.5,0.8,0.3,1.2,531327.9,3
88,94,226,7,18.4,10.8,32,56.5,3,26.5,42.6,8.6,13.7,6.9,5800498.3,6
88,95,5,0,0.5,0.1,0.1,1.6,0,0.5,1.3,0.4,0.3,0.2,140856.4,1
88,96,2358,98.2,237,99.9,344.8,519.2,50,242.1,481.9,143.2,109.8,31.9,5.00769784E7,22
88,97,341,8,27.5,28,52,72.9,7.5,58,43,21.9,12.1,10.1,7690837.9,5
88,100,22,0.3,2,0.7,2.2,4.9,1,4.5,2.2,1.5,0.7,2,558831,3
88,101,181,5.1,17.6,6.8,30.7,44.2,3,26.5,24.7,15,4.3,3.1,4490616.6,3
88,102,2,0.1,0.2,0.1,0.4,0.5,0.1,0.3,0.2,0.1,0,0,44981.3,1
88,103,935,41.5,121.1,57.1,161.9,207,24.5,127.2,89.9,60.5,28.4,15.9,1.87246895E7,24
88,105,118,5.9,5.1,3,26,21,5,15.1,15.1,11,10,0.8,2530164.5,8
88,106,10,0.3,0.3,0.5,1.3,1.9,0,4,0.8,0.3,0.3,0.3,247803.3,2
88,107,291,15.8,31.5,12.9,48.2,55.1,7,35.9,49,19.4,14.1,2.1,5551349.1,11
88,108,536.5,18.5,64,32,74.1,114.9,13,58.9,60,38,44,19.1,9792819.6,5
88,110,73,0.9,7,3.2,8.9,16,0.9,11,11.3,2.9,9.1,1.8,1441416.7,11
88,111,14,0.4,0.8,0.4,2.7,1.9,0.4,1.9,3.5,0.8,0.8,0.4,267585.9,1
88,113,593,22,65,55,80,115,11,76,64,44.9,43,17.1,9770670.4,8
88,115,17,0,0.6,0.7,1.3,4.1,0.3,2,4.8,1,1.4,0.8,308868.7,3
88,116,47,0.9,6,6.1,7,13.1,0,2,5,6,0.9,0,1010189,7
88,117,139,5,9,11.1,16,28.8,1.9,25.9,21.2,8,12.1,0,2513495,12
88,119,121,1.6,9.9,11.8,20.2,26.2,2.9,13,19.3,8.3,5.9,1.9,2367924.9,13
88,120,288,11.2,29.1,14.5,45.5,57.7,6.7,44,50.1,9.4,14.4,5.4,5758968.6,29
88,121,236,3.1,26.5,19.8,31.2,63,5.9,22,33,14.3,6.1,11.1,4744880.2,12
88,122,643,24.8,70.5,37,90.2,128.9,14.1,90.9,110.3,34.5,29.9,11.9,1.18875175E7,25
88,123,1104.5,38.8,117.5,87,144,219.1,26,144.1,166,74.1,77.8,10.1,1.81522392E7,23
88,124,3,0.1,0.2,0.2,0.4,0.8,0,0.3,0.6,0.1,0.2,0.1,59816.4,1
88,125,85,4.9,7,6,15,18,1,8,13,8,4.1,0,1564260.4,7
88,126,67,0.9,6.7,0.9,6.9,17,0.9,10.3,8.9,4,8.3,2.2,1351056.5,14
88,127,40,2.9,4,1.9,6.1,8,0,7.2,5.1,4.8,0,0,959313.5,9
89,0,1889,73.4,174.4,111,351.2,399.9,57.5,190,213,165.7,115.9,37,3.97721011E7,11
89,1,17,0.4,2,1.5,1.2,3.6,0.8,1.5,1.5,2.4,1.6,0.5,403010.2,2
89,4,102.5,2.8,10.1,2,15.1,13.9,2.9,27.8,17.2,6.6,3,1.1,2819107.5,13
89,5,136,6,15.1,6.2,19.9,39.9,5,14,8,12,5.9,4,3707589.4,6
89,8,384,14.3,36.6,16.2,63.9,85.2,5.5,67.9,44,23.4,15,12,1.02127768E7,7
89,9,7,0.2,0.5,0.2,1.4,1,0,1.4,1.6,0,0.7,0,252351.9,3
89,10,462,20.2,39.6,23.9,67.9,103.6,16.1,51.6,74,32.9,19.1,13.1,1.28601477E7,19
89,11,1326,51.1,114,58,183.9,256.1,24.9,190,219.2,92.9,94,41.9,3.58073332E7,12
89,12,815,23.8,79,45.2,96.2,200.2,14.9,149.1,84.8,46.9,39.9,35,2.29177642E7,19
89,13,457.5,15.9,48.9,19.7,70.8,110.7,11.4,74.3,55.9,16.4,18.5,15,1.26482416E7,8
89,14,332,14.9,32.9,17.8,43,75.9,7,68.1,29.1,17,15.2,11.1,9136051.6,9
89,15,171.5,5.1,18.4,5.8,27.1,37,2.9,34,22,8,5,6.2,4724852.9,15
89,16,20,0,1.6,0.8,1.8,5.3,0,1.8,4.2,0.7,1.9,1.9,559503.8,6
89,17,1254,62,146.1,72.4,254.9,278,45.5,136.9,105,94.1,27,32.1,3.01714864E7,13
89,18,830,38.7,76.4,37.9,138.9,200.4,21.1,100.5,96.8,66.2,27.4,25.7,2.29965254E7,6
89,19,5507.5,155,645.4,238,573.8,1283,119.1,712.8,904,345.8,228.3,302.3,1.764430621E8,15
89,20,6198,334.8,563.2,405.6,1356.2,1282.8,175,635.2,570.9,436.2,230,208.1,1.546629148E8,19
89,21,169,8.2,16.2,10.2,35,31.4,4.1,34.2,14.8,8.2,1.1,5.6,4438462.4,11
89,22,7007.5,316,776.9,392.7,1257,1599.8,193,895.1,703.1,538.8,106,229.1,1.784936068E8,13
89,23,16751,1345.5,1494.5,1155.3,4308.1,3035.1,621.5,1575,1235.1,1358.5,301,321.4,3.206596096E8,8
89,24,24211,1839.5,2583.9,1549.6,5418.5,4543,930,2309.2,1725.9,2255.5,590,465.9,4.435228097E8,11
89,25,15212.5,1051.4,1391,919.1,3343,3058,503.5,1533.8,1322,1187.4,565.2,338.1,3.245878509E8,14
89,26,11221.5,627.9,1117.6,611.5,2045,2398.9,359.1,1272,1133.2,786.4,543.9,326,2.610941454E8,13
89,27,10553.5,482,842.6,604.5,1959.4,2175.9,245.5,1342,1322.9,635.5,611.1,332.1,2.772446568E8,8
89,28,15545.5,1140.4,1534,938.6,3613.5,2992.9,591.9,1573.1,1205,1313,351.1,292,318152379,12
89,29,8649,509.8,873.3,540.9,1701.9,1765.8,285,961.9,729.9,757.9,354.1,168.5,178107393,8
89,30,24188.5,1588,2341.5,1501.1,5105.9,4718.6,827.1,2623.9,2232.1,1858.5,911.8,480,5.004466366E8,14
89,31,39642,2549,3259.5,2224.5,9170,7841.5,1205,4305,3766,2651.5,1731,939,9.051260715E8,4
89,32,39787.5,2597.9,3970,2558.7,8138.8,7946.6,1297.9,4464.9,3812.2,2988.5,1378,634,7.403747032E8,19
89,33,41908,2603,3534.1,2558.7,9683.8,8480.4,1298.4,4550.2,3969,2855,1613.9,761.5,8.426092631E8,8
89,34,41398.5,2401.5,3722.1,2346.5,9835.4,8488,1182.9,4430,3595,2824.5,1317.1,1255.5,8.313469891E8,10
89,35,63328,2768.8,4722.5,3202.5,15939.5,13162,1462.7,7096.9,6673,3454,2925,1921.1,1.8698310545E9,6
89,36,134093.5,5546.5,7720,6008,39582,27263,2525.5,14514,15145,5891,5794,4104.5,4.0759746319E9,2
89,37,157289,7494.5,11244,7255.5,42745.5,33230,3593.5,17652,16537,8241.5,5499,3796.5,4.0102352603E9,0
89,38,117036,6257.1,10405,6645.1,27550.6,23966.4,3162.5,13232.1,11265.8,7518,3739.9,3293.5,2.5915052074E9,11
89,39,45328,3236.6,4385.4,2816.5,10562.1,8898.9,1607.5,4451.2,3371.1,3708.7,968,1322,6.927456545E8,10
89,40,43036.5,3290.5,4879.5,2828,9684.6,8326,1685.4,3799,2938.1,3886.6,806.9,911.9,6.403044293E8,14
89,41,50363,3260,5814.3,3358.5,9754,9846.9,1745.9,5338,4259.1,4455,1371.1,1160.2,7.855773893E8,12
89,42,29352.5,2105,3378.9,1910.6,6359.7,5643.2,1049.4,2856.1,2149,2482.5,822,596.1,4.755941636E8,10
89,43,31087.5,2252.9,3685.6,2081.2,6317.3,5695.8,1148.6,2962.9,2458,2894.2,913.9,677.1,5.239976043E8,26
89,44,20709.5,1343.7,2146.4,1252.9,4334.1,3961.2,669.9,2285,1783.1,1627.6,695,610.6,4.706944419E8,16
89,45,1662.5,90.1,185.6,99.4,296,315.8,45.6,222,183,104.9,72,48.1,3.97357431E7,22
89,46,9953.5,595.5,905.5,516.5,2018.5,2016.1,300.5,1190,1044.9,704.9,409.1,252,2.425198909E8,11
89,47,1520.5,70,142.5,69.4,276,366,34,232,137,109.5,30,54.1,4.22384348E7,5
89,48,967,23,97.9,64.9,140.1,260,11.9,161.1,84,60.1,22.9,41.1,2.74114285E7,7
89,49,173,6.9,17.1,7,27.9,49.1,6.9,12.1,17.7,15.1,7.9,5.3,4362827.9,13
89,50,2542,156,251.4,128.5,527.8,563.9,94,248,247.1,198,63.2,64.1,61972071,16
89,51,98,1,8.5,1,9,22,1,14,18,12.5,2,9,2546988.9,3
89,52,1032.5,30.5,94.2,63,154.9,255.9,26,155.2,117.1,78.4,24,33.3,2.73858886E7,17
89,53,3361.5,218,380,182.1,700,709,141.8,359.1,209,322,52.9,87.6,7.31601805E7,6
89,56,1033,49.9,111.7,44.1,192.2,234,36.1,139.8,91,77.5,38,18.7,2.65326121E7,13
89,57,127,6.1,9,3.9,15,33.1,2.9,21,17,9.1,6,3.9,3169701.7,4
89,58,202,8,15.1,13.9,27,48,6,40.9,21,16.1,2,4,4919636.9,6
89,59,267.5,11.1,20.9,20.1,70.1,40.9,11.5,33.9,21,17,13,8,6274047.6,7
89,60,184,7.5,16.8,4.6,29.6,43.7,4.1,39.6,16.9,15.5,2.7,3,5078729.1,11
89,61,422.5,13.9,42.9,18.9,69,84,14.5,48.1,74.1,31,17,9.1,9111330,8
89,62,4899.5,291.3,469.2,336.1,1102.2,940.9,149.5,538.8,487,321.1,169,94.4,9.56550901E7,15
89,63,496.5,30.4,47.7,27,103.2,107.8,17.7,47.1,57.2,29.4,24.2,4.8,1.22421459E7,12
89,64,423.5,16.5,39.5,30,86.6,103.9,9.4,68.3,35.9,22.4,7,4,1.02098062E7,9
89,67,763.5,38,75.5,56,137,191,19,96,81.1,44.9,15,10,1.83200617E7,10
89,69,224.5,13.2,18.2,10,32.8,53.9,1.2,41.8,31,12.5,5.9,4,5679482.2,8
89,70,4,0.3,0.4,0,0.8,0.6,0.3,0.6,0.4,0.2,0.4,0,105340.2,1
89,71,329,20,30.1,18.5,58.9,74.9,13.1,39.1,33.9,12.5,11,17,7518021,12
89,72,222,10.7,21,15.1,46,45.2,7.1,35,21,14,3.9,3,4866586.1,16
89,73,353,14,33.9,26.1,62,89,9.5,41,32.1,22.4,14.1,8.9,7424514,8
89,74,5,0.4,0.2,0,1.8,0.4,0.4,0.4,0.2,0.6,0.4,0.2,122103,1
89,75,497,22.5,44.8,38.6,68,91.1,9.9,90,71.9,24,25.1,11.1,1.04404747E7,8
89,76,42,1.7,2.6,0.9,13.1,8.7,1.7,6.1,2.6,3.6,0,1,1126848.1,5
89,77,6,0.2,0.4,0.2,1.8,1.2,0.2,0.8,0.4,0.6,0,0.2,160978.4,2
89,78,308.5,11.9,42,18.6,42,77,7,44.9,33,17.1,10,5,6479900.5,3
89,79,11,0.6,1.4,0.5,1.9,3.6,0,0.9,0.5,1.6,0,0,251958.6,3
89,80,65.5,4,3.6,3,9.9,17,2,12,10,0,4,0,1168944.4,3
89,81,596.5,35.9,57.1,28.5,118,115.1,14,79,62,45.9,30,11,1.05874129E7,6
89,82,136,5,11.9,8,16.7,26.9,3,14.1,29,7,8.2,6.2,2936846.8,10
89,83,48,2.7,3.5,1.4,9.7,10.5,0.6,7,4.8,4.8,2.2,0.8,1217562,5
89,84,3,0.4,0.2,0.1,0.8,0.5,0,0.5,0.1,0.2,0.1,0.1,69771.7,1
89,85,529.5,28.5,62.3,25,114.2,126.2,19.1,52.1,40.8,28.5,11.8,21,1.28568479E7,18
89,86,227,11.9,24.4,9.1,37.1,49,8,34,24,12.4,8.1,9,5149765.2,8
89,88,120.5,3.5,8.4,4,23,21,2,27,10,5.5,9,7.1,2875121,4
89,90,658,13.9,59.3,40,87.8,167.8,14,98.1,105.2,27.7,15.1,29.1,1.78812914E7,16
89,91,1081.5,34.9,90.9,53.6,137.8,243.8,19.8,173.9,192.3,33.8,55.3,45.4,2.83371463E7,23
89,92,2072.5,82.9,180.6,126,357,448.4,46.9,279.1,318.1,118.5,82,33,4.60046271E7,7
89,93,211.5,9,20.5,15.5,40,49,3,24,30,12.5,5,3,5158686.1,5
89,94,362.5,22,23.1,20.9,72,68.9,14.5,46.9,51.1,23,12.1,8,9814903,7
89,95,1055,47.5,78.9,39.9,154.9,183.2,27,134,255.1,43.5,68,23,2.64216674E7,10
89,96,1274,57.9,114.6,86.4,214.9,273.2,26.4,163,181.3,88.4,51.9,16,2.55030385E7,23
89,97,1256.5,41,103,76,204,289.2,25.9,180.9,189,81.5,35.8,30.2,2.81327253E7,9
89,98,350,12.1,32,21,55.2,78,7,47,61.9,18.8,13,4,8271835.8,9
89,99,136,4,9,6,13.9,36,3,31,21,2,1.1,9,3604733.5,4
89,100,513,18.9,51.9,22,94,138.1,21,51,42,44,18,12.1,1.12336712E7,6
89,101,1674.5,67.5,151,92.5,270,346.1,38.9,221.9,272.1,99.3,80,35.2,3.61594647E7,14
89,102,3,0.1,0.3,0.2,0.5,0.7,0.2,0.4,0.3,0.2,0.1,0,67472,1
89,103,903,36.5,84.3,38.7,166.3,212.7,26.5,124.5,102.8,59.7,29.9,21.1,1.88750177E7,21
89,104,4,0.1,0.8,0.1,0.6,1.2,0.1,0.6,0,0.4,0.1,0,84527.6,1
89,105,74,2.9,6.3,0.9,10.4,19.7,2.9,8.4,10,10.6,1.9,0,1582171.2,2
89,106,103,4.9,8.9,2.9,18.1,23,2,12,13.1,7.1,9,2,2352746,7
89,107,88,5.6,3.7,9.4,13.8,13.2,0.9,18.8,12.1,2.8,5.8,1.9,2099780.6,6
89,108,251,9.8,32.3,14.5,43.7,57.8,9.3,20.6,21.6,22,14.6,4.8,4560201,4
89,109,6,0.2,0.8,0.4,1.2,1.2,0.2,0.4,0.4,0.6,0.4,0.2,120698.6,2
89,110,148,11,12.1,5.9,28.1,32,4.8,10.1,23.8,11.2,6.1,2.9,3049405.8,13
89,111,22,0.5,1.3,0.6,4.4,3.1,0.5,3.1,5.5,1.1,1.3,0.6,420492.1,7
89,112,365,20.2,22,12.9,69.9,64,7.8,58.1,54.9,20.1,26.8,8.3,6681973.4,28
89,113,132.5,4.6,6.8,7.8,16.1,23,2,30.2,25.2,7,9.8,0,2658526.1,10
89,114,3,0,0.1,0.1,0.2,0.7,0.1,0.4,0.9,0.2,0.2,0.1,54506.2,1
89,115,247,7.8,16.3,21.4,28.1,58.2,4.8,35.5,48.4,10.7,11.5,4.3,4822596.7,27
89,116,21,0,0.9,0,1,4.5,0,6.4,3.5,0,2.8,1.9,429778.4,5
89,117,2,0,0.1,0,0.1,0.4,0,0.6,0.3,0,0.3,0.2,40931.3,1
89,118,411,11.5,35,20.4,69.1,63.9,5.7,62.8,72,27.5,34.1,9,7564011.6,32
89,119,110,5.8,7,6.1,23.1,24.9,3.8,12.2,14.9,9.2,2,1,2295221.5,12
89,120,114.5,3.8,7.3,6,12.9,27,2,22.3,19.9,2.8,8.3,2.2,2117355.4,19
89,121,59,0,7,3.1,3.1,14,2,5.9,11.1,2.9,7.9,2,1090452.9,7
89,122,34,2.1,2.9,0.8,4.9,8,0,1.1,6.1,4,4.1,0,597753.2,6
89,123,200,3.9,27,13,22.8,37.8,8.3,25.9,40.9,9.1,10.3,1,3806811.5,24
89,124,67,3,2.2,3.1,9,13.8,0,10.1,17.9,0,6.8,1.1,1494401.2,10
89,125,72,1.7,4.7,4.9,10.4,19.3,0.9,6.9,13.5,2.6,5,2.1,1435594.8,12
89,126,222.5,8.4,29.3,12,40.9,45.3,7.8,23,31.6,16.1,5.2,2.9,4150398,19
89,127,210.5,26.9,10.2,4.8,53,30.2,7.7,19.9,30.8,17,7.9,2.1,4052190.9,17
90,1,156,6.1,12,7.1,21,38.8,2.9,28,19.9,8,7,5.2,3921279.3,8
90,2,217.5,6.1,25,3.8,29.7,52,6,27.9,25.1,18.6,12.1,11.2,5866817.6,9
90,3,141,3.3,10.8,4.4,24.6,33,4.6,21.1,15.6,8,11,4.6,3638449.8,11
90,5,4,0.1,0.2,0,1,0.7,0.1,1.3,0.4,0,0.1,0.1,124903.8,1
90,6,63.5,2,10,2.9,3.7,19.2,1,8.9,9.5,2.7,3.2,0.4,1899721.1,9
90,7,2,0,0.3,0.2,0.2,0.4,0,0.6,0.1,0.1,0,0.1,52240.5,1
90,8,6,0.2,0.2,0,0.6,1.4,0,1.6,1.2,0.4,0.2,0.2,194803.6,2
90,9,827.5,26.7,78.3,47,103.7,207,9.1,142.3,99.8,30.9,47.4,35.3,2.33370565E7,28
90,10,1619,54.7,172.4,61.2,173,364.9,30.1,241,277.9,89.8,101.9,52.1,4.76256794E7,34
90,11,2407,91.4,215.5,131.2,429.7,499,57.5,342.9,322,102.5,160,55.3,6.01602122E7,16
90,12,11,0.3,1.2,0,1.4,2.2,0.3,2.7,1.9,0.3,0.3,0.4,318861.4,4
90,13,999,32.6,80.4,34.9,150.1,259.3,15.6,149.6,144,54.7,45.5,32.3,2.83286332E7,22
90,14,170,3,20,9.6,21.1,44.8,1.4,27.1,21.7,13.7,5,2.6,4600624,7
90,15,17,0,1,1.4,1.9,4.2,0.4,2.7,1.5,2.4,1,0.5,297302.3,4
90,16,645.5,22,63.5,32,99,155.9,14.1,87.8,76.1,36.9,31.2,27,1.91959419E7,18
90,17,694.5,29.9,76.5,44.5,101,189.1,12,78.9,67,51.4,8.1,36.1,1.88875124E7,9
90,18,677,17.5,81.5,47.5,94,195,18.5,89.9,32.1,64,3,34,1.88633094E7,5
90,19,86,2,4,5,6,18,1,14,24,7,1,4,2845780.9,3
90,20,4742.5,267.9,532.9,289.5,912.1,1079.8,159,490.1,354.1,412,105,140.1,113271191,13
90,21,5018.5,240.4,503.1,313.5,873.2,1152,167,630.1,505.8,370.5,112.8,150.1,1.222743272E8,19
90,22,3125,181.9,324.6,168.5,574.2,586.9,101.9,395.9,354.9,218.2,163,55,6.48898034E7,14
90,23,21239,1608.5,2292.9,1372,4746.3,4075.8,800.4,2105.1,1520.1,1888.9,427,402,3.967458361E8,16
90,24,18266,1237,1733.3,1144,3903,3530.9,622.9,1984,1650.2,1497,539.3,424.4,3.858670921E8,15
90,25,2261.5,83.8,205,94.6,325.9,518.9,50.8,315.1,322.3,146.1,90.1,108.9,7.20928425E7,18
90,26,1881,93.5,177.4,94.8,311.1,431.3,55.2,262.8,194.8,152.2,57,50.9,5.12463879E7,9
90,27,23584,1460.4,2457,1521.2,4555,4944.9,804.5,2379,2106.1,1970.4,786,599.5,503532787,7
90,28,8960.5,558.6,915.8,530,1779,1847,245.4,1000,924.9,649.6,352.2,158,1.913986502E8,8
90,29,12782,681.1,1206.4,765.8,2535.8,2628.8,343.2,1438.9,1406,913.3,635.1,227.6,2.823355674E8,18
90,30,13974.5,1052.5,1395,864.5,3222.7,2687.9,509,1292,1074.3,1186.5,455,235.1,2.614991086E8,11
90,31,18317,1310,1578.9,1054,4554.5,3802,605,1678.1,1441.1,1349.5,593.9,350,4.076535705E8,11
90,32,13108.5,720.4,1265,902.9,2783,2540.2,412.5,1529.1,1283.9,908.5,506,257,2.347173239E8,15
90,33,38831,2445.6,2973.9,2115.4,10502.7,8104.1,1117.5,3767.2,3158.1,2543.3,1376.1,727.1,9.151441214E8,17
90,34,44147,2618.6,3304.9,2028.6,10870,9234,1159.5,4678.9,4485.6,2616.1,1921.8,1229,1229054329,15
90,35,70554,3541,4890.5,2969,16312.5,14317,1599.9,8004.9,8127,3897.1,4160.1,2735,2.1430250118E9,8
90,36,104450.5,5301,7984,5383.5,25635.5,21977,2539.5,12308,10819,6013,3888,2602,2.4707766521E9,0
90,37,107602,5457.5,8388,5117,25097,23363.5,2683.9,12392,11758.5,6385,4486,2473.6,2.5963689305E9,7
90,38,58441.5,3539,5109,3070.4,13931.4,12490.5,1821.9,6422.1,5010.9,4238,1668.1,1140.2,1.1435950941E9,8
90,39,51351,3855.5,5225,3124.5,12132.6,10348,1900,4923.9,3571,4396.5,1069,805,7.622538713E8,7
90,40,31985,2278.1,3352.4,2088.5,6880.4,6404,1140,3216.1,2427,2836.4,866.1,496,4.836260418E8,13
90,41,13873.5,1073.5,1588.5,885,2749,2594,558,1338.9,1107.1,1272.5,406,301,2.109065605E8,6
90,42,28479.5,2063,3295.1,1919.7,5891.4,5484,1047.5,2921,2143.1,2516.8,605,592.9,4.391830473E8,14
90,43,37346,2701.6,4621,2787.1,7903,6849.4,1409.1,3706.9,2526.9,3528.1,823,489.9,5.484332295E8,10
90,44,23499,1691.1,2709.6,1643.5,5173.1,4494,887,2204.3,1535,2164.5,542,454.9,3.975856168E8,12
90,45,8428,543.1,899.6,533.1,1804.1,1680.1,299.1,957.1,640.9,640.4,215.8,214.7,1.779524465E8,24
90,46,2001.5,81.1,194.6,121.4,332.8,495.1,46.5,303,149.9,131,54.1,92,5.28940837E7,12
90,47,3,0,0,0.1,0.4,0.6,0.1,0.5,0.6,0.5,0.1,0.1,77841.6,1
90,48,37,3.9,2,1.1,7,8,1,6,3,3,2,0,1157885.8,3
90,49,1842.5,103.3,201,92.4,362,435.1,67.9,187.9,176.1,132.6,55,29.2,4.79096406E7,11
90,50,172,10,15.9,7.1,27,48,4,18.9,10.9,20,4.1,6.1,3926401.1,10
90,51,5023,185,481.8,288.5,802.1,1159.8,111,635.9,656.3,296.3,245,161.3,1.323279301E8,32
90,52,1492,71.8,150,87.4,226.1,314.2,44.4,199,218.1,80.9,62,38.1,3.90924156E7,12
90,53,1850,97.6,147.6,95.6,358.2,382.9,62.8,249.9,200.8,129.5,80.2,44.9,4.58390444E7,18
90,54,342,12.8,21.4,14,68.1,68,7.9,52.1,45,21.7,10,21,9343895.6,11
90,55,377.5,11.8,23.6,27,56.9,83,12,46.1,60,22,20.1,15,1.07169793E7,7
90,56,895,40,73.6,54.3,146.6,225.9,19.1,107.1,101.9,62.2,35.3,29,2.25771458E7,13
90,57,760,36,70.9,35,124,168.9,17,117.1,101.1,51,17,22,2.03152758E7,8
90,58,38,3,4,0.9,13,7,4,1.1,0,3,0,2,757184.2,2
90,59,2082,141.5,161.5,123.5,435.1,385.5,65.5,274.9,257,140.5,65,32,4.52172374E7,7
90,60,908,59.4,85.4,49.3,208.9,171,24,111.8,84.1,74.9,27.1,12.1,1.97930704E7,14
90,61,1930,97.3,178.2,104,401.1,418.2,55.4,266,207.1,119,59.9,23.8,4.16147451E7,26
90,62,2306.5,99.5,249.4,129.8,401.8,513.9,46.5,292.3,293.2,150.7,87.2,42.2,49767875,27
90,63,624.5,20,49.1,38.6,82.9,152.9,14.9,86,91.2,45.9,32.8,10.2,1.49625565E7,13
90,64,512.5,35.9,53.6,23.9,99,122.2,17.6,66,48.8,27.4,7.2,10.9,1.22090636E7,17
90,66,60,2.9,4,7,7,16,0,9.1,7,6,1,0,1380644,3
90,67,1319.5,67.1,124.7,71.9,229.2,317.9,29,183.9,128.9,82.1,41.9,42.9,30726518,16
90,68,18,0,2.3,2.7,1.8,6.6,0,1.4,2.3,0,0.4,0.5,369595.8,3
90,69,59,1,6.8,5.2,5.1,14.5,0,8.7,6.8,2,0.4,8.5,1017252.4,3
90,70,609,38.9,57.6,27.4,120,120.1,24,74.1,63.1,38.7,32.1,13,1.26063236E7,10
90,71,27,0.9,1.1,2.9,5,8.9,0.9,0,4.1,1,1.1,1.1,641287.6,4
90,72,294,16,26,18,69.1,64.9,12,32,26.1,17.9,8,4,6615509.9,9
90,73,148.5,11.9,12,10.5,38.9,23.1,5,12,19,10,5.1,1,3368463.9,9
90,74,424,23.5,39,24,83.9,90.1,13,51.9,41.1,36.3,15.1,6.1,8697525.4,11
90,75,12,0.2,0.6,0.6,2.4,2.1,0,1.8,1.5,0.2,2.2,0.4,306636.5,3
90,76,469.5,32.3,45.1,32,102.2,97,13.9,44.9,42.1,40,15.9,4.1,9473759.5,7
90,77,245,11.1,20.9,8.9,50,44.9,6.1,46,20.9,20.1,9.2,6.9,5510244.4,10
90,78,375,24.9,27.4,30,80.1,64.9,7,47.1,47.9,25.6,17,3.1,8185008.2,13
90,79,2354,104,212.6,161.7,390.9,429.9,45.4,297.9,333,138.5,197,43.1,4.69838621E7,14
90,80,1416,96.1,174,120,256,278,43,128,140.9,104.9,54,21.1,2.37073487E7,7
90,81,52,2.1,6,3,2.1,12.8,0.9,5.1,14,0,3,3,1063695.1,4
90,82,8,0.6,0.6,0.3,1.5,1.4,0.2,1.3,0.8,0.5,0.6,0.2,192900.1,2
90,83,140,9.3,9.5,7.4,25.8,23,2.4,22.4,15.9,11.5,11.3,1.5,3353679.4,7
90,84,118.5,5.6,10.5,8.6,18.2,29.2,0.9,7.8,15.6,6,12.3,3.8,2846761.9,3
90,87,911.5,56.3,62.3,39.8,215.9,175.3,31.3,120.6,100.8,45.9,43,20.3,2.08752296E7,15
90,88,881,52,73.7,34,176.1,165.8,29.4,132.8,114.1,54.1,31,18,2.06816844E7,8
90,89,321,9,39.1,11.9,33.9,76.1,7,41.1,58.9,27,6,11,9135302.5,10
90,90,290,11.9,31,5,43.1,68,11,43.1,37,23,7,9.9,7949424.8,4
90,91,610,15,69,18,69,144,17,93,94.9,36.1,24,30,1.81309703E7,4
90,92,1755.5,85,166.5,97.4,323,353.4,58.9,245.8,205,121.6,48.9,50,4.58468401E7,15
90,93,4089.5,177.8,329.8,230.7,747.8,825.4,89,617.1,574,219.8,146,132.1,102102379,25
90,94,1582.5,82.5,178,104.9,341.8,342.8,59.5,141.2,105,138.4,48.3,40.1,3.36751793E7,10
90,95,7947.5,595.1,904.1,661.9,1605.1,1367.7,287,851.2,667.5,692.9,195,120,1.147321316E8,20
90,96,354.5,11.2,20.7,17.5,49.4,87.7,4.2,54.4,55.9,18.7,18.7,16.1,8722628.8,10
90,97,13,0.9,0.7,1.3,1.9,2.8,0.4,1.3,1.1,0.4,0.7,1.5,350019,1
90,98,211,4,18.5,9.1,34,51,2.5,29,37.9,12,9.1,3.9,4877372.2,4
90,99,96,1,15,7.1,7.1,32.1,0,10.8,10.8,4.8,3,4.3,2680203.2,7
90,100,4,0.2,0.6,0.1,0.6,0.7,0.1,0.7,0.6,0.3,0,0.1,96038.1,1
90,101,9,0.5,1.3,0.2,1.4,1.6,0.2,1.6,1.3,0.6,0,0.3,216085.7,3
90,102,328,12.9,33,9.9,59.9,78.9,15.6,48,24,26.7,7,12.1,7759277.3,8
90,103,733,44.5,62.2,37,145.9,148,27.9,104.1,72.1,55,22,14.3,1.52416641E7,19
90,104,161.5,10,15.4,2.1,30.9,26.9,5,23.1,33.1,8,6,1,3518820.7,4
90,105,67,2.9,10.1,3.1,6.1,24.9,2,7.1,5.9,3,0.9,1,1266111.2,5
90,107,42,2,4,0,12,5,1,5,4,5,4,0,983092.4,3
90,108,1,0.1,0.1,0.1,0.2,0.2,0.1,0,0,0.1,0.1,0,15956.5,1
90,109,55.5,3,7.8,2.6,12.7,8.8,3,1.9,1,7.8,5.9,1,885585.6,5
90,110,92,6,5.6,5,18,21.9,3,7.9,9.2,8.4,7,0,1964692.5,9
90,111,242.5,21.1,19.7,15,44.8,42.9,8.1,30,29.2,19.8,11.9,0,4360801.2,22
90,112,36,3.1,0.8,3.1,9.5,0.8,0.7,5,8.7,1.9,1.2,1.2,556776.3,8
90,113,57,3,9,0,17.1,6,0,9,5,3.9,4,0,905630.3,5
90,114,23,1.4,1.1,0.7,3.2,2.5,0.7,4.4,3.9,0,5.1,0,433368.8,2
90,115,41,2.5,1.9,1.3,5.7,4.4,1.3,7.8,7,0,9.1,0,772527,7
90,117,214.5,10,20.7,16.8,30.1,50.9,4.8,22.1,27.8,17.1,11.2,3,4326021.3,17
90,118,97.5,8.1,5.5,5,16.3,18.7,3,15,17.4,3.5,5,0,1863128.4,8
90,120,83,6.1,7.2,2.8,21,14,3.9,9,13.9,3.2,1.9,0,1852956.5,9
90,121,79,1.8,11.9,5,10,21.1,0.9,7.3,14.1,4.9,0,2,1299653.9,12
90,122,119.5,6.9,5.6,4.1,22.8,19.1,2.1,23.9,15.1,4.9,12,3,2380995.3,12
90,123,308.5,11.6,22.6,15,59.9,62.1,11.8,35.3,47.1,26,16,1.1,6120091,27
90,124,314,18.2,16,14.8,46.9,51,9,42.9,65.4,15.8,28.2,5.8,5949685.5,20
90,125,113,6.7,13.1,4.8,14.8,17.9,1.7,15,18.3,10.2,5.2,5.3,2150747.7,15
90,126,71,0.9,4.9,4,9.2,15.8,0.9,8.1,10.9,9.1,7.2,0,1263882.5,11
90,127,167,3.7,24.9,13.8,17.1,55.1,2.1,17.3,20.7,4.9,5.2,2.2,3033359.5,22
91,1,146,2.9,12.8,5.9,24,38,4.1,20,14.1,9.1,10.1,5,3473286.6,9
91,2,5,0.3,0.1,0.2,1.3,1,0.1,0.5,0.7,0.5,0,0.3,149220,1
91,3,5,0.3,0.2,0.2,1.2,1,0.1,0.5,0.7,0.5,0,0.3,149220,2
91,4,322.5,10.9,25.6,21.9,43.9,95,9.1,39,37.1,13,11.9,15.1,8547625.9,7
91,5,131,0.8,9.7,1.9,17.1,19.4,2.8,43.7,20.8,5.9,6,2.9,3616256.4,11
91,6,4,0,0.5,0.4,0.4,0.8,0,1.2,0.3,0.1,0,0.3,104480.9,2
91,7,21,0,3,2,2.4,4.2,0,6.3,1.2,0.6,0,1.3,548524.8,6
91,8,742,26.8,67.3,32.4,91.1,173.9,16.5,124.9,110.2,48.7,29.1,21.1,2.07574153E7,26
91,9,336.5,10.7,27.9,13,35.3,71.7,6.1,61.2,58.1,26.3,14.3,11.9,9491844.7,19
91,10,613,15.4,63.5,21,68.8,134.2,9,95.8,109.5,31.9,33.2,30.7,2.03421391E7,46
91,11,88,0.9,7,10.1,6,19,1.9,14,17.2,3,5,3.9,2408324.9,11
91,13,7,0.1,0.8,0,0.8,1.4,0.1,1.7,1.2,0.3,0.3,0.3,202911.8,1
91,14,218,17,5.8,12.1,45.8,45.9,2.2,36,30.2,13,3.1,6.9,6149952.8,15
91,15,1291,46.2,107.7,62,208,283.2,36,175.8,185,60,92.2,34.9,3.58028181E7,29
91,16,491,24.1,37.3,24.2,96.3,96.5,12.5,91.6,49.7,20.7,21.1,17,14002952,13
91,17,21,0,0.7,0.8,3.6,4.3,0,6.5,4.4,0.7,0,0,599464.3,4
91,18,321,12,30,12,64,82,7.5,37,33,27.5,9,7,8992067.2,0
91,19,1370.5,71.5,216.1,64,260.9,367,59.5,74.9,35,156.5,10,55.1,3.46759208E7,7
91,20,4437,224.7,386.1,286.9,928.7,908.1,139.5,492.1,427.8,335.8,185.3,122,1.090444699E8,36
91,21,15845,1315.8,1538.1,1057.1,3694.3,3034,599.4,1352,1244.9,1364.7,372.2,272.5,3.076348562E8,18
91,22,26745.5,2118.6,2233.9,1797,6947,4968.9,917,2406.1,2122.1,1941.4,897,396.5,518226264,6
91,23,6067.5,356.4,751.5,380.1,1093.3,1229.1,195.9,628.9,571.9,529.5,104,226.9,1.089403541E8,21
91,24,3432,133.5,354.1,159.3,459,753.8,93.9,432.1,475.1,236,132.1,203.1,1.115315698E8,15
91,25,1053.5,31,97.4,42.4,92.1,227.1,24,123,237,75.5,55,49,33262550,3
91,26,4,1,0.1,0.1,1,0.6,0.3,0.3,0.1,0.4,0,0.1,67871.1,1
91,27,13520,614.4,1285.5,651.5,2184.9,2879,368.6,1524,1785.1,908.4,872,446.6,3.624133875E8,10
91,28,14304.5,811,1306.8,755.6,2899.2,3042.2,415.9,1707.8,1450.1,1009.8,506,400.1,3.495287777E8,14
91,29,20393,1553,2004,1467.5,4747.9,3925.4,713,1853.6,1514,1598.5,672,344.1,3.493372037E8,13
91,30,17501.5,1237,1976.5,1290.5,3493.1,3411,656,1881.9,1229,1566.5,404,356,2.984396095E8,7
91,31,16003,1264.4,1544.9,1021.1,4087.1,2970,606.5,1548,999,1358,269.9,334.1,3.241696727E8,9
91,32,30306,1708.4,2747.2,1783.6,6231.9,5782.9,915.1,3586.1,3359.9,2201,1281.9,708,6.421985265E8,12
91,33,40994.5,2187.4,3236.4,2308.5,9363.4,8394,1047.4,4628.1,4389.9,2446.1,1920.1,1073.2,1.0367236472E9,9
91,34,6460,361,436,324,1493,1326.8,173.6,801.9,658.1,393.6,325,167,1.775501557E8,10
91,35,26288.5,1413.9,1819.4,971.6,6313.2,5697,696,2702.1,2867,1499.4,1504,804.9,8.606355818E8,9
91,36,68598,4063,5551,3101,16857,14892.5,1981,7169.9,5942,4403,2637,2000.6,1.6178483859E9,2
91,37,51584,3257,4886,2855,10982.5,10926,1614,5729,4720,3720,1668,1226.5,9.947249032E8,4
91,38,17459.5,1053.2,1618.4,994.9,3806.7,3693.1,531,1933.9,1634.9,1286,588.2,319.2,3.373944261E8,16
91,39,28379,2015.1,2926.7,1859,5958.4,5656,919.4,3079.2,2434.1,2259.1,844,428,4.542007199E8,24
91,40,32835.5,2370.5,3112.3,2037.1,7823.6,6471.9,1116.9,3204.1,2628.1,2520.4,1025.1,525.5,5.698329411E8,8
91,41,12329.5,1004,1245.5,761.5,2983,2268.6,489.5,1124,834.9,1107.5,322,189,213495603,8
91,42,8506.5,573.9,916.5,552.5,1744,1656,298.5,875.1,733,729.5,284,143.5,1.589587355E8,6
91,43,19025.5,1258.9,2012.1,1302,3863.5,3687.1,632,2114,1578.9,1566.5,660,350.5,3.675937674E8,13
91,44,25502,1809.5,2890.6,1701.9,5442,4834,935,2507,1940,2228,823,391,433139168,8
91,45,1607,156,161.5,97.9,373.1,289.9,66.5,148.9,95,171.1,19.1,28,2.53313497E7,5
91,46,63,0,2,0.8,15.7,14.3,2.9,8.5,9.5,7.5,0.9,0.9,1618545.1,5
91,47,897.5,42.1,92.9,67,142.1,237.9,21.4,108,82.9,56.1,19.9,27.2,22941270,10
91,48,168.5,8,11,11,40,42,6,9,12,13.5,5,11,4383488.4,3
91,49,48,2,2,4,9,7,0,6,7.9,7,2,1.1,951775,8
91,50,132,9.5,15.6,7.4,19.9,37.1,2.5,9.1,5,12,0,13.9,4009180.3,7
91,51,1097.5,37,105.4,60.5,174.1,274.9,22.6,163.1,133.1,55,29.8,42,2.99262507E7,22
91,52,619.5,23.7,87.6,28.2,91.9,177.8,18.5,75.2,37,39.2,10,30.4,1.85953254E7,14
91,53,1163,35.6,129.8,61.2,110.9,305.8,24,157.7,165,68.7,44,60.3,40368456,59
91,54,638.5,19.3,57.9,26.6,86.7,145.8,11.1,103.5,101.4,41.2,23.1,21.9,1.94534714E7,51
91,55,660,37,54.5,34.2,128.8,134.4,17,85.1,89.9,35.7,22.7,20.7,1.68421534E7,16
91,56,3035.5,110,256.1,131.9,453.1,696,89.4,405.9,484,196.1,131,82,8.13406218E7,9
91,58,107.5,5,8.5,3,15,30,4,19,12,8,1,2,2899063.7,3
91,59,1565,99.1,160.3,78.4,339.9,329.1,60.3,148.2,135.2,134.2,45.3,35,3.53233788E7,17
91,60,589,20.8,51.1,21.8,92.2,128,13.1,98.9,90.1,43.9,20.1,9,1.45619287E7,19
91,62,15,0,2.1,0.9,2.4,3.1,0.3,2.8,1.2,1.2,0.5,0.5,311068.8,3
91,63,266,9.5,34.3,15.2,32.8,68.6,2.9,48.3,25.9,19.8,4.3,4.4,6528611.5,12
91,64,4,0,0.2,0.2,0.4,1.4,0.2,1.2,0.2,0,0.2,0,105757.4,2
91,65,338.5,5.9,40.7,18.4,38.5,97.7,2.8,48.9,42.8,13,14.9,14.9,9026244.4,4
91,66,572,26,61.5,23.9,117,133,17,62.1,59.1,46.5,11,14.9,1.55945627E7,5
91,67,475,15.9,51,28.1,77.1,115,11,63,48.9,30,17,18,1.11504753E7,5
91,68,85,5.9,5,3.1,16.9,20,1,16.1,11.9,2,2.1,1,2015029.6,6
91,69,138.5,6,12,8,28,32,3.9,22,10,11.5,3.1,2,3134158.2,9
91,70,50.5,3,2.1,7,8,10,2,7,7,3.5,0.9,0,1235825.7,4
91,71,264.5,15,31.4,23.9,59.9,58,7,24,15.2,17.1,6,7,5823359.5,5
91,72,3,0.2,0.3,0.2,0.9,0.5,0.1,0.1,0.3,0.4,0,0,63834.3,2
91,73,151,11.7,12.8,9.7,40,23.4,5.8,17.9,9.8,12.8,4,3.1,3310370.2,6
91,74,25,0.6,1.2,1.3,5,4.4,0,3.8,3.1,0.6,4.4,0.6,638826,2
91,75,3,0,0.1,0.2,0.6,0.6,0,0.5,0.3,0,0.6,0.1,76659.1,2
91,76,196.5,9.9,21.6,14.8,40.2,45,7,19,9,19,5.1,5.9,4248221.3,9
91,77,159.5,7.7,8.5,10,44.1,31.9,5.5,21.9,15,5.6,8.2,1.1,3480756.3,15
91,78,175,4,20.2,9,29,41.9,5,18,29.8,10.1,5,3,4252155.5,8
91,79,427.5,32,61.1,35,75.9,111,12.5,33.1,29,24.9,2.9,10.1,6817782.9,5
91,80,235,15,39,18,36,48,10,31,18,16,3,1,3423923.1,2
91,81,353,17.9,33.9,15.2,55.1,73,7,35,69,28.9,13,5,7235806.6,7
91,82,3,0.2,0.2,0.1,0.6,0.5,0.1,0.5,0.3,0.2,0.2,0.1,72337.5,1
91,83,11,0.9,0.8,0.4,2,2,0.2,1.8,1.1,0.7,0.9,0.2,265237.7,3
91,85,4,0.4,0,0.4,0.8,0.8,0,0.2,0.4,0,0.8,0.2,101733.8,2
91,86,1,0.1,0,0,0.3,0.1,0.1,0.2,0.1,0,0.1,0,21888.2,1
91,87,2,0.2,0.1,0,0.7,0.2,0.1,0.3,0.2,0.1,0.1,0,43776.4,1
91,88,311.5,18,24.1,13.9,60.9,65.1,13,48.9,32.1,20.5,10.9,4.1,7422881.2,8
91,89,515.5,19.4,50.4,25.9,83,129.1,9,56,77.2,28.6,21,15.9,1.26786958E7,7
91,91,276.5,11,24.4,10.5,51,53.9,6,32,45.2,13.5,18,11,7870198.3,5
91,92,437,14.1,36.8,20.4,88.9,100.2,6.7,51.8,57.1,21.5,18.1,21.4,13784714,16
91,93,7809.5,338.1,600.4,558.9,1847.1,1473.4,198.8,895.9,823.2,419.4,421.1,233.2,1.824476075E8,20
91,94,13652,655.6,961.6,1157.9,3396,2564.1,307.8,1552.8,1490,712.9,651.1,202.2,2.668660787E8,17
91,95,4687.5,274.4,401.5,344,1104,930.1,139.9,514.7,455,288.4,165.2,70.3,8.47021404E7,21
91,96,555.5,21.8,60.3,24,96.1,104,15,93.2,78,31.9,22.2,9,1.19671341E7,7
91,97,12,0.9,0.7,1.2,1.7,2.6,0.3,1.2,1,0.3,0.7,1.4,323094.4,3
91,98,118,4.9,9,7,14,28,5.1,11,22,10,4,3,2423494,3
91,99,170,7,22.5,6,38.9,35,8,6,13.1,25.6,2.9,5,4033597.3,5
91,100,1873,81.2,186.7,90.8,298.7,370.2,45.4,299.1,268.9,109.3,63.2,59.5,4.13388906E7,17
91,101,2,0.1,0.3,0,0.3,0.4,0,0.4,0.3,0.1,0,0.1,48019,1
91,102,169,2,17,11.1,24.2,40,2.9,21.9,29.1,8.9,3.9,8,3938947.1,7
91,104,243,12.1,22.5,7.9,36,65.9,2,28.1,30.9,19.4,13.1,5.1,5118634.9,8
91,105,213.5,8.9,24.8,13,23.9,53.1,3.2,22.1,32,10.3,14.1,8.1,4472641.6,11
91,106,288,9.8,28.1,14.1,52,54.8,7,29,38.1,22.1,26,7,5980286.3,13
91,107,366,28,36.6,23.1,61.9,81.9,17,29,37.1,27.4,17,7,6977398,5
91,108,162,9.7,16.8,5.1,22.9,36.2,5,14.9,20,13,12.2,6.2,2843038.9,12
91,109,45,3.1,7.1,3.1,5.9,8,0,5.9,4.9,0.9,5.1,1,733855,9
91,110,166,5.9,19.9,5,28.1,33.2,3.9,26,24.7,9.1,7.1,3.1,3285975.3,9
91,111,63,6.1,4.9,0,6.8,13.9,2.1,5,16,2.9,3.1,2.2,1020997.6,8
91,112,1,0.1,0,0.1,0.3,0,0,0.1,0.3,0.1,0,0,15466,1
91,113,249,12.1,22,9.2,43.8,48.9,5.1,37.1,30.1,20.9,16.9,2.9,4505354.4,9
91,114,155.5,4.1,21.5,6,29,28.2,7.1,21,14.9,13.6,9.1,1,2763671.7,12
91,115,147,6,16.1,6.8,18.8,40.3,5,16,18.2,9,7.1,3.7,2532428.8,14
91,117,261,6,21.1,9.1,42.1,47,8,34.9,42.1,24.9,21.8,4,5255653.6,16
91,118,16,0,2.1,1,3.6,4.1,0,2.1,2.6,0.5,0,0,327113.9,2
91,119,168.5,6,16.2,11.6,24,37.9,4.1,29.3,11.2,14.5,7.3,6.4,3316178.1,16
91,120,79,2.9,6.2,1,18.2,15.8,1.8,15.8,9,4.1,4.2,0,1911502.4,10
91,121,58,0,0,0.9,14,3.9,1.9,15,15.9,2,2.2,2.2,1442102,7
91,122,171.5,10.9,13.6,6.1,36.8,28.1,7,20.1,19.9,14.8,11.2,3,3267872.7,17
91,123,64.5,7,3.5,3,16.1,9.9,3,3.9,8,6,3.1,1,1045912.7,4
91,124,217,9.9,17.8,12.8,27.9,49.9,3,33.1,27,14.1,19.3,2.2,3922300.7,16
91,125,49,5.1,3.1,1.9,11,3.9,0,6.1,12.9,3,2,0,1078265.6,6
91,126,149,9.6,15.1,7.9,30.3,24,11,23.2,12.2,11,4.7,0,2758896.7,18
91,127,67,1.9,11,4.1,8.1,13,0,9.8,11.1,4.1,3,0.9,1165538.9,7
92,0,92.5,4,9.8,3.5,16.6,23.1,0,12.5,10,7.5,4.5,1,2279502.4,4
92,1,94,6,6,5,16,22,2,16,11,2,6,2,2545929.5,2
92,2,250,9,24.5,9.9,48,59,5.5,35.1,27,15,10,7,6184491.2,8
92,3,27,0.9,3.5,2.7,3.6,4.5,0.9,6.4,1.8,1.8,0.9,0,804935.4,2
92,4,10,0.3,1.1,0.7,1.1,2,0.3,2,1,0.7,0.5,0.3,287913.6,4
92,5,89,1.5,9.4,13.6,4.5,26.3,0.5,10.4,11.9,3.4,2,5.5,1992000.5,5
92,7,4,0.1,0.5,0.3,0.3,1.6,0,0.5,0.5,0,0,0.2,107491.2,2
92,8,67,3,6.8,6,8.1,20.9,0,6.9,10,1.1,2.1,2.1,1739709.4,11
92,10,18,0.4,2.8,0,3.5,5.4,0,3,0.5,1.9,0,0.5,458584.8,5
92,11,19,0.4,3,0,3.7,5.7,0,3.2,0.5,2,0,0.5,484061.7,4
92,12,8,0,0.8,0.3,1,1.6,0,1.3,1.1,0.3,1,0.6,289074.2,3
92,13,188,3,20.2,8.8,18.1,48.2,2,24.7,31.8,6.7,12.1,12.4,6350376,5
92,14,894.5,29.6,88.6,44.5,115.1,240.9,17.7,131.9,108.1,49,33.9,35.2,2.54598067E7,17
92,15,252.5,8.8,25.6,15.3,39.9,60,3.9,28.1,30.2,17.6,11,12.1,6662029.1,13
92,16,263.5,9.9,29,14,31,68,1,43,36,16.5,6,9.1,8191946,5
92,17,1384.5,59.5,139,67,190.1,335,27.5,178,168.8,114.5,54.1,51,3.64826146E7,6
92,18,633.5,40.6,70.9,36,140.9,125.9,12.4,89.1,40,47.6,9,21.1,1.63916697E7,13
92,19,439.5,9.9,37,25,64.1,106.1,11.9,60.1,51.2,30.3,8.9,35,1.30458931E7,11
92,20,654,24.1,57.6,21.2,88.9,142.6,14,112.8,93.9,35.7,27.9,35.3,2.06868755E7,32
92,21,3446,161.9,329.3,195.2,580,747.8,88,403,448,241.4,151.3,100.1,9.09680556E7,13
92,22,11748.5,823.4,1174,649.5,2770.6,2389.9,403.1,1124,855,956.5,243,359.5,2.880496758E8,9
92,23,7362.5,335.9,772.2,354.6,1281.2,1599.9,230.1,827.2,860.3,547.3,229.9,323.9,2.162275793E8,15
92,24,1881.5,107.5,164.4,86,420,388,61.5,251.1,129,166,51.9,56.1,5.13059248E7,6
92,25,1,0,0.2,0,0.3,0.2,0,0.1,0,0.1,0,0.1,23904.3,1
92,26,5086.5,190.5,451,280,756,1149,128.5,718.1,599.1,340.4,234.9,239,1.433920909E8,7
92,27,16016,860.1,1343.9,732.5,2969.4,3349,449.4,1879,1978,1043,869.6,542.1,4.245020937E8,9
92,28,14514.5,795,1185.1,707.6,2923,2953.6,381,1675.9,1929,913.6,663.9,386.8,3.753350387E8,13
92,29,3928,286,443.9,248,905.1,803,129.8,374,238.1,355.9,73,71.2,7.98979987E7,12
92,30,22021,1909.3,1939.1,1365.5,6153,4019.1,883.4,1741,1346,1850.5,447.1,367,4.602815408E8,11
92,31,33047.5,2191,3664.2,2271,6827.5,6611,1099.9,3381.9,2660.9,2802,939.1,599,6.076585061E8,9
92,32,26267.5,1299.9,2246.4,1397.1,4870.6,5443,671.5,3187.9,3217.1,1638.4,1508.1,787.5,6.713258714E8,5
92,33,31208,1488.4,2539.6,1514,6414.9,6512.1,758.1,3660.9,3694,1819,1735,1072,8.800995084E8,5
92,34,24591.5,1305.4,1827.1,1046,5173.5,5293.3,639.5,2800.1,2901.1,1451.1,1349.9,804.5,7.257075383E8,10
92,35,34668,1872.5,2862.5,1491.5,7110,7629,1020.5,3742,3606,2221,1939,1174,1.0401026936E9,5
92,36,35169,2030.8,3501.1,1902.5,6628.4,7473,1105.5,4153,3397,2669,1263.2,1045.5,7.348670529E8,7
92,37,39180.5,2760.5,3974.9,2390.9,8671.5,7853,1383.5,3973,3005.1,3236.5,962,969.6,6.944503481E8,7
92,38,32799.5,2339.1,3170.2,1856,7524.5,6592,1249.4,3220,2485,2832.4,977.9,553,5.964389181E8,10
92,39,50641,3477,5241,3263,10926.5,10108,1741,5260,4210,4076.5,1509,829,8.604219996E8,2
92,40,28902,1956.9,2822.5,1806.4,6033,5838,921,3088.1,2517.9,2100,1163.1,655.1,5.370581783E8,7
92,41,25911.5,2038,2872.5,1611.5,5500,4854.5,1082,2443,1835,2440.5,663,571.5,4.108737857E8,9
92,42,224.5,13,23.5,9,46,26,7,48,33,10,2,7,5048556.2,0
92,43,10656.5,761.2,1035.9,681.9,2564.6,2027.2,375.1,1008,881.1,838,305.1,178.4,2.102786301E8,17
92,44,1488,56.5,194,124.5,209,342,44,210,123,104,28,53,3.36864455E7,0
92,45,1405.5,69,196.5,131.1,237,308,39,181,67,113.9,15,48,2.73918516E7,6
92,46,1920.5,107.5,268,159,359,403,74.5,223,127,144.5,30,25,3.27846048E7,2
92,47,456,18,55,29,74,116.1,7,63.9,29,41.1,2.9,20,1.18838762E7,4
92,48,872,38,102.5,57.5,135.2,220.8,17,107.1,76,58.3,35,24.6,2.42613246E7,13
92,49,1,0.1,0.1,0.1,0.2,0.2,0,0.1,0.1,0.1,0,0,28343.7,1
92,50,3608,150.6,368.6,200.9,661.9,799.7,86.1,460,380.2,222.8,159.1,118.1,9.60189668E7,22
92,51,3653,116.1,391.4,200.8,517.2,861,66.2,485.9,511.1,231.5,136.7,135.1,97467968,20
92,52,443.5,9,58.3,15.9,58,102.2,7.2,67,50.9,33,16,26,1.32699012E7,11
92,53,1718.5,42.6,193.9,91.8,182.7,410.9,19.8,274,241.4,97.3,65.7,98.4,5.69523978E7,83
92,54,5236.5,213,498.9,238.5,787,1148,110.2,674.1,795.8,334.7,252.2,184.1,1.423241084E8,24
92,55,1289,61.6,128.5,63.5,193.6,294.9,32,170.9,176,82.1,43,42.9,3.56485188E7,29
92,56,5174.5,256.3,493.5,288.8,982,1128.9,155.9,619.9,581.1,385,163.1,120,1.220257408E8,17
92,58,1024.5,66.3,84.2,80,255,202.9,25.4,100.8,86.1,69.3,35.3,19.2,2.28823491E7,17
92,59,946,59.8,89.5,36.9,206.2,210,38.4,79.1,80.9,90,40.2,15,2.03962994E7,13
92,60,215,5.9,16.7,23,24.9,56,7,34.9,29,6.5,2,9.1,5297441.4,5
92,61,55.5,2.9,6,1.1,6,10,1.5,13,8,3,4,0,1577149,6
92,62,395,22.9,44,12.9,84.1,73,17.9,38,44,31,15.1,12.1,9992025.5,3
92,63,36,3.9,4.9,3.1,10,6,0,4,0,3.1,0,1,854909,3
92,64,797,55,55.5,33,173,162,24,113,98,49.5,20,14,1.79400474E7,4
92,65,822.5,50.9,73.4,55.1,192.9,174,25,92.1,61,65,14,19.1,1.94136265E7,9
92,66,1620.5,76.2,164.4,113.1,267.7,375.9,32,220.1,177.3,99.5,53.1,41.2,4.05041979E7,27
92,67,388,20.9,28.6,19.3,100.1,63.9,8,59,50.2,18,16,4,9418596.5,13
92,68,7,0.3,0,0,2.2,1.2,0.3,1.5,1.2,0,0.3,0,155686.7,1
92,69,16,0.6,0,0,4.9,2.8,0.6,3.5,2.8,0,0.8,0,355855.4,4
92,70,209,8.5,17.6,11.8,40.2,39,6.5,38.2,27.1,13.8,2.5,3.8,5084453.5,3
92,72,336.5,14,32,13.8,51.4,80.9,9,49.4,38.6,22.8,16.8,7.8,7123176.7,5
92,73,536,21.9,46.2,29.8,104.7,119.9,15,89,47.1,24.1,28.3,10,1.19196538E7,13
92,74,899.5,24.5,107.5,58,138,220,27.5,99,103,72,31,19,1.80220268E7,9
92,75,227.5,12.9,23.4,10.7,56.1,47.5,11.5,17,14.7,20.8,7,5.9,4523634.7,7
92,77,215,9.9,16.1,12.9,36.1,58,6.9,29,23,11.9,6.1,5.1,5077577.9,8
92,79,49,1,6.2,2.9,5,7.9,0,11.1,10,2,0,2.9,1085837.3,5
92,81,228,7.9,26.1,8,29.9,62.8,6,25,28.2,15.1,13,6,4752622.8,7
92,82,2,0.1,0,0.1,0.5,0.3,0,0.2,0.4,0.2,0.1,0.1,43981.3,1
92,83,169,15.1,9.4,4.1,43.9,28,7.9,19.1,17,14.5,9,1,3184520.1,7
92,84,321.5,13.8,21.1,6.9,77,54.8,10,50,37,24.5,21.3,5.1,7530574.4,9
92,85,126.5,6.9,12.6,4.9,17,28,1,14.9,22,9,2,8.2,2832898.2,4
92,87,6,0.1,0.7,0.1,0.5,1.3,0,2,0.6,0.5,0.2,0,123834.7,2
92,88,249,4.8,16.6,9.1,33.9,56,5.8,47,38,18.6,6.2,13,6896913.5,9
92,89,517.5,11,53,18.4,53,114,7,84.1,92,24.9,25,35.1,1.52866721E7,9
92,90,823.5,26.9,67.8,28.8,107.2,168.9,21,144.4,142.1,38.5,36.5,41.4,2.39003167E7,22
92,91,1005,40.1,91.8,41.1,175,199.8,27.5,135.1,158.9,69.6,36.1,30,3.04960662E7,21
92,92,1000.5,35.6,99.5,71.5,148.1,189,17.5,123,178,45.4,67.9,25,2.24445107E7,8
92,93,20830,920.5,1781.4,1470.5,4354.9,4134.9,472.9,2411.9,2423,1188.6,1029.2,642.2,4.837145349E8,13
92,94,19445.5,831,1219.4,1923.4,5095,3419.2,352.5,2113.1,2179.9,857,1098.9,356.1,4.004112186E8,7
92,95,15017,925.9,1643,1047.1,2753.5,2875,548.9,1584.9,1627.1,1274.6,505,232,2.270775768E8,9
92,96,8,0.3,0.9,0.3,1.6,2.1,0.1,0.8,0.4,0.4,0,1.1,167429.3,3
92,97,36.5,1.3,4.3,1.3,7.2,9.9,0.6,4,1.3,2,0,4.6,763896.6,3
92,98,585.5,22,42.6,25,78.9,113,9,103,123.9,23,22.1,23,1.46260044E7,10
92,99,57.5,1,5.6,2.1,5,11.9,0,8.9,12,5,4,2,1314239.8,3
92,100,64.5,1,7.1,4.5,6.9,15,4,6.2,15.9,3,0,0.9,1729311,7
92,101,74,2,2.5,8.4,12.9,14,4,13.1,8,3.1,6,0,1841732.5,8
92,102,1050.5,23,122,59.9,132,288.1,24,146.2,131.1,57.4,36.9,29.9,23899253,19
92,106,1048,63.7,100.5,62.1,193.9,227.2,32.9,98.9,121.1,81,50,16.7,2.08851439E7,16
92,107,68,2.7,7.3,2.9,15.6,17.4,2.9,5.4,4.6,4.6,1.7,2.9,1443757.8,7
92,108,2,0,0.1,0,0.5,0.4,0,0.2,0.4,0.1,0.2,0.1,42733.9,1
92,109,167,6.9,24.1,9.2,24.8,35.2,5.8,10.9,23.1,13,9.2,4.8,3413249.7,17
92,110,221,16.8,22.5,19.1,28.9,46,3,27,31.1,13.6,8,5,3991591.5,9
92,111,22,0.2,2,1.4,3.9,2.4,0.2,5.1,2.4,1.8,2.4,0.2,406885.2,5
92,112,4,0.3,0.4,0,0.8,0.7,0.2,0.3,0.6,0.4,0.2,0.1,71348.9,1
92,113,177,10.4,17.7,2.8,30.4,32.3,8.7,21.7,26.5,17.7,6.8,2,3108002.2,10
92,114,143,4.1,6.9,8.9,17.9,27,4,22,31,6.9,12.2,2.1,2978292.7,8
92,115,8,0.3,1.2,0.4,1.8,1.6,0.1,0.5,1.1,0.3,0.4,0.3,147766.8,2
92,116,618,33.1,63.9,48,87.9,123.9,16.1,75.8,90,37.9,26.3,15.1,1.11994488E7,22
92,117,21,0.8,0,0,4.5,3.8,1.4,4.5,3.8,1.4,0,0.8,377000.5,3
92,118,94,3.3,12,5.6,15.1,20,2.3,11.1,14.3,4.3,6,0,1859152.4,11
92,119,15,0.5,2.1,1.2,3,2.2,0.5,2.2,1.8,0.5,1,0,284593.8,3
92,120,176,9,13,10,37,29.9,4.9,17.1,32.9,6,13.1,3.1,3359453.3,13
92,121,110.5,3.5,10.4,2,17.9,19,2.6,19.2,13,7,8.8,7.1,1932085.6,9
92,122,233,8.8,16,10.1,35.1,42,6.8,33.1,50.2,17.7,10,3.2,4922151.9,22
92,123,172.5,5.9,20.1,5.3,31.7,38.2,4,16.2,24.1,7.9,16.1,3,3661253.7,18
92,124,211,13.9,23.1,17.9,46.8,38,4,18,18.2,17.1,9,5,3817013.8,15
92,125,214,7,16.8,16.1,33.1,37.1,5.1,21.9,37,14.6,20.2,5.1,3717506.6,25
92,126,86,3,5.1,5.1,14,12,1.9,20.1,11.2,3.9,9.7,0,1527141.8,14
92,127,45,0,4.8,0.9,6,9.9,0,11.2,8.1,0,2,2.1,825694.3,6
93,0,19,1,0.8,1.5,6.4,2.9,0,2.4,1,1.5,1.5,0,494227.4,2
93,2,1,0,0.1,0.1,0.1,0.2,0,0.3,0.1,0.1,0,0,29812.4,1
93,3,2,0.1,0.2,0.2,0.3,0.3,0.1,0.5,0.1,0.1,0.1,0,59624.8,1
93,4,12,0.3,1.4,0.8,1.5,2.5,0.3,2.5,1.1,0.8,0.5,0.3,345496.4,2
93,5,579,20,70.1,30,71,151.1,13,70.9,65.1,42,20.9,24.9,1.41512554E7,5
93,6,1697.5,98.1,168.9,119.9,301.3,386,53,192.2,180,102.9,55.1,40.1,3.83718389E7,10
93,7,412.5,6.4,42.4,25.8,45.8,121.5,8.5,57.6,48.6,25.5,16.7,13.7,1.12433853E7,22
93,8,756,25,74,34.9,112.8,202,18,96,82.1,50,33.1,28.1,2.29789823E7,16
93,10,95,3,11,3,4,31,2,16,7.9,6,4.1,7,2794217.7,8
93,11,794,26.2,68.5,46.8,100.2,193.9,9.9,122.7,110.1,51.6,35.9,28.2,2.17298922E7,23
93,12,339,12.8,31.5,18.6,50,76,2,58,38.2,18,19.8,14.1,1.01936934E7,11
93,13,714,22.9,83.9,27.8,83.9,209.2,17.3,78.2,97,42.6,30.9,20.3,2.17900593E7,22
93,14,937,33.6,96,43.9,149.1,231.7,16.6,117.2,130.1,61.9,34,22.9,2.51745793E7,16
93,15,1107,33,90,46.5,156,251,24,176.1,183.2,66.3,43,37.9,3.15263779E7,24
93,16,741,21,64.3,20.8,86.2,159.1,14,116,156.8,35.7,37,30.1,23063864,15
93,17,5538.5,326.4,451.1,312.4,1328,1094.2,163,552.9,556,417.5,233,104,128952496,11
93,18,5082.5,293.1,430.8,296.4,1088.9,1038.9,168,521.2,556,360,228,101.2,116346339,15
93,19,2822.5,114.2,250.5,143.8,449,604.8,67.1,441.4,371.1,166.5,99,115.1,8.42700103E7,31
93,20,1042,25.9,100.2,43.6,124.9,214,18.4,193.1,179,63.6,34.2,45.1,3.36770141E7,21
93,21,104,1,8,8,11,20,0,17,28,4,4,3,3150920.2,2
93,22,613,45.5,75,46.9,148,144.9,25.1,38,19,51.4,2.1,17.1,1.47900732E7,5
93,23,709,48.9,92.5,50.1,135.1,197,22,50,21.9,58.5,6,27,1.97856514E7,7
93,24,959,60.8,113.7,29,253.7,234.8,37.1,60.9,32.1,114,2,20.9,27094750,7
93,25,1421.5,59.5,131.4,91.5,244.1,307,37.5,164,188,105.5,72,21,3.56928014E7,4
93,26,6895.5,358.5,634.4,434.8,1348.2,1506.9,177.4,768.1,750,498.1,249.9,169.2,1.544574122E8,13
93,27,21770,1287.4,2263.1,1307.5,4071,4411.5,711,2264,2298,1789.5,828,539,4.812267846E8,12
93,28,10119,520.6,1088.4,550,1710,2272,302,1217,1059.1,775.9,302,322,2.575092495E8,12
93,29,3401,167.5,301,171.6,649.1,702.1,97,481,394.9,250.7,86,100.1,8.73851421E7,14
93,30,16693,997.4,1681.5,1108.4,3545.1,3409,526.5,1922,1545.1,1212,376,370,3.511645352E8,7
93,31,7305.5,329.5,731.3,370.5,1159.1,1681,176,824.1,892,482,340,320,2.071154726E8,12
93,32,22759,950.9,2029,1073,4056,4893.9,533.5,2684,2965.1,1328.4,1426.1,819.1,6.808654141E8,6
93,33,27523.5,1375.5,2408,1280,5378,5878,681,3093.5,3090,1755,1615,969.5,7.979416562E8,2
93,34,24458.5,1426.4,2125.6,1279,5157.5,5305.5,700.8,2661,2387.2,1716.5,1064,635,5.967015726E8,11
93,35,40894.5,2182.5,3391.5,1973.5,8666.6,8965,1100.4,4574,4287.1,2648.9,1855,1250,1.1378981306E9,3
93,36,32757,2040,3142,1798.5,6729.1,6742,1058.5,3670,3046.9,2515,1131,884,6.991101098E8,3
93,37,29076,2115.5,2482.5,1614.5,6908.1,5468.9,944.8,2942,2590.1,2092.6,1174,743,5.815805146E8,14
93,38,40645,2850.9,3857.5,2313.5,8858,8129.1,1397,4381,3426,3311,1410,711,7.667034189E8,4
93,39,30522,1956.5,3427.9,1901.5,6053,5793,1041.4,3519.1,2790,2535,958,546.6,5.259898725E8,8
93,40,28382.5,1764.9,2675.5,1712.5,5837.5,5742,857,3158,2688.1,2089,1282,576,5.674300067E8,4
93,41,8259,570.2,1008.7,603.4,1654.9,1522,286.5,909.8,660.9,747.6,170,125,1.368506692E8,9
93,43,46.5,0,8.1,4,4.9,16.1,0,5,2.1,5.4,0.9,0,846961.1,8
93,44,4651,262.3,492.9,284.3,956.1,945.9,159.2,586.1,357.3,343.8,155.7,107.4,9.98861496E7,21
93,45,7930,520,911.5,567.2,1674.5,1612,295,776.2,530.1,667.7,220.2,155.6,1.415484389E8,16
93,46,18919.5,1290.5,2305,1286.5,3725,3612.1,648.5,1888,1590.9,1809,435,329,3.291425073E8,5
93,47,1503,98.4,142.8,86.1,291.9,324.1,48,179,122,114.5,50.1,46.1,3.69714258E7,9
93,48,54,4,5.9,3,11.7,7.8,0.9,6.9,5.1,6.9,0.9,0.9,1530557.7,4
93,49,678.5,46.4,50.5,29,121.9,138.1,15.3,112.2,80.1,41.9,27,16.1,1.84478664E7,15
93,50,155,9.8,9,6.9,28.9,30.1,0.9,31.1,15,6,7.1,10.2,4676820.9,13
93,51,391,5,44.3,23,55.2,86,4,65.9,52.9,24.9,11,18.8,1.17741459E7,12
93,52,2921,118.6,221.2,137.4,622,616.2,60.5,348.1,361,158,204,74,8.03527229E7,30
93,53,4099,143.8,411.7,184.8,612.1,909.2,93,540,602.9,251.9,204.2,145.4,1.201228036E8,25
93,54,1415,34.7,146.3,63.1,148.3,310.3,21.3,189.2,268.9,84,92,56.9,4.77405717E7,22
93,55,201,14,22,12.5,23.1,58.1,7.8,18.9,23.1,10.5,5,6,5957589.8,6
93,56,2530.5,104.3,237.7,151.1,464.7,555,72.4,347.2,275.8,166.1,117.1,39.1,52214064,23
93,57,267.5,20.6,29,13.6,55,63.9,8.4,29,20,19,7,2,5077168.6,7
93,58,9341,664.3,995.6,635,1881,1666.1,351.5,974,949,773.2,322.1,129.2,1.586134693E8,18
93,59,2113.5,167.6,248.6,122,475.9,386.9,105.5,189,170.2,190.9,30.9,26,3.27245007E7,8
93,60,59,2,6.5,7,10,18,2,6,3,3.5,0,1,1042540,2
93,61,795,35.5,72.9,41,144,183.9,23.1,78,116.1,56.5,27,17,1.97493719E7,6
93,62,952,37.9,101,46.1,164.2,220.9,22.8,124.1,126.9,60,29,19.1,2.38370386E7,15
93,63,827,39.5,90.5,43.9,142.1,189,23.5,103.1,90.9,50.4,30,24.1,19396467,15
93,64,2647.5,116,257.4,154.3,450.1,551.8,52.6,382.9,340.1,165.9,109.4,67,6.69891543E7,23
93,65,8713.5,425.9,789.7,679.5,1948.9,1768.7,236.7,978.8,820.1,523.9,405.3,136,1.819921362E8,23
93,66,1092.5,59.4,108.4,81.5,249.2,241,31.5,124,89,67.3,25.1,16.1,2.45038682E7,8
93,67,264,7,21.9,16.5,40,60,6.6,53,27,17,10,5,6780626.9,11
93,68,66,3,8.6,4.9,16,17.1,0,4.9,4,3.4,3,1.1,1604410.9,5
93,70,293.5,16,27.9,26.1,68,58,10,36,13.1,21.3,9.1,8,6681664.3,11
93,71,20,0.5,2.4,1.4,4.6,4,0.5,2.6,2,1.2,0.5,0.3,455211.5,4
93,72,4,0,0.5,0.2,0.6,1.1,0,0.7,0.4,0.1,0.2,0.2,93426.8,1
93,74,5,0,0.6,0.2,1,1.5,0.5,0.1,0.4,0.6,0,0.1,95174.1,2
93,75,1072.5,51.9,113,78.3,201.2,221.1,31.5,131.2,93.9,83.3,36,31.1,2.16844408E7,14
93,76,120,9.9,10.9,8.1,31.1,25.1,3,13,7,8.9,3,0,2444366.4,5
93,77,111,8,10.9,4,34,12,8.1,10,9,10,5,0,2296952.3,10
93,78,579.5,31.2,51.9,25,125,106.3,18.3,60.1,84,42.5,19.1,16.1,1.16543317E7,16
93,79,386,20.9,38.4,26.5,73,80,12.9,33.2,45.1,25,26.9,4.1,7582656.1,12
93,80,51,1,6,2.1,11.9,12.9,1.9,3,3,4.1,4.1,1,1076625.5,7
93,81,82,7,7,4.9,14,21,1,8.1,7.9,4,5.1,2,1975418.2,4
93,82,132,12,10.4,3,33,25,4,11,14.1,13.5,3,3,2914140.4,6
93,83,50,2.9,1,2.9,11.4,7.6,0.9,5.8,9.7,3.9,2.9,1,1099532.2,5
93,84,77,0.9,6.9,2.1,7.9,24.1,0,15.9,6.1,3.9,5.1,4.1,1771216.8,6
93,85,361,19,23.9,17.9,92.1,49.9,13,49,49.2,27.9,12.1,7,7528845.7,13
93,86,1827.5,94.1,163.3,88.1,367.5,348.5,62,214.8,239.5,128.6,85,36.1,39532950,16
93,88,30,1.1,1.6,3.2,2.1,8.5,0.5,4.3,1.6,3.2,2.7,1.2,765212.2,3
93,89,26,0.8,1.5,2.7,1.9,7.5,0.3,3.6,1.5,2.7,2.5,1,663183.9,8
93,91,7,0,0.8,0.3,0,1.9,0,0.7,1.3,0,1.6,0.4,212683.8,3
93,92,4792,225.5,419.5,270,861.9,876.9,105,626,776,281.1,247,103.1,1.076287037E8,12
93,93,14206,744.5,1249.5,1011,2887,2740,355.5,1764,1583,832.5,743,296,2.855442048E8,11
93,94,6688,331.5,557.8,382.6,1147.9,1273.2,146.5,879.8,970.8,377.4,466.2,154.3,1.435127867E8,24
93,95,5911,349.8,525.7,353.3,1075.3,1051.2,173.5,774.1,769.1,445.8,311.9,81.3,9.73824358E7,17
93,96,11,0.4,1.1,0.4,2.2,2.9,0.2,1.1,0.5,0.7,0,1.5,230215.3,5
93,97,1359.5,43.5,99.5,67.8,185.1,259.9,25.8,247.3,247.8,55.5,75.1,52.2,32589631,22
93,98,63,1,14,2,6,14,2,9,6.9,5,2,1.1,1324242,5
93,99,846,34.1,81.5,38.6,139.9,171.9,28.2,120.8,120,49,33.1,28.9,2.08368495E7,9
93,100,599,19.8,38.5,37,94,137,19.9,89.1,83,32.5,22.1,26.1,1.52589523E7,8
93,101,257,13,32.9,12.1,40.1,58.8,2,49,24.8,9.1,9,6.2,6590130.1,8
93,102,121,10,17.1,5,20.1,23.9,3,14.9,15,12,0,0,2769943.5,3
93,104,19,0,1.1,2.4,1.9,4.9,0,0.6,3.7,0,1.9,2.5,439831.6,3
93,106,3,0.1,0.3,0.1,0.7,0.8,0.1,0.3,0.2,0.2,0.1,0.1,63695.2,1
93,107,3,0.1,0.3,0.1,0.7,0.8,0.1,0.3,0.2,0.2,0.1,0.1,63695.2,1
93,108,44,1,1.9,1,11.6,7.6,1,3.7,8.7,1.8,4.7,1,940146.7,7
93,109,171.5,8,24.9,10.1,26.9,35.9,4,28,16.2,13.6,3,0.9,3126545.2,12
93,110,43,0.7,4,2.6,7.3,4.6,0.7,9.9,4.6,3.3,4.6,0.7,795275.4,3
93,111,170,5.9,14.9,6.1,27,29.9,9,25,29,8.1,12.2,2.9,3113320.2,12
93,113,274,11.8,24.9,12.1,42.1,52.1,9.8,30.8,42.1,20.1,25,3.2,5861598.3,14
93,114,62,2.7,8.9,3.5,14.1,12.4,0.9,4.4,8,1.8,3.5,1.8,1145193,5
93,115,1115.5,52.9,117.5,81,177.7,219,36,138,135.9,75.1,68.2,14.2,1.75105717E7,10
93,116,153,6.1,7,9,18.9,22.9,2,32.3,28.9,9,5,11.9,2734549.5,7
93,117,95,4.2,8.9,6.9,19.6,20.4,4.3,12.5,10.3,5.3,1.1,1.5,1900500,10
93,118,208,11.3,11.8,13.2,49.7,37.2,12.2,19.1,19.9,20.9,10.8,1.9,3939740.5,16
93,119,270,3.9,24.7,17.2,44,54.1,4.8,30.9,50.1,17.3,14.9,8.1,6193749.3,18
93,120,101,0,8.1,3.9,15.9,21.1,1.8,13.1,23,7.1,7,0,2307599.6,9
93,121,55,4,6.5,3,13.2,16.1,1.8,5.9,0,4.5,0,0,1183782.5,6
93,122,197,18.9,19.2,8.1,42.8,40.1,4.9,31.1,13,7,10,1.9,4015240.9,18
93,123,114,4.8,19.1,4,16.1,25.9,5,10.1,11.9,5,10.1,2,1959574.7,10
93,125,538.5,18.9,57.4,28.8,80,110.2,10,85.2,75.6,35.5,30.9,6,1.00630359E7,19
93,126,127,4,8.9,7.2,21.1,16.7,0.9,22.2,12.9,8.1,15.9,9.1,2190972.7,13
94,0,367.5,21.9,23.3,28.3,70,97.9,9.9,50.2,21.9,21.1,12,11,8863722,8
94,1,217,7,19.1,9.1,32.8,50.1,5.8,27.2,38.1,10.9,11.9,5,5601229.6,12
94,2,94,6,10,10,12,29,3,2,16,2,3,1,2449351.7,3
94,3,85,2.9,10.8,6.2,15.9,21,2.1,14,4.9,3,1,3.2,2064424,9
94,4,610.5,21.3,55,31.9,68.2,168.8,14.8,69,86.1,36.2,26,33.2,1.58804567E7,11
94,5,11,0.2,1.1,0,0.3,1.9,0.3,1.2,3.3,0.6,2.1,0,426595,5
94,6,78,1,11.1,2.9,6.1,24,2.9,6.1,10,7.9,5,1,2157228.2,7
94,7,821,36,69.9,35.6,116.1,177.2,16.9,127.1,122,38.3,51.9,30,2.19921001E7,13
94,8,11,0.4,0,0,2.2,3.6,0.4,0.4,1.8,0.4,1.1,0.7,268252.3,4
94,11,62,0.5,7.5,3,8.6,19.1,0.5,6.7,10.2,1,4.2,0.7,1645936.1,7
94,12,510,10.6,48.7,35.9,53.4,128.1,11.5,75.6,79.9,29.3,16.9,20.1,1.65173889E7,30
94,13,3,0,0.7,0.1,0.3,1,0,0.1,0.4,0.1,0.1,0.2,108313.8,1
94,14,3,0.3,0.3,0.1,0.7,0.6,0,0.6,0.3,0.1,0,0,83289.8,1
94,15,10,1,0.9,0.3,2.2,2,0.1,2,0.9,0.5,0.1,0,277632.7,4
94,16,1043,34.4,104.4,50.5,174.9,259,21,133.9,146.1,70.8,21,27,2.60850467E7,8
94,17,3779.5,163.6,332.1,163.4,589.2,774,104.3,455,628.8,240.9,181.2,147,1.067047098E8,30
94,18,129,8.7,4.1,6.2,39.1,12.2,5.7,23.3,17,6.7,3.9,2.1,3924958.8,13
94,19,1162.5,38.4,101.7,53.6,139.1,271,17.9,198,184.7,53,50.1,55,3.75952142E7,25
94,20,3374,157.3,386,193.5,647.1,719.2,111.2,448,278,302.6,32,99.1,8.51890498E7,16
94,21,7844,516.9,877.8,435.6,1716.9,1520,311.9,811.1,645.2,718.4,110.1,180.1,1.638717227E8,12
94,22,4999,257.4,663.1,296,892.1,1137.9,153.5,529.9,413.1,439,72,145,1.150134926E8,5
94,23,12084,965.9,1269.5,851.4,3312.1,2384,453,1050,437,1010,65,286.1,2.681701813E8,10
94,24,875.5,39.9,91,51.9,159,196.1,34.5,119.1,81.9,72.9,12.1,17.1,2.09093553E7,9
94,25,11914.5,672.6,1089.1,649.9,2460,2437.1,328.9,1300.8,1272.2,789.9,591.9,322.1,2.953233971E8,15
94,26,6237.5,315.3,586.7,353.7,1116,1347.4,191.5,722,755.9,428.9,224.9,195.2,1.648260793E8,22
94,27,7824,363.3,798.5,408.8,1311.7,1797.1,208.9,1009.8,850.2,542.5,236.1,297.1,2.148849018E8,24
94,28,6767,328.4,639.4,344.6,1123.9,1463,167.5,865,856,458.1,310.9,210.2,1.817987879E8,23
94,29,1068.5,47,125,52.9,156,254,21,129.2,149,67.4,34,33,3.25644591E7,5
94,30,7128,255.4,737,314.1,1033.9,1572,138.5,973.1,933,488,360.1,322.9,2.045980125E8,16
94,31,18009.5,905,1799.5,967.9,3130.5,3691.9,471.5,2202,2313,1186,768,574.2,467132565,11
94,32,16915,768.4,1347.5,742,2940.5,3602.1,385.5,2095.5,2456,932.5,1080,565,4.874967946E8,7
94,33,22569,1336.5,2345.4,1316.1,4089.2,4789.1,703,2522.9,2261.5,1684,895.9,625.4,5.079616835E8,6
94,34,21334,1238.1,2117,1179,4129.9,4633,584,2394.1,2137.9,1534,791.2,595.8,5.031028221E8,14
94,35,24290.5,1350,1979.9,1306.9,5602.1,5144,670.9,2722,2227,1559.1,927.5,801.1,6.843340182E8,8
94,36,27930.5,1711,2497,1549,6102.9,5657.1,889.9,3217.1,2707,1966.4,1027,606.1,6.260997303E8,6
94,37,27374,1602,2346,1540.5,5865,5571,822,2975.1,2774,1903.9,1195,779.5,6.505052299E8,4
94,38,28115,1489.5,2397.5,1447,5864.5,5692,771.5,3195,3011,1828.4,1540,878.6,7.004060819E8,2
94,39,28251,1759.5,2650.5,1694.5,6025.9,5823,887.5,2943,2486,2137,1127,717.1,595045145,3
94,40,29045.5,1766.5,3137.5,1740,5501,5834,911.5,3255.1,2708,2296.9,1011,884,5.403230674E8,4
94,41,42137.5,3094.5,5288.5,2836.5,8403.5,7747.5,1691,4272,3342,4022,818,622,6.445985699E8,9
94,44,336,26,27.5,18.1,82.9,81.8,7.5,26.1,18.1,27,12,9,8484309.6,11
94,45,1769.5,85,238,141.4,316,378,48,199,141.1,141,56,26,3.49348294E7,2
94,46,4992.5,294.9,515.2,291.9,1003.8,1049.9,178.4,485,455.3,387,200.1,131,1.086765525E8,14
94,47,3825.5,186.5,389.5,234.5,666,870,93,483,375,285.1,122.9,120,9.35514766E7,7
94,48,1333.5,76.1,135.5,84,267,329,30.9,151,91.1,82.9,35.9,50.1,3.34461662E7,7
94,49,803,18.9,90,47.4,137,178.1,23.6,122.9,85,52,16.1,32,2.09447836E7,14
94,50,21,0.6,2.5,0.6,2.1,5.3,0.2,5.3,1.9,1.1,0.6,0.8,598534.2,5
94,51,1526.5,59.9,158,78.1,238,360.1,32.5,169,188,97,77.9,68,40792998,7
94,52,2135.5,106.3,188.1,99.5,425,477.9,44,238,264.1,125.4,92.1,75.1,6.39239229E7,8
94,53,361.5,21.5,17.5,12,80,71,10.9,59,48,15.5,12,14.1,11748313,2
94,54,5368.5,230.9,339.5,282,1269.9,1043.1,112.5,636.9,683.1,234.6,394.1,141.9,1.468640632E8,8
94,55,3787.5,184,271.7,182.5,854.9,774.8,69.4,498.1,479,193.4,202,77.7,9.13925343E7,11
94,56,1008,78,99.4,59,268,195.9,44.6,76,66,85.9,17.1,18.1,2.28567212E7,8
94,57,162,11.8,8,13,53,35.2,3.9,18.1,5.9,8,2,3.1,3162564.8,10
94,58,14143.5,1173.4,1651,982.2,3141,2528,586.9,1260,1013,1389.9,266,152.1,2.067668345E8,13
94,59,13119.5,889.1,1356,805.1,2588.3,2259.9,512.9,1501,1296.1,1132,508,271.1,2.295340813E8,11
94,60,4094.5,232.9,329.5,256.4,895.9,773,119,549.1,445.2,292.9,120.2,80.4,9.25139034E7,15
94,61,2684,141.5,252,146.4,515.1,519.9,89.3,349.1,307.1,215.5,87.1,61,59093971,19
94,62,4356.5,199.5,380.1,302.5,834.4,874.7,122.2,590.1,501.7,280,210.1,61.2,9.12224417E7,25
94,63,1186.5,62.9,103.2,65.8,209,249.3,36.6,159.2,176.2,74.2,24.1,26,2.81210386E7,22
94,64,1585,43,125.9,91.2,256,331.1,32.4,276.9,237.9,102.6,52,36,3.96739649E7,12
94,65,1745,78.5,147.5,99,355.9,360.8,52,192.8,191.3,126,99.1,42.1,3.93775274E7,19
94,66,864.5,37.5,65.5,54,157,171,23,98,172,44.5,30,12,2.05935796E7,6
94,68,483,29,55.4,20,89.1,103.9,14,64,44.9,41.6,10,11.1,1.18058966E7,8
94,69,562,34.8,52.6,20.2,101.2,105.3,15,82.9,90.4,32.9,16.6,10.1,1.35313226E7,22
94,70,450,28.9,41.1,26.9,87.9,86.1,6.9,69.2,52,26.8,15.1,9.1,1.01158887E7,9
94,71,216,6.5,22,10,35,39,5,40,36,13.5,6,3,4279748.5,6
94,72,3718.5,196.5,318.5,321.6,725,699,108.9,392.1,436,231,230.9,59,6.92340821E7,9
94,73,9,0.2,0.9,1.1,1.1,2.9,0.2,0.9,0.7,0.2,0.3,0.5,206338,2
94,74,98,5,10,1.9,18,26,4,7.1,9.9,9,4,3.1,1968242.6,3
94,75,210,21.1,15.9,14.9,50,46,7,10,21,13.1,7,4,4869798.8,6
94,76,29,1.8,0,0,6.4,3.6,0,8.1,3.6,1.9,3.6,0,706728,2
94,77,354.5,31.5,26.4,17,78.2,77.2,11.9,35,34.9,21.3,12.1,9,7236559.5,16
94,78,5,0.4,0.6,0.6,0.7,0.9,0.1,0.3,0.8,0.5,0,0.1,101701.5,1
94,79,248.5,15.9,21.9,11.1,55.1,42.2,6.9,25.8,30,26.6,12,1,5089349.5,8
94,80,7,0.6,0.6,0.3,1.8,1,0.1,0.8,0.7,0.6,0.5,0,146009.9,1
94,81,269.5,24,37.9,17.6,45,58,6.9,16.1,28,19.9,9,7.1,5563282.9,5
94,82,157,6.7,7.6,3.4,34,35.3,5.1,23.7,16,14.5,9.7,1,3181923.8,9
94,83,363,24.9,43.6,15,68,82,10,35.9,45.1,20.5,13.2,4.8,8142937,11
94,84,48,4,4.9,3.5,8.4,12.8,0,3.4,6,1,3,1,1121343.8,2
94,85,194.5,12.9,21,7,53.1,33.1,7.5,18,13,19.9,8,1,4306166.5,3
94,86,1063,46.9,100,35.2,187.9,235.1,28.4,141.1,143,84.3,33,28.1,2.43124694E7,13
94,87,264,11.1,20.9,19,40,56.2,4.9,39.9,39,12.1,12.9,8,6085781.6,13
94,88,135,4.4,19.5,2.9,24.1,31,0.9,15.1,15.9,10.1,7.9,3.2,3219821.4,10
94,89,367,18.1,44.1,16,74.9,85,9.9,41.9,48.1,18.9,6,4.1,9128614,9
94,91,340,16.9,34,9.5,57,77,3.5,40.1,71.1,11.9,10,9,8804031.2,6
94,92,4961.5,193.9,534.1,267.9,828.3,1114.7,113.8,591,604.3,312.5,266.1,134.9,1.022310567E8,17
94,93,1815.5,59.9,137.1,91.9,267.9,393.1,31,306.1,275.1,93.4,124.9,35.1,3.91953431E7,17
94,94,734,34.5,85.3,49.5,123.9,180,23.9,104.1,47,47.5,14.1,24.2,1.51334508E7,8
94,95,210,3.5,27.5,13,16.1,45.9,2,35.1,44.9,7,10,5,5407917.2,6
94,96,696.5,20.9,68.1,33.5,99,164.1,20.4,96.1,92.9,60.4,15,26.1,18059276,8
94,97,459.5,7,30.1,24.4,76,83,17.9,69.1,92,33.9,20.1,6,1.13216543E7,9
94,98,854.5,34,69.8,46,142.1,195,26.1,114.2,115.8,54.5,35.9,21.1,2.02618003E7,8
94,100,4,0.1,0.5,0.3,0.3,0.9,0.2,0.2,0.6,0.4,0,0.5,128245.1,1
94,101,567.5,21.4,46.7,28.1,89.1,114.7,13.1,101,76.9,32.4,31,13.1,1.34415292E7,11
94,102,149,4.7,9.8,7,28.2,37.1,4,22.1,15,6.9,3.9,10.3,3889697.4,9
94,103,227.5,11.9,29.5,9.1,29,56.1,8.9,29.2,25.9,16,7,4.9,4851104.1,9
94,104,12,0,0.7,1.5,1.2,3.1,0,0.4,2.3,0,1.2,1.6,277788.4,2
94,105,618.5,29,65.9,40,97.1,114.8,16.1,94,85.2,34.5,27,14.9,1.17324722E7,12
94,106,926.5,32.1,105,58.1,147.9,197.9,25,120.9,120.1,67.3,38.1,14.1,17071283,12
94,107,155.5,1.7,12,11.1,20.8,40.9,4.9,26.4,24.6,7.9,3,2.2,3425763.9,10
94,108,223,7.8,20.7,6.1,38.8,41.8,3,36.3,25.1,24.1,15,4.3,4668521.7,16
94,109,207.5,3.1,28.5,12.5,36,47,4,27,25.1,12.4,6,5.9,3862224.5,10
94,110,37,0,4.5,2.1,9,10,1.9,6,0,2.5,1,0,998995.3,5
94,111,162.5,7.9,16,10.5,24,44.1,8.9,20,6,16.9,5.2,3,3047574.9,7
94,112,15.5,0.8,2.2,0.7,4.2,3.7,0.6,0.8,0,1.4,0.3,0.8,360857.6,3
94,113,40,2.1,5.9,1.9,10.8,9.2,1.3,2.1,0,3.8,0.8,2.1,931245.9,7
94,114,8,0.3,0.5,0.5,1.3,1.6,0,1.1,1.6,0.6,0.5,0,169025.4,3
94,115,2154,106.8,240.7,141,326.8,353,61.4,294,295.1,150,167,18.2,3.49881579E7,18
94,116,47,5.4,4.7,0,10,5.4,2.7,4.7,5.7,4.7,3.7,0,877409.8,7
94,117,326,25.9,28.1,9.9,74.2,51.8,11.1,39.9,32,30.1,14.1,8.9,6530879.5,19
94,118,127,4,12.8,9,23,28.3,2,16.9,9.8,14,5.1,2.1,2251475.3,12
94,119,56,0.9,4.1,1.1,7.9,14.9,1,9,5,6,3,3.1,1217587,6
94,120,183,11,11,9.9,47,30,11,28.1,20,12,3,0,3851876,2
94,121,397,18,38,23.9,84.1,86.1,6.9,39.1,33,41,20.9,6,7870077.3,23
94,122,112,3.5,10.7,3.4,24,18.2,3.7,13,16,11.9,7.6,0,2173865.3,8
94,123,12,0.2,0.5,0.7,1.9,3.6,0.5,1,1.9,0.5,1.2,0,217005.4,5
94,124,262.5,10.8,24.4,11.8,40.8,49.8,8.5,33.3,42.1,21.9,17.3,1.8,5168126.2,27
94,125,298,8.4,38.1,22,45.2,64.8,9.7,29.1,35,23.3,13.2,9.2,4966694.3,13
94,126,656,39.8,75.9,37.9,106.1,116.8,15.2,87.8,80.8,40.7,48,7,1.17069265E7,25
94,127,113,8,11.4,9.2,18.9,23.1,2.9,10.1,11.9,11.4,4.2,1.9,2046304.2,11
95,1,159,5.1,11.5,8.4,15.1,39.9,2,27,24,12,5,9,4157614.8,6
95,2,60,3.8,4.7,1.4,12.4,10.3,0,9.5,7.8,2.7,5.7,1.7,1619406.3,2
95,3,11,1.2,0.3,0.6,3.5,1.8,0,1.6,1.2,0.2,0.3,0.3,304571.1,3
95,5,31,0.6,3,0,0.9,5.1,0.7,3.6,9.7,1.5,5.9,0,1202222.3,6
95,7,47.5,2.1,4.8,2.1,8,8,1.2,8,4.8,1.5,4.1,2.9,1514485.2,9
95,12,354,7.9,35.4,10.9,42.8,77,5.9,44.8,68.6,12.5,20.2,28,1.15617849E7,16
95,13,1100,31.4,100,50.5,142.7,225.8,15,173.3,208.9,53.1,57.1,42.2,3.31088151E7,40
95,14,1811,85.9,159.9,102.4,325.8,373.1,41.9,246.4,256.3,92.4,72.9,54,4.77994095E7,25
95,15,178,7.8,17.3,6.7,37.9,37.7,4.7,36.3,16.1,9.8,1.7,2,5395853.8,12
95,16,1042,70,101.4,57.4,210.1,217,25.9,122.1,87.9,86.1,31.1,33,2.61561931E7,14
95,17,1150.5,34.6,103.5,47.7,174.6,252.2,28.6,186,166.4,68.7,50.3,37.9,3.48399153E7,25
95,18,36.5,1.8,2,2,5,9,1,2.9,5.1,4.5,1,2.2,850826.3,6
95,19,6500,257.6,625.1,355.6,1008.9,1399.1,160.5,836.9,914.9,410.5,275.1,255.8,1.732692353E8,13
95,20,9066,591.1,1191,561,1918,2002.4,343.6,852,364.9,901,64,277,2.111841207E8,11
95,21,11018,908.5,1254.1,843.5,2571.9,2118.1,460.8,1022,502.9,1059.1,70.1,207,2.009321168E8,10
95,22,3304.5,224.6,364,224.9,783.1,654,110,324.2,231.9,296,21.9,69.9,7.11685817E7,8
95,23,11422.5,816,1263.1,836.5,2769,2285.8,462.4,1026,491,1090.5,148.1,234.1,2.313719899E8,7
95,24,7123.5,364.9,814.5,387.5,1295,1484.5,207,948,707,599,121,195.1,1.674511337E8,6
95,25,6367.5,451.9,630.9,359.5,1465.8,1297.1,239.7,575,550.1,502.4,156.1,139,1.446217727E8,12
95,26,688.5,21.9,72.5,37.6,88.7,178.1,17.1,104,83,35.6,18.9,31.1,2.14510478E7,18
95,27,287.5,12.8,30.9,16.8,42.9,67.1,6.7,26.9,41.3,16.1,20.1,5.9,6525793.4,21
95,28,3604.5,117.7,406.2,211.5,516.3,868,84.5,469.9,443,230.2,135.3,121.9,105874508,16
95,29,4031.5,148.4,432.1,191.6,559.9,912.1,82.8,690.1,443,281.5,76,214,1.265470479E8,16
95,30,1528,38,171.6,78.9,191.1,368.9,29,186.9,191.1,113.4,72,87.1,47805546,7
95,31,2275,97.8,199.6,145.4,424.1,566,53.9,278.1,208.9,150,66.1,85.1,5.93914906E7,9
95,32,9260.5,542.4,905.1,468.6,1733.1,1944,309.9,1048,1078,664.3,303,264.1,2.201503576E8,18
95,33,29900,1630.6,3269,1934,5221.1,6363.5,873,3383.9,3156.9,2288.5,992,787.5,6.383180538E8,3
95,34,29803,1924,2967.6,1793.1,6551,6027,977,3014.1,2597,2200.4,894.8,857,6.466975025E8,8
95,35,26415,1793.9,2130,1527.5,6862,5189,857.5,2822,2087,1834,717,595.1,5.940141856E8,9
95,36,19750,1340,1955.5,1243.1,4078.1,3888,691,2168.9,1815,1570.4,617,383,3.884488514E8,8
95,37,24092,1555.5,2301,1421.5,5119,4872,803.5,2576,2192,1803.5,938,510,5.204093034E8,5
95,38,33091,2492,3779.5,2111.6,6800.9,6050,1238.5,3225.1,2565,3084.4,873,871,5.511560539E8,5
95,39,28382.5,1964,2528.5,1605.4,6230.5,5584,965.5,3025,2576.1,2098.1,1223,582.4,5.802953966E8,7
95,40,22960.5,1431.1,2388.6,1398.5,4512.5,4659.9,755.9,2547,2131,1842.9,794.1,499,4.466822711E8,5
95,41,20964,1733.6,2352,1333.1,4495.5,3871.9,858.9,2006.9,1449,2133.5,384.1,345.5,3.552526822E8,13
95,42,3646,220,405.3,242.2,648,752.1,120.5,441.3,344.3,287.5,93,91.8,8.16034353E7,5
95,43,4,0,0.2,0.4,0.4,1,0.2,0.6,0.6,0.4,0,0.2,98113,2
95,44,2360,126,219.5,143.5,500,573.9,64.9,294,175.2,145,47,71,5.74272136E7,6
95,46,3621.5,255.1,358.1,222.5,861,735,121,335,281,275.9,116,60.9,7.65010419E7,10
95,47,961.5,49.3,102.9,46.1,176.3,203.1,29.9,136.9,110.1,59,22.9,25,2.38007812E7,6
95,48,2101.5,99,224.5,95,334,496,56,226.9,308.1,141.9,50,70.1,5.63035374E7,6
95,49,11326,626.9,1164.6,636,2062.1,2526,365.8,1231.1,1131.1,952.4,320.1,309.9,2.553188896E8,11
95,50,56,1.5,6.5,2.2,5.8,13.8,0.7,13.8,5.1,2.9,1.5,2.2,1596091.2,1
95,51,2577,94.4,241.3,125.6,370,605.9,56.5,342.1,355.1,137,159,90.1,7.46983735E7,12
95,52,42,1.9,3,2,6.9,8,1,8,3.9,1.9,4.2,1.2,1237112.7,8
95,54,208.5,4,25.8,13.5,12,50.1,2,37,45.1,9,4,6,6909424.1,8
95,55,1259.5,43,107.9,65.9,158.9,288.1,32,163.2,167,75.3,108,50.2,3.82095531E7,11
95,56,168.5,7,13,6,21,31.9,2,32.1,35,5.5,11,4,5498943.9,4
95,57,35,4,0,4,7,7,1,2,4,3,0,3,556245.9,2
95,58,20611.5,1604.3,2079.8,1194.8,4496.1,3677.6,746.5,2033.1,1895.1,1877.8,724.1,282.3,3.480833559E8,17
95,59,6177.5,350.1,596.7,336.2,1220.6,1242.9,189.3,668,672.9,531.8,243,126,1.255163259E8,20
95,60,4942,303.4,541.5,282.1,987,963.8,148,573.2,438.1,468.8,157,79.1,9.51643324E7,11
95,61,1296,49.3,157.3,71.3,236.1,323,42.5,163.1,98.9,98.5,25,31,2.99470363E7,23
95,62,4983.5,327.9,409,316,1120.7,981,155.3,544.8,519.1,368.5,184.1,57.1,9.87667124E7,14
95,63,514,16,40.5,37.5,74,122.9,12,90.1,56.8,24,14.1,26.1,1.29723452E7,14
95,64,744.5,37,66.5,36.1,132.9,173,20,100.9,89.9,49,23.1,16.1,1.81516883E7,6
95,65,487,26.1,63.9,25,89.8,109,19.5,45.2,40,32.9,17.4,18.2,1.09826059E7,12
95,66,471.5,12.9,36.5,30.8,64.9,118.1,9.9,74.1,63,26.1,23.1,12.1,1.18559328E7,7
95,67,51,2,3,0.9,8.9,13,2.1,9,7,3,2.1,0,1139229,3
95,68,204,10,20,15.9,42.9,48.3,2,21.9,16.1,19.9,4,3,4471127.3,6
95,69,171,8,14.5,13,32,29,4.4,25,27,13,3,2.1,4095132.1,7
95,71,121.5,3.9,8.7,6,31.8,31.1,2,13.8,10.1,2.1,10.9,1.1,2923479.4,10
95,72,2612,148.4,236.1,170.5,495,547.9,67.8,370.1,263.1,163,109,41.1,5.15748373E7,13
95,73,404.5,25.7,42.2,19.9,82.7,88.2,10.8,48.2,36.3,33.2,12.8,4.5,8799098.9,7
95,74,391,20.4,34.6,17,84,78.2,19,50,42.9,28.9,13,3,8395919.2,6
95,75,182,7,20.9,8.1,39,45.2,4.9,15.9,24,10,6,1,3622574.2,7
95,76,33,0,2,2.9,4,5.1,0,9.9,4,2,2.1,1,808225.4,5
95,77,3,0.2,0,0,0.6,0.3,0,0.9,0.4,0.2,0.4,0,73109.8,2
95,79,132,8.7,19.5,11.4,17.3,29.1,2.9,10.7,17.1,13.4,1,0.9,2471317.4,7
95,80,184,14.1,18.6,9.9,38.2,35.9,3.3,20,17.1,13.4,12.6,0.9,3774949.3,9
95,81,341.5,24.4,33.6,11.1,69,75,17,33,26.9,32.4,14.1,5,6664218.4,13
95,82,2,0,0,0.1,0.4,0.3,0.2,0.5,0.2,0.2,0.1,0,44683.3,1
95,83,9,0.2,0.2,0.5,1.8,1.4,0.7,2,0.9,1.1,0.2,0,201074.9,1
95,84,15,0,2.2,0.5,1.5,6.2,0,1.6,1,1,1,0,432465.5,2
95,85,108,12,5.9,8.1,28.9,15,5,10,7,4,7.1,5,2431361.6,6
95,86,48,0,4.1,0,9,4.1,0.8,6,12.1,4.9,6.2,0.8,1020946.2,8
95,87,241,10.5,14.5,20.9,54,49,4,26.1,21,18,10,13,5401229.6,4
95,88,297,17,21,9,60.9,58,8,45.1,43.1,19.9,12,3,6853131.4,5
95,89,53,2.8,6,7.1,6.1,13.1,0.8,7.1,5.2,2.8,2,0,1349570.8,8
95,90,216,8.8,15,6.7,53.8,42.2,9.5,34.8,18,17.1,6,4.1,5128578.3,14
95,91,2582,96.2,232.5,127.5,440.1,565.9,60.4,340.1,404.3,152,104.9,58.1,6.06204394E7,16
95,92,229.5,9,31.4,10.1,24.1,69,5,39.9,13.9,15,7,5.1,6177534.9,5
95,93,631.5,31.9,45.2,25.9,113.1,144.2,10.9,86.1,99,38.5,18.7,18,1.66021508E7,17
95,94,5,0,0.4,0.7,0.9,0.9,0.2,0.2,1.1,0.4,0.2,0,125376.7,1
95,95,57.5,3,3.1,4.3,10,11,0.7,4.9,10.9,4.6,4,1,1545854.5,4
95,96,63,2,7,3,9,22,1,6,4,6,2,1,1614388.7,2
95,97,46,1,2.9,1,9,9,2,4.9,5,9,1.1,1.1,1310626.5,4
95,98,94,6.9,15.1,1,22,23,1.9,10,6.1,7,1,0,2262217.7,3
95,99,284,8,26.6,10.1,49.7,72,12.2,29.9,30,23.4,5.9,16.2,7327158.2,9
95,100,235.5,12.1,22.6,11.8,33.8,49.5,8.5,25,37.5,15.4,7,12.3,6151201.1,11
95,101,12,0.5,1.4,0.9,1,2.7,0.5,0.7,1.7,1.2,0,1.4,384735.4,3
95,102,41,2.9,2.9,1.9,8.1,8.8,0,8.1,4.1,1.1,1.2,1.9,941087.6,7
95,106,502,20.9,38,21,97,97.1,11,78,72,35.9,30.1,1,9196003.1,7
95,107,6,0.3,0,0,1.2,1.2,0.6,1.2,1.5,0,0,0,147468.6,3
95,108,4136,181.7,370.1,303.4,640.7,750.9,105.1,553,629,247,306.1,49,7.32199137E7,20
95,109,1064,62,108.5,74.9,157,251,27.1,116,122.2,84.4,50.1,10.8,1.71364468E7,10
95,110,133,4.8,17.5,10,16.9,35.1,3.1,26.9,6.3,6.5,1.9,4,2883817.2,10
95,111,435.5,23.4,30.4,27.9,72.2,77.1,17.1,66,56.8,35.7,22.8,6.1,8330735.4,20
95,112,149,3,19,6,15.8,37,2.9,21.2,17.1,9,11,7,2965610.8,9
95,114,177.5,3.1,19.1,10.3,21.7,38.9,2.9,24.2,36.8,5.1,13.1,2.3,3661784.1,18
95,115,156,5.7,9.5,8.4,26.9,29.4,3,23.6,25.3,10.6,10.6,3,3217600.7,11
95,116,153.5,5.8,13.2,9.1,31.1,20,5.1,30.9,17.7,11.1,3.1,6.4,3209351.3,19
95,117,4,0.5,0.4,0,0.8,0.5,0.2,0.4,0.5,0.4,0.3,0,74673.2,1
95,118,287,7.5,34.6,18.9,34.9,66,2,42.7,47.4,14.1,15.1,3.8,6246134.9,35
95,119,113,4.9,9.9,5.1,18,23,3,22.8,9,9.2,5.1,3,2613921.6,12
95,120,345,17,35.4,20.7,49,72,10.1,43,45.8,25.1,18.9,8,7118727.2,13
95,121,72,2.1,7,1,9.9,15,0.8,17.1,11.9,5.1,2.1,0,1801827.3,6
95,122,374.5,22.5,29.5,15.1,73.3,74,11.7,49.2,50.2,22.9,20.3,5.8,7824231.4,27
95,123,411,15.8,37.2,32.9,71.1,90.2,14.2,37.9,53.3,36.4,19,3,8289332.1,29
95,124,30,0,2,2,4,7,1,3,9,0,2,0,664287.7,6
95,125,235.5,9.6,22.9,15.1,41.9,48.1,8,23.2,37,9.8,13,6.9,4438294.5,25
95,126,95,4,9.9,3.1,16,22.8,1.9,9,12.1,3.9,9.2,3.1,1693735,10
95,127,37,3.9,0,1.1,14,4.1,2,4.9,3.1,3.9,0,0,692886.6,4
96,0,337,14.1,33.9,17.9,49,74.9,5,54,45.1,23.1,9,11,8366810,13
96,1,201,2.8,15.5,15.4,27.1,43.2,3.9,34,22,12.1,16.1,8.9,5358528.7,9
96,2,220.5,7,22.5,11.1,33,51.8,5,38.1,30.9,5,7,9.1,5347089.1,11
96,3,1104,45,97.5,38.4,139.2,220,21.9,177.9,190.9,76,55,42.2,2.63561328E7,8
96,5,602.5,21.5,44.1,21.1,87.7,121.9,11,95.1,106.8,38.1,33.1,22.1,1.61856533E7,11
96,6,121,2.5,12.1,9.6,16.3,30.2,2.8,20.8,7,2.9,11.6,5.2,3557559.5,7
96,7,642.5,19,71.7,31.7,82.7,159.1,16.4,108.1,68,34.2,17.8,33.8,1.80005413E7,20
96,8,1,0,0.1,0.1,0.2,0.3,0,0.2,0,0,0,0.1,24015.1,1
96,13,44,0,2.9,2.9,8.9,7,0.6,8.9,7,1.5,1.1,3.2,1210930.9,7
96,14,123.5,1,9.5,6.9,19.1,32,0.9,15.9,17.3,7.1,7.8,6,3682496.7,19
96,15,75,3.4,7.9,2.4,8.3,14.1,0.8,16.3,11.5,3.4,3.4,3.5,1990420.2,4
96,16,8411.5,427.4,757.7,563.7,1554.9,1751,269.3,1015,943,544.6,414.9,170,1.788711297E8,21
96,17,5251,364.4,450.7,344.3,1160,934.8,161.4,600.2,618.1,396,162,59.1,102669693,28
96,18,9826.5,728,1092.5,620.5,2129.9,1844,427.9,1020.1,630,1032.5,138,163.1,1.754831494E8,11
96,19,7952.5,345.4,851.6,438,1278.8,1698.8,208,986.1,924.1,574.4,345.1,302.2,2.039127886E8,9
96,20,1823,137.3,219.5,142,450.1,368.9,79.5,73.9,84.1,222.5,21.2,24,4.17916879E7,11
96,21,324.5,9.4,48,22.4,44.6,88.7,7.8,28.8,18.5,40.7,5.8,9.8,8094472.9,5
96,22,2327,148.5,226.4,159,462,470.1,92,267,230,171,51,50,4.91553531E7,4
96,23,1836.5,92,186,99.7,361,372.9,47.6,263.1,191.8,125.5,51,45.9,47244117,7
96,25,101,1,14.6,3,14.9,26,4,10.9,7.9,12.5,0,6.2,2432369.6,7
96,26,8618,496.3,723.5,507.6,2077.3,1744,254,828.1,878.1,613.9,306.1,189.1,2.071167231E8,10
96,27,1728,69.4,166.2,111.4,270,411.8,30.5,242.2,194.1,110.9,42.2,79.3,5.17016469E7,19
96,28,2646,119.9,283.5,124.6,423.9,607.2,72,306.8,331.9,181.9,89.2,105.1,7.43030623E7,16
96,29,3518,153.7,398.8,140.1,505,792.9,108,365,520.1,246.4,171,117,1.041613997E8,14
96,30,2,0,0.4,0.2,0.2,0.5,0,0.3,0.3,0.1,0,0,60127.9,1
96,31,7157.5,434.9,759.5,501.9,1563.8,1698.9,238.1,718,381.3,553.7,84.2,223.2,176080499,13
96,32,10371.5,527.4,1188.3,626.4,1715.1,2391.6,292.5,1211,1055.2,781.9,273,309.1,2.557696437E8,20
96,33,12066.5,758.5,954.5,588.5,2655.6,2477.4,341.5,1211,1434,809.5,603,233,2.960495043E8,8
96,34,13984,703.4,1335.4,857.7,2680,2841,388,1674,1561,1029.5,523,391,3.219023577E8,16
96,35,30236,2020,2751,1917.6,7254.9,5767.9,1008.5,3491.1,2461.1,2246,687,630.9,6.431407211E8,11
96,36,21260,1247.4,1860.9,1220.6,4512.6,4274.9,641.5,2491.1,2134.9,1562.6,827,486.5,5.014311397E8,5
96,37,13079,703.6,1267.6,706,2384,2818.8,371,1564.9,1407.1,952.1,523,380.9,3.211443928E8,14
96,38,19710.5,1363.5,2315.4,1383,3896.5,3832,698.5,1990,1734.1,1715.5,454,328,3.407331837E8,6
96,39,4020,236.4,396.9,229,758.6,849.1,130,503.9,410.2,273,126.9,106,9.57351072E7,12
96,40,14150.5,924.7,1212.4,861.5,3277.1,2809.6,444.5,1588.1,1316.9,977.5,462.1,276.1,3.034118647E8,12
96,41,30768,2233.4,3487.6,2081.2,6125.3,5820.9,1147.5,3363,2573,2722.5,604,609.6,5.424853551E8,10
96,42,4659.5,312.9,508.4,386.3,976,1004.9,129.5,556.9,198.4,402,52,132.2,9.44109518E7,11
96,43,459,41,35.5,40,138,89,12,45.4,16,24,12.1,6,8431528.2,4
96,45,105.5,5,12.4,3,28.1,19.9,1.9,9.1,8.9,12.1,4.1,1,2291873.8,5
96,46,337.5,16,52.6,25.7,60.9,91.6,8,29.3,13.4,27,5,8,7547733,4
96,47,761,24,76.4,52.9,150.1,194.1,19.1,92.9,61,46.4,14.1,30,2.09277313E7,6
96,49,4204.5,281.6,402.8,234,1000.1,858,141.5,412.9,349.1,334.5,114.9,75.1,9.31944809E7,11
96,50,1943,67.2,257.7,111.4,237.8,534.7,36.8,205,203.9,168.7,30,89.8,56213201,7
96,51,1716.5,77.1,167,111.7,349.7,398.8,34.8,175.1,186.3,112,55,49,4.29835203E7,14
96,52,159,2.9,12.4,5.5,22.8,38.3,3,18.9,32.1,10,6.9,6.2,5081684.2,13
96,54,707.5,18.9,65.5,32.9,95.9,163.2,10.5,117,90,38.5,47,28.1,2.17512001E7,13
96,55,196.5,5.5,10.9,11,24.9,55.9,3,27.9,27.1,11,8.2,11.1,5802116.6,9
96,56,521,16,40.7,19.1,58.9,110.1,9.4,82.8,91.9,26.8,38,27.3,1.55388189E7,9
96,58,389,21.1,41.1,21.5,80,71.9,7.3,56.9,39,24.1,15,11.1,1.00544285E7,7
96,59,2797.5,144.4,277.5,138.8,501.9,666.2,72,305,288.9,215.5,112.2,75.1,7.12128048E7,20
96,60,3080,146,279.1,176.3,533.9,640.8,84.7,359.9,431.2,217.9,151.2,59,6.97406101E7,15
96,61,1323,41.4,106.6,84.2,174.4,321.9,32.2,218,185,75.5,43.8,40,3.54156735E7,21
96,62,725,22.9,63.5,56.5,93.8,177.1,6.8,131.1,84,40.1,20,29.2,1.94643068E7,17
96,63,620.5,32.1,52.5,27.5,95.9,150.1,19.9,83.2,81.8,42.5,22.1,12.9,1.57985556E7,15
96,64,890.5,36.8,82.1,46.2,133.8,211.1,20.9,153.4,100,46.9,32.2,27.1,2.25113788E7,16
96,65,135.5,7.2,16.7,9.2,33.5,31.3,4.1,6.6,13.7,10.4,0.6,2.2,3188476.5,3
96,66,324.5,15.8,21.5,15.5,69.1,61.9,13,47.1,34.1,26.5,11,9,8060025.6,8
96,67,78,4,9.1,2,16,17.9,1,9,5,5.9,6.1,2,1794084.7,5
96,68,26,1.2,2.1,0.5,5.9,7.6,2.4,2.9,0.5,1.7,1.2,0,567816.9,2
96,69,474.5,25,61.5,35.4,101.1,115,11.9,42,31.2,29.3,14.1,8,1.08845758E7,9
96,70,312,14.9,26.5,14.1,69,72,4,29,39,21.5,18,4,7280866.9,4
96,73,2,0.1,0.1,0.1,0.3,0.6,0,0.2,0.3,0,0.3,0,45507.3,1
96,74,16,1.8,0.8,0.6,4.5,3.2,0,0.8,1.6,0.3,0.8,1.6,369695.2,3
96,75,121.5,4,14.5,8,21,29,5.1,17.1,8.9,7.9,3.9,2.1,2530680.3,3
96,76,166,8.6,11.1,14,34,30,5.7,17.9,15.2,17.2,5.1,7.2,3781753.9,11
96,77,2,0.3,0,0,0.7,0.1,0.2,0.1,0.3,0.2,0.1,0,49935.5,1
96,78,195,12.3,18,10.7,33.9,52.9,2.8,11,21,20.2,10.2,2,4204160.8,13
96,79,121,8,11,8.1,27.9,20.9,5,7.1,12,6.9,7.1,7,2369070.7,7
96,80,136,7,14,17,19.1,37,0,14,8.9,9.9,5.1,4,2985698.4,6
96,81,72.5,5.5,10.3,2,13.6,16.5,3.6,9.1,4.8,4.1,3,0,1431636.7,2
96,82,6,0.2,0.5,0.1,1.5,1.6,0.5,0.4,0.2,0.7,0.2,0.1,128809.5,1
96,83,69,2.7,5.6,1.7,17.5,18.4,5.6,4.6,1.8,8.3,1.9,0.9,1481309.5,4
96,84,169,12.9,18.6,10,39,34.9,3.1,17,19,9.6,2,2.9,3936361.2,9
96,85,79.5,5,6.5,3,16.9,18.1,3,9,7,6.9,2.1,2,1972813.9,5
96,86,2,0,0,0.1,0.4,0.3,0,0.5,0.5,0.1,0.1,0,44170.2,1
96,88,393.5,20,37.5,18,80,84,11,52,44,22.9,12,12.1,9394417.4,4
96,89,636.5,43.9,44.4,23.9,155,131,22,75,74.9,35.1,15.1,16.2,1.61657621E7,16
96,91,11,0.4,1.2,0.5,2.3,2.1,0.3,1,1.5,1.4,0.3,0,261007.8,2
96,92,141,5.8,17.4,2.8,23.9,34.2,1.9,26.5,11,10,0,7.5,4149336.7,9
96,93,377,10.2,31.4,15.1,53.8,89.2,11.1,71.8,57.9,15.5,9,12,8960693.3,9
96,94,6,0,0.6,0.4,0.4,1.6,0.2,0.6,1.4,0.2,0.4,0.2,151312,2
96,96,31,0,1.9,2.1,6,8,1,5,7,0,0,0,859891.5,2
96,97,250,11.9,20.5,7.4,42.9,44.1,6,40,40,18,13.1,6.1,5642505.9,6
96,98,132,3.8,14.5,2,23.7,30.4,3,21.5,10.6,17.7,0.8,4,3447566.9,3
96,99,180,4.9,12.8,11.8,26,41.1,3.1,33.1,24,5,7,11.2,4103704.6,9
96,100,582,30.9,56.6,24.4,107,126.3,8,93.1,62.2,34.4,24.1,15,1.42243972E7,11
96,101,185.5,15.1,24,6.9,27.9,47.8,4.8,24.5,15.6,11.4,4.5,3,4017224,4
96,103,3,0.1,0.5,0.2,0.5,0.7,0,0.4,0.2,0.3,0,0.1,69766.5,1
96,104,1202,60.2,125.9,63.9,199.1,261.2,36.9,143.2,133.1,77.8,69.9,30.8,2.53450847E7,14
96,105,352,24.6,33.1,10,65.8,68,14.9,41.9,38,39,9.1,7.6,6754727.8,11
96,106,26,0.9,4,1.2,2.2,6.6,0.5,5.2,3,1.8,0.6,0,561571.2,3
96,107,484.5,9.4,67,24.9,80.1,110,15.8,60.1,55.8,25.1,21.1,15.2,9622250.5,16
96,108,122,5.4,12.2,10.5,17,33,0.5,7,10.1,9.4,8.9,8,2473717.8,8
96,109,524.5,25.3,58.7,23,99,92.2,15.8,77,66.9,37.5,20.2,8.9,1.10763102E7,20
96,110,77.5,5,10.4,5,12,14.1,2.8,7.2,11,8,1,1,1586879.1,4
96,111,63,2,6,2,13,13,3.1,5,6.9,6,2,4,1393069.4,3
96,112,171,5.9,18.1,12.1,28.9,44,1.1,14.2,22.9,11.8,10.1,1.9,3280306.9,17
96,114,259,14.5,30.9,16,42.7,45,5.1,26.1,48.4,12.6,15,2.7,5200751.3,31
96,115,100.5,6.2,7,6.4,23.1,15.1,0.9,15.4,10.4,7.9,8.1,0,2024335.1,15
96,116,4,0.3,0.3,0.3,1,0.7,0.1,0.4,0.6,0.2,0,0.1,73818,1
96,117,78,5.8,6.1,4.9,19.9,13.3,0.9,8.5,12.4,4.3,0,1.9,1439451.6,6
96,118,15,0.9,0.9,0.9,2.3,2.3,0,2.7,2.7,1.8,0,0.5,338968,1
96,119,158.5,6.2,20.7,7.2,24.5,40.4,4.2,19.1,17.4,11.2,5.1,2.5,3465536,15
96,120,1832.5,75.5,173.4,133.9,267.9,357.8,40,231.2,306,97.5,129.2,20.1,3.29076147E7,11
96,121,4040,152.3,373.7,364.4,663.8,834,98,470.3,510.1,235.5,274.1,63.8,7.53543144E7,28
96,122,212,7,18.9,13,34.8,42,2.9,35,29.1,14,8,7.3,4769491,12
96,123,131,4.8,19.8,5,19,27.1,8.2,8.1,13.1,12,6.9,7,2365608.6,14
96,124,222,2,25,9,31,41.9,7.1,30.9,36.9,11.2,19.1,7.9,4190829.4,17
96,125,116,7.9,9.9,1.9,25.8,18.6,10,12.7,9.9,7.5,10.9,0.9,2187096.3,11
96,126,27,2.6,2.6,1.9,4.9,7,0,0.6,1.2,1.8,3.8,0.6,521953.2,3
96,127,148,11.8,11.9,5,30,21.1,8.9,20.1,15.4,12.1,11,0.7,2655923.5,11
97,0,750.5,47.9,74.5,44.3,147.1,150.1,23.4,88,85.2,53.1,24,12.9,1.53453818E7,13
97,1,1605,64.2,157.9,100,239.1,347.8,41.6,231,209,99.1,80.1,35.2,3.55507931E7,21
97,2,5469,237.7,391.3,311.1,1038.9,1052.1,129.1,721.1,777.9,280.4,406.2,123.2,1.242858408E8,15
97,3,4018.5,198.6,429.9,220.5,727,829,118.1,466.1,462,288.4,192,86.9,8.74302655E7,21
97,4,254,9.8,25.5,16.9,28.1,64.8,3.1,39.1,35.1,10.4,13.9,7.3,6586258.3,18
97,5,1327.5,62,124.7,69.5,209.9,322.9,22,159.8,160.1,81.3,72,43.3,3.34697339E7,23
97,6,16,0.3,1.5,1.7,2,4.6,0.1,2.5,0.7,0.7,1.1,0.8,473635.5,5
97,7,5,0.1,0.5,0.6,0.6,1.4,0.1,0.8,0.2,0.2,0.3,0.2,148011.1,1
97,10,15,0.4,1.7,1,3.4,4.7,0,2.4,0,0.7,0,0.7,360225.8,2
97,14,18.5,1.5,1.7,0.6,2.6,3.9,0.3,2.8,1.5,1.5,0.6,1.5,498902.6,2
97,16,3424,161.7,271.6,156.9,642.1,700.9,75.8,387,467.1,223.9,238,99,9.13319204E7,14
97,17,17128,1142.8,1320.5,1101.5,4551.6,3244.2,543.2,1601,1375,1169.4,752.2,326.6,3.746521887E8,17
97,18,21773,1478.5,2134.5,1398,4722,4212,745,2081,1933.9,1659.1,993,416,4.051776694E8,7
97,19,302,23.9,39.9,11.6,68,51,11,39.1,23,24.5,5,5,7746149.9,8
97,20,322.5,15.5,40,10,58,83,8.5,41,29,24.5,9,4,8239755.4,0
97,21,13,0.5,1,0.5,2.5,2.2,0.2,1.3,1.5,1.7,1.3,0.3,377986.6,1
97,22,10,0.3,1,0.3,2.3,2.6,0.3,0.6,1,1.2,0.3,0.1,276862.2,1
97,23,59,1.7,5.9,1.7,13.8,15.4,1.7,3.5,5.9,6.8,1.7,0.9,1633486.7,4
97,24,2240,110.4,232.5,82.2,407,527.2,76.5,222.2,263.1,201.8,54.1,63,6.44134328E7,21
97,25,441.5,27.1,43,20,109.9,102,16.5,53.1,32.8,22.9,6,8.2,1.21962919E7,7
97,26,6916.5,380,646.9,370.1,1486,1435,238,646.1,844,483.4,238,149,1.651932637E8,11
97,27,209.5,6,38.5,27.1,32.2,59,3,19.9,7.9,8.9,1,6,4253866.1,6
97,28,684.5,21.5,79.1,37.9,99,188.1,17.9,89,69,46,11,26,2.05843241E7,12
97,29,1869,56,198,78.6,272.8,434.9,34.9,290.9,228.2,128.5,64,82.2,5.93033695E7,17
97,30,547.5,16,46.1,33.8,81.9,123.4,23,86.7,68.8,38.8,3,26,1.73024067E7,2
97,31,7549,495,690,505,1903.1,1522,234.1,796.9,542.9,541.9,161,157.1,1.751857096E8,7
97,32,21012.5,1265.5,2069.5,1347.1,4648.1,4301,677.9,2278.9,1804,1540,586,494.5,4.632359225E8,11
97,33,6776,348.5,599,336.5,1233.1,1402.9,192,820.1,934.9,487,206,216,1.842790009E8,6
97,34,6130.5,415.4,570.5,350.4,1553.1,1166,208.5,818.1,365,475.5,45,163,1.372971925E8,8
97,35,12868.5,817.6,1308.5,746.4,2746.4,2585.5,428.9,1506.1,1157.1,956.5,305,310.5,285272058,13
97,36,8275,582.5,709.6,468.5,2096.8,1653.9,285.3,841.4,657.2,592.8,220.9,166.1,1.902368164E8,20
97,37,15015,928.8,1293.6,806.6,3208.3,2880.4,475.9,1519.1,1767.4,1127.4,738.2,269.3,3.418775376E8,18
97,38,14987.5,766.6,1561.6,964.5,2485.1,3278,431.9,1781.9,1650.9,1154.9,550.1,362,3.443072206E8,11
97,39,3038,165.1,310.5,170,583.8,679,93,398,276,231.6,55.1,75.9,7.71852631E7,8
97,40,15737,902.4,1501.5,984,2993.5,3307,432,1834,1605.1,1118,706,353.5,3.623879862E8,7
97,41,17145.5,894,1717.1,1044,3082.9,3724.4,474,2021.1,1794,1260,726,408,4.028095771E8,8
97,42,61,4.1,6,1.9,10.1,15.9,4.1,12.9,2,2.9,0,1.1,1211974.2,8
97,44,230,16.9,26.5,13.4,52.6,57.1,5,12.1,21,17.4,7,1,5297429.7,5
97,45,345,25,41.1,21.9,72,74,16.9,25.9,29,30.2,7,2,7959108.9,4
97,46,6,0,0.9,0.4,1.1,2.4,0,0.7,0.5,0,0,0,151499.8,1
97,47,2430.5,146.8,218.4,128,542,508.1,80.4,319,183,191.6,44.1,69.1,6.16789332E7,8
97,48,2121,64.6,282.8,99.5,237.9,545.1,42.6,252,273.1,148.4,47.9,127.1,70629725,12
97,49,848,26,63.9,32.1,108.3,180.1,16.9,133,176.9,48.8,31,31,2.60170411E7,11
97,51,2,0.3,0.2,0.1,0.4,0.4,0.1,0.2,0.1,0.1,0,0.1,46855.9,1
97,52,1210,44.5,113.6,61.9,225.9,296.2,26,159,127.9,79,40,36,3.43880044E7,13
97,54,191,4.7,17.9,8.9,16.1,45.5,4,34.5,25.1,16.2,8.2,9.9,6409810.6,18
97,55,411,18.9,32,18,65.9,83.3,7.5,57.9,69.1,18.4,24,16,1.27842319E7,10
97,56,520.5,12.7,48.1,14.9,60.9,129.9,11,86.9,88.9,25.1,14,28.1,17524078,17
97,58,286.5,13.1,24.5,13.1,56,68,7.1,52,17.9,18.9,7.9,8,7397792.5,6
97,59,1192.5,53.5,88.5,57.9,167,266,21.9,180,180,76.5,75.1,26.1,3.19867019E7,9
97,60,2379,117,228.5,129.1,468,522.1,60,353.9,226,182.5,34,57.9,5.71749679E7,14
97,61,1644.5,53.5,129.1,89.2,226.9,353.9,26.1,285,259,70.9,90.8,60.1,4.36006211E7,24
97,62,130.5,4.1,15.5,4.9,20.1,30.9,2,17,25.1,8.9,2,0,3560616.4,12
97,63,476.5,33.7,38.5,14.9,112.7,93.5,15.7,56.2,55.4,27,18,10.9,11948863,13
97,64,533.5,23.7,41.8,31,92.9,112.8,5,92.8,61.1,33.2,22,17.2,1.35165593E7,14
97,65,18,1.8,0.8,0.9,3.6,2.6,0.8,1.3,2.3,1.6,0.5,1.8,441563.8,2
97,66,34,1,6.2,5.2,3,10.8,0,3.9,3.9,0,0,0,865610,7
97,67,388.5,27.1,33.1,22,88,87,11.9,28.1,26.8,37.6,19.9,7,9094892.8,7
97,68,147,7.1,22.9,6.9,23,36.9,3.9,17.1,18.1,7.7,1.2,2.2,3364363.8,6
97,69,97.5,5.8,6.4,1.5,25.2,22.4,3.7,11,9.5,7.2,1.8,3,2245157.1,4
97,70,240,12.1,23,9.9,39.9,48.1,11.9,38,28.1,17.1,6.9,5,5684550.8,6
97,71,181.5,11,13.5,16,31,50,5,22,10,14,6,3,4231814.4,2
97,72,1177,57.3,123.6,72.5,199.8,279.3,31.5,146.7,124.6,79,44.7,18,24975958,10
97,74,1006.5,46.1,137.9,84,189.8,217.9,32.1,107.2,66,90.4,27,8.1,19514241,9
97,75,38,4.3,2.1,1.3,10.6,7.8,0,2.1,3.5,0.7,2.1,3.5,878026,2
97,76,96,9.6,4.4,2,24.3,15,6.8,7.9,11.7,6.3,6,2,2119433.9,4
97,77,167,6.9,22.6,9.1,22.3,43.9,4,14.9,20.9,14.5,6.1,1.8,3440029.7,12
97,78,101,4.1,15.3,10.1,16,23,1.8,10,9.7,8.3,1.6,1.1,2315637.5,8
97,79,26,0.8,2.9,1.8,6,6,0.9,1,3.2,2.9,0.5,0,596190.4,3
97,80,116,8,10,6,28.9,15.1,4.9,20,11,3,6,3.1,2665659.1,4
97,81,18,1.6,0.8,0,5.4,1.6,2.2,3.8,2.3,0.3,0,0,397836.7,2
97,82,233,14.5,15.6,17,37.9,55,7.4,29,25,15.5,11,5.1,5425502.5,8
97,83,118.5,12.9,5,9,28.9,18.1,3.5,12,11,11,7.1,0,2381659.9,5
97,84,166,6.1,8.4,11.9,32.2,33.8,5,21,24,9.4,9.2,5,3494755.1,9
97,85,190,8,22.9,14.1,42.9,45,7.4,15.1,17.1,12.5,3,2,3987166.9,7
97,86,441,21.5,55.3,22,82.1,96,12.5,40.9,61,27.6,19.1,3,9639984.4,4
97,87,275,5.9,14.9,6.8,49.5,46.6,6.6,56.5,46.7,23.3,17.2,1,5780414.6,13
97,88,235,17.1,22.4,8.7,51.9,52.2,5,33.1,28,8.5,6.1,2,5520893.9,14
97,89,537,30.3,36.5,24.2,101.8,118,13.4,85.2,64.2,35.4,13,15,13121325,10
97,90,211,15.5,14.9,12.5,54.6,43,8.7,26,10.5,20.5,3.8,1,4985920.5,4
97,91,418.5,15,40,13.5,80,98,13,47,50,33,12,17,1.03584179E7,4
97,92,9,0.2,1.2,0.3,0.9,1.8,0.2,2.4,1.2,0.4,0,0.4,281744.7,4
97,93,272,10.9,34.9,15.8,33.1,88.9,2.5,19.1,40,10.9,5,10.9,6621903.9,8
97,94,1371.5,50.8,125.3,66,220.5,325.3,27.5,169.8,200.8,87.2,63.7,34.6,3.23177293E7,22
97,96,1491.5,54.3,121.6,78.3,283.8,296.9,48.5,236,211.2,64,56,40.9,3.55219849E7,28
97,97,236.5,14.5,23.5,8,42,56,5.1,31.2,25.9,19.4,7.9,3,5203266.6,5
97,98,155,5,15,4,23.1,32,3.6,21.9,29,15.5,4,1.9,4229930.5,11
97,99,8,0.2,0.4,0,1.3,1.7,0,2.5,0.4,1.3,0.2,0,225217.3,1
97,100,6,0.9,0.6,0.1,1.1,1.2,0.2,0.4,0.6,0.5,0.4,0,121349.9,2
97,101,627.5,45.2,54,26.1,130.8,124.9,16.9,83.1,72,40.2,26.2,8.1,1.43404264E7,17
97,102,525,22.5,48.1,25.1,101.9,112.8,14,85.1,48.1,38.5,22,6.9,1.10510573E7,15
97,103,33,0.9,5.5,1.8,5.5,8.3,0,4.6,1.8,3.7,0,0.9,767431.5,2
97,104,115.5,7.1,11.7,6.9,29.8,16.9,2.8,11.2,7,11,10,1.1,2203272.5,9
97,106,92,7.1,10.2,3.8,14.9,19.4,2.3,12.8,8,7.1,4.4,2,1947786.1,5
97,107,513.5,17.7,35.9,35.8,92,115,16.8,66.8,60,37,23.1,13.4,1.02480606E7,21
97,108,9,0.1,0.6,0.5,1.4,2.1,0.3,1.9,0.9,0.8,0.4,0,191926.6,1
97,109,91.5,1.9,7.9,3.5,14.6,22.9,1.7,14.1,10.1,8.2,5.6,1,1824546.3,5
97,110,280.5,14,24.3,15.9,38.1,66.1,3.2,42.9,51.1,8.9,13,3,5968256.3,17
97,111,53,3.9,5.1,0.9,15.1,10,3.9,3,5.1,5,0,1,1212059,7
97,112,93,1.8,11.9,6.9,15,18.2,1.8,20,7,3,6.2,1.2,1839755.5,6
97,113,172,6,23,13,30.2,33.9,5.1,10,17.2,18.9,9.8,4.9,2934986.5,14
97,114,124,6,6.4,6.8,23.8,20,1,19.9,20.8,10.1,9.2,0,2510778.5,18
97,115,12,0.7,1.2,0.8,2.3,1.6,0,2.4,0.9,0.9,1.2,0,256994.8,4
97,116,227,6.8,20.9,7.7,31.1,45.2,4.9,27.1,36.9,18.4,24,4,4451627.6,23
97,117,198.5,15,18.8,10.9,41.1,37.9,5.1,16.9,24.3,8.1,16.2,4.2,4044420.3,23
97,118,168.5,11.9,12.7,12.3,37.7,27.8,9,27,16.1,2.9,6,5.1,3350818.8,18
97,119,217,8.9,17.1,12.1,44.1,38.7,4.1,35.1,23.8,18.2,7,7.9,4428648.5,20
97,120,744.5,31.6,52.7,43,107.2,144,19,113,150.1,35.6,29,19.3,1.65400487E7,25
97,121,29,0.8,3,3,3,10.2,0,1,2.1,0.8,2.1,3,672467.7,6
97,122,121,1.8,14.9,9.2,16.2,35.2,1,10.8,13.8,7.8,6.2,4.1,2556131.4,9
97,123,183,20.8,18.5,7,52.9,37.1,4.9,5,13.1,15.5,5,3.2,3960980.6,11
97,124,1.5,0.1,0.2,0,0.3,0.3,0.1,0.1,0.1,0.1,0.2,0,27623.4,1
97,125,223,8.7,14.8,11,36.1,51.9,2.8,32.2,27.3,14,22.2,2,4975287.6,19
97,126,232,9.9,30,12.2,38.2,50.6,1.9,31.1,26.8,10.1,19.2,2,4721401.9,21
97,127,93,3.6,19.6,4.1,13,19.1,3,6.2,8.7,9,5.1,1.6,1603421.6,12
98,0,297,7.9,23.5,20.3,40.2,75.2,3.8,50,38.1,12.9,20.1,5,6548284.3,13
98,1,37,0.9,4,4,6.1,8,0.9,7.1,3,1,1,1,879501.5,5
98,2,4535,267,465.7,330.8,801.9,831.8,160.4,540.7,524.4,361.4,185,65.9,7.65811001E7,20
98,3,2348.5,146.5,289,177.5,382,465,85.4,255,241,210,67,30.1,39285462,3
98,4,1263.5,44.4,125.4,64.1,165.1,266.1,22.9,190.1,220.1,76.5,48.9,39.9,3.19194822E7,11
98,5,617,15.4,58,47.9,83.1,147,12.8,101,68.1,41.6,22,20.1,1.51607006E7,12
98,6,1643.5,59.9,163.9,84.1,210,377,32.1,212,246.1,93.2,102,63.2,4.46340012E7,14
98,7,762.5,20.9,82,35,80,163.9,12,117.1,119.9,49.7,39,43,2.11874056E7,17
98,8,2,0.1,0.2,0.1,0.5,0.6,0,0.3,0,0.1,0,0.1,48030.1,1
98,9,15,0.3,1.7,1.1,3.4,4.8,0,2.4,0,0.6,0,0.7,360225.8,2
98,10,10585,430.4,916,618,2022,2125,214.5,1133,1448.1,534.6,808.9,334.5,2.766664897E8,13
98,11,504,15.1,49.5,19.5,51.9,95.9,8.8,82.1,71.9,30.1,47,32.2,1.51355926E7,5
98,13,655.5,16,56,26.6,74.9,137,11.9,108,97,49.1,32,47,2.05993588E7,6
98,14,2629.5,110.3,249.3,116.9,413.1,588,55.8,307.1,380.1,176.5,105,127.4,8.12865533E7,19
98,15,701,32,59.3,25.8,98.2,168.8,14.4,112.1,88.9,47.5,29,25,2.05420633E7,18
98,16,4604,155.7,459.3,245.6,619.6,1033.2,89,737.2,649.9,253.9,201.2,159.4,1.226603403E8,18
98,17,6998,293.3,599.5,375.3,1247.1,1469.2,161.9,936.4,951.9,405.3,341,217.1,1.802069597E8,21
98,18,14156,1055,1329.5,924.6,3118.1,2763.1,478.7,1420,1233.9,1117,478,238.1,2.726531713E8,16
98,19,1583,64.1,136.3,76.8,224.1,336,31.9,233,262.9,97,66,54.9,4.42591308E7,12
98,20,121.5,7.9,13,7.7,15.2,26.3,0.9,25,14.4,1.3,3.9,5.9,3433231.5,5
98,21,6,0.2,0.8,0.2,0.8,1.8,0.2,1,0.6,0,0.2,0.2,166603.4,2
98,22,345.5,15.5,46.4,25.1,49.9,105.2,6,27,32.9,22.6,9,5.9,8773865.2,14
98,23,83,4,12,4,8.1,22.1,2.9,11,6,8,2,2.9,2215053.3,3
98,24,110.5,4,13.4,5,15.2,30.7,1.1,16.9,6.9,8.1,7,2.2,2753409.8,15
98,25,749,24.8,96.6,41,129.1,189.9,14.8,73.1,70.1,65.2,18.3,26.1,2.08643744E7,33
98,26,659.5,38.9,44,57.5,172.9,137,24.9,55.9,48.1,39,24.1,17.2,16320095,7
98,27,8,0.4,0.6,0.4,1.5,1.1,0.2,1.5,0.9,0.2,1,0.2,237937,1
98,28,1755.5,81,167.9,90.5,356.9,393,49.6,213.9,194,107.7,49,52,4.54697776E7,12
98,29,656,14,82,30,46,168,6,84.1,126,34.9,27,38,2.17059408E7,2
98,30,761,18,74,40,57,189,14,107,138,41,45,38,2.52775519E7,5
98,31,1206,77,112.5,57.5,280,293,43.5,113,65,111.5,13,40,3.04796888E7,3
98,32,10701,629,1233.1,763.6,2185.9,2359,353.9,1206.9,727,848.4,141.1,253.1,2.331867451E8,12
98,33,1624,74,174.1,75.1,303,341.4,59,193.1,207.8,134.5,23,39,4.11729049E7,8
98,34,13928,851.5,1205.4,892.4,3430.1,2527,395.5,1953,1226,925,191.1,331,3.005942968E8,8
98,35,14593,834.9,1505.1,835.5,2929.6,2864,468.6,1849.9,1491.2,1156.4,277.9,379.9,311007918,11
98,36,9533,551.3,823.5,469.8,1917.6,1898.1,278.4,1223,1097.1,650.1,387.1,237,2.402282392E8,11
98,37,11679.5,646.1,1262,717.1,2249.1,2457.1,397.8,1340,1062,929.5,315.8,303,266847852,10
98,38,1749,104.8,158.4,115.7,338.9,372.9,38.4,216.2,167,128.5,64.1,44.1,4.25994004E7,11
98,39,441.5,15.9,46.4,27.1,60.9,98.9,6,93.2,48,17.9,9.1,18.1,1.25776838E7,9
98,40,17045,1149.8,1672.6,1004.1,3617,3426,622.8,1780.9,1456.1,1451.5,518.2,346,3.600346604E8,10
98,41,6290,414.9,556.1,396,1689.9,1275,196.9,573.9,464.2,469.2,150,103.9,1.398749313E8,9
98,42,3977.5,289.3,423.4,237.4,949.1,792.2,161.6,401.9,227.9,367.7,71.9,55.1,7.88097553E7,12
98,43,5,0.3,0.5,0.5,1,0.8,0.2,0.9,0.3,0.4,0,0.1,121191,1
98,44,603,32,69,31,168.9,119.1,28,45,40,54,10,6,1.26519475E7,2
98,46,214.5,14.9,32,5,41,59,5,15,17.1,19.5,1.9,4.1,6094767.3,3
98,47,2867.5,137.7,283.8,159.5,536.1,708.9,81.7,293.3,256,263.5,75,72,7.43916524E7,12
98,48,17,0.4,1.9,0.8,1.3,3.9,0.8,2.5,3.3,0.6,0.6,0.9,543486.8,2
98,49,1556,85.3,159.2,80.4,270.5,419.6,38.7,160.4,141.3,103.4,51.2,46,4.10705768E7,17
98,50,313,5,30.9,20,28,88.1,8.5,56,27.1,19.4,10,20,9760132.2,5
98,51,51.5,4.9,3.4,0.7,9.9,8.9,4.5,9,6.1,3.4,0.7,0,1497257.5,8
98,52,683,35.7,68.4,26.8,151.9,153.8,16.9,78.6,64.7,41.6,23.8,20.8,1.86880674E7,8
98,54,4215.5,218.5,413,189.1,814.9,887.9,125,504,453.9,298.9,169.1,141.2,1.071604005E8,9
98,55,6599,259.5,693.1,350.3,1162.9,1481.3,140.3,741.2,717.9,456.3,346.8,249.4,1.747103549E8,17
98,56,9,0.9,0.4,0,2.3,1.7,0.4,1,1.7,0.2,0.4,0,226428,2
98,58,115.5,3,12.4,5,13.1,36,4,11,8,7.9,9,6.1,3490539.3,3
98,60,132.5,10.1,11.5,12.9,28.7,29.9,5.1,9.1,10.1,8.9,3.1,3.1,2842433.7,9
98,61,770,33.9,66.9,40,169.1,153,21.9,118,79.1,53.1,20,15,1.93787692E7,9
98,62,4,0.4,0,0,0.8,0.7,0.1,0.7,0.1,0.7,0.4,0.1,78812.5,2
98,63,1147.5,59.5,86.9,63,226.1,247,29.5,160.3,130.9,69.4,47,27.9,2.80172277E7,14
98,65,221,11.5,20.5,14,36.9,56,7,25,26.1,12,5,7,5183104.2,5
98,66,37.5,3,3.5,1,8,10,1,0,4,5,0,2,827636.4,0
98,67,142.5,12,15,6,31,41,2,7.9,10,11.5,0,6.1,3565153.7,3
98,68,303,22,31.9,18,67.8,70,10,23,14.1,32.9,3,10.3,7053435.4,8
98,69,107.5,1,18,2.1,12.9,31,4.9,14,6.9,6.5,4.1,6.1,2237378.5,4
98,70,211.5,14,17.5,15,43.9,47,6.1,20,23.1,16,7.9,1,4898259.7,4
98,71,581.5,33.9,61,35.9,120,125,18,52.1,43,65.5,19,8.1,1.22116668E7,5
98,73,6,0.2,0.6,0.4,0.4,1.8,0.2,0.6,0.8,0.2,0.8,0,133413.6,2
98,74,1742,66.5,170.9,122.5,308.9,384.2,54,228.1,200.2,116.8,56,33.9,3.51452799E7,12
98,76,533.5,24,45,44,90,119,22,69.1,55,37.4,17,11,1.10732193E7,7
98,77,114.5,7,12,0,23,29,3,11,16,9.5,4,0,2406863.1,3
98,78,69.5,4.1,5.5,6,13,15.1,2.9,9.9,6,4.1,0.9,2,1615502,7
98,79,84.5,2.5,6.1,6.9,9.9,23.1,3.1,8,15.9,4,4,1,1877358.9,6
98,80,121,2.9,13.9,10.1,20,26.8,1.9,17.9,12.2,6.1,4,5.2,2722937.4,10
98,81,4,0.2,0.3,0.2,0.8,0.9,0,0.3,0.8,0.2,0.2,0.1,89362,1
98,82,72,1.4,8.2,4.4,10.2,18.1,0.8,8.2,10.9,4.4,5.4,0,1491130.6,6
98,83,19,0.6,3.6,0.6,3.7,3,1.3,3.7,1.3,0.6,0.6,0,374002.3,3
98,84,248,12.5,27.1,14,37.9,67.1,7,42,18.1,10.5,1.8,10,5463142.3,5
98,85,4,0.4,0.4,0.3,0.5,1.2,0.1,0.4,0,0.3,0.4,0,78181.7,1
98,86,1383.5,79.3,123.1,98.4,275.5,270.6,44.8,160.7,145.6,85,71.5,29,2.74536716E7,12
98,87,2206,116.4,209,115.5,403.9,461,54.4,264.9,322.1,140.5,89.1,29.2,4.32750995E7,11
98,88,10,0.9,1,0.6,2.4,2.4,0.2,0.3,1.1,0.9,0,0.2,212854.5,1
98,89,697,29,62.5,37.9,125.1,160,18,94.1,67.1,50.4,31.9,21,1.64182093E7,15
98,90,11,0.3,0.6,0.6,1.4,2.2,0.4,2,2.1,0.5,0.3,0.6,296833.8,3
98,91,260,12.7,23.7,14.9,49.6,64.7,6.6,29.9,27.9,13.7,3.7,12.6,6617625.9,12
98,92,7,0,0.2,0.2,1.3,1.5,0,1.1,0.8,0.6,1.3,0,166224.5,2
98,93,113,10,5.8,7.8,25.7,19.3,4,9,11.2,7.5,10.7,2,2390125.8,4
98,94,404,8.8,35.9,19,64.9,86,6,67,74.1,25.1,9.1,8.1,9805657.7,8
98,96,3,0.2,0.3,0.1,0.6,0.6,0.1,0.6,0.3,0.2,0,0,70409.6,1
98,97,5,0.3,0.5,0.2,1,1,0.2,1,0.5,0.3,0,0,117349.3,2
98,98,700,24,81.6,36.4,119.1,170.8,14.8,92.2,69.3,50.4,28.2,13.2,1.54682604E7,22
98,99,58,4.9,3.1,0,10,14,3,4,8.9,4.1,4.9,1.1,1246492.6,4
98,101,354.5,11.5,32.5,11,64.2,70.9,11,57,44,26.5,20.9,5,7530513.9,9
98,102,2,0,0,0,0.5,0.4,0.2,0,0.5,0.2,0.1,0.1,41818.5,1
98,103,273,9.9,19.1,17.1,50.9,58.9,9.9,29.1,40,17.9,15.1,5.1,5973704.8,9
98,104,7,0,1,0,0.7,1.5,0.2,0.5,1.7,0.4,0.7,0.3,134347.1,2
98,105,143,11.1,13.4,14,22,27.9,2.9,17.1,19,9.5,6.1,0,3218651.8,8
98,106,156,4.9,16.8,6,31,35.1,8,16.9,15.2,13,7.1,2,2911340.7,10
98,107,32.5,0,5.5,0.9,6,7.9,3,3.1,0,5.1,1,0,651848.3,4
98,108,237,12,21.1,13,43,46,4,32.9,31,20.9,11,2.1,4955797.8,15
98,109,174.5,9,23.5,6,30.3,43.9,3,7.9,25,14.9,8,3,3318949.5,10
98,110,288,11.9,25.1,11.1,42.9,55,6.9,35.1,47.2,28.9,18.9,5,5745320.4,9
98,112,147.5,8,11.6,2.9,25.1,36,3.5,10.1,14.9,20.4,11,4,2914947.5,8
98,113,93,3.9,7.9,9.8,15.1,17.1,2,21.1,5.2,2,6.9,2,1741477.8,12
98,114,116.5,7,15.8,6.9,15,28,1.8,11,19,4.9,6.2,0.9,2294965.9,14
98,115,91,2.8,11.2,4.9,11.9,22.8,1.9,11.1,14.2,5.1,5.1,0,1902804.8,13
98,116,111,3.9,11.9,6.1,20.2,17,3.9,19,16.9,5,6,1.1,2165269.9,13
98,117,148,8,8.1,7,28.8,34.9,2.9,23.1,20.4,7.9,5,1.9,3022308.2,14
98,118,131,1,14.6,13.2,22.8,34,3.9,7.9,15.9,7.5,8.2,2,2509056.3,13
98,119,115,10,7,2.1,33.9,18.9,7.1,11.9,9.9,7,4,3.2,2507024.5,7
98,120,253.5,20,18.3,13,57.9,56,6.9,17.1,33.1,19.1,9.1,3,5112374.3,13
98,121,252,7,20.1,13,50.1,43.9,5,45.2,39,9.9,14.9,3.9,5763377.4,19
98,122,176,7,16.7,4.3,31,38.3,4.9,24.9,22,17.7,7.4,1.8,3610104.3,17
98,123,361,10.8,38,27.7,48.9,92.2,9.7,37.7,48.2,24.9,20.9,2,7280836.5,22
98,124,201.5,8.3,28.3,12.3,30.9,49.5,4.8,22.3,13.9,13.5,7.1,10.6,3824554.8,9
98,125,19,0.6,3.2,0.6,3.2,5.7,0,1.5,1,1.5,1.3,0.4,376358.8,5
98,126,394.5,19.9,46.3,28.4,70.8,81.1,9.9,50.1,33.9,41.2,9.1,3.8,7982374.3,21
98,127,88,4.6,6,6.1,12,17.8,4.8,12.1,13,2,7.2,2.4,1843476.5,15
99,0,387.5,12.4,19.5,17.1,62.1,80.2,3.9,56.1,76,21.3,32.8,6.1,1.00691982E7,14
99,2,538,29.1,55.5,32.1,77.8,118.9,9,87.1,62,28.4,28.1,10,1.31074563E7,6
99,3,87,3.9,6.9,4,8.9,24.2,4.8,11,17,2.1,2.1,2.1,2025013.2,9
99,4,35.5,2.1,0.5,4,9.8,8,1,6,3.1,0,0,1,747598.5,5
99,5,499.5,33.2,32.6,23.1,107,99.9,15.9,60.8,64.1,30.8,21.2,10.9,1.27918992E7,18
99,6,2545,72.9,220,143.5,354.6,574,47.8,382.9,366.1,147.9,139.1,96.2,70181713,24
99,7,66,3.1,2.1,3.9,6.9,13.8,1.1,13.8,9.1,2.1,2.1,8,1963471.6,11
99,9,11,0.2,1.2,0.8,2.5,3.5,0,1.8,0,0.4,0,0.6,264165.6,2
99,10,11083.5,488,801.5,576.4,2146,2128.7,228.5,1249,1603.2,616.1,906.1,340,2.862068796E8,9
99,11,3299,208,303.4,229,679,618,125,345,329,238.5,151.1,73,6.59508596E7,3
99,13,1278,63,100,56,241,291,35,180,119,68,61,64,3.76714785E7,4
99,14,2426.5,70.4,284.6,109.2,294.8,584.9,48.3,366.1,302.9,146.3,93.2,125.8,7.45638263E7,28
99,15,707.5,32.9,48.6,30.4,138,145.1,19.9,109.2,73,48.4,39.1,22.9,1.92461465E7,9
99,16,289,4.9,39.4,21.6,35.2,88.8,9.1,33.9,30.1,8,4,14,8071367.7,10
99,17,2020,81,290.4,114.6,304,517,49,222.1,131.8,181.1,29,100,5.15766627E7,5
99,18,1523.5,56.9,118.8,82.9,267.3,333.9,34.3,222.2,213,72.9,63,58.3,4.16571267E7,21
99,19,33,1,3,2,4.9,3,1,3.1,11,2.9,1.1,0,909548.3,4
99,20,242.5,3,28.4,15.1,38.9,69,5.1,21,29.9,10,11,11.1,6740304,9
99,21,337.5,12,28.4,30.5,60,100.1,8.9,32,27,20.6,6,12,9089283.1,5
99,22,325,10,33,20.1,37.9,103.9,6.9,39.9,25.1,28,10.1,10.1,8546226,10
99,23,58,3,8,3,7,13.1,0.9,14.1,1,3.9,2,2,1319501.3,4
99,24,1523,59,157.6,94.1,247,396.7,28,216.9,132.9,101.6,38.1,51.1,4.09066568E7,23
99,25,1352,86.4,131.2,80,332.3,286.8,43.5,114.1,115.1,102.6,33.9,26.1,3.30319698E7,12
99,26,629,20.5,69.4,41.5,97,179,12.5,69.1,54,46.9,15,24.1,18478566,8
99,27,113.5,4.7,11.4,7.7,19.4,22.9,3.7,18.4,10,7.4,7,0.9,3258701.1,9
99,28,2244.5,95.5,266.1,153.6,381,628.1,48.5,216.7,149.9,163,44.1,98,6.25186275E7,14
99,29,582,32.1,40.3,29.5,114.3,100.3,17,81.8,96,32.7,19,19,1.58965668E7,12
99,30,10577,410,940.6,569.1,1889,2322.1,229.5,1375,1389.8,587.4,517.9,346.6,2.904621572E8,13
99,31,7735.5,385.4,764.6,476.5,1388.5,1711,211,854.1,836.9,626.1,287,194.4,1.804092337E8,7
99,32,6402.5,412,641.5,378,1274.9,1294,203.5,757,671.1,514.5,119.9,136.1,1.386198444E8,6
99,33,962,35,69,32,135,182.1,12.5,146,230.9,63.5,29,27,2.93843573E7,7
99,34,14346,1040.6,1354.5,1001.3,3641.5,2674.1,512.5,1661.4,851,1207.1,139,263,2.904098271E8,16
99,35,11142,737.5,957.6,635.6,2690.9,2171.9,321.4,1366.1,898,857.4,215,290.6,2.620294243E8,10
99,36,3866,200.9,368.4,221,676,711,105.1,400,480,317.6,284,102,9.24369435E7,10
99,37,511,12.8,49.4,31.5,60.9,103.2,8.1,99,100,16.9,14.1,15.1,1.83169012E7,15
99,38,664.5,28.4,75.6,37.8,107,171.6,22,89,58.2,47.1,10.9,16.9,1.71350081E7,22
99,39,320,22.3,23.1,19.1,56.2,65.1,8,48.9,28.8,28.4,12.1,8,8695035.1,9
99,40,1513,77.6,156.7,82.9,274.9,349.1,44.4,180.9,145.9,117.4,43,40.2,3.71332717E7,6
99,41,358.5,15,40,21,65,69,9,50,39,27.5,9,14,9094753.6,2
99,42,3611.5,226.5,432,267,764.2,785.2,127.5,344.4,198.4,339.4,65,61.9,74441318,14
99,43,5,0.3,0.5,0.5,1,0.8,0.2,0.9,0.3,0.4,0,0.1,121191,1
99,45,575,43.4,60.5,42,139,138,18,51,22,38,10,13.1,1.20200673E7,4
99,46,1330,102.4,114.5,66,342,292.9,41.9,125.9,82.1,114.1,19.1,29.1,3.40282009E7,7
99,47,55,3.1,11,1.9,8,15,1.9,5,3.1,1.9,2,2.1,1499101.2,7
99,49,2,0,0.2,0.1,0.2,0.4,0.1,0.3,0.4,0.1,0.1,0.1,63939.6,1
99,50,185,4.1,16.9,7.9,30.9,55,3,22.8,15.1,19.1,0,10.2,5537054.7,5
99,51,7,0.7,0.5,0.1,1.3,1.2,0.6,1.2,0.8,0.5,0.1,0,203510.7,1
99,53,5,0.3,0.7,0.2,1,1.2,0.1,0.5,0.3,0.4,0.1,0.2,126446.8,1
99,54,340.5,7.1,39.6,14.9,37.9,76.9,7,53.1,56.1,19.1,7.9,20.9,1.10054229E7,14
99,55,4377.5,157.3,469.5,249.3,676.1,1023.1,94.4,486.8,574,247,245.9,154.1,1.112685028E8,16
99,56,194,5.7,11.5,4.8,33.9,32.8,6.9,30.8,42.8,14.9,5.8,4.1,6026485.8,15
99,57,14,1.3,0.7,0,3.6,2.6,0.6,1.6,2.6,0.3,0.7,0,352221.3,1
99,58,1787.5,71,177.3,80.8,284.7,442,40.8,194,237,120.7,62,77.2,4.98522908E7,16
99,59,336,22.8,28.5,11.5,57.1,73.1,8.9,49.2,41.1,19.9,15,8.9,7751547.8,8
99,60,5761.5,344.5,593.2,409,1204.9,1140.2,171.8,642.9,500.8,454,187.1,113.1,1.087095453E8,17
99,61,810.5,27.9,64.4,53,125.9,177.1,18,132.9,97.2,43.1,48.1,22.9,1.89685738E7,6
99,62,113,3.4,8.5,5,17.8,29.7,6.1,14.7,13.2,8.1,3.4,3.1,3065769.4,6
99,63,22,2.2,0,0,4.4,3.6,0.8,3.6,0.8,3.6,2.2,0.8,433469.1,3
99,64,428.5,27.9,44.2,18,79.1,96.1,11.1,76,27.9,23.4,14.9,9.9,1.06173346E7,8
99,65,162,8.9,14,7.5,33,35,1,19,23.1,14.5,4,2,4497853,5
99,66,294,14,25.5,12.9,54.9,70.9,13,32.2,25,24.4,15.1,6.1,6895369.5,4
99,67,237.5,13,12.5,16,48,48.8,8,43,20,9,12.2,7,5542445.9,9
99,69,448.5,19.9,49,21.4,86.9,98.9,15.2,59,41.1,35.9,13.1,8.1,1.06240625E7,12
99,70,474,23.9,46,44,73,124.9,10,42.2,50.2,25.8,22,12,1.10841037E7,11
99,71,125,5.1,13.5,9.3,24.9,34,5.1,7.1,14.1,10.9,1,0,2773087.9,6
99,72,142,6.1,13,11.1,26,35,3.8,15.1,19.1,5.8,5,2,2942459.6,5
99,73,78,6.9,3.4,3.6,17.6,17.2,4.9,6.2,6.3,6.6,4.3,1,1731215.9,3
99,74,249.5,13,17.6,13,44,57.8,6,21,34.1,17.9,18,7.1,5653022.9,10
99,76,431.5,29.9,43.4,27.6,89.9,91.9,16,35.2,39.9,37.5,11.2,9,8908726.9,10
99,77,196,12.8,18.5,12.1,39.9,48.1,7,14,17.9,15.6,6,4.1,3971001.9,10
99,78,45,3,2,3,6,13.1,0.8,0,12,3,1,1.1,1017833.2,4
99,79,104,3.9,10,5,19,25.1,5.9,6.1,14,9,6,0,2140149.5,7
99,80,100.5,4.8,6.7,6.9,21.2,18,1.9,8.7,19.2,7.3,2.8,3,2162441.4,6
99,81,153.5,10.4,11.8,9.9,30.8,45.2,2,21.2,11.1,3,4,4.1,3597897.9,10
99,82,305,9,35.1,16.5,57.8,67.1,13.5,29.9,39.2,22.9,12.1,1.9,6670084.6,19
99,83,638,34.4,65.9,38.9,105.5,131,14.1,85.2,74.2,44.1,37.8,6.9,1.25612349E7,15
99,84,48,4.6,4.6,3.6,6.3,13.9,1.9,4.7,0,3.6,4.8,0,938179.8,7
99,85,240.5,11.9,19.6,11.1,38,48.9,5.1,44,31,13.1,14.9,2.9,5148167.6,5
99,87,2,0.2,0.1,0.1,0.4,0.4,0.1,0.3,0.2,0.1,0.1,0,48764.4,1
99,89,140,12,12.1,4.3,34.7,33.7,2.9,9.6,14.7,13,2.1,0.9,3559970.7,9
99,91,426,19,27.5,20.1,84,76,14,73.9,62,30.5,18,1,8987566.5,3
99,92,1744,110.5,138.5,85.4,398.1,364.1,59.5,175.9,161.9,141.1,73,36,3.86702304E7,7
99,93,1413,53.5,132,76.9,233,332,35.9,173,181,89.5,75.2,31,31071576,6
99,94,4343,207.8,391,266.3,819.1,900,119.5,581.3,519,277.8,193.1,68.1,8.60707024E7,16
99,96,476,33,41.1,30.4,127.3,90.7,17.1,44,32.4,47,6,7,1.12085894E7,5
99,97,17,1,1.6,0.8,3.2,3.6,0.6,3.4,1.8,1,0,0,398987.8,2
99,99,445.5,21.9,39.9,26.1,85.2,88.9,18.7,66.2,46,22.5,22.2,7.9,9445284.9,14
99,100,21,0,3.2,1.2,0.9,7.5,0,2.2,3.5,1.9,0.6,0,504141.9,5
99,101,87,3.4,10.9,2.7,12.2,23.5,2,9.7,11.4,5.6,3.6,2,1977088.8,7
99,102,5,0,0,0.1,1.1,0.9,0.5,0.1,1.3,0.4,0.3,0.3,104546.3,1
99,103,148.5,5,11.1,6.8,32.3,30.7,8.2,11.9,24.1,10,4.7,3.7,3096655.6,7
99,104,112.5,1.3,10.1,2.1,20.1,19,0.8,9.2,23.1,12.7,11,3.1,2346946.9,8
99,105,35,0,5,0,3.3,7.6,0.8,2.5,8.3,2.5,3.3,1.7,671735.2,3
99,106,167,6,13,10,23.9,30.9,3,35.9,20.1,8,16.2,0,3298875.5,9
99,107,111,5.8,11,7.2,18.9,23,1,15.9,17,4,5.1,2.1,2481589.6,8
99,108,61,1,6,1,8.1,14.8,2.9,10.2,8,4,3,2,1235799.8,6
99,109,693,38.6,62.2,47.1,125.7,134.9,17.9,82.1,76.2,45.4,35.1,27.8,1.26048149E7,18
99,110,3,0,0.2,0.1,0.4,0.7,0.1,0.6,0.6,0.1,0.2,0,50618.7,1
99,111,210,9.8,16.7,6,34.7,40.4,10,27.2,40.5,13.9,10.8,0,3731803.4,17
99,112,121,4.9,13.5,6.2,22.9,27.9,3,12.9,9,12.5,4.2,4,2130484.2,6
99,113,80,4,11,2,12,18,2,12,8,10,1,0,1405523.2,2
99,114,240,13.1,14.9,8.1,53.9,52,7,31.1,33,14.1,7.9,4.9,5045982.8,17
99,115,206,19.8,14.8,12.1,47.3,29.9,4,21,26.2,20.9,9.1,0.9,3764524.6,18
99,116,61,3.2,5.8,4.2,11.3,12.2,1.4,9.2,2.9,5.8,4.3,0.7,1245290.3,6
99,117,24.5,1.3,2.4,1.7,4.6,4.9,0.5,3.7,1.1,2.3,1.7,0.3,500157.6,3
99,118,65,2.9,4.9,2.9,16.1,14.2,2,3.9,4.2,6.9,5,2,1523431,7
99,119,228.5,12,23.4,14.1,39.1,43.1,7.2,29.1,26.6,19.7,11,3.2,4848987.2,18
99,120,189.5,11.7,11,13.1,37.9,33,5.8,25,25.4,15.5,10.2,0.9,3920596.4,15
99,121,112.5,4.8,11.2,5.5,18,25,2.9,15.1,15.1,7.1,6,1.8,2120654.9,10
99,122,156,7.7,15.7,9.9,20.6,40.1,8.2,17.3,12.6,13.1,8.9,1.9,3063192.8,8
99,123,4,0.2,0.4,0.2,0.4,1,0.2,0.6,0.4,0.3,0.3,0,78447.1,1
99,124,317.5,17.3,33.2,27.5,58.9,62,6,25,42.2,28.9,12,4.5,6173747.7,23
99,125,547,20.4,49.1,25.4,104.4,124.3,14.4,66,70.2,32.8,22,18,1.20212306E7,43
99,126,1659,73,157,108.4,312.6,287.2,41,210.1,223,103,106.7,37,3.16971234E7,32
99,127,291,21,24.6,22.5,45.1,67.9,10,37.7,26,18.1,14.1,4,5857235.1,13
100,0,194,4.9,15.2,9,26,43,4.1,43,19,14.9,7,7.9,4910189.9,8
100,1,43.5,4.9,3.6,4.9,9,11.2,0.9,3,1,3,1,1,826079,6
100,2,6,0.3,0.4,0.2,0.8,0.8,0,1.1,1,0.3,0.8,0.3,157345.3,1
100,3,111,7.6,4.6,4.8,20,20,5,18,13.2,4.9,8,4.9,2678008.3,6
100,4,200,7,21.5,15.3,21,60,1.8,28.7,25.1,8.6,7.1,3.9,5196884.7,21
100,5,226,15.9,19,12.8,42,57,6.9,26.2,14.1,19,7.1,6,5052541.3,14
100,6,579.5,21.5,46.3,30,86.1,126,11,108,73.1,27.2,32.1,18.2,1.63251492E7,28
100,10,2577.5,134.6,245.9,150.5,480.1,545.9,88,296,276,174.6,129,56.9,55733228,8
100,11,3273,100.8,341.6,161.2,428.9,745.2,63.4,476.9,450,200.6,150.9,153.5,9.37721825E7,20
100,12,1908,59,172.7,85.7,260.9,422.6,44,262.9,317.8,106.1,90.1,86.2,56027402,23
100,13,590.5,14.9,70,25.2,65.9,133.9,8,82.2,97.2,30.4,21.9,40.9,1.75267658E7,13
100,14,326.5,5.9,31.4,14.7,33.1,85,5.1,48.1,44.9,21.2,20,17.1,1.05074244E7,14
100,15,4,0.2,0.2,0.4,0.8,0.4,0.2,1.2,0.4,0.2,0,0,124421.8,2
100,16,2,0.2,0.3,0.1,0.4,0.3,0.1,0.2,0.2,0.1,0.1,0,56813.3,1
100,17,9,0.9,1.5,0.3,1.9,1.5,0.3,0.9,0.8,0.7,0.2,0,255660,3
100,18,350,12,34,16,45.9,77.8,7,47.1,49.1,25,25.1,11,9894935.4,5
100,19,526,36,48.4,30.1,101,129.8,17,58,38,38.6,13.1,16,1.43097295E7,6
100,20,582,31.5,63,29.5,112.9,158.1,19.1,59.9,40.1,41.9,11,15,1.54231956E7,9
100,21,29,0.6,4.3,2.9,6.3,3.8,0.6,3.8,3.8,0.6,0.9,1.4,815248.9,4
100,22,507,33,39,22,117.6,85,18.9,65.1,64.9,40.5,14,7,1.26307919E7,5
100,23,357,14.9,30.9,15.5,83.1,81,10.9,39.2,30.9,33.6,7.1,9.9,9133348.2,14
100,24,1711.5,76.5,153.7,99,338.7,402.7,44.3,251.9,145.3,117.4,37,45,44245937,20
100,25,440.5,24.9,53,31,78,129.1,8,39,21,29.5,7,20,1.17038447E7,8
100,26,9,0.3,0.3,0.4,0.7,2.4,0.3,1,2.9,0,0.7,0,236651.7,2
100,27,7,0.2,0.3,0.3,0.5,1.8,0.3,0.8,2.3,0,0.5,0,184062.5,2
100,28,697,34.9,85.5,41,111.1,160.1,14.4,86,70,41,35,18,1.83941384E7,4
100,29,1101.5,26.3,132,52.6,112.1,262,14,218,136,57.4,17,74.1,3.82018849E7,5
100,30,4051.5,163.2,425.6,244.9,662.1,946.8,106.4,630.9,384.1,288.5,70,129,1.031770381E8,9
100,31,1102,45.4,113,87.5,160,282,23.4,116,127,61.6,53,33.1,2.87184589E7,5
100,32,1498.5,78,139.9,60.6,293,340,47.5,158,186,109.5,48,38,3.98083478E7,4
100,33,1237.5,61,132.5,66.9,348.9,269.9,38.5,98.2,94,73.6,19,35,3.39458562E7,7
100,34,2436.5,147,233.4,115.2,491.9,501.8,71.5,368.9,206.2,159.6,49,92,6.87226556E7,12
100,35,2673,101.9,209.9,141.1,429.6,555.2,67.5,516.9,286,162.4,78.1,124.4,8.55414988E7,21
100,36,4964,264.3,488.5,273.6,1103.2,1073.1,137.9,563.7,441.1,346.5,152.9,119.2,1.196937819E8,22
100,37,1209,68.3,126.1,69.5,250,206.1,30,131,174,92,30,32,3.02552253E7,5
100,38,853,24.8,93.2,50.5,147.8,204,31,115.1,71.1,68.5,28.9,18.1,2.36366807E7,27
100,39,714.5,71,48.6,48.1,280.9,120.1,14.5,47.9,27,39.4,7,10,1.76319539E7,6
100,40,6085,283.6,599.4,311,1150.9,1375.2,150,713,738.1,397.9,196.9,169,1.654454199E8,15
100,41,928,20.3,101.5,43.9,109.1,244.9,24.4,120.2,161.2,50.9,19,32.6,2.91197079E7,13
100,42,292,8.9,21.4,33,52.1,79,5.9,53,13,10.5,4.1,11.1,7731043.1,7
100,43,611.5,34,77,27.9,127,138,19.6,74,30,67,10,7,1.42173261E7,9
100,44,580.5,31.9,58.6,35.8,143.1,149,18.1,52,31.1,41,11.9,8,1.24506855E7,7
100,46,2371.5,132.3,239.7,147.5,503.2,571.9,64.8,297.6,147.4,166,41.2,59.9,5.71309107E7,23
100,47,583.5,28.4,55.5,32,91.9,123,13,74,99,40.5,12.1,14.1,1.51980954E7,5
100,48,492.5,22.9,51.1,33.9,99.2,127,11.4,58.1,29,40.9,8,11,1.27599924E7,11
100,49,234,7,32.4,8.8,32.1,54,3,30,34.1,14.6,7,11,6419086.4,7
100,50,3,0.1,0.1,0.1,0.7,0.4,0.1,0.8,0.4,0.2,0.1,0,82798.7,1
100,52,1,0,0.1,0,0.3,0.2,0,0.1,0.1,0.1,0.1,0,23539.1,1
100,54,389.5,20.5,28.9,23.6,57.8,84,7.4,71.1,53.8,18.2,17.1,7.1,1.06856003E7,11
100,56,146,6.7,12.1,6.2,22,20,3,21,33.9,8.1,6.9,6.1,4253844.5,8
100,57,172,4,15.9,8.1,13,41,3.1,28.9,34,12,5,7,5110577.9,4
100,59,777.5,59.5,94.7,58.3,141.3,159.5,28,81.5,68.5,63.2,12,11,1.24597672E7,1
100,60,4659.5,201.4,414.8,300.5,903.7,960.8,117,524.1,590.1,283.7,246.2,117.2,1.021734268E8,20
100,61,1356.5,55.8,106,89.8,224.6,300.3,34.5,196.5,181.3,80.8,60,26.9,3.14055292E7,19
100,62,1727,80.2,151.5,105.6,273.9,405.9,40.5,240.9,224,95.3,63.2,46,4.10446106E7,20
100,63,3,0.2,0.2,0.2,0.6,0.7,0.1,0.3,0.4,0.2,0.1,0,70733,1
100,64,24.5,0.7,0.3,0,2.7,8.1,0,6.6,2.1,1.9,2.1,0,604353.6,5
100,65,12,0.2,0.2,0,1.4,3.9,0,3.3,1,1,1,0,296010,3
100,66,10,0.7,1.3,0.5,1.7,3.3,0.5,0.3,0,0.9,0.3,0.5,297219.3,2
100,67,113.5,5.8,14.3,8.8,22.3,31.6,3.4,12.8,3.1,7.1,2.8,1.5,2994888.2,6
100,68,88.5,3,8.5,4,18.1,19.1,3,16,8.9,2,3,2.9,2122862.7,6
100,69,188.5,12.9,21.5,8,39.1,45,5.9,23.1,7.1,16,3.9,6,4531817.3,5
100,70,565.5,33,62.4,24,114.9,123.1,17.7,55,52.1,43.9,30.2,9.2,1.27423702E7,9
100,71,323.5,16,32.6,22.1,71,65.9,10.9,33,27,24.1,16.9,4,7333213.3,8
100,72,74,0.9,10,4,8,16,3.1,12,12,4,3,1,1708358.1,2
100,73,185.5,6.4,13.1,12,34,34.9,5,24,19,14,10.1,13,3680832,5
100,74,974,29.9,95.2,65.4,156.1,207,20.5,120,146.9,58.1,57.9,17,1.87864164E7,7
100,75,368,20,49,29.9,58,111,10.8,17.1,26,28,11.2,7,6768026.6,6
100,76,95,3.9,9,4.2,18.1,19.9,4,12.9,6,7,8,2,1974601.3,9
100,77,166,6,21.1,7.1,32.1,27.8,3.9,28,17,10.9,11.1,1,3340023.3,8
100,78,128.5,7.1,10.9,8.2,26.9,26,4,8.9,19,8.5,7,2,2791728.3,9
100,79,3580.5,159.9,303.5,301.9,567.2,731.1,77.8,454.7,462,198,257.3,67.1,68070856,24
100,80,141.5,3.8,16.6,5.1,20,30.9,1.9,24,21.1,6.9,10.2,1,3066567.2,11
100,83,791.5,49.8,72.7,45.2,160.7,174.1,19,89.1,74.8,61.8,29.2,15.1,17277993,20
100,85,752,50.3,72.4,45.4,149.1,158.1,27.9,64.1,84.1,64.6,30.1,5.9,15049429,14
100,87,515.5,17.9,63.2,27.9,83.9,119,13,61.1,55.2,35.4,26.1,12.8,11566928,13
100,89,594,37.9,56.8,22.9,133,127.3,24.6,69.9,47,35.3,18.1,21.2,1.30403037E7,21
100,91,912,40,108,41.9,164,221,25.5,103,85,81.4,17,25.2,2.10761676E7,5
100,92,1389,80,127,90.5,287,302,33.1,171,127,99.5,46.9,25,3.01242621E7,3
100,93,77,7.9,6.9,2,19.6,12.9,0,7,8.9,7.9,3.9,0,1995546.6,4
100,94,2474.5,106.4,241.9,131.1,429.1,506.1,57.9,345,307,148.9,156.1,45,54216640,14
100,95,280.5,17.8,12.9,19,59,49.2,6.3,54.2,25,10.9,19.1,7.1,6351870.2,15
100,96,2,0,0,0,0.3,0.7,0,0.1,0.4,0.2,0.2,0.1,40816.6,1
100,97,504,21,32.5,22,103,101,15.9,77.1,54.9,36.5,23.1,17,11792817,11
100,98,88,5.7,4.7,6.9,15.7,22.2,3.6,14.3,3,4,5,2.9,1996707.2,4
100,99,392,17,39,14.1,68,100.1,10.9,42,36.9,38,12,14,8536876.7,7
100,100,195.5,5.9,24,16.1,29,50.9,2.5,19,19.1,12,7.9,9.1,4164139.8,4
100,101,182,7.8,20,8,32.1,36.9,3,18.9,21.9,17.1,13.3,3,3681822.7,8
100,102,98,5,9.1,3.9,12.1,15,5.1,20.9,14.9,3,7,2,2342363.4,4
100,103,86,6,4,8,11,17.9,1,11,14,6,6.1,1,1803647.9,5
100,104,288,17.9,31,15.8,54.9,49.2,8.7,18.2,41.8,23.1,20.2,7.2,5437143.5,12
100,106,284,19.4,33.1,12.1,54.1,55.9,5,43,13.9,14.6,24,8.9,5772853,12
100,107,55,2,5.9,0,8.1,11,0,5.9,11,5.1,6,0,1241919.6,7
100,108,716,23.4,42.1,53,104.1,153.1,21.2,93.8,124.8,33.4,52.9,14.2,1.27869241E7,14
100,109,8,0.9,0.6,0.4,1.8,1.1,0.2,0.8,0.9,0.9,0.3,0.1,128911.7,1
100,110,11,0.4,0.9,0.8,0.9,2.4,0.2,2.5,1.9,0.5,0.3,0.2,211554.2,2
100,111,174.5,12.4,16,7.1,39,24.3,3.9,25.8,18.9,10.9,13.3,2.9,3216679.5,16
100,112,227,6.7,22.7,11.6,22.1,60.3,4.4,33.1,33.2,18.3,13.6,1,4460409,11
100,113,386.5,9.8,39,23.1,74.8,71.9,14.2,45.1,56.1,30.4,16,6.1,7424704.9,20
100,114,164.5,14.4,15.1,14.9,31.1,32.1,2.9,18.9,15.1,10.1,9,0.9,3321490.6,9
100,115,149.5,5.8,13.6,3.9,27,27.1,4,20,26.1,15.9,6.1,0,3088573.5,10
100,116,208.5,12,22,17.8,41.2,43.1,4,24.2,18,19.2,6,1,4083831.8,12
100,117,174,7.5,16.5,5.1,36,38,8.9,20.8,15,13,9,4.2,3378912.6,10
100,118,123,4.8,11.7,7.8,24.6,27.4,1.9,11.7,8.6,9.7,6.9,7.9,2297754.7,11
100,119,131.5,5.9,15,7,24.9,21,5,16.1,20.1,9.4,6,1.1,2592075.7,10
100,120,246,9.7,23,7.2,42.1,56.4,5.8,35.1,27.1,18.8,13,7.8,4840305.2,17
100,121,343.5,14,36.4,12,83,65.9,12.2,38.9,29.8,27,14.3,10,6768506.2,18
100,122,327.5,20.1,27.4,18.1,69.9,71.1,4.9,43.1,23.9,22,23,4,6938224.1,14
100,123,704,34.4,54.9,45,126,151,13.1,85.9,84.1,49.4,50.3,9.9,1.36211231E7,17
100,124,36,1.8,3.6,0.9,9.2,8.3,0,1,8.3,0.9,1,1,776116.5,3
100,125,3,0.2,0.3,0,0.8,0.7,0,0,0.8,0,0.1,0.1,64676.4,2
100,126,472,26.5,46,28.1,105,93.2,15.1,65.2,47.8,24.2,18.9,2,9631268.7,22
100,127,1225,55.1,152,58,211,269.2,35,167.7,130.3,93.9,41.9,10.9,2.38381637E7,22
101,0,91,3.9,10,5,8,25,1,13,7.1,5,8,5,2162852.5,3
101,1,168,7.9,7.5,14.5,38.1,28.9,6,24.1,14,17,5,5,3757838.1,3
101,2,137.5,6,11.7,7.2,21.9,29.9,2.9,19.1,26.1,7.2,3.7,1.8,3583323.1,15
101,3,306.5,3.9,22,15,43,78.9,5.2,49,44.1,26.6,11.9,6.9,8213794.1,22
101,4,183.5,8.6,17.1,9,21.1,54,6,28.8,22.2,7.8,2.8,6.1,4648040.7,17
101,5,68,0.9,6.1,1,10.8,10.9,3,11,11.1,5.1,5.1,3,1738608.7,9
101,6,642.5,35.3,66.3,23.8,111.9,162.1,18.7,70.4,52.7,55.2,23.1,23,1.68391142E7,12
101,7,4,0.2,0.2,0.1,1,0.8,0.1,0.7,0.3,0.4,0.1,0.1,121880.8,1
101,8,2396,90.5,193.5,112.4,394.9,526.3,59.9,262.9,339.9,148.4,172.1,95.2,63492995,10
101,9,1922.5,63.8,196.3,88.1,270.2,458,32,243,271.9,127.9,97.1,74.2,5.21423749E7,16
101,10,2353,81.9,215.6,97,338,550,55.4,300.1,340,150,104,121,6.64650668E7,15
101,11,1003,38.5,99.8,34.2,136.2,228.9,19.2,163.2,137,58.9,47.1,40,2.87425783E7,16
101,12,2432.5,104.2,232.6,91,358.8,561.9,45.7,359.9,331.7,147.5,96.1,103.1,6.89029452E7,22
101,13,43,0,1.2,2.9,2.9,12.9,0,12.1,6,2.9,0,2.1,1069582.8,8
101,14,761,36.3,55,39.9,141.9,161.6,20,103.1,113.8,30.2,35.1,24.1,2.18712942E7,27
101,15,127,8.6,8.9,4.8,26.2,22.7,3.6,14.9,20.7,8.6,8,0,3513973.2,8
101,16,275.5,17.8,25.3,9.1,39.7,54.2,10.6,42.9,41.1,17.2,11.6,6,7714539.5,4
101,17,926.5,36.9,102.8,44,146,228,22.5,128,88,71,19.1,40.2,2.46608771E7,9
101,18,295.5,16.8,23.4,13,66.2,67,9.6,39.1,14.9,22.4,12,11.1,7873719.2,7
101,19,206,11,12.1,9,30,39.9,5.6,34.9,46,7.5,5,5,5877098.9,6
101,20,535,38.9,51,26.5,94.1,123,10.4,69,41,45,19,17.1,1.41887901E7,5
101,21,11,0.2,1.7,1.1,2.4,1.4,0.2,1.4,1.4,0.2,0.4,0.6,309232.3,2
101,22,223,16.1,23.8,10.9,49.2,49.5,6.8,25.5,18,15.3,3,4.9,5565619.5,1
101,23,3,0.4,0.2,0.1,0.8,0.5,0.2,0.5,0,0.2,0,0.1,72364.3,1
101,24,212.5,10,19,14.1,32,61,3.9,23,19,15.5,9,6,5749778.6,5
101,25,180,7,21.9,11,23.2,49.1,3.9,15.9,24.9,9,3.1,11,5058221.7,8
101,26,39,0.4,2.4,0.4,5.6,9.9,0.4,6.4,6.7,4,1.7,1.1,1158751.7,7
101,27,1898,96.1,212.5,106.8,346,454.2,52.5,216.1,165.9,163,35,49.9,4.83840539E7,11
101,28,6697.5,400,646.3,401.9,1374.1,1370.3,229.5,726.2,633,538.9,252,125.3,1.466269016E8,14
101,29,1250,71.9,99.3,71.1,253,283.1,32.9,140.1,144.1,72.6,54.9,27,3.11634213E7,7
101,31,329.5,17.5,24.5,15,80,74,7,42,27,17.5,17,8,8818780.5,2
101,32,102.5,2.9,8.4,6,27,22,0,8,10.1,12.1,5,1,2669402.2,4
101,33,2059,131,138,108.6,596.1,410,62,192.9,177,157.4,32,54,5.48616641E7,5
101,34,21795,1519.5,2013,1313.8,6056.4,4682.1,698.9,1941,867.1,1645.9,242.2,815.1,5.312553038E8,13
101,35,5480,247.5,490,272.3,857,1181.9,140.6,812.4,794,361.1,167,156.2,1.518800001E8,27
101,36,19482,1125.4,1627.5,1111.1,4570.1,3995,578.5,2056.9,1813.1,1337.9,823,443.5,4.611082792E8,11
101,37,5272.5,238.2,513.9,247.6,910.1,1162.9,143.8,701,666.1,357.5,165.3,166.1,1.374688371E8,17
101,38,512.5,14.9,70.1,31.5,50.1,150,11,72,52.1,29.8,7,24,1.44536372E7,13
101,39,1524.5,59,176.5,53,243.9,379,48,220,129,127,33,56.1,4.53858088E7,5
101,40,3689.5,192.7,290.5,246.4,852,774.9,98,429.1,372.1,218.5,143.2,72.1,8.96407914E7,9
101,41,1145,76,105,70,248,262,35,103.9,90.1,90.1,29.9,35,3.09466762E7,8
101,42,480.5,30,54.9,23.1,99.1,116,16,59,25.1,38.4,3.9,15,1.26741794E7,6
101,43,282.5,17,29.5,19.9,63.9,70.1,11,28,16,11,9,7.1,7723165.2,6
101,44,289.5,15,40,25.5,59,83,9,8,19,22,2,7,6740772.2,0
101,45,2395,124.2,267.4,148.5,426,547,70.9,249.1,283.1,155.2,73,50.6,5.90829806E7,14
101,46,8419.5,489.5,788.5,480.5,1854.7,1793,280.9,959.9,715.9,634.1,180.2,242.3,2.095675305E8,13
101,47,5745.5,324.3,631.4,353.3,1153.9,1330.1,180.4,574.1,485.1,457,94.9,161,1.405982316E8,13
101,48,680.5,37,63,39.1,92,164,20,83.9,101,38.5,22,20,1.80141381E7,6
101,49,865,38.6,88.3,44.1,176,206,24.1,105.1,86.8,62.9,17.9,15.2,2.30424809E7,12
101,50,5,0.2,0,0,1.3,0.7,0.2,1.5,0.8,0.3,0,0,137997.8,3
101,51,3,0.1,0,0,0.8,0.4,0.1,0.9,0.5,0.2,0,0,82798.7,2
101,52,11,0.5,1.6,0,3,2.2,0.5,1.4,0.8,0.5,0.5,0,258930.6,1
101,53,362.5,11.3,36.6,17.1,63.7,81.8,12.3,55.5,34.3,19.4,9.5,21,1.12084469E7,10
101,55,480,25,51.6,20.9,90,108.9,18.5,58.9,51.1,36.6,6,12.5,1.31084698E7,5
101,56,121.5,5.9,8.5,7,21,29.9,2.3,21.1,11.1,6.6,4,4.1,3238158.9,9
101,57,501.5,21.9,36.1,29.2,73.9,116.9,4,73,77,30.5,11,28,1.60305114E7,8
101,59,24,2.9,0.8,2.3,3.8,4.5,0,4.5,4.6,0.6,0,0,459820.7,4
101,60,1734,88.8,156,74,301.1,397,39,228,213.1,123.8,59.2,54,4.34302486E7,17
101,61,8,0.6,0.5,0.8,1.4,1.5,0.1,0.8,1.4,0.7,0.2,0,174531.5,2
101,62,683,29.6,68.7,23.4,132.3,154.3,28.3,93.8,64.9,48.6,24,15.1,1.71486934E7,17
101,63,707.5,34.7,63,52,135.1,160.2,8.1,98.1,65.8,48.6,26,15.9,1.75947271E7,10
101,64,106.5,3.9,10,4.1,16,25,6,17,16,5.5,3,0,2687462.3,5
101,65,70,6,3.9,8,16.1,13,2.1,8,7,4.9,1,0,1392900.7,6
101,66,119,3,7.8,6.8,12,28,3,20.1,25.1,3.1,5.1,5,2852691.5,4
101,67,874.5,45.1,116.4,56,160,194.9,33.1,87,74,65,31,12,1.98633653E7,6
101,68,191.5,16,18,4.9,42.1,45,6,16,19,13.5,5,6,4430046.5,5
101,69,121,6,13,5,31,16.1,6.5,15.9,8.9,9.6,7,2,2682699.7,6
101,70,226,7.9,23,16,44,55.1,9,23,20,15,8,5,5212107.6,4
101,71,304,20,28,9,67,64,4.9,36.1,31,24,16,4,6619210.4,6
101,72,111.5,6,14.1,3.9,25,28.9,2.8,7.9,7,13.5,1.2,1.2,2669943.8,9
101,74,51,3,8.1,3.9,3.9,13.9,0,3.9,7,6.2,1.1,0,1128029.2,5
101,75,80,6,7,7,15.1,22.9,0,7,8,2,4,1,1588006.8,2
101,76,144,6.9,11.6,4.9,22,26,4,20.2,20,8.4,14.1,5.9,2908815.7,12
101,77,132,8,14.2,9.4,23.9,36,3,17,7.9,10.5,1.1,1,3147822,6
101,78,60,3,4,9,9.1,17,0,12,3,0.9,2,0,1337142.2,5
101,79,1551.5,53,123.5,132.5,229,298.1,40.9,245,262,76.4,81.1,10,2.64882177E7,4
101,80,662,39.5,80.5,33.1,153.1,131.9,26,54,50.9,76,9,8,1.20100605E7,4
101,81,144.5,6.4,20,8.1,16.1,40,3,16,16,10,8,0.9,3056232.2,8
101,82,161,6.9,18,12.1,35,23,8,13,17,16,11,1,2928536.1,7
101,83,227,15.9,15,15.1,53.1,35.1,7,25.9,23,18.4,14,4.5,4477928,6
101,86,100.5,5.5,10,6,18,22,1,11,8,13,5,1,2141287.3,4
101,87,262.5,16.1,29.9,14,43.1,81,9.1,25.9,10,22.5,7.9,3,6020602.7,10
101,89,75.5,4.1,8.5,5.1,14.2,21.1,2.8,6.9,7,2.9,2.9,0,1823508.8,8
101,90,734.5,49,63.5,28,173,137,26.6,84.9,65.9,67.5,27,12.1,1.66590889E7,4
101,91,91.5,4,4,9,13,17,2.5,12,13,6,11,0,2190431.3,2
101,92,1,0.1,0.1,0,0.4,0.2,0,0,0.1,0.1,0,0,24704.1,1
101,93,114.5,2,6.9,4.1,21.9,31,3,14.9,13.1,12.5,3.1,2,2406709.4,4
101,94,429,16,32.3,21.1,65,94.9,11,81,57.1,20.5,23.1,7,9743001.1,14
101,95,133.5,2.9,12.1,17.4,15.9,35.2,2,20.9,17.1,5.9,2,2.1,3228107.6,8
101,96,451.5,23,26.7,15.9,113.4,85.3,12.4,66.8,44,39.5,15.6,8.9,1.05510741E7,15
101,97,3,0,0.1,0,0.4,1.1,0,0.1,0.6,0.3,0.3,0.1,61225,1
101,98,4,0.2,0.4,0.1,1.3,0.8,0.3,0.7,0,0,0,0.2,109021.7,1
101,99,212,12,13.5,13,32,47,4,30,27,11.5,20,2,4364504.7,3
101,100,42,0,3,1,3,7.9,0,5,13,4,2,3.1,896175.4,3
101,101,38,3,5.1,3,6,7.9,0,7.9,2.1,0,2.1,0.9,820560.3,4
101,102,183,9.9,16,13.9,39,29.2,5,31.1,13,10.9,9,6,3862233.9,8
101,103,568,19.7,69,42,97.1,113.8,20.9,69,54.9,42.2,22.3,17.1,1.17430829E7,17
101,106,112,3,9.4,6.4,13.8,22.9,1,20.1,11.2,7.1,15.1,2,2451321.3,11
101,107,77,1.8,11.1,10.1,14,13.1,2,14,3,2.9,5,0,1422802.5,7
101,108,78.5,4,3.6,7,16.1,17,0.9,7.9,7,6.9,7.1,1,1591654.6,10
101,109,64.5,6.8,5,3.6,14.1,9,2,6.3,7,6.9,2.8,1,1039350.7,11
101,110,89,5,10,5.1,10.9,23,2.9,11,7.9,4,3.1,6.1,2029703.4,10
101,111,58.5,2.7,4.6,4.3,4.9,12.7,0.6,13.4,10.1,2.7,1.6,0.9,1125083.2,6
101,112,236.5,9.1,22.6,14,40.1,54.8,5.9,22,34,14,16.9,3.1,5060325.4,14
101,113,7,0.2,0.8,0.4,0.8,1.8,0.1,1,0.9,0.6,0.4,0,134012.5,2
101,114,228,13,19.7,7.2,44.8,31.1,9.1,42.8,40,12.6,5.9,1.8,4783958.1,16
101,115,155,9,10,6,19.1,40,3,21.9,22.9,5,12,6.1,3322465.5,5
101,116,163.5,9.9,10.4,3,30.1,25.1,9,36,17.7,10,8,4.3,3426506.7,11
101,117,517,25.2,51.1,38.2,108.9,101,17.8,54.9,44.1,42.6,21.8,11.4,1.03219874E7,24
101,118,3,0.1,0.3,0.2,0.6,0.7,0,0.3,0.2,0.3,0.1,0.2,56042.8,2
101,119,596,25.7,59.5,39.5,110,132.1,12.7,82.9,63.2,28.3,31.1,11,12964421,20
101,120,277.5,8.9,33,19.6,48.1,63.1,4,29.9,37,23.9,6.2,3.8,5544750.2,16
101,121,151,1,17.1,6.9,22,33,3.1,27.9,16.1,12.9,11,0,3168305.1,6
101,122,341.5,13.9,35.4,11,73.2,68.8,11,43.9,34.1,28.9,13.2,8.1,7883941.1,18
101,123,150,10,14.1,6.9,37,26,5,16.9,12,14.1,5,3,2822173.4,8
101,124,468.5,24,48,27,81.8,97.1,8.9,63.1,57,24.1,29,8.5,9606723.9,9
101,126,1735.5,103.8,153.8,117.8,334,323.9,59.7,183,212.5,117.8,98.5,30.7,3.26748553E7,33
101,127,5927.5,326,589.9,389.6,1056.1,1112.3,161.4,637,787.9,422.2,357.9,87.2,1.032373716E8,16
102,0,123.5,7.8,8.5,4.6,21,23.1,2.6,14.9,20.1,8.9,11,1,3366610.4,14
102,1,297.5,12.7,16.9,10.8,45.8,67,4.9,46.9,45.3,16.6,22.2,8.4,8092312.5,26
102,2,244.5,7.8,20.6,9,39.1,58,8,34,38,14,8.9,7.1,6069187.1,12
102,3,29,2,3,2,5,3.9,0,9,2,0,0,2.1,791890.3,4
102,4,506.5,27.7,39.1,20.2,99.9,98.7,21.3,65.7,60.2,51,12.8,9.9,1.27808251E7,15
102,5,9,0,0.9,0.7,0.7,2.9,0.2,1.1,0.9,0.7,0.2,0.7,192335.6,3
102,6,107,2.9,8.9,5,24,16.1,6.6,20,7,10.5,2,4,2633689.8,5
102,7,1314.5,43.8,126.9,77.1,181,312.1,27.3,193,193.1,64.7,58.1,37.4,3.40098482E7,12
102,8,6556.5,240.7,552.1,336.8,1016.1,1401.9,147.4,896,976.1,361,433,195.4,1.679600305E8,24
102,9,7024.5,357.3,628.4,429.5,1286.1,1455.1,176,905.1,764.1,455.9,425,142,1.476575352E8,18
102,10,818,33.1,67,42.2,162,188.8,15.1,119.9,73.9,55.1,37.8,23.1,1.95766956E7,16
102,11,95,0.7,10.4,13.2,9.9,26.3,2.9,11.8,10.9,3.6,0.7,4.6,2811076.1,9
102,12,382,16.9,33.8,16.8,56.1,93,9.9,57,38,25.3,19.1,16.1,1.03669929E7,13
102,13,216.5,11.5,21,5.1,40,49.9,4.3,23.1,25.1,19.4,9,8.1,6051822.7,5
102,14,20,1.1,2,0,5.5,4.9,0.5,4,0,1.1,0,0.9,539692.2,4
102,15,4328,172.5,428.1,268.1,649.9,1013.8,106.4,577.9,562.1,257.1,154,138.1,1.077511117E8,14
102,17,3,0,0.5,0.1,0.6,0.8,0,0.5,0.1,0.1,0.1,0.2,84078.5,1
102,18,170,7.9,15,10,22,48,6,18,17.1,13,10,3,4682732.4,9
102,19,622,26,57.9,38.2,97.2,130.9,15.9,97.1,79.9,31.9,23.9,23.1,1.76035386E7,12
102,20,507.5,28.9,39,19,98.9,97.9,15,91.1,56,34.5,13.1,14.1,13753051,7
102,21,52,4,6.1,1.9,14,18.1,1.4,1.9,2.2,1.4,0,1,1322185.3,6
102,22,147,15,10.6,7,45,23,8.9,4,5,22.5,5,1,3587978.4,3
102,23,628.5,45.8,56.8,30.2,147,117,27,78.1,56.1,48.4,12.1,10,1.59983618E7,10
102,24,1515,82,155.4,94,287.1,358.9,42.9,173.1,119.2,125.5,35.9,41,4.11230716E7,13
102,25,85,3.9,5.1,4.3,15.1,18.9,2.7,11.9,14.1,5,2.9,1.1,2525905.9,10
102,26,1095.5,46.2,115.6,59.1,185.1,278,27,138.5,105.2,87.2,22.9,30.7,3.06348607E7,25
102,27,142,4.4,16.2,7.1,23.8,26.4,2,25.9,16.9,9.5,6.1,3.7,3730755.4,11
102,28,3985.5,217,387.3,247,864.1,869,117.6,369.1,402,281.5,141,89.9,9.19888462E7,10
102,29,1370.5,41.8,150.5,116.9,183.2,431.9,28.7,146,60.2,82.3,22,107,3.90812995E7,10
102,30,8,0.7,0.5,1,2.1,1.7,0,1,0.7,0.3,0,0,187285.1,2
102,31,4,0.3,0.3,0.5,1,0.9,0,0.5,0.3,0.2,0,0,93642.6,1
102,32,2,0,0.5,0.1,0.1,0.6,0,0.4,0,0.1,0.1,0.1,51608.4,1
102,33,23.5,0,5.9,0.8,0.9,7.2,0.7,4.7,0,0.7,1,1.6,606398.6,4
102,34,4167,167,682,227.9,582,1171.8,108.4,370.1,171.1,435.6,47.1,204,1.157581101E8,13
102,35,4761,362.8,515.9,234.9,1101,1108.3,212.1,344,245.1,425.9,44.7,166.3,1.274470973E8,21
102,36,6606,312.5,640.5,346.1,1228.7,1450.1,167.8,820.9,688.2,469.9,255.2,226.1,1.709748854E8,29
102,37,2524.5,95.3,246.5,146.1,426,570,54.9,319,319.2,175.3,95,77.2,6.91514253E7,9
102,38,190,12.8,26.7,11.1,39,43,6.1,24.9,6,17.4,1,2,5196470.2,9
102,39,1716.5,93.4,148.4,87.3,418,360,46.5,202.9,135.1,135.4,50.3,39.2,4.49587722E7,13
102,40,63,7.1,8,0,17.8,12.5,0,8,0.8,7.9,0.9,0,1796145.3,4
102,41,8,0.8,1.1,0,2.4,1.6,0,1.1,0,1,0,0,228081.9,3
102,42,122,6,25.5,2,11,37,2,19,8,7.5,0,4,3249060.5,2
102,43,213,11,26.1,18,33.9,51,4.9,25.1,17,15,7,4,4853896.9,8
102,44,1474.5,64.5,187.1,87,252.4,389.9,43.5,154,109,112,27,48.1,3.52701732E7,3
102,45,1404.5,69,154.5,87.1,226.9,351,43,200.9,92,101.1,26,53,3.55045628E7,8
102,46,1443,97.1,128.5,78.6,366,291.1,59.9,177.2,72.8,122.8,17,32,36975165,12
102,48,368,20.6,28.2,14.7,61.1,82.4,5.6,65.7,49.2,23.6,5.8,11.1,9955507.1,6
102,50,951.5,44.5,113,42.1,167.9,250.9,19.4,103.1,71.1,73.3,34,32.2,26931818,16
102,51,7,0.2,0.3,0.8,1,0.9,0.1,1.2,1.3,0.4,0.5,0.3,160212.9,1
102,52,458,17.5,52.6,26,60.8,113.1,9.6,50.9,61,33.4,13.1,20,13945595,16
102,53,76,2.9,11,6.1,17,18.9,1.1,3.9,4.1,7,0,4,2191811.5,5
102,54,116,2,13.1,3.9,7.9,33,1,23,10.1,10,7,5,4032584.1,4
102,55,79,5.8,9.3,4.4,11.1,23.4,2.9,4.5,6.9,4.6,5.1,1,2176715.2,7
102,56,150.5,9,14.6,8,31,32.9,3,15,16,11,5,5,4042644.4,5
102,57,94,3,10.1,4,14.9,22,2.8,9.1,13.1,8,5,2,2696459.5,7
102,58,459.5,19,54.5,19.9,76.8,122,9.1,62,39,27.1,13.2,16.9,1.25401008E7,11
102,59,127.5,4.9,16.4,8.9,17.8,36,0.9,13.1,13,11,1.2,4.3,3287292.2,11
102,60,671.5,45.1,59.4,36.3,130.8,167.4,21.4,67.9,58.1,54.9,17.1,13.1,1.65076281E7,19
102,61,33,2.9,3,3.2,5,5.9,0,7,6,0,0,0,738935.9,6
102,62,594,20.5,62.1,32.9,95.2,129.8,10,85.9,86.1,32.5,26,13,1.47049023E7,10
102,63,566,25.9,58,29.4,112,132,12,71.1,41,43.4,27.2,14,1.38384193E7,6
102,64,964.5,43,95.4,51.5,192.1,200.1,21.9,129.2,85,79.3,46,21,2.40367918E7,8
102,65,4,0.2,0.4,0.1,0.9,0.9,0.1,0.7,0.3,0.2,0.1,0.1,104525,1
102,66,1113,51.9,117.5,41.1,175.8,244.1,32.2,148,152,85.2,42.3,22.9,2.72592626E7,14
102,67,2352,88.4,226.8,163.7,394.1,500.1,48.5,303.9,317.9,146.5,113.9,48.2,5.07264023E7,15
102,68,46,3,7.5,1,6.3,11.9,1.9,6.3,4.9,1.9,0.4,0.9,910327.2,5
102,69,22,0,4.5,0,1.7,6.2,0,2.8,3.9,1.2,0.5,1.2,543327.4,2
102,70,405,25,34.5,16,108,75,12.1,36,34,45.4,11,8,9015975.4,5
102,71,14,1.3,1.5,0.4,2.9,2.9,1.1,1.3,1.2,1.4,0,0,365840.6,2
102,72,3,0.1,0.2,0.2,0.6,0.6,0,0.5,0.5,0.1,0.1,0.1,80316.2,1
102,73,621,23.5,58,36,112.8,151,17,78,75,37.5,26.2,6,1.29636824E7,6
102,74,37,2.6,3.6,4.5,7.9,8.8,2.6,0,0,3.5,2.6,0.9,658398.1,2
102,75,195,11,19,15.1,32.9,46.1,5.9,17.1,25.9,13.1,4.9,4,4119605.1,6
102,76,20.5,1.5,1.7,1.2,6.1,3.1,0.4,3.1,1.5,1.5,0.4,0,466325.5,2
102,77,26,1.9,2.2,1.5,7.8,3.8,0.5,3.8,2,2,0.5,0,591437.3,3
102,78,25,0.8,2.6,1.7,6.1,3.5,0,4.4,1.7,1.7,1.7,0.8,577225.8,2
102,79,171.5,9,9.9,9,33.9,23,4.9,36.3,18.9,18.4,5.2,3,3532234.1,12
102,80,369.5,10.8,32.6,27.4,52,83,8.1,68.1,41.1,15.4,27,4,8111775.4,15
102,82,202,13.2,16.8,12.9,32.1,36.7,5.1,26.9,34,10,10.4,3.9,4277746.6,14
102,83,121,5.9,11.9,4,27.1,19.1,2.9,22.9,10.1,9,4,4.1,2615950.2,6
102,85,1066,49.6,119,67,202.9,251.1,26.9,85.9,110,75.3,55.1,23.2,2.28806032E7,22
102,86,46.5,3.5,7,2,13,9,1,2,3,6,0,0,970843.1,0
102,87,92,7.9,5,2,25,15,3.9,12.1,8,10.1,2,1,2150888.3,4
102,89,111,12.9,11,5.9,30,19.1,4.9,7.1,8.9,8.1,2.2,0.9,2333881.7,8
102,90,302,20,30.5,20.1,64,61,11.5,33.9,32,23,2,4,6014854.8,4
102,91,290.5,16.9,25.5,10.9,59.1,59,8.9,30.1,34.9,24,14,7.2,6515345.7,8
102,92,434.5,37,39.5,22.6,121,90.9,17.1,28.9,28,38.5,8,3,9739898.8,5
102,93,336.5,17,29.5,20,57.9,77,7,53,43,14.1,9,9,7287903.4,6
102,94,389.5,16.8,34.1,25.9,62.1,98.3,6.9,51,42,29,15.4,8,8230210.1,17
102,96,806,31.9,83.2,46.1,132.9,196,16,103.2,88.1,57.5,35.9,15.2,1.82667826E7,18
102,97,385,13.9,48.1,16.9,67,91,7,44,43.1,29.9,15,9.1,8271458,4
102,98,276,13,20.6,17.4,62,54,11.1,34,22,20.9,12,9,5802776.4,11
102,99,187,9.1,17,14.1,32.8,42,3.9,27.1,22,12.1,5.9,1,4179909.7,9
102,100,75,3.6,5.9,4.1,18.1,14,1.9,8.9,9,4.5,4,1,1624847.3,6
102,101,111,9.1,9.6,4.9,26,19.9,0.9,20,5,7.5,8.1,0,2409912.4,8
102,102,163,5.9,18.2,7.1,28.1,41.9,5.9,15.2,17.9,13.8,9,0,3436404.1,11
102,104,279.5,19,26.8,13,60,49.9,8.1,41,20,14.6,24,3.1,5305114.4,15
102,105,76,3,3,6,13.9,11.8,1.1,15.9,8.9,2.2,7,3.2,1605415.8,6
102,106,114,6.4,6.8,3,26,20,5.1,12,16.1,10.5,7.1,1,2167440.8,6
102,107,55,3,7,3.9,12,8,0,3,4.1,8.9,4.1,1,805521.4,3
102,108,14,0.3,1.1,1.2,1.1,3.9,0.1,2.2,1.9,0.5,1.5,0.2,290901.6,1
102,109,189,16.7,10.2,17,34,30.2,4.9,26.8,21,14.1,10,4.1,3514896.4,10
102,110,249.5,14,28,14,49.1,53.9,5.4,21,25,24.1,11,4,4875660,5
102,111,484.5,22.9,48.9,26.8,93.9,99.1,7.1,51.2,42.2,36.6,47.8,8,9380601.8,13
102,112,1,0,0.1,0.1,0.2,0.2,0,0.1,0.1,0.1,0.1,0,18492.4,1
102,113,2,0.1,0.3,0.1,0.4,0.4,0,0.2,0.2,0.2,0.1,0,36984.7,1
102,114,1756.5,86.7,168.7,88.1,342.7,304.4,42.5,246.7,217.7,128.6,87.2,43.2,3.33461566E7,21
102,115,161.5,10.5,19.4,4,19.1,40.8,4.9,19,26.1,10.5,5,2.2,3593887.4,6
102,116,251,10.9,17.9,6,41.9,58.1,9.1,38.9,34.3,20,9.9,4,5956041.4,10
102,117,35,0,4.9,0,6,7,1,7.9,2.1,3,2.1,1,680137.5,6
102,118,49,2,2,3.9,10,14.1,0,4,5,3,3,2,908209,4
102,119,259.5,20.1,28,9.6,57,65,3.1,31.8,13.1,17.8,11,3,5943506.6,10
102,120,58,3,7.4,3,8,19,0,7,5,2.4,3.2,0,1032429.4,7
102,121,172.5,8.9,13.9,9.1,33,36,5,13.1,29.9,9.5,11.1,3,3676319.9,6
102,122,401.5,9,42.9,12.1,73.9,91.1,9.8,56.1,50.1,30.4,17,9.1,8276472.1,17
102,123,786.5,34.9,80.1,40.4,146.2,168.9,22.6,100.8,103.8,48.5,25.2,15.1,1.68220256E7,27
102,124,306.5,12.9,33.1,23.8,45,71,5.6,32.2,47,17.9,15,3,5730642.9,11
102,125,3260.5,173.9,288.9,263.1,595,620.3,83.7,386.2,402.9,201.2,181.1,64.2,5.58981686E7,21
102,126,5342.5,244.8,553.8,376,947.2,1011.1,154.3,668,663,370,292.2,62.1,8.76628473E7,16
102,127,7072,365,679.4,470,1249,1274,202.4,887.1,817,512.1,536,80,1.082910422E8,9
103,0,143,6.2,8,5,24.8,34.1,5,23.8,19,14.1,0.8,2.2,3636644.2,20
103,1,135.5,5.8,7.4,6.1,16.2,23.7,1.1,35.9,21.9,4,11.4,2,3640577.4,24
103,2,187,8.9,13.8,12.9,34,45.1,3,26.1,29.1,4,3,7.1,5000180.9,8
103,3,31.5,1.1,2,0,6,4.9,0,1.1,6.8,3.5,3,3.1,726747,5
103,4,20,0,2.3,1.3,1.3,6.6,0.5,2.8,2,1.3,0.6,1.3,427412.6,4
103,5,635,25,62.1,28.6,103.8,118.9,15,96.9,99.1,28.5,30.1,27,16284831,13
103,6,201,10,14,10.1,31,32,4,30.8,34.8,9,16.2,9.1,5425147.9,7
103,7,1223,35.1,141.4,84.9,182.9,326.9,25.5,190,96.1,66.1,33.1,41,2.89510336E7,16
103,8,1000,56.9,81.4,59.1,198.1,200,26.4,155.1,103.1,53.3,41.1,25.5,2.32551377E7,19
103,9,1442.5,86.4,114.6,69.4,291.8,325.9,47.8,169.1,133.9,118.2,47.3,38.1,3.41531428E7,24
103,10,6,0,0.6,0.9,0.6,1.7,0.2,0.7,0.7,0.3,0,0.3,177541.7,2
103,11,4,0,0.4,0.6,0.4,1.1,0.1,0.5,0.5,0.2,0,0.2,118361.1,1
103,12,638,26.9,69.9,20.5,127.1,143,21.5,89,65.1,49.5,16,9.5,1.62920213E7,10
103,13,184,7.5,25.4,6,34.9,49,7.9,22,9,11,4.1,7.2,4999048,8
103,14,12,0.7,1.2,0,3.2,2.9,0.3,2.5,0,0.7,0,0.5,323815.3,1
103,15,57,2,5.7,0,12.5,12.2,0.4,11.5,5,2.9,3,1.8,1777478.8,5
103,16,17.5,0.2,2.6,0.5,3.6,4.7,0.3,3.1,0.8,0.4,0.3,1,490457.9,3
103,17,47,0.6,6.9,1.3,9.7,12.5,0.8,8.3,2.2,1.1,0.8,2.8,1317229.8,4
103,19,401.5,21,21.7,28.9,83.8,82.1,12,39,41.9,46.1,17,8,9910456.8,13
103,20,461,20,46.5,24,72.9,112.1,10,54.9,72.1,19.5,18,11,1.14471842E7,5
103,21,247,11,7.9,10.9,42.1,49.1,7.9,55,33,10,13,7.1,6837414,8
103,22,3821,272,387.6,202,921,788.8,139.6,328,307.9,321.1,98,55,8.69497169E7,7
103,23,295,10.1,32,21.8,58.9,61.8,6,39,35.9,14,8.2,7.3,7319572.1,9
103,24,159,5.9,19,3,26.1,38,1.9,18,14,22,4,7.1,4128274.3,4
103,25,59,1,3.6,4.9,9,13.9,2,9.1,12,1.5,0,2,1560187.3,5
103,26,296.5,12.5,27.9,15,45,71,4,52,29,17,12.1,11,7788402.1,2
103,27,23.5,0.5,2.9,0.9,2.2,4.6,0,5,4.3,1.4,1,0.7,638516.3,2
103,28,2301.5,92,222.1,146.4,406.9,543.7,57.5,306.9,268.1,147.8,43.1,67,5.99415383E7,22
103,29,1070.5,59.9,139.7,61.9,192,262.1,27.8,107.1,76.1,99.1,14.9,29.9,2.26332529E7,12
103,30,503,12,48,35.5,88,108.1,11.5,64,79.9,31.2,12.9,11.9,1.37888239E7,10
103,31,126.5,5.8,8.8,6.3,24,30.5,2,17.6,15,5.4,0,11.1,3325128.1,9
103,32,317.5,17,36,13.1,57.1,78,7,35.8,40,12.4,15.1,6,8832541.6,6
103,33,42.5,2.5,2,2.1,9.2,14.2,3.1,4.8,4,0.1,0.2,0.3,971001.1,1
103,34,1017.5,45.9,139.9,76.5,158.1,282.9,26,94.2,57,78,12,47,2.46603019E7,7
103,35,7131.5,652.1,485,482.4,2920.1,1217,254,294,160,525.4,34,107.5,1.642027352E8,5
103,36,6331,429.3,641.8,291.1,1582.3,1384.2,203.4,606.9,392.7,512.2,81,206.1,1.727638431E8,22
103,37,735,33.6,71.5,35.1,141.7,174,23.9,88.9,66,60.2,20,20.1,2.02524127E7,18
103,38,651,38.4,73.6,50.5,122,184.8,15.4,64.1,31,41.2,4,26,1.76575442E7,10
103,39,553.5,52,58,23,150,127.1,28.1,40.8,21,37.6,9,6.9,1.50059068E7,5
103,40,71,5,9,2,9,21,0,11,4,6,0,4,2275859.7,0
103,41,1060.5,72,90.1,56.1,206,253.8,32.3,105.1,107.1,83,25,30,2.81405025E7,6
103,43,345,21,46,16,55,103.9,8.1,31,17,35.1,7.9,4,8630912.5,4
103,44,695,44.7,60.8,35.6,143.7,153.4,19.7,80.8,64.9,47.3,19.9,24.2,18639150,11
103,45,10,0.1,1,0.6,1.3,2.6,0.2,1.2,1.3,0.8,0.2,0.7,276118.2,3
103,46,150,6,14.1,6,27,37,4,20,13.9,10,3,9,3920294.6,4
103,47,1054,58.5,110,34.5,229,225,30.5,127,81,120.5,14,24,2.89779169E7,0
103,48,700,32.9,73,25,96,167,16,86,104.1,53,25,22,1.84680559E7,6
103,49,1,0,0,0,0.3,0.1,0,0.3,0.2,0.1,0,0,27599.6,1
103,50,358,13.8,24.3,23.2,54,70,8.9,59.9,48.7,21,18.5,15.7,8900771.7,5
103,52,493,8.5,63,13.5,67,132.1,11.9,70.1,59.9,30.8,18.2,18,13970276,9
103,54,8,0.8,0.8,0.3,1.7,1.5,0.6,0.9,0.6,0.4,0.4,0,168131.2,1
103,55,6,0.6,0.6,0.2,1.2,1.2,0.4,0.6,0.4,0.4,0.4,0,126098.4,2
103,56,117.5,2.1,11.9,7.5,18,32,5,17,8,6,2.9,7.1,3529442.4,4
103,57,108.5,5,8,5.5,17,26,2,22.1,11,2.9,6,3,3335241.8,5
103,58,158,8.8,17.3,8.6,30.3,39.9,4.1,19.2,14,11.8,2,2,3980582,9
103,59,175,8.1,11.4,6,42,33,7,22,24.9,15.6,2,3,4907796.5,13
103,60,224,10,28.8,10.9,42,50.8,4.5,27.9,22.2,17.8,2.1,7,5964183.7,18
103,61,33,0,2,3.1,3.1,14,0,3.9,4,0.9,0.9,1.1,724506.4,5
103,62,1319,59.4,142.5,80,248.9,289.9,32.9,146.2,154.2,83,55,27,30527542,11
103,63,91,4,5.5,7,20.1,17.1,5,16.9,5.9,4.5,2,3,2080309.1,3
103,64,164.5,8.7,17,3.9,39.1,38.1,2,24.2,10.8,12.7,4,4,4110871.6,8
103,65,770,34.5,62.1,46.9,128.1,141.9,15.5,140,122,35.9,30.1,13,1.81065731E7,10
103,68,483,19.9,49.9,31.9,105.9,115,11.9,58.1,30.2,33.1,16,11.1,11798345,9
103,69,461,33.5,39,26.6,112.1,95.1,12.9,37,40.9,39,13.9,11,1.08863415E7,13
103,70,672.5,29.4,63.5,35.9,131,151,18.5,68.2,76.2,49.8,36,13,1.60708614E7,11
103,71,126,8.7,13,5.6,25,29.1,8.8,10.7,6.9,12.2,4,2,3184614.6,3
103,72,5,0.2,0.3,0.3,1,1,0,0.9,0.8,0.1,0.2,0.2,133860.3,2
103,73,111.5,5.5,12,8.4,17.3,28.5,0,14.6,16,3.8,3.9,1.5,2992150.1,11
103,74,5,0.3,0.5,0.6,1.1,1.2,0.3,0,0,0.5,0.4,0.1,88972.7,1
103,75,126,5,15,8,19.9,35.9,3,16,5.1,11,4,3.1,2654006.3,6
103,76,745,41.5,78.6,37,137,154,21.7,83.1,86.2,60.9,32.1,12.9,1.44966067E7,24
103,77,7,0.5,0.6,0.4,2.1,1,0.1,1,0.6,0.6,0.1,0,159233.1,2
103,78,313,16,23.5,24.6,62,66.9,12.1,33.9,35.1,20.8,14,4.1,6714624.7,14
103,79,4,0.1,0.4,0.3,1,0.5,0,0.7,0.3,0.3,0.3,0.1,92356.1,1
103,80,48,1,10,1,5,15.1,0,1.9,6,3,3,2,958101.8,3
103,81,85,4.9,5,7.1,14.9,23.9,2.1,9.2,5.9,9,3,0,1830811.2,6
103,82,207,15.1,26,11.9,49.1,44.8,5,21,7.1,16,8,3,3979100.9,10
103,83,33.5,0,2,1.5,2.1,9.1,2,5,7,0.9,3,0.9,843529.3,3
103,84,424.5,16.9,35.5,27.6,68.1,101.9,9,51.1,63.9,26.4,17,7.1,9001001.6,5
103,85,82,4,6,1,18,23,3.1,7.9,8,10,0,1,2063452.7,3
103,86,752,57,56.9,33.9,181,163.1,21.9,77.1,58,65,26,12.1,1.59377288E7,11
103,90,470,21.5,52.6,27,87.7,119.8,16.9,31,52,29,24.3,8.2,1.01371215E7,12
103,91,352.5,13.9,34,22.5,57,83.9,10,40.2,35.1,27.8,16.1,12,7390714.9,10
103,92,21.5,0,1.7,0.8,2.5,6.8,0.4,3.4,5.9,0,0,0,464631.3,1
103,93,111.5,7,7.8,9.2,24.4,19.1,4.2,19.5,10.2,2,8.1,0,1838243.4,5
103,94,288.5,18.1,31.5,11.1,59.8,55.9,11.9,41,28,17,11.1,3.1,6315844.7,12
103,96,381,17,35.4,20.9,55.1,98.2,9.4,50.9,66,17.1,5,6,8445151.8,13
103,97,382,14,44.6,26.1,58.9,93,7,45.1,49.9,21.3,15,7.1,8256231.4,9
103,99,218,6.9,16.8,15,34,51.1,6,28.1,23.1,12.1,15,9.9,4569867.3,6
103,100,214,10,12,11.1,35.9,43,3.9,23.9,35.1,15,13.1,11,4359627.4,7
103,103,110,6,13.9,3.8,20.1,21.2,3.1,21.9,13,2,5,0,2035123.8,10
103,104,80.5,4.2,7.7,4.3,17.3,15.7,2.2,5.9,5.3,7.2,9.7,1,1590677.3,3
103,105,8,0.8,0.8,0.5,1.8,1.3,0.3,1.1,0.8,0.3,0.3,0,168238.1,3
103,106,79,5,7.2,5.9,16,13.9,2,10.9,10.1,3.9,4.1,0,1417495,8
103,107,370.5,15.9,32.5,22.9,73.1,77,14,43.1,45,24.1,19,3.9,7032451.7,9
103,108,129,2.5,8.9,10,11,32.1,1.8,24.7,17.4,4.5,14.4,1.7,2711464.2,10
103,109,231,13,15,5.8,34.9,44.7,6.2,30.1,35.1,17.7,26.3,2.2,4684189,13
103,110,191,12,19.9,10,43,42.9,3,17.1,13,19,4,7.1,3767395.1,9
103,111,331.5,21,32.5,17.8,62.9,62.1,6.8,45.2,35.9,19.1,14.1,14.1,7083518.1,17
103,112,4,0.2,0.5,0.2,0.7,0.8,0.1,0.5,0.4,0.3,0.3,0,73969.4,1
103,113,378.5,17.7,35.3,16.9,60.7,81.5,8.1,48.1,45.3,27.7,30.3,6.9,7571762,15
103,114,170,6.5,12.1,17,27.1,43.9,3,18,21,13.4,4.9,3.1,3294793.6,5
103,115,288,16,24.5,15.4,43.1,64.9,11,33.1,38,26.9,11.1,4,6401776.6,8
103,116,484,20.8,46.4,28.9,74.1,132,10.3,65,44.2,32.3,21,9,1.12316703E7,17
103,117,153,4.1,17.5,5,24.9,39,5.1,16.7,18,12.5,2,8.2,3829754.5,8
103,118,601.5,30.7,70,23.3,110.1,124.8,14.1,91.8,61.4,48.1,16,11.2,1.33689775E7,28
103,119,325.5,16.5,31.2,24,62,66.9,10,45.1,35.9,17.1,8.9,7.9,6473489.1,9
103,120,58.5,0.5,5.9,3.1,11.9,21,0,7.1,3.1,3.9,0.9,1.1,1258844.5,4
103,121,224,9.8,27,20.2,30,55.9,6,19.9,22.1,16,12.1,5,4150455.7,11
103,122,5,0,0.6,0.4,0.4,1.2,0,1.2,0.7,0.1,0.3,0.1,122895.5,1
103,123,277,6,24.4,19.6,46.6,58.8,3,39.8,46.3,18.9,8.7,4.9,5969759.2,5
103,124,1880.5,73.9,182.4,110,303.1,406,36.9,222,248.1,123.9,125.2,49,3.88648048E7,15
103,125,2642,150.5,293.7,175.2,508,456.8,80.6,307.1,261.9,230.4,136.9,40.9,4.30921677E7,17
103,126,3307.5,188.4,310,269.6,594.8,638.8,93.4,438.9,335,204.7,176.9,57,5.31525423E7,18
103,127,3957.5,194.8,396.9,232,736.1,792.3,105.3,496.9,492.2,280,171.1,59.9,7.20939037E7,19
104,0,131,3.8,13.2,5.1,19.1,36.9,1.8,12.9,25.9,4.1,1,7.2,3313565.1,16
104,1,117,4,11.1,7.3,15.6,29.7,3.3,13.7,14.3,7.9,5,5.1,3077771.1,17
104,2,496,17.2,52.1,20,79.2,108,14.4,82.9,63.1,36.1,17,6,1.25308216E7,22
104,3,163,5.9,17.5,3.4,27,36.1,5,24,22.1,12,5.1,4.9,4129760.6,7
104,4,80.5,3.9,3,2.8,16.1,20.1,1.5,14,8.1,4.9,4,2.1,2264589.9,7
104,5,196,9.1,13.3,6.7,32.8,36.7,6.1,40,20.1,8.9,12.1,10.2,5237810.3,15
104,6,46.5,2.7,2.8,0.4,7.7,9.1,0.7,6.8,9.4,2.9,0,4,1088048.9,2
104,7,18,1.2,1.3,0.6,6.3,1.9,1.3,1.3,2.5,1.6,0,0,323800.2,3
104,8,388,15.2,34.7,20.8,84.1,89.2,8.8,55.7,31.1,29.4,13.9,5.1,9357990.5,15
104,9,481.5,18.4,37.4,36.9,78.4,103.9,8,85,48.9,34.1,14.2,16.3,1.22153942E7,21
104,10,2,0,0.3,0.1,0.2,0.4,0,0.3,0.3,0.2,0.1,0.1,52818.2,1
104,11,8,0.2,1,0.2,1,1.8,0.2,1.2,1.2,0.8,0.2,0.2,211272.6,2
104,12,20,0,2,1,3.3,4.4,0.6,4,1.9,1.4,0.7,0.7,528462.3,4
104,13,252,19.1,18.9,11,47.9,61.1,12,37.9,21.2,13.9,2,7,6506279.4,7
104,14,15,0,1.2,2.5,1.4,5,0,3.9,0.5,0.5,0,0,306305.1,4
104,15,200.5,11.9,10.5,10.9,36.9,42,6.1,31.1,30.1,9.1,5,6.9,5412252.9,4
104,16,169.5,8.7,17,5.9,34,33.5,2,29,16.9,12.5,7,3,4726530.4,8
104,18,8,1.1,0.2,0.3,1.6,1.1,0.2,1.3,1.1,0,0,1.1,215593.3,2
104,19,347,11,34.4,15.1,53.9,91,6.5,42.9,39.1,27,13,13.1,9552017.8,5
104,20,4,0.2,0.2,0.4,0.8,0.8,0,0.8,0.2,0.2,0.2,0.2,136862.8,2
104,21,20,0.6,0.6,2.5,3.7,4.4,0,3.8,1.3,1.2,1.3,0.6,684314.2,1
104,22,368,20.9,40.5,19.1,67.9,79.2,9.9,52,32.1,29.4,9,8,6999103.5,9
104,23,2477.5,104,319.6,155.4,451,606.9,62.5,252.1,210.2,185.9,60.9,69,5.82856895E7,15
104,24,377,18.9,35.8,19.9,49.2,103,9.8,50,38.1,26,12.3,14,1.11835691E7,22
104,25,11,0.7,1.1,1.1,2.5,1.9,0.3,1.1,1.1,0.4,0.6,0.2,282484.8,5
104,26,336,20.9,18.5,13.4,68,64.9,12,51.2,41.8,34.1,5.1,6.1,9652125.2,9
104,27,326.5,19,35,15,54.1,73,9.1,47.2,25.9,30.3,8.9,9,9457875.2,8
104,28,10,0.7,0.3,0,2.4,1.7,0.2,1.9,1.9,0.9,0,0,259231.3,3
104,29,75,9,4,7,26,11,5,7,0,4,0,2,1698107,2
104,30,30,1.8,2.9,1.9,4.8,7.7,1.1,2,4.8,1.9,1.1,0,756767.4,4
104,31,27,1,2.1,0,7.1,6,1.9,4,0,2,2.9,0,607870.9,4
104,32,542,40,50.5,17.9,121.1,126.8,16.8,67.1,35,44.6,13.2,9,1.46206371E7,13
104,33,83,0.8,10.4,1.7,10.1,19,5.4,10.1,17.7,4.3,0,3.5,2402109.1,7
104,34,4202,229.5,479.5,266,986.1,971,116.5,395.9,205,371.5,43,138,1.017863926E8,7
104,35,2553.5,254.5,146.5,127.5,996,455,109,117,124,171,18,35,6.44274913E7,0
104,36,194.5,3.9,16,6.9,28.9,40.2,3.8,36.1,29.1,6.6,10,13,6045155.8,12
104,37,2933,120.3,283.8,180.5,512,659,75.4,429.4,284.9,186.2,82,119.5,8.30335007E7,28
104,38,288.5,13,29.5,12.9,51.9,58,6,35.1,43,24,5,10.1,8758943.7,3
104,39,876.5,43.9,91.3,55.1,176.9,221.1,22.9,92,43.1,82,15,33.2,2.21832846E7,10
104,40,208.5,13.1,17.4,11.9,51,43.9,12.1,25,15.1,12,3,4,5225960,9
104,41,241,14,22,9,44,55,4,34,21,16,17,5,6974550.9,5
104,42,851,44.4,95,53.5,169.9,212,24.9,74.1,73,74.9,12.1,17.2,21898490,8
104,43,412.5,25,37.5,16.9,94,98,17.9,31,42.9,34.2,5,10.1,10095731,11
104,44,467,23.9,50.6,33.5,85.9,112.1,14.9,42.9,57.1,31.9,6.1,8.1,1.18526946E7,11
104,45,369,14,43,19,64.9,91,13,35,22,47.1,7,13,9092770.8,3
104,46,38,0.9,9,0.9,6,10.1,0,1,4.1,4,0,2,860619.4,4
104,47,57,1,12.5,2.5,8,19,0,4,1,9,0,0,1722673.5,2
104,48,3520.5,175.9,360.3,219,715,786.1,94.5,421,295,256.5,108.2,89,8.52793067E7,15
104,50,69,1,6,3.1,12.9,15,4.9,15,2.1,6,2,1,2035539.7,4
104,51,61.5,5,5.5,2,9,13,4,9,2,10,0,2,1765020.2,2
104,52,281,12,22.5,14.5,55,50,8.9,41.1,41,19,12,5,7946536.1,8
104,53,17,0,2.1,1.1,2.6,4.3,0,2.1,2.7,1.6,0.5,0,361529.2,2
104,54,152,5,14,7,24,35.9,5.1,18.1,14,17.9,4,7,4701505,6
104,55,10,0.3,0.3,0.6,2.9,0.9,0.9,3.2,0.3,0.6,0,0,262750.7,1
104,56,485.5,23.3,43,17,68.1,122.8,14.8,68.1,45.1,34.9,21.1,27.3,1.41262508E7,8
104,58,20,0,0.7,1.3,4.6,2.6,0,4.8,2.7,1.3,2,0,458420.5,4
104,59,7,0,0.2,0.5,1.6,0.8,0,1.8,0.9,0.5,0.7,0,160447.2,3
104,60,3825.5,204.4,338.9,244,870.1,762.7,115.5,421.1,372.4,249.6,183.9,62.9,8.56930053E7,21
104,61,120,2.1,8.1,11.9,21.2,30.9,0.6,19.1,15,7.1,2.1,1.9,2898091.5,10
104,62,876.5,33.8,83.7,39.8,161.8,218,20.8,109.1,85.9,67,31.4,25.2,2.24556345E7,18
104,63,1195.5,58.8,158.1,69.1,196.7,292.1,31.3,137,99,100,26,27.4,2.95893721E7,15
104,64,982,37.6,89,42,169.3,228,22,152.8,112.9,53.6,49.9,24.9,2.49500807E7,13
104,65,40.5,1.1,4.1,2.9,6.9,12.1,2.9,2,3.1,4.3,0,1.1,827739.7,8
104,66,82,1.4,8.2,3.3,5.8,19.6,0.9,20.7,11.2,0.9,5.4,4.6,2321304.6,6
104,67,1724,90.1,160.4,94.1,304.7,370.9,39.9,231.1,181.9,133.6,73.1,44.2,4.05704742E7,15
104,68,23.5,0.6,0.6,1.8,5.5,4.9,1.8,4.3,0.6,2.8,0,0.6,621023,3
104,69,234.5,21.5,22,13,54,53,10.5,28,9,14.5,5,4,5776863.7,2
104,70,5,0.1,0.1,0.4,1.3,1,0.4,0.9,0.1,0.6,0,0.1,132132.5,2
104,72,45,2.2,1.3,5.4,8.4,10.6,0,8.4,4.7,1.2,1.4,1.4,982963.4,6
104,73,288.5,13,32.6,22,56.9,72.9,7.9,33.1,23.9,15,7.1,4.1,6216487.4,14
104,74,445.5,27.1,47.3,24,93.1,87.1,11.8,55.1,49,29,17,5,8586196.9,9
104,75,100.5,6.4,9,5.9,14.1,24,3,11,14,7,5.1,1,2496144.6,4
104,76,88.5,5,13.9,5.9,18.1,24,1,4.1,7.1,6.5,2.9,0,1817762.4,10
104,77,155.5,7.9,14.8,13.9,28.2,32,4,8,26,12.5,3,5.2,3087404.8,9
104,78,165,5.1,6.1,9.9,24,41,5.9,23,30.9,7.1,10,2,3497596.2,14
104,79,46,0.9,5.1,2.1,7.9,14,3,4,0.9,5.1,2.1,0.9,829640.2,5
104,80,118.5,2,11.6,6.8,20.9,26,2.7,18.4,14.4,7.3,8.4,0,2316015.3,12
104,82,243,11.9,24.5,16.1,43,46,5,31.2,29.9,14.5,15,5.9,5191986.1,7
104,83,182,9.9,18.3,5.1,39.1,34.1,7.8,17.1,26.1,18.5,4,2,3873435.6,11
104,84,389,24.9,43.1,31,89,68,9,41,26.9,29,20,7.1,7889795.3,8
104,85,124.5,11.5,3,15.8,33,20.1,4,11,8,11.9,5.1,1.1,2585883,11
104,86,135,9.9,17.5,4.1,28,24.9,6.9,15.1,11,12.6,2,3,2558814.7,7
104,88,697,35.9,79.2,27,137.9,149,20.1,59.9,80,63,34,11,1.36497321E7,11
104,89,7,0.3,0.5,0.4,0.8,1.9,0.4,0.8,0.9,0.5,0.1,0.4,149099.1,1
104,90,232,13.8,26,11.1,57.1,50,11,15,18.9,21.1,5.1,2.9,4468112.2,10
104,91,60,0.8,7.7,2.8,4.7,18,0.9,9.5,9.5,1,3.9,1.2,1456559.2,5
104,92,73.5,7.1,7.9,1,25,11.9,3,6,3,6.5,1,1.1,1452976.6,3
104,93,624,37.6,50,22.9,153.1,108.9,20.6,95,77,29.8,22.9,6.2,1.31995396E7,16
104,94,109,6,11.8,8.9,22.7,24.8,3.9,6.9,13.9,4.9,3.1,2.1,1823462.9,8
104,96,435.5,23,31.9,21.2,80.2,89.1,10.5,50.9,63.9,29.8,23,12,9290115.8,13
104,97,489,14.9,35.1,24.1,106,92.9,20,62.1,76.9,30.8,18.1,8.1,1.17406005E7,12
104,98,20,1.4,1,0.4,4.9,5.1,0.6,1.7,2.1,1,1.8,0,417449.1,2
104,99,88,6.7,4,3.7,17.3,20.7,1.3,13.2,9.9,4,7.2,0,1872704.3,3
104,100,536.5,27.1,48.4,22.2,105,123,13.1,48,73,41.8,28,6.9,1.16277319E7,13
104,102,282,12.1,26,8.1,55,61,10.8,28,29.9,29.1,16,6,5914802.6,8
104,103,529.5,28,50.4,19.1,100.9,102,16.6,67.1,68.7,35.6,33,8.1,1.13500495E7,13
104,104,90.5,9.2,4.2,2.6,23.3,9.2,2.6,17.8,9.3,4.7,4.7,2.9,1744722.3,7
104,105,295,14.1,30,18.9,47.2,58,12.9,26.9,40,22,22,3,5574416.3,10
104,106,2,0,0.2,0,0.2,0.2,0,0.6,0.4,0,0.4,0,49719.4,2
104,108,4,0.1,0.6,0.2,0.6,1.1,0.1,0.4,0.3,0.3,0.2,0.1,87256.6,1
104,109,225,9.9,28.3,9.8,37.5,61,5.9,22.6,22.7,13.7,9.8,3.8,4844886.2,10
104,110,220,10.1,24.5,11.5,38.9,52,3.9,21.8,26.1,16.1,11.1,4,4238579.8,10
104,111,8,0.5,0.7,0.7,1.9,0.7,0.5,1.2,1,0,0.3,0.5,150636.1,1
104,112,246,10.9,18,8,41.8,55,5,24,47.1,11.1,20.1,5,4975879.6,7
104,113,14,0.5,1.7,0,2.6,3.9,0.5,0.9,1.3,1.7,0.9,0,358545.1,2
104,114,374,16.2,43,13,68.9,67.7,7.9,60.1,38,26.2,18.8,14.2,8493367,17
104,115,213.5,11.9,12.9,5.2,49.9,40.8,10.1,32.1,18.3,21.3,8.1,2.9,5055354.2,18
104,116,163,5,16.9,5.9,32.9,30.1,4.1,28.2,15.9,15.9,6.1,2,3796222.7,5
104,117,229,10.9,26,12.2,41,60,2.9,26.1,25,14,5.9,5,5079159,9
104,118,1098.5,51,119,60.1,187.9,232.1,27.9,162.3,102,79.3,40,36.9,2.45919568E7,31
104,119,184.5,11.9,17.6,14,41,30.9,4.1,21.9,22.1,11,8,2,3806225.7,4
104,120,131.5,8.1,13.9,9.6,25.1,25,1.9,17,15.9,6.1,7,1.9,2862062.1,6
104,121,227.5,19.1,12.7,4,51.9,41,3.9,33,31.9,10,18,2,5049085.1,13
104,122,220.5,9,23,13,32,54.8,3.4,41,19,10,7.1,8.2,4673142.4,9
104,123,922.5,33.8,107,41.1,132.1,242,14.3,118,108.9,52,49.3,24,2.16264977E7,25
104,124,5015.5,230,534.1,370.5,872.7,917.7,150.4,626,569.2,418.8,271.1,55,8.36295957E7,15
104,125,12273.5,625,1214.5,932.8,2176.1,2313,323.5,1377.9,1545,830.5,813.1,122.1,1.973574385E8,11
104,126,5974,320.8,638.9,395.7,1184,1173.1,171.4,637.2,635.2,427.1,281.8,108.8,1.008342867E8,19
104,127,1282.5,65.9,101.1,68.8,270,224,36.9,178.2,157.2,78.3,76.1,26,25336957,14
105,0,816,29.1,72,47.6,155.1,169.1,19.8,112.3,97.9,54.2,31.9,27,1.75461258E7,19
105,1,167,11.1,13.4,10.1,27.1,32.9,7.5,31.8,18,8.9,3.1,3.1,4067810.1,12
105,2,171,9.7,17.1,9,20.3,42.9,5.1,28.9,16,7,9.2,5.8,4089258.2,15
105,4,451.5,24.9,39.7,18.9,81.3,109.8,6.9,67,50,27.5,17.2,8.3,1.24797546E7,21
105,5,126.5,1.9,10.7,9.2,15.8,23.7,0.9,32.3,18.1,4,2,7.9,3773341,16
105,6,809.5,41.7,74.1,39.1,148.2,176.1,22,122,72,55.3,33,26,2.04359159E7,15
105,8,1492.5,57.9,166.6,101.2,239.1,308.6,46.6,177.8,184.3,117.1,61.1,32.2,3.58004268E7,26
105,9,274,9,34,15,44,79,14,28,15,22,3,11,7144554.4,4
105,10,15,0.4,1.9,0.4,1.8,3.2,0.4,2.2,2.4,1.4,0.5,0.4,396136.3,3
105,11,612,32.2,84.4,33.9,119.9,129.6,18.2,69.3,43.9,50.9,15.3,14.4,1.37826301E7,10
105,12,815,46.5,88.7,49.9,146.9,200.9,23.1,81.9,60,68.9,34.1,14.1,1.94208778E7,13
105,13,110.5,3,10.5,9.3,20.8,29.2,4.3,15,8.2,4.6,2.3,3.3,2630473,7
105,14,9,0,0.7,1.5,0.8,3,0,2.4,0.3,0.3,0,0,183783,3
105,15,377,14,30.6,20.9,62.1,94,12.5,61,37,28,8,8.9,9840657.5,5
105,16,5,0.1,0.4,0.1,1.4,0.9,0,1.2,0.5,0.4,0,0,144150.3,2
105,17,3,0.1,0.2,0.1,0.8,0.6,0,0.7,0.3,0.2,0,0,86490.2,1
105,18,255,16,14.8,17.8,44.4,47.9,7.5,40.6,37.9,10.9,7.1,10.1,6827828.8,10
105,19,694,24.1,87.5,26,113.1,167,13.9,86,84.9,42.5,29.1,19.9,1.74630151E7,8
105,20,40,1.9,4,1.9,6.1,14.1,1,5,3,3,0,0,991611.5,4
105,21,8,0.2,0.2,1,1.5,1.8,0,1.5,0.5,0.5,0.5,0.3,273725.7,1
105,22,130,6.9,7,12,23,27.1,2,23.1,18,3,7.9,0,3174735.2,7
105,23,710,36.3,67.6,51.4,119.9,174.9,18.3,102,61,45.2,16.1,17.3,17380633,14
105,24,2384,122.6,215.5,130,527,532,71.1,260.2,255.2,157,68.2,45.2,5.67776628E7,29
105,25,112,4.2,13,8.6,20.4,19.1,2.4,15.6,20,2.7,2.8,3.2,2812536,8
105,26,33.5,0,4.1,2.3,0,10.5,0,3.7,7.6,2.3,2.3,0.7,982782.1,5
105,27,11,0,1.4,0.8,0,3.3,0,1.1,2.5,0.8,0.8,0.3,322704.6,5
105,28,424.5,20,49.6,30,73,122,14,31.8,36,37,3,8.1,1.11137957E7,6
105,29,18,0,1,0,4,8,0,2,0,1,1,1,409110.4,4
105,30,785.5,33.1,85.4,54.5,130.1,228.2,18.7,91.1,44.1,48.3,16.9,35.1,2.11113519E7,16
105,31,1,0.1,0.1,0.1,0.1,0.2,0,0.1,0.2,0.1,0,0,25225.6,1
105,32,1766,70.4,180.6,87.9,321.2,397.8,39.5,233,191.1,116.4,64.1,64,4.65498922E7,18
105,33,9,0.2,1.5,0.2,1,2.1,0.6,1,1.2,0.7,0,0.5,238642,2
105,34,7106.5,418.5,934,406.9,1557,1899.1,258.9,454,236.1,674.5,68,199.5,178974804,15
105,35,7548.5,444,914.5,385.9,1861.2,1852,267.4,464,265,791.4,72,231.1,2.065294111E8,16
105,36,3935.5,209.6,421.5,146.9,707.3,979,123.2,342.1,413.9,359.9,110.1,122,1.104151237E8,16
105,37,5472.5,250.6,501.4,288.7,1135.1,1221.7,121.7,629,546.1,402.8,226.1,149.3,1.379219483E8,30
105,38,1003.5,56.8,109.7,60.5,185.2,263.9,30.3,98.8,64.1,67,22,45.2,2.63582063E7,24
105,39,854.5,76.4,56.9,40.6,233,176.1,26.5,97,45.1,82,8,12.9,2.19343436E7,12
105,40,43,4.8,3.2,0,14.8,5.1,1,6.9,4.1,3.1,0,0,878091.2,9
105,42,83,7,8,7,19,15,0,9,9,8,1,0,2250086.9,2
105,43,466.5,24.8,41,31,86,116,14,71.1,28,32.5,9,13.1,1.14213999E7,6
105,44,566,25,72,35.1,89.1,144.1,19,46.1,46.8,52.8,21,15,1.32825603E7,7
105,45,1571,77.5,163,96.6,331,333,51,181.9,136,121,38,42,3.76262293E7,3
105,46,898,58.6,98.5,45.4,194.9,194.9,39,92,60.1,74.5,16.1,24,2.26310107E7,7
105,47,4325.5,235.9,461.9,261.9,773,1078,137.1,479.1,300.2,394,57,147.4,1.086331173E8,13
105,48,713,43,60.5,50,149,146,17,87,66.1,53.4,28.9,12.1,1.83051868E7,6
105,49,477.5,13,58.5,30,74,122,10,72,44,32,6,16,12881204,4
105,51,135.5,6,17.9,8,20.1,28.8,0.9,16.2,13.3,10.4,3.9,10,3032291.9,11
105,52,98,5.9,7,6.1,10.8,25,0,10.1,17.9,2.1,9.2,3.9,3178382.8,6
105,53,101,4.9,6.8,8,19.4,33.7,4,11.8,3.5,7.4,0.4,1.1,2790817.2,6
105,54,307.5,18.1,36.5,10,50.9,86,10,34,24.1,21.8,12.1,4,8525791.2,8
105,55,72,2.7,2.7,1.5,15.1,9,5,12.8,12.7,7.5,3,0,1746254.5,5
105,56,7,0.4,0,0,1.5,2.7,0,1.6,0.4,0,0,0.4,155777.6,2
105,57,11,0.6,0,0,2.4,4.2,0,2.4,0.7,0,0,0.7,244793.3,3
105,59,3,0,0.1,0.2,0.7,0.4,0,0.7,0.4,0.2,0.3,0,68763.1,1
105,60,1148.5,56.1,130.6,59.7,217.9,259.9,39.5,152.3,108.7,72.4,30.3,21.1,2.76307819E7,33
105,61,10.5,0,0.8,0.3,1.8,3.2,0.3,0.8,2,1.3,0,0,232966.4,2
105,62,186,6,21.3,7,30,40.9,6,19.1,21.9,16.6,9.1,8.1,4541580.7,6
105,63,2065,106.7,222.5,107.8,409.2,474,74,245.9,172.9,133.9,55,63.1,5.20090734E7,23
105,64,687.5,18.5,60,28.9,94.9,163.9,13,102.1,110.2,44,27,25,2.00730941E7,19
105,65,132,5.7,19.9,1.1,15.1,36.1,0.9,12.2,21,10.1,7.1,2.8,3859984.1,15
105,66,24,0.7,2.6,1,2.1,6.2,0.3,5.3,2.6,0.3,1.4,1.5,669381.5,4
105,67,474.5,10.9,43,26,70.9,107,10.5,82.9,69,20.1,18,16.2,1.31093939E7,8
105,68,176.5,7.9,28,9,22,60.1,4,14.1,4,19.4,2,6,4840482.2,7
105,69,65.5,4.3,5.1,8.1,13.1,16.1,2.9,3.9,2,2.9,5.1,2,1655861.8,5
105,70,1,0,0,0.1,0.3,0.2,0.1,0.2,0,0.1,0,0,26426.5,1
105,71,9,0.2,0.2,0.7,2.1,1.9,0.7,1.7,0.2,1.1,0,0.2,237838.6,1
105,73,20,1,0.5,2.4,3.7,4.8,0,3.7,2.1,0.5,0.6,0.7,436872.6,4
105,74,41.5,0,3.7,1.9,4.9,9,1.1,8.1,2.8,4,2.8,3.2,976026.4,7
105,75,445.5,27.4,45,17.3,81.8,98.1,7.9,61,41.9,29.1,20.9,15.1,9953028.4,15
105,76,174.5,10.9,17.9,8.1,33,37,6,14,28.9,10.5,5.1,3.1,3728959.7,10
105,77,372,12.1,35.4,22.9,72.1,76.8,11,39,38,37.6,22.1,5,7900450.8,10
105,78,158,8.9,15.5,12.1,25.9,38.9,5.6,11.1,13,7.9,11.1,8,3379337.1,6
105,79,46,2,7,0,13,7,2,6.1,4,4.9,0,0,949162.4,5
105,80,242.5,19.3,18.7,9.1,51,45.2,10.8,29.2,24.9,17.3,12.1,4.9,5436425.5,17
105,81,5,0.1,0.5,0.2,1,0.9,0.2,0.8,0.6,0.2,0.5,0,94850.6,1
105,82,71,2.8,6.2,2.8,13.2,12,1,14.6,8.3,5.5,3.7,0.9,1512000.2,3
105,83,6,0.1,0.8,0.2,0.8,1,0,1.4,0.7,0.5,0.4,0.1,138227,1
105,84,62,5,5.1,4.1,10,10.8,2,6,11,7,1,0,1151088.7,5
105,85,87.5,3.9,7.5,5.1,19.9,19.1,1,7,10.9,9,2,2.1,2070477.9,7
105,86,187,17.1,11.4,12.1,42,41,7.9,11.1,18,7.4,12.9,6.1,3865806,12
105,87,360,17,33.8,25,61,86.2,12.3,49,36.2,19.3,13,7.2,7832738.4,6
105,88,216.5,6.7,23,20.6,30.2,53.2,5.6,32.2,16,20.5,3.9,4.6,3884772.6,3
105,90,1522.5,92.5,156.5,89.5,325.9,271.2,49.1,193.9,146.8,125,60,12.1,2.72316607E7,15
105,91,3,0,0.4,0.1,0.3,0.9,0,0.5,0.5,0,0.2,0.1,72828,2
105,92,71,5,3.9,8,13.1,11.9,1,9,11,2,5,1.1,1727592.4,5
105,93,282,14.2,34.8,13.1,49.8,60.8,8.2,19,43.9,22.1,11,5.1,6310119.7,14
105,94,1,0,0.1,0.1,0.2,0.2,0,0,0.2,0.1,0.1,0,18633.5,1
105,97,875,38.9,82.5,44,141.1,202,20.9,130.1,101.9,53.4,43,17.2,2.00319672E7,8
105,98,4609,177.6,407.1,258,690.1,924.8,103.6,623.7,785,270,319,50.1,8.90518132E7,26
105,99,4565.5,191.5,385.2,378.4,825,877,88.5,555.9,597.8,242.1,339.1,85,8.88805963E7,21
105,100,499.5,26.9,35.5,36.2,89.8,105,7.9,65.2,72.9,27.1,26,7,1.12493689E7,13
105,101,220.5,7.8,19.1,8,34,50.1,6.1,44.9,16,13.3,13.9,7.3,4878867,16
105,102,2,0.1,0.1,0.1,0.4,0.5,0,0.4,0.2,0.1,0,0.1,44527.8,1
105,103,141,4.7,12.8,14.9,23.6,33.7,4.8,15,13.6,9.1,5,3.8,2938760.3,12
105,104,7,0.7,0.3,0.2,1.8,0.7,0.2,1.4,0.7,0.4,0.4,0.2,134950.9,2
105,105,292,13.9,24.9,22.9,56.1,60.1,12,28,34.9,17,17.1,5.1,5564470,7
105,106,246,15.9,21.1,15.9,42.7,50.6,5,28.5,26.8,24.9,10.6,4,4728016.4,12
105,107,443.5,8.9,51.4,34,78.3,96,11.7,51,44,35.1,24.2,8.9,9490700.6,17
105,108,696.5,33.9,62.2,39.1,112.1,139.8,20,89,105,40.3,37.1,18,14445655,20
105,109,296.5,14.4,22,11,57.9,64.1,5.9,40.1,32,25.1,20,4,6641073.7,7
105,110,319,6.1,23,7.2,63,58.7,10.1,44,60.8,21.1,18,7,6502128.5,12
105,111,163.5,4.5,11.2,9.4,24.9,31.2,2.5,28.7,25.9,10.5,11,3.7,3309540.1,9
105,112,90,2.6,5.2,2.1,16.4,17.1,4.6,14.1,12.7,5.2,2,8,1929050.9,5
105,114,627,23,64.9,36.9,104,146,17.7,64.9,77.1,43.3,37.2,12,1.36573541E7,14
105,115,414.5,16,33.9,20.9,75,84,3.8,73.1,54.2,32.7,11.9,9,9716159.3,21
105,116,444,21.9,36,26.9,74.2,103.8,10,67,45.2,24.1,24,10.9,1.04774212E7,14
105,117,107,0,9.5,8.9,18,31.1,2.9,10.1,12.1,7.5,1.9,5,2353187.2,4
105,118,1349.5,77.8,117.4,92.1,247.4,273.2,46.5,154.6,176,68,69.4,27.1,2.85898688E7,22
105,119,64,3,7.9,6,10,14.1,2,13,1,0.9,1.1,5,1433151.2,4
105,120,73,2,8,1,14,15.9,3.1,9.1,8.1,4.8,0,7,1825253,4
105,121,175.5,6.1,20.1,13.9,27.9,51.1,4.2,17,8.9,16.4,7,2.9,3599469.5,13
105,122,526.5,14.9,50.5,33.9,71.7,124.8,11.5,90.2,61.2,30.7,26,11.1,1.11911319E7,22
105,123,104,1.9,11,3,14.9,27.9,3,14,14.2,5,4.1,5,2541723.4,8
105,124,2936.5,135.1,280.5,166.4,630.6,582.1,79.4,369.8,343,216.5,80,53.1,5.93228886E7,12
105,125,4199,181.4,402.6,248.3,740.9,850,109.6,570.2,565,263.8,200.1,67.1,7.77153381E7,24
105,126,2943.5,99.9,268.5,142,419.9,574.2,52.9,470.4,477.9,165.8,218,54,6.22463566E7,22
105,127,1035.5,53.8,93.1,51.8,189,226.8,28.2,143.9,131.2,69.6,26,22.1,2.18659202E7,13
106,0,135,4,16.5,9.1,18.8,34,6.1,14.9,10.9,12.6,5,3.1,3064580.8,7
106,1,258,15,19.7,15.1,34.2,56.8,8.1,37.7,47,17.5,2.7,4.2,6170668.7,17
106,3,256,11,13.3,24.9,32.1,67,3,38.3,30,21.4,5.9,9.1,6464840,9
106,4,651.5,35,60,34.2,123,156.1,22.9,66.9,65.9,38.3,27.1,22.1,1.58973962E7,13
106,5,427,13.5,57.4,23.9,59,109.2,18.9,54,32,37.9,16,5.2,9829290.2,9
106,6,16,1.8,1.5,0.4,2.9,2.9,1.5,1,1.5,1,1,0.5,412875.8,3
106,7,716.5,18.9,65.4,53.6,79,147.1,9.9,104,121,32.5,69.1,16,1.61259687E7,5
106,8,1453.5,68.9,127.8,67.8,214.4,301.4,28.5,192.5,251.5,95.8,86.9,18,3.21236362E7,13
106,9,3,0.1,0.2,0.2,0.4,0.4,0.1,0.4,0.7,0.3,0.2,0,70208.4,1
106,10,2,0.1,0.4,0.1,0.3,0.4,0.1,0.4,0,0.1,0.1,0,48602.3,1
106,11,10,0.3,2.2,0.3,1.4,2.2,0.3,2.2,0,0.5,0.6,0,243011.7,2
106,12,45,0,4.1,4.9,4.9,10,0,7.1,7.1,1.9,3.1,1.9,1099936.5,5
106,14,11,0,2.4,0.3,1.1,3.5,0,1.4,0.8,0.8,0.3,0.4,188589.8,4
106,15,6,0,1.3,0.2,0.6,1.9,0,0.7,0.4,0.4,0.2,0.3,102867.1,2
106,17,1391.5,69.9,178.7,80,253.1,354.9,30.9,148.9,116,97.9,27.2,34,3.35860103E7,17
106,18,276,10.9,29.9,11.9,39.1,79,3,40,26,18.9,6.1,11.2,7263063.1,6
106,19,195.5,9.6,17.5,13.6,29.3,48.3,5.8,33.1,18.5,10.9,5,3.9,5318298,5
106,20,2081,111.5,184.5,117.1,410,439.9,69.9,214.1,225,149,119,41,4.64531234E7,5
106,21,2178.5,142.9,216.4,142.1,444.2,434.8,68.4,244.9,193.3,187.4,51.1,53,4.42549544E7,10
106,22,198,17.9,13.4,5.9,46.9,44.1,9.1,24.9,19.1,9.6,5.1,2,4979608.1,4
106,23,472.5,20.9,52.5,32.2,89.7,97.9,12.1,60.1,51.2,31.9,13.1,10.9,1.21287253E7,15
106,24,120.5,6,8,7,24,32,4.4,15,9,8,5.1,2,3177217.7,4
106,25,105.5,3,13.7,5,14.2,28.2,0.8,12.5,12.3,9,3,3.8,3002936.6,6
106,26,5169,227.8,538.5,309.5,1007.9,1139,131.8,578.9,548.1,364,210.1,113.4,1.200971115E8,19
106,27,1066.5,46.1,105.1,71.1,195.9,256,31.3,136,89.1,75.7,25.2,35,2.74687779E7,19
106,28,277.5,10.9,36.7,13.7,43.9,68.9,3,37.7,33,12.6,11.1,6,7280434,12
106,29,995.5,57.6,115.7,63.4,176.1,263.8,19.5,109.1,89.2,52,20.9,28.2,2.54416618E7,14
106,30,13,0.8,0.4,0,3.3,2,0.4,2.4,2.4,1.3,0,0,337000.8,2
106,31,4,0.2,0.2,0,1,0.6,0,0.8,0.8,0.4,0,0,103692.6,2
106,33,28,0,5.3,2.3,2.3,5.3,0,6.1,2.3,2.2,0.8,1.4,649928.7,3
106,34,157,6.9,20.5,8,27.1,49,2,12,6,14.5,2,9,4084496.9,3
106,35,1434,82,157.6,60.3,277.7,339.9,47.8,142.1,116.2,135.2,38.1,37.1,3.73361854E7,30
106,36,4959.5,241.6,516.4,242.9,917.1,1120.8,129.4,493.6,576,377.6,211.1,133,1.303971431E8,29
106,37,1996,80,159.8,111.5,305.9,478,43.2,279.8,276,126.9,65.7,69.2,5.55585018E7,28
106,38,304.5,19,28.4,22.8,68.1,79.1,7.8,31.7,12.1,14.4,4,17.1,8407776.3,7
106,40,82,2.9,9.1,3,12,22,3,11,10,9,0,0,2208805,5
106,41,2293,140,263.6,101.5,475,493.9,78,236.1,178.9,220.1,46,59.9,5.78457337E7,7
106,43,1615.5,88.9,188.9,99.2,306,375.9,41.5,180,132.2,110.9,43,49,3.93888759E7,10
106,44,139.5,5.1,13,13,27,34.1,4.4,31.9,2.1,6,0,2.9,4058683.5,4
106,45,981,42.5,92,69.9,181,222.1,33.5,128,98,69,16,29,2.39974094E7,3
106,46,2257,120.4,284,125.5,438,560,72.6,229,144,199.5,21,63,5.66358967E7,6
106,47,943.5,45.5,125,53,144.1,242.1,23.5,116,93,53.5,18.9,28.9,2.46857751E7,9
106,48,163.5,6,15.5,10.9,32.1,46,2.1,17.1,10.9,8.9,7.1,6.9,4028193.7,3
106,50,4001,248.1,399.5,224.5,910.4,867.4,138,398,297,335.9,113.1,69.1,9.03424546E7,10
106,51,65,2.9,2.1,3,13.9,8,3.1,14.9,8.9,4.1,2,2.1,1456067.1,7
106,52,9,0.4,1,0.5,1.3,1.8,0.2,1.3,1,0.6,0.6,0.3,209410,1
106,54,133,6.3,16.5,11,18.2,36.1,1,12.9,14.9,7,5.1,4,3305682.5,7
106,55,79,4.5,5.9,5.1,11,25,1,9.1,11.9,3.5,2,0,2264964.4,3
106,56,420.5,17.1,41.1,25.8,68.8,115.2,8,54,32.1,25.5,8.9,24,11847939,16
106,57,55,2,5,2.1,7,16,0.9,7,6,4,4,1,1535540.4,3
106,58,373,11.5,51,21,38.6,113.2,12.6,41.1,44,17.4,9,13.6,9717311.4,5
106,59,953.5,32.9,79.1,55,175.8,205,31.7,109,141,64.8,45,14.2,2.11249869E7,19
106,60,2217,118.7,229.8,116.1,417,469.9,64.5,237.9,279,145.8,101.1,37.2,5.18603744E7,21
106,61,95,1,8.5,10.1,9.9,23.9,1,9,15.9,9.6,6.1,0,2178270.7,5
106,62,2759,107,267.6,160.9,498.1,619.1,60,343,334,171.5,113,84.8,6.69503916E7,12
106,63,517.5,20,43.9,27.3,83.5,113.7,13,81.2,72.8,32,17,13.1,1.35117309E7,7
106,64,1224.5,61,97.8,79.1,250,236.9,16.6,178,159.2,63.1,51.8,31,3.08289207E7,21
106,65,739.5,30.9,78.8,50.2,118,202,22.9,100.1,41,50.6,11,34,1.94209788E7,6
106,66,6,0.1,0.8,0.5,1,1,0.1,0.6,1.1,0.4,0.2,0.2,148724.2,1
106,67,6,0.1,0.8,0.5,1,1,0.1,0.6,1.1,0.4,0.2,0.2,148724.2,1
106,68,254.5,10.1,26.8,9,37.9,67.1,4,38.1,35,9.6,10,6.9,5839701.6,9
106,69,701.5,49.9,56.1,27.5,163,141.9,23.6,89.1,77.9,36.4,27.1,9,1.71576592E7,12
106,70,487.5,17.5,58.5,19.1,80.1,117.8,9.4,64,57.1,33.8,20.1,10.1,1.16814036E7,11
106,71,335,23.3,31,15,61.1,80,10,43.1,30.9,16.5,12.1,12,8077396.5,9
106,72,469,18,37.4,21.9,91.3,86.1,8.9,67.8,72.1,36.4,24.1,5,1.06732165E7,15
106,73,1686,97.5,167.4,96.9,364,326,44,179,189.1,141,59.9,21.2,3.47425088E7,20
106,74,188.5,12.4,28.6,7.9,33.1,50,10,13.1,12,14.4,4,3,4109693.9,7
106,75,181,14.8,13.1,9.1,52,29,2.9,16,23.1,14,6,1,4301243.7,7
106,76,447,34,51.6,14,100.1,87,18.9,44,30,43.5,11.9,12,9294650.2,6
106,77,156.5,9.5,21,9.1,29.1,38.1,4,10.1,8.8,12.9,9,4.9,3227538.3,9
106,78,73,2,6,6,7,18,1,15,8,2,7,1,1551897,3
106,79,92,7,7.8,6.3,17,17.9,2,11.9,13,5.1,4,0,2190006.3,8
106,80,80.5,2.4,5.1,9.9,9.1,17.9,3,13,8,6.1,4,2,1746601.9,8
106,81,52.5,3.8,7.6,2.9,8.1,7,1,11,5,4.2,1.9,0,935985.3,8
106,82,430,26.5,43,23.9,90.1,76.9,8.6,49.1,60,28.9,19,4,9526234.3,15
106,83,14,0.5,0.7,0.5,5.4,1,0,1.5,1.5,2.4,0.5,0,309905.8,2
106,84,52,3,3,4,11.9,11.9,2,9.1,1.1,4,2,0,1335525,4
106,85,143,4,17.1,5.2,21,32.9,2.5,17.9,24,10.3,3,5.1,3310627.6,7
106,86,61,0,8,6.1,8.1,9.9,3.9,2.9,11.9,4.1,4.1,2,1004121.9,4
106,87,105,3,9,9,22,23.9,1,15,9.9,8.1,3,1.1,2279473.8,6
106,88,2772,109.9,237.2,176.5,437.4,518.2,65,380.8,461.2,178.6,166.2,41,5.36952852E7,15
106,89,15,0.3,1.3,1.3,1.7,3.7,0,2.5,2.1,1.3,0,0.8,405823,5
106,90,297,9.7,31.9,14.4,47.2,72.1,7.4,45,28.2,11.9,21.2,8,6082576.1,16
106,91,137,7,17,8,34,29,4,7,8,17,6,0,2540825.4,6
106,92,592.5,41.3,62.5,26,123,133.9,18.5,48,53,48.1,25.1,13.1,1.15444353E7,10
106,93,18,0,0,0,4.1,7,0,1.9,3,1,1,0,389677.5,3
106,94,366.5,19,35.4,12,77,75.1,13,36.9,57,29.1,7,5,7837918.6,12
106,95,5,0,0.4,0.3,0.5,1.7,0.2,0.3,0.3,0.9,0.2,0.2,93942.1,1
106,97,9,0,0.5,0.3,1.9,0.8,0,1.1,2.7,0.8,0.9,0,232468.2,2
106,98,341,8.9,29.7,16,51,77.3,4.9,58,55.9,20.9,15.2,3.2,7923796.5,15
106,99,344.5,12.9,30.1,20.9,55.1,66,5.9,55.2,48.8,22.5,18.1,9,7525964.7,12
106,100,36.5,3.9,0.4,1.1,8.9,8,0,7.1,2,0,5.1,0,765419.2,5
106,101,144,3.9,16.9,8,17.1,27,3,31,20,5,9.1,3,3052249.8,4
106,102,130,9.8,10,6,29.1,17.8,3,24,12.2,10.9,3.1,4.1,2705755.3,13
106,103,104,5.1,3.5,4,20,16.9,7,14.9,20,7.4,4.1,1.1,2563415.4,8
106,104,34,0,5,0.9,5.9,7.6,0,0.9,5.9,0,6.8,1,690380.2,9
106,105,1,0,0.2,0,0.2,0.2,0,0,0.2,0,0.2,0,20305.3,1
106,106,91,1.8,7.7,5.9,13.7,18.2,0,20.6,11.3,4.7,6.2,0.9,1895880.7,7
106,107,1,0,0.1,0,0.2,0.2,0,0.2,0.1,0.1,0.1,0,22156,1
106,108,598.5,35.8,52.7,28.6,112.9,132,17.6,64,64.1,44.8,37,9,1.29081022E7,10
106,109,87,3.6,8.4,2,16.9,17.1,3.7,7.2,14.1,7.6,5.4,1,1731945.8,7
106,111,343.5,16.1,29.4,14.2,54,77.9,7.6,52.9,38.9,21.7,19.8,11,8152751.8,13
106,112,296,15.2,17.5,20.4,53.9,66.8,14,31.9,23.9,18,24.2,10.2,7171170.8,12
106,113,559.5,28,39.4,26.2,103,120.4,10.2,78.9,70.9,33.3,28.1,21.1,13212639,17
106,114,190.5,13.9,18.5,6,35.1,45,7,26.9,24.1,5.9,3.9,4.2,4695898.4,9
106,115,736.5,32.2,59.8,23.3,105.1,159.6,15.7,116.5,116.1,53.8,24.1,30.3,1.78109774E7,27
106,116,32,1.4,3.4,3.5,4.2,10.5,0,4.8,2.1,1.4,0,0.7,786332.4,4
106,117,258,8,35.5,8,33,68.2,6.9,28,27.9,26.4,12,4.1,6185511.6,6
106,118,531,25.7,61.8,17.6,75.9,121.1,15.1,89.9,71.8,23.5,14.3,14.3,1.28997413E7,22
106,119,335.5,7.1,18.7,14.9,55.8,60.9,9,70,54.8,22.1,16.1,6.1,7942356.2,13
106,120,254,6.9,20.7,7.1,43.1,49.2,3.8,46.1,30,15.1,22,10,5440890.5,13
106,121,340,18.9,38.1,16.1,75.1,66.9,13,32.8,36.1,23,13,7,7676212.3,9
106,122,647,34.4,58.5,29.1,127.9,147.1,21.9,83.2,78.9,37,26,3,13412943,15
106,123,1791,85.9,158.4,116.5,375,346.1,42.6,255,201,106.5,72,32,3.09370736E7,10
106,124,4892,292.9,489.3,359.1,928.2,872.1,134.9,615,558.1,322.6,254.8,65,8.53487106E7,16
106,125,273,8,23,17,36,55,3,37,50,25.9,14.1,4,5291259.8,10
106,126,571,21,61.4,31,96.2,118,9.4,70.1,94,31.9,23,15,1.25677104E7,8
106,127,2288,113.9,213.8,140.3,425.1,433.9,57.2,311.9,305.1,127.5,119.2,40.1,4.65150389E7,20
107,0,121,4.9,11.5,10.8,14.4,28.2,4.6,21.5,11.7,9.4,1.9,2.1,3247457.9,10
107,1,21,0,3.3,1.6,0.7,7.5,1.4,3.5,1.6,1.4,0,0,523246.5,4
107,2,1287,60.5,116,75.2,209.8,271.2,31.9,175.8,173,79.5,78.9,15.2,2.76772863E7,21
107,3,345.5,15.3,39.9,18.9,56,90.1,9.5,38.1,34.1,24.6,14,5,7723342.1,9
107,4,99.5,5,2,5,20.9,25.1,2.5,15,9.1,3.9,6,5,2705919.7,4
107,5,193,4,14,11,32,47,6,37,22,13,2,5,4931442.4,3
107,6,17,2,1.6,0.4,3.1,3.1,1.6,1,1.6,1,1,0.6,438680.6,3
107,7,2188,116.1,222.6,145.7,354,442.9,56.4,249.2,281.3,144.1,145.9,29.8,4.46630643E7,21
107,8,8286.5,451.1,769.3,632,1747.7,1525.1,229,884.3,916.1,569.5,473.3,89.1,1.572845476E8,24
107,9,2454.5,199.4,285,189,520,434.1,105.6,212.9,206.1,232.5,58.9,11,3.56883532E7,10
107,10,71,3.6,9.6,3.6,14,13.6,3.6,8.6,5,5.2,1.2,3,1512673,5
107,11,3,0.1,0.6,0.1,0.5,0.6,0.1,0.6,0,0.2,0.2,0,72903.5,2
107,12,313,19,32.9,13.1,55.9,67,2,66.2,27,19.1,7.9,2.9,7501202.1,8
107,13,57,1.9,7.1,3,7.1,14,1.9,8.1,4,5.9,1.9,2.1,1288094.8,3
107,14,14,0,3.1,0.5,1.4,4.4,0,1.8,0.9,0.9,0.5,0.5,240023.4,4
107,15,51,1,6,2,6,16,1,11,2,4,0,2,1354151.9,2
107,17,113,3.9,10.5,9.9,17.1,28.1,0.9,19,8,10.4,3.1,2.1,2820266.9,7
107,18,721.5,34,72.6,40.5,133.1,177,26.9,112.8,55.1,39.5,9,21,1.89257903E7,10
107,19,4,0.2,0.1,0.3,0.6,0.6,0.2,1.1,0.4,0.2,0.1,0.2,126144.2,1
107,20,125.5,12,7,5,33,23.1,8.9,9,4.9,17.5,1.1,4,2605621.2,4
107,21,252.5,9.8,30.7,15.8,36,69.2,9.5,29.9,33.2,8.5,5.9,4,6341642.3,9
107,22,228,15.8,24.9,13,46,51.1,2,30.2,18,13,10,4,5782770.1,9
107,23,540.5,22.2,50.6,9.7,104.1,134.8,16,85,44.7,42.3,13.9,17.2,1.41008549E7,12
107,25,4,0.2,0.3,0.2,0.8,0.9,0.1,0.4,0.5,0.5,0,0.1,115171.6,2
107,26,36.5,4.6,1.4,3.6,12,7.9,1,2.9,1.1,2,0,0,830371,7
107,27,437.5,17.9,53.1,35,63.1,106,7.9,58.1,43,26.5,7,19.9,1.15051565E7,4
107,28,126,7,8,5,25,31,4,18,14,10,3,1,3464298.1,8
107,29,479.5,32.8,44,25,98,120.8,13,50.1,30,40.4,13.3,12.1,1.34195907E7,14
107,30,5,0.3,0.1,0,1.2,0.8,0.1,1,1,0.5,0,0,129615.6,2
107,32,2,0,0.4,0.2,0.2,0.4,0,0.4,0.2,0.1,0,0.1,46423.5,1
107,33,7,0,1.3,0.6,0.6,1.3,0,1.5,0.6,0.6,0.2,0.3,162482.1,2
107,34,1022.5,42.6,100.6,52.1,177.1,252.1,27.8,137.9,93,72.5,29.9,36.9,2.74630387E7,22
107,35,2028,94.4,231.4,98.3,345.8,488.8,47.3,248.8,191.9,145.2,74.9,61.2,5.47008723E7,39
107,36,1179.5,36.8,127.3,75.6,167.7,291.9,27.4,144.2,145,74,38.2,51.4,3.23068641E7,23
107,37,4370,243.7,439.3,255.7,913.1,985.1,124.5,463,340.9,357.5,114.1,133.1,1.106761053E8,17
107,38,2058.5,109.4,233.5,136,331.1,518,57,252.9,145,139.5,46,90.1,54716155,11
107,39,3343.5,180.5,322.6,200.6,713,757,83.8,378.1,301.1,210,99.9,96.9,7.97748514E7,15
107,40,5696,408.3,456.5,376.9,1448,1110.1,179.5,518.9,502.2,391.5,196.8,107.3,1.225654452E8,12
107,41,2906.5,136.9,308.7,191.8,538.1,677.1,81.8,334,224.2,233.9,76.2,103.8,7.02304729E7,15
107,42,827.5,36.5,76,34.4,180,160.1,36.5,93,80,64.9,38,28.1,2.12323834E7,6
107,43,53,2.1,9,1,11.1,12.9,2.1,6.9,3.8,1,2.1,1,1382458.3,5
107,45,167.5,5.9,21,13,30.1,46,4.5,20.1,7.9,10,1,8,4509825.2,5
107,46,228,10.9,19,17.1,46.8,68.9,4.6,17,13,18.5,2.1,10.1,6535503.4,9
107,48,304.5,14.9,27.9,10,63.9,74,14.5,31,35.1,23.1,4.1,6,7662341.7,8
107,49,35,1,4,1,7,8,2,3,3,6,0,0,852433.7,2
107,51,418,23,55,26.5,71,108,12.5,57,32,24,2,7,1.05292022E7,2
107,52,98,4.6,11,5.5,14.7,19.2,1.9,13.7,11,6.3,6.4,3.7,2280241.8,3
107,53,330,15.9,32,15.1,49,72.9,5,51,33,19.1,16,21,7898844.9,5
107,54,144,6,10.7,5,18,37.9,3.8,35,11.1,9.4,1.1,6,3973720.1,11
107,55,143.5,8.9,12.6,5.6,31.9,29,2,22,14.1,9.5,3.9,4,4064991.2,6
107,56,28.5,1,1.5,1,4,10,1,5,3,1,0,1,816417.1,3
107,57,97,6,5,4,20.9,17,4,15,15.1,7,3,0,2633061.6,2
107,58,11,0.4,1.1,0,2.5,1.8,0.1,3,1.1,0.7,0,0.3,357908.5,3
107,59,3408,182,319.3,186.5,633.1,735,87.3,413,356.3,260.2,166.3,69,7.40557391E7,22
107,60,29,0.9,3,1,4,7.1,0,1,10,1,0,1,648400.8,4
107,62,1680.5,61,132,75,283.9,331.9,32.5,214.1,327.1,85,88,50,4.33600546E7,3
107,63,19,0,1.4,0.7,1.4,4.4,0,3,5.1,0,3,0,507255,2
107,64,2048,146.6,174.5,143.9,410.1,405.9,84,223,196,160.9,65,38.1,35893220,13
107,65,11240,701.8,1021.1,785.2,2466.8,1886,336.3,1342.1,1242.2,862.4,417.1,179,2.016862419E8,20
107,66,1907.5,104.2,157.5,120.3,408.7,401.1,52.1,241.9,189.2,124.1,73.1,35.3,4.28559611E7,7
107,67,10,0.1,1.3,0.8,1.7,1.7,0.2,1,1.7,0.7,0.4,0.4,247873.6,1
107,69,306,12,25.2,13.9,55.9,70,6.4,42.2,48.2,20,3,9.2,8025472.6,21
107,70,232.5,11,19.9,14,35,50.2,4,44.1,27,11.4,11,4.9,5673066.1,7
107,71,512.5,22,37.4,26,103.2,101.2,14.9,73.8,78.8,27,20.1,8.1,1.21534395E7,16
107,72,371.5,29.7,38.5,17.2,86.2,71,6,40,36.8,32,11,3.1,8873520.2,18
107,73,188,5,21.5,14.6,23,54,2.9,26.1,22.1,12.9,2,3.9,4279635,8
107,75,534.5,28.8,57.6,30,106.2,116,12.6,62,55.1,25.3,26.9,14,1.14276153E7,26
107,76,138.5,8,14.2,5.8,34.9,19,5.1,20,13.1,11.4,3.9,3.1,2751257.1,7
107,78,666,34.9,58,56.2,127.1,145,16.4,76.2,70.8,46.4,23,12,1.39628359E7,16
107,79,152,8,14.9,6.1,31,37.1,5.9,20,9,10,6.9,3.1,3002472.7,7
107,80,187,6.8,15.2,7.1,42.8,34.9,7.1,27.1,22.1,12.1,8.8,3,3925490.9,12
107,81,176.5,4.5,17,13,20,46,1,46,16,7,3,3,3890432.4,5
107,83,289,22.8,19.3,21.7,66.5,52.9,1.8,32.7,30.6,26,7.7,7,6085070.7,11
107,84,179.5,7,22.6,14,35.9,38,3.3,18.1,13.1,14.5,11,2,3873321.6,9
107,85,180,8,22.6,10.1,35.9,33,5.5,17,19,19.9,6,3,3593760.5,7
107,87,571,29.3,61,35.1,104.9,107,17.8,91,70,30.9,21.1,2.9,1.13008478E7,10
107,89,5,0.1,0.4,0.4,0.6,1.3,0,0.8,0.7,0.4,0,0.3,135274.3,1
107,90,101.5,2.9,16.6,6,17.1,26,1.9,9,11.1,8,2.9,0,2233347.8,4
107,91,239,18,25.3,12.1,56.8,51,4.1,19.3,24.2,18.4,5.8,4,5185074.7,10
107,92,28,1,1.9,0,4,7,0,4,5.1,1,2,2,771714.6,3
107,93,151.5,5.1,12,3,25,34.9,2,19.1,21,9.3,18.1,2,3218105.3,7
107,94,202,4,17,6.4,29.3,42.2,5.4,33.6,30.7,12.5,16.8,4.1,4292485.9,9
107,95,1276.5,56,110.2,74.7,217.3,227.8,29.3,199.9,220,51.1,74.2,16,2.64273244E7,19
107,98,471.5,14.9,51.5,21.5,88.8,100.9,12.8,52.1,77.3,24.6,20,7.1,1.05845211E7,15
107,99,253.5,4,22.5,22.8,34,58.2,8,28.9,43.2,15.7,11.2,5,5567881.2,4
107,100,161.5,8.9,20.9,8,20.1,48.9,1.9,11.1,19.1,13.4,7.2,2,3818868,10
107,101,81,5.2,11.5,3.2,17.1,12.9,3,3.9,9.9,9.4,4.9,0,1579359,5
107,102,44.5,0,5.5,3.1,6.9,10.1,0.9,10.1,2,3,0.9,2,817909.9,5
107,103,164,5.9,13.9,13.9,26.8,30.1,6.1,25.9,22.4,7.8,9.2,2,3392811.9,17
107,105,609,31.1,45.1,33.7,135.9,105.1,24,64.1,70.8,49.8,36.2,13.2,11934539,15
107,106,19,0.2,1.2,0.2,3.1,4.4,0,4.2,2.6,1.2,1.7,0.2,420963.4,2
107,107,136.5,2.9,21.7,8,20.9,32.1,2.1,10.2,11.8,14.6,4.1,8.1,2643883.6,9
107,108,6,0.2,0.4,0,0.9,0.7,0.2,0.7,2.2,0.2,0.5,0,130068.7,1
107,109,2,0.1,0.1,0,0.3,0.2,0.1,0.2,0.7,0.1,0.2,0,43356.2,1
107,110,308.5,15,25.1,12.3,61.8,59.2,11,48.1,36.9,23.1,9.9,6.1,7056822.6,14
107,111,421.5,20.5,48,17.6,58.1,100.9,7.8,52.1,57.2,22.3,22,15,1.03404119E7,11
107,112,830,32.3,78.9,42.1,146.1,189,21,87.9,126.1,53.6,34,19,1.74529373E7,8
107,113,541,21,48.1,28.9,83.9,111,18.5,107,63.1,30.4,14.9,14.2,1.27820926E7,11
107,114,338,11,33.5,16,36.9,89,3.8,45.1,49.2,24.5,21,8,8437434.6,8
107,115,205.5,8,14.5,8,36.9,28.8,4,37,30.2,11.1,18,9,5108462,8
107,116,488,24.9,46.8,18,73,106,15.8,70.9,79.1,17.1,25.1,11.3,1.18007537E7,18
107,117,178.5,6.5,22,6.6,22.8,37.7,3.9,26.1,30,8.5,5,9.4,4399982.9,7
107,118,800,52.9,58,33,213.9,134.9,39.5,93.1,65.1,62.4,31.1,16.1,1.96953312E7,15
107,119,403,21.9,48,15,73.1,87.9,6.1,48.9,47,35,14,6.1,9345671.1,10
107,120,87,4.8,10.1,3.8,16.9,16,2,12.8,6.1,5.1,6.1,3.3,2016177.5,9
107,121,1298,75.1,128.5,57.1,256.6,295.9,40.5,162,110,88.1,49.1,35.1,2.97035744E7,24
107,122,68,5.9,8.1,5.1,9.9,14.9,2.3,9.9,6.9,2.9,0.9,1.2,1257763.1,11
107,123,2907.5,149.3,256.3,213.6,519,579.1,81,346.1,363.3,216.8,132,51,5.47548487E7,17
107,124,1195,66.5,102.5,85.9,229.8,228,44,121,150.9,93.4,62,11,2.11247659E7,17
107,125,600.5,23.2,61.6,24,100.1,134.1,9.8,93,67,40.5,28,19.2,1.30153913E7,8
107,126,2322.5,114,210.5,112.9,399,478,55.3,308.1,305.9,157.6,105.3,75.9,5.33274719E7,30
107,127,7164.5,370.4,636.6,505.4,1262,1445.1,196.2,897,997.1,446.4,312,96.3,1.293649716E8,20
108,0,51,0,5.1,1,6.1,12.1,0.7,8.6,13.1,0.9,0,3.4,1363201.1,6
108,1,8,0,0.8,0.1,1,1.9,0.1,1.4,2.1,0.1,0,0.5,213835.5,2
108,2,544,29,49,30,95,112.1,9.7,78.9,55,28.1,43.2,14,12235778,15
108,3,27,1.3,0.6,0.7,5.1,10.7,1.4,1.5,4.2,0,1.5,0,705317.1,4
108,4,114,5,12,7,11,22.1,3,19,17.9,8.9,8.1,0,2878872.9,3
108,5,25,3.1,3.8,0.6,9.3,1.9,1.2,2.5,0,1.9,0.7,0,598479.4,5
108,6,775,25.9,77,31.2,110,180.9,23.3,98,127.9,42.5,47.1,11.2,1.91621523E7,18
108,7,1728,61.8,147.8,107.3,245.1,369.3,36.9,224.2,282.1,116.4,116.2,20.9,3.79056527E7,17
108,8,2837.5,176.9,276.3,231.6,615.1,491.1,84.9,310.2,311.9,200.9,106.6,32,4.80061681E7,21
108,9,5660,428.9,719.6,385.6,1146.9,995.6,238.7,458.3,489,590.5,133,73.9,8.57055968E7,13
108,10,270.5,10.1,22.1,18.4,38.8,54.1,8,43,44.9,15.1,12,4,6521631.3,9
108,12,132.5,11,13,0,32,25,5.5,16,13,12,4,1,3348187.1,4
108,13,11,0.6,0.7,0.3,1.1,4,0.3,1.6,0.6,1.6,0,0.2,255287,2
108,14,8,0,1,0.4,1.2,2.4,0.2,2,0.2,0.6,0,0,207945.2,2
108,15,332,15.7,34.2,16.7,59,69.7,10.5,58.2,34.7,24.6,4,4.7,8432545.4,12
108,17,1000.5,44.1,116.4,47.6,188,245.1,30,107.9,95.8,66.4,24,35.2,2.52805912E7,19
108,18,63,2.5,4.4,2.9,3.5,15.3,0.4,16.2,12.9,0.9,4,0,1725903.3,7
108,19,9,0.3,0.3,0,2.2,1.4,0.3,3.3,1.2,0,0,0,175765.2,2
108,20,91,8.9,7,3,19.1,22,2,14,7,4,1,3,2321829.2,6
108,21,129,4,17.1,8.9,22,26.9,3.1,20,9,11,0,7,3219588.9,3
108,22,16,1.2,1.6,0.3,3.2,3.2,0,2.9,2.4,0.9,0.3,0,416248.4,4
108,23,355,22.8,44.7,15.8,77.7,101.7,10.9,29.9,23.5,20.2,3.8,4,9321651.9,9
108,24,443,15.8,44.7,19,62,100.2,9.4,58.1,66.2,31.3,22.1,14.2,1.20947854E7,25
108,25,310,14.1,25.6,17.1,53.9,85,8.1,44.2,18.8,25.3,11,6.9,8225950.6,8
108,26,8,0.8,0.5,0.2,1.4,2,0,0.9,0.9,0.3,0.2,0.8,205348,2
108,27,9,0.9,0.5,0.1,1.7,2.2,0,1,1,0.4,0.3,0.9,231016.5,3
108,28,65,3.7,4.2,3.8,13.4,15.4,3.6,8.9,3.8,7.2,0,1,1641018.2,3
108,29,129,12,13,10,25,31,1.9,12,12.1,10,0,2,3206418.5,2
108,30,1067,54,112.5,61.7,186,279,35,112.9,107.1,56.8,28,34,2.72076348E7,12
108,31,358,11,41,20,52,95.9,9.9,43,30,25.1,16,14.1,9194275.4,10
108,32,1179.5,75.9,103.5,56.2,271,256.8,42.5,112,106,111.4,27.2,17,3.12503751E7,20
108,33,408,15,39.2,17.9,60.9,109.2,5,74.1,42.9,22,8.8,13,1.16422575E7,12
108,34,2734.5,129.6,263,184.6,510.7,624.8,53,306.8,316.1,163.5,119.1,63.3,69974276,32
108,35,1469,64.5,152.1,72.9,249.9,359.1,49.1,174.1,153.9,104.2,39,50.2,3.86899239E7,19
108,36,521,32.9,50.9,38,112.2,111,16.2,59.9,41.1,33.5,11.2,14.1,1.17660827E7,18
108,37,208,7.9,23.1,9.1,32,47,4.9,40.9,19.1,13.9,7.1,3,5460176.3,6
108,38,3693.5,199.5,356.2,239.6,718.7,842,87.9,369.8,383,237,147,112.8,91800076,18
108,39,10186,788.4,1065.4,652.7,2282.9,1894.9,374.9,969.1,782.2,918.6,251.9,205,1.962111356E8,15
108,40,20481.5,1277.7,1660.7,1415,5263.5,3876.2,599.9,1944,1863.1,1234.4,895.9,451.1,4.465360464E8,13
108,41,3237,177.4,345,175.5,642.1,672,119.8,371.2,292,247.9,94,100.1,8.06856516E7,11
108,42,908,50,75,43.9,184,196,21.1,101,104.9,65,39.1,28,2.21905863E7,11
108,43,263,12.9,32,12.1,53,52,14,31,20,22,11,3,6099492.4,6
108,44,467.5,28.8,46.5,25.1,115,90,17,55,35.1,38,9,8,1.14567772E7,8
108,45,78,5,10.7,3,16,21.1,2,8.5,2.6,8.1,0,1,1931299.6,4
108,46,221,14.1,20,6.9,49.9,47,10,22,23,18.1,8,2,5453333.1,4
108,47,599,42.4,54.6,31.4,126.2,139,21.4,61.9,48,45,17.1,12,1.43324173E7,11
108,49,231,10,28.9,18.9,35.1,75.9,3,23.1,13.1,17,3,3,5717282.7,4
108,50,9,0.4,0.7,0.7,2.5,1.8,0,1.1,0.2,1.1,0,0.5,205050.5,1
108,51,736,48.1,63.9,31.5,163.9,168,26,78,48.9,73.6,16,18.1,1.85532461E7,7
108,52,173.5,7.1,29.6,2,42,41,6,9.9,10.1,23.1,0.9,1.8,4129624.9,9
108,53,295.5,10.9,27,14.9,40,87,7.4,34,32.9,21,11.2,9.2,7094380.7,7
108,54,60.5,1.9,7.5,1.2,7,18.8,2,6,6,4.8,1.2,4.1,1546824,7
108,55,369,12,32.9,17,63.9,87.9,4.1,43,71,16.9,12.1,8.2,9090696.9,13
108,56,50,3.7,6.6,2.8,7.3,13.9,1.3,3.7,4.6,4.6,0,1.5,1347110.4,7
108,57,483.5,27.7,35.6,25.1,87,91.9,16,84,71.1,24.5,8.8,11.8,1.21771319E7,18
108,58,227,5.4,22.4,10.2,35,58.5,6.6,35.3,27.2,12.3,6.8,7.3,5812140.3,10
108,59,22,0.6,2.2,0.8,4.1,5.6,0.4,2.5,2.7,1.1,1.1,0.9,566446.9,5
108,63,8,0.5,0.5,0.3,1.9,1.3,1.1,0.8,0.8,0.5,0.3,0,218542.5,1
108,64,141,14.8,21.7,5.9,30.6,26.6,7.9,5.9,2,20.7,0,4.9,2802788.4,1
108,65,18891.5,878.9,1648.9,1157.1,3495,3502,463.4,2193.1,2502,1134,1378,539.1,4.433955672E8,10
108,66,11612,625.5,909,861.6,2960.9,2204.9,322.4,1176.2,1082.1,696.6,506.8,266,2.639668243E8,17
108,67,314.5,17.9,24,15,61,69,13,35.9,37.1,18.5,13.1,10,7710681.3,6
108,68,1501,62,121.7,62.9,295.1,301.9,36.9,224.9,217,81.3,75,22.3,37427482,20
108,69,922.5,34.9,77.9,45.9,145,206.9,23.4,130.9,124.2,46.6,37.9,48.9,2.65588634E7,26
108,70,537,22.8,54.4,15.1,73.4,123.7,7.8,66.2,110.1,28.4,9,26.1,1.66040536E7,19
108,71,324.5,14.8,34.9,20.1,52.9,77.1,9.5,45,32.2,26.1,8.9,3,7759017.7,10
108,72,346,16.9,26,12,68.9,75.1,11.4,43.9,43,29.7,9,10.1,8933923.6,7
108,73,466,21.6,58.6,22.3,89.9,105.1,14.9,74.9,30.1,25.5,14.1,9,1.04756411E7,14
108,74,238.5,19.1,19.9,12.9,40,65.1,6.9,16.9,18.1,19.4,12.2,8,5280602.8,11
108,75,5,0.3,0.3,0.4,0.7,1.6,0,0.9,0.4,0.2,0,0.2,97073.3,1
108,76,407.5,34,37.1,17,78.8,79.8,15.7,50.1,39,35,10,11,8810244.4,13
108,77,1,0,0.2,0.1,0.1,0.3,0,0.2,0,0.1,0,0,18093.9,1
108,78,365.5,19.3,38.5,21.1,75.2,74,8.1,37.8,35.1,37.5,13.8,5.1,7928696.8,23
108,79,86,5,5,2,21.1,19,1,8.9,14,5,4,1,1914098.9,3
108,81,2520,116.4,229,172.9,451.9,518.1,43,299,304,169.6,194.1,22,49561803,11
108,82,1940,98.1,207.1,170.9,322.2,383,49,246,223.8,131.9,81.9,26.1,3.25425936E7,8
108,83,272.5,15.9,25,9,47,57,10,28,38,24.6,15,3,6277509.6,11
108,84,107,4.9,8,3.9,20.9,21.9,3,8.1,21,4.9,5.2,5.2,2555118.7,9
108,85,213.5,19.8,22.8,16,52,47.2,4.2,14.1,11.9,14.5,8,3,4560613,19
108,86,21,0,0.9,0,1,6.9,0,4,6.1,0,1,1.1,486873.5,3
108,87,317,16.9,26.1,29.1,68.9,69.9,9.9,28,25,23.1,16,4.1,6330779.3,11
108,88,393.5,24.2,38.3,30.5,80.7,77.4,13,50.9,36.4,20.4,19.1,2.6,7206062.9,9
108,89,8,0.6,0.7,0.7,1.3,1.7,0.2,0.9,1.1,0.4,0,0.4,142862.5,1
108,90,107,8,9,9,25.9,17.9,7.1,9.1,7.1,9,3.9,1,2098680.9,5
108,91,81,10.1,7.1,3.9,18.9,12,3.9,1.9,13,5,5.2,0,1723555.4,6
108,92,30,0,1,1,2,5,0,8,9,0,4,0,554325.6,3
108,93,102,10.9,6,2,26.1,16.1,3.9,12,7,7.9,9.1,1,1942799.6,5
108,94,412,22,25.9,23.1,73.9,81.1,8,53.1,73.1,28.8,20,3,7859979.1,11
108,96,4,0.3,0.3,0.2,1.1,0.6,0,0.7,0.4,0.3,0,0.1,94368.8,1
108,97,7,0.4,0.6,0.4,1.9,1.1,0,1.3,0.7,0.6,0,0,165145.4,2
108,98,194,13.1,17.9,11,34,47.1,1.8,20.1,25,13.9,8.1,2,4565773.2,9
108,99,82,1,7.2,4.8,14.8,26.3,1,6.4,9.9,7.7,2,0.9,1729401,7
108,100,223,12.8,13,11,42.1,39,8.1,30.1,31,15.9,18.9,1.1,4788285.5,11
108,101,60,3,6,2,8.9,13,2,8.9,7.1,6,2,1.1,1408591.5,5
108,102,3,0.2,0,0,0.5,0.5,0.1,1,0.1,0.1,0.5,0,65677.9,1
108,103,537.5,16.1,53.4,37.1,78.7,124.8,11.1,68,64,30.2,42.1,12,1.04716821E7,18
108,104,183,7,21,9,34,40,7,20.9,19,12.9,7.1,5.1,3705036.5,5
108,105,23,0.5,1.8,1.5,3.6,3.4,0.8,4.1,3.1,2.3,1.6,0.3,431125.6,1
108,106,1298.5,69,113.2,79,230.1,258.1,37.4,156,154.1,100.6,74.1,26.9,2.49894313E7,20
108,108,295.5,20.1,14.8,14.9,65,52,8,52,38,15.6,10.1,5,5908171.9,9
108,109,259,15,23.4,9.8,53.1,55.2,3.4,26,26.9,28.2,15.1,2.9,5971517.8,13
108,110,231,8,22,21.9,30.9,56.9,4,33.1,32.1,9,10.1,3,4698513.5,9
108,111,647,24.2,48.5,20.9,87.2,141.9,13,101.8,95.2,44.2,42.1,28,1.58636271E7,23
108,112,109,5,11,2,17,19,1.9,23.1,17.9,2.9,6.1,3.1,2598997.6,6
108,114,8,0.5,0.8,0,1.1,1.6,0,1.3,2.4,0,0.3,0,226617.1,1
108,115,714.5,37.6,58.9,43,135.9,168.3,19.8,78.9,82,46.9,19,24.2,1.81598474E7,16
108,116,201,5.9,16.5,10.4,28.5,44.4,4.6,25.3,33.2,15.6,15.6,1,4641157.3,12
108,117,545.5,27.6,47.2,29.8,99.9,105.8,15.2,85.1,60.3,30.5,30,14.1,1.31231496E7,28
108,118,412,12.5,30,20.7,79.9,86,14.5,52,53.9,27.4,21,14.1,1.07008978E7,11
108,119,596,27.4,60.5,28.3,114.9,140,19.9,56.1,62.2,54.5,20,12.2,1.48150594E7,15
108,120,11,0.6,1.3,0,1.4,3,0.3,1.1,1.7,1.1,0,0.5,308228,2
108,121,105,3.4,11.6,2,12.5,30,1.5,17,15.4,8,1,2.6,2688846.7,7
108,122,1613.5,51.1,133.9,110.9,243.1,361.5,41.9,264.9,235.1,87.5,46.4,37.2,3.88577359E7,35
108,123,3066,163.3,267.4,200.9,561,593.2,84.9,443.1,375,189,132.1,56.1,5.80337539E7,17
108,124,4591,221.3,425,336.8,783.1,917,120,621,571.2,275.4,256.2,64,7.72116466E7,11
108,125,7810.5,413.4,718.5,523.1,1471,1424,208.5,966.9,1041,500,446,98.1,1.411864916E8,11
108,126,2146.5,103.7,239.7,128.7,385.8,525.8,52.9,251.8,182.8,140.9,87.3,47.1,4.43220494E7,26
108,127,6207.5,323.4,630.1,439,1308.1,1244.6,181.8,671.2,677.1,413.1,237,82.1,1.100084698E8,20
109,0,199,10.9,15.9,8.9,42,46,10.1,26.1,12,17,4.1,6,4891636.2,15
109,1,286,15.8,21,8.2,54.9,59.8,15.2,49.8,29.3,17.9,9.2,4.9,7490850.1,17
109,2,11,0.4,0.3,0.3,2,4.4,0.4,0.7,1.8,0,0.7,0,287351.5,4
109,3,48,4.9,1.1,1.7,11.8,4.2,1.1,10,3.1,0,7,3.1,1085953.1,8
109,4,123.5,4,10.9,1.9,13.1,27,2.9,23.1,23,7.5,7.1,3,3330950.6,5
109,5,106,4.8,6.4,2.2,19.6,20.2,4.6,15.6,15,8.2,8.4,1,2550439.2,8
109,6,151,4,25,6,23.1,50,4.9,11,8,12,4,3,3930451.6,3
109,7,670,18.3,56.7,35.9,93.9,139.1,12.8,95.9,110,46.4,50,11,1.64027824E7,10
109,8,53,1.9,8,3,9,16,2,5,2,4,0,2.1,1320890.6,2
109,9,1621,69.8,165.9,117.4,260.2,323,46,223.9,212,103.6,63.2,36,3.37864405E7,19
109,10,897.5,38.8,98.1,52.7,131.9,232.7,15.6,98.2,93.7,78.8,29.9,27.1,2.15310403E7,28
109,11,57,1,6,1.1,14,10,2,9,6,5,0,2.9,1344133,4
109,12,82,3.5,7.3,2.7,9,27,2.7,14.2,6.7,8.2,0,0.7,2030949.2,7
109,13,142.5,5.1,21,5.9,25,28,3,23,17.1,8.5,1,4.9,3241662.1,4
109,15,563.5,27.8,64.6,31.4,87.2,121,19.2,83.9,65,41.4,16,6,1.37598822E7,7
109,16,4,0.1,0.3,0.3,0.3,1.4,0,0.3,0.8,0,0.1,0.4,96615.3,2
109,17,80,1.9,7.6,5.9,9.7,30.4,1,3.7,11.2,4,0.9,3.7,1949532.5,7
109,18,9,0.4,0.4,0,2.2,1.4,0.4,3.2,1,0,0,0,175765.1,4
109,19,609.5,21.3,67.5,34,95.9,151,19,63,58.2,51.6,21,27,1.41187501E7,9
109,20,380.5,16,55,23.1,65,100,5.9,45.1,31,28.4,3,8,9156738.9,3
109,21,182,8.9,15.1,7.1,34,50.9,5.9,28,12.1,9.9,5.1,5,4623162.5,6
109,22,748,35,96.4,42.4,139.2,189,19,84.9,56,52.1,11.1,22.9,1.81905896E7,17
109,23,466.5,28.4,57,28.4,90.1,109.2,19,45,27.9,35.5,10.1,15.9,1.07835252E7,7
109,24,1870,81.6,178,122,342.2,406.9,44.9,266,181.9,120.5,92.1,33.9,4.49221449E7,10
109,25,821,39.8,96.5,41.9,151,183,18.4,86.2,91,59.1,27.1,27,20471438,15
109,26,27,2.5,1.7,0.5,5,6.7,0,3.1,3.1,1.2,0.6,2.6,693049.5,6
109,27,437.5,21.9,36.6,22.1,76.9,90.2,16.2,68.8,54.1,33.9,8,8.8,1.08642232E7,20
109,28,141.5,5,17.1,4,26.9,30.1,5,21.1,17.9,9,0,5.4,3827295.1,4
109,29,14,1.4,1.7,0.3,4.7,2.6,0.3,1,0.3,1.7,0,0,361244.5,2
109,30,119,2.8,17.5,5.1,20.2,35.1,1.9,4.9,13.9,12.5,3.1,2,3065846.5,10
109,31,252,17.8,21.2,9.8,60,56.8,11.6,32.1,14.1,20.7,3,4.9,6864339,12
109,32,399,26.3,35.6,15.1,82.2,87.9,16.8,51.1,34.9,19.1,13.1,16.9,9867499.7,18
109,33,295.5,12,20.5,5,56,65.9,4,41,50.1,15,16,10,8161113.8,12
109,34,964,42,97.2,52,150.5,261.3,24.2,127.1,104.2,55.8,21.7,28,2.60457634E7,32
109,35,577.5,23.9,68.9,23.5,80.9,133,14.9,96.2,56.9,45.2,16.2,17.9,1.66286936E7,18
109,36,437.5,19,55.5,18.9,93,101,14,47.9,34.1,27,14,13.1,1.10273876E7,13
109,37,157,8.1,14.9,7.9,24.1,36.9,3.1,26.9,16.1,4.9,7.9,6.2,4284009.4,8
109,38,908,39.4,87,52.6,134.5,222.9,20.5,120.8,98.1,50.9,31.3,50,2.62251237E7,20
109,39,11573,936.4,1246,763.6,2526,2122,510.3,1126.1,808.1,1126.5,216,192,1.967576433E8,11
109,40,7728,445.3,888.7,546.4,1334.9,1456,292.3,918.1,706,681,182.1,277.2,1.262791282E8,26
109,41,384.5,32.7,67.4,21,65,95.9,19.2,12.2,11.8,48.1,4,7.2,8730638.8,10
109,42,348.5,13.9,27.5,18.1,53.9,78,9.8,52.1,39.1,31,17,8.1,9240197.7,10
109,44,5,0,0.7,0,0.8,1.8,0,0.9,0.1,0.7,0,0,132858.2,2
109,45,9,0,1.4,0,1.4,3.2,0,1.6,0.2,1.2,0,0,239144.8,2
109,46,24,0.5,1.6,3.2,4.3,6.5,0,3.2,1.2,1.2,1.6,0.7,555785.9,4
109,47,63,2.4,5.3,3.7,11.6,14.4,0,6.7,6,6,4.3,2.6,1629679.8,4
109,50,66.5,3,4.3,4.3,13.5,16.2,0,12.9,2.8,4.9,2.1,2.5,1747862.1,3
109,51,731.5,35.9,89.9,50.1,125.9,199.2,21.9,71.1,45.9,69.4,7,15.2,1.82024706E7,9
109,52,39.5,0.8,4.1,2.1,4.8,11.4,0.8,4.8,7.3,1.6,1.8,0,784314.7,4
109,53,9,0.2,0.9,0.5,1.1,2.6,0.2,1.1,1.7,0.3,0.4,0,178704.6,2
109,54,579.5,14.6,69.1,40.1,71,157,7.7,113.1,35.9,35,4,32,15969321,11
109,55,9429.5,394.8,873.2,544.8,1602.8,1917.1,247,1240.1,1259.9,583.3,553.1,213.4,2.063778796E8,11
109,56,132.5,9,18.2,4.1,20.9,33.9,1.8,15.7,13.2,8.4,3.2,4.1,3664738.1,14
109,57,18,1.3,2.4,1.1,2.7,5,0.5,1.3,1.6,1.6,0,0.5,484959.8,2
109,58,682,27.9,81.8,35,100.9,176.2,14.6,96.1,64.9,41.3,19.2,24.1,1.67992154E7,12
109,59,353.5,17.8,41.7,14,54,84.8,3,48,43.3,21.9,18,7,8462610.2,14
109,60,4,0.3,0.3,0.1,0.9,0.7,0.5,0.4,0.4,0.3,0.1,0,109271.2,1
109,62,41,1.2,3.2,0.6,8.2,6,2.4,7.8,7.8,2.2,1.6,0,1135078.9,2
109,64,2,0.2,0.3,0.1,0.4,0.4,0.1,0.1,0,0.3,0,0.1,39755.9,1
109,65,365,8,45.1,13.9,28.8,80,3,50,74,20,27.1,15.1,1.25218718E7,8
109,66,2193.5,105.6,185.5,113.5,418,422.9,48,270.1,297.8,138.2,133.2,60.7,49684486,22
109,67,1804.5,75.4,165.5,82.1,286,431,36.7,239.1,232.2,120.4,86,50.1,4.36732313E7,23
109,68,326,22.9,39.9,17.7,70.9,71.6,10.2,30.2,20.5,30.4,5.2,6.5,7745694.9,11
109,69,24.5,1.1,4,1.3,4.1,4.4,0.7,3.8,2.4,2,0,0.7,702854.2,2
109,70,796.5,26,87.5,54,122,204.9,18,110.9,80.1,44,30,19.1,1.88609493E7,14
109,71,464,20.8,34.9,30.1,83.9,97.8,18.1,59,64,29.1,18.2,8.1,1.13967494E7,19
109,72,326.5,16,32.5,14,60.9,87.2,9,50,22,23.9,4,7,8285857.4,8
109,73,75,7,7.9,3,17,15,3,12,1,5,4.1,0,1647868,7
109,74,211.5,10.7,14.5,7.7,41.3,53.6,6.9,30.9,18.7,13.1,7,7.1,4810004.4,11
109,75,228,10,25.1,12.9,37.9,52,9.8,33,17.1,13,10.9,6.3,4856741.4,9
109,77,170,9.9,18.9,10.9,27.9,36.7,2,22.9,9.9,15.8,11.1,4,3378104.7,6
109,78,27,3,0,1,10,3,1,3,1,4,1,0,491110.3,0
109,79,396,25.8,28,17.9,78.1,65.1,13,78,41,28.9,14.1,6.1,7734985.9,11
109,80,39,1,1.9,3,8.9,3,1,10.1,7,1,2.1,0,978134.3,5
109,81,1136,41.9,93.3,84.9,150.8,227,25.1,176.1,170,64.4,82.2,20.3,2.22022266E7,14
109,82,47,0,2,5,6.9,12,1,7.1,12,1,0,0,790117.4,2
109,83,112,9,6,6,31,24,2.8,11,13,3,3.1,3.1,2123056.7,6
109,84,59,1,6.9,4.1,11,16.1,0,8,3.1,7.8,0,1,1240533.4,5
109,85,305,21.2,34.1,20,72,54,13.8,34.8,27,18,6.1,4,5931017.4,14
109,86,134,10,11.1,8.2,27.9,28,2.9,17,12,9,5.9,2,2573213,9
109,87,551,24,59,41.2,100,126,12,73,45.9,37.8,28.1,4,9624441.9,7
109,88,646,33.4,61.1,56,110,120.9,10,88,91.1,34.5,30,11,1.26458514E7,5
109,89,18,1.3,1.8,1.8,2.9,3.6,0.4,2.1,2.5,0.8,0,0.8,321440.7,4
109,90,255,10.3,20.9,18.3,44.2,61.7,6.9,29.1,15.1,23.4,21.1,4,5373359.9,20
109,91,285.5,13.7,16.7,20.1,51,53.9,17,44.9,28.1,17.8,16.2,6.1,6041874.6,13
109,92,40,3.8,1.8,1.3,11.9,3.1,0.6,6.9,2.4,5,3.2,0,744799.4,5
109,93,24,2.2,1.1,0.8,7.1,1.9,0.3,4.2,1.5,3,1.9,0,446879.7,2
109,94,125,5,11.9,6,20.1,31,2,18,16,5,7,3,2946285.5,5
109,95,174,9,10,7.9,27.1,31.1,5.7,32,31.9,8.1,11.2,0,3982281.1,14
109,97,109,6.3,9,5.4,29.8,16.4,0.9,19.2,10.9,9,1,1.1,2571548.9,9
109,98,26,0,1.7,1.2,5.4,4.7,0,3.5,4.2,5.3,0,0,578006.5,2
109,100,72.5,3.9,4.9,7.1,15,7.1,1.1,7.9,9.9,4.4,10.1,1.1,1481314.1,8
109,101,332.5,10.8,22.1,18.8,72.2,57.8,12.2,49,46,19.2,19.1,5.3,7626335.5,24
109,103,193,10.7,17,8,34.5,42.6,5.7,16.1,19.8,20.9,15.6,2.1,3639172.2,14
109,104,97,1.5,11.4,7.3,11.4,20.6,2.3,14,10.9,7.6,8.3,1.7,1844694.8,7
109,105,328,20.8,20,17.1,58.9,72,8,41,47.9,17,22.1,3.2,7209907.8,13
109,106,24,1.4,2.4,1,6.6,5.2,1,2.1,1.1,2.1,0,1.1,561058.8,2
109,107,210.5,14.7,26.5,10,46.4,46.7,8,22.8,14,12.3,6,3.1,4351593.9,4
109,108,343,16,32.8,17.9,55,80,7.9,45,38.2,15.1,27.1,8,7207049.8,13
109,109,57,4,4.9,3,10.1,14.1,3,5.9,5,3,1,3,1090163.7,4
109,110,201,10,21.9,19,26.1,42.1,7,21,27.9,11,12,3,4110393.5,5
109,111,399,16.1,28.6,16.9,61,95.9,5,66.1,58.8,15.3,27.1,8.2,9250866.3,10
109,112,1123.5,56.5,93.3,53.1,176.9,227.1,35.3,171.2,158.1,64.9,51,36.1,2.74158595E7,19
109,113,291,4.8,20.9,12,27,46,4.1,76,61.9,12.1,22.1,4.1,7246656.7,11
109,114,3949,120.9,359.3,201.6,522.7,833,81,566,693.1,241.3,214,116.1,9.24648484E7,18
109,115,686.5,28.5,53.5,22.2,84,152.2,16.1,101.7,118.5,38.1,35.7,36,1.78170773E7,18
109,116,2791,108.3,237.3,129.4,476.8,594.1,57.5,462.3,332.3,175,122,96,6.87229239E7,26
109,117,6,0.3,0.5,0.6,0.6,1.5,0.2,0.6,0.9,0.4,0.4,0,171767.3,2
109,118,77,2.8,3.9,1,10.1,15,2.2,20.1,14.9,0,4,3,1987613.7,9
109,119,737,37.9,70.1,22.4,132.8,166.1,13.9,97,101,48.4,27.2,20.2,1.80615068E7,14
109,120,1183.5,58.9,101.2,50.1,200.7,247.1,24.9,155.1,175,61.4,80,29.1,2.79372097E7,15
109,121,283,13,26,15,55.9,62.9,5,43,26,16,14.1,6.1,5463775.4,6
109,122,1478.5,63,119.5,101.8,284,311.9,32.9,222.1,139,89.1,79.3,35.9,3.23816926E7,17
109,123,5142,275.4,494.7,367.7,1062.6,1072,171.9,588.2,453,397,174.1,85.4,8.91295897E7,18
109,124,1415,77.6,128.4,78.1,299.9,260.2,42.8,189.9,163.3,88.8,69,17,24808300,14
109,125,331,29,34.9,23,77.2,64,14,23.1,30.9,17,14,3.9,5866195.6,7
109,126,3996,215.4,412.8,229.4,815.9,856.7,127.8,432.1,399,293.6,151.9,61.4,7.93889897E7,22
109,127,5728,328.8,511.1,357.8,1169.7,1057.9,165.8,769.1,639,404,233,91.8,1.043222379E8,24
110,0,381.5,21.9,27,24.6,70.8,77.1,12.5,56,43,25.5,18,5.1,8194044.6,18
110,1,46,1.9,3,1,7,9.9,0,9,8.1,3,2.1,1,952609.2,5
110,2,42,1,2.1,0,15.1,4.9,2,2.9,7,6,1,0,1102031.2,5
110,3,177,5.8,23.9,6.1,28,43,6.1,24.9,17,12.1,5.9,4.2,3719382.5,10
110,4,148,7.1,15.5,5.9,28,27.9,10,16,13.1,12.3,11.1,1.1,3275113.4,10
110,5,472,27.9,57.1,27.9,69.9,119,15.9,53.9,40.3,39,11.2,9.9,1.11159352E7,10
110,6,218.5,11.8,21.1,11,37.1,36,2.9,44,27.1,14.5,7,6,5173064,7
110,7,25,0,4.6,0.9,2.8,7,0,1.8,3.3,1.8,2.4,0.4,531334.7,3
110,8,1286.5,57.4,133,77.1,184.1,302.9,30.5,168.1,146,75.4,73.1,38.9,2.96365388E7,10
110,9,170,8.9,23.1,9.9,26.2,38,3.7,26,17,12,2.1,3.1,4167523.6,14
110,10,964.5,45.2,91.1,62.9,136.2,235.1,28.5,126.2,95,73.2,34,37.1,2.27024461E7,21
110,11,16,1.2,1.2,0,4,4.2,0,3.5,0,0.6,1.3,0,361632.9,5
110,12,10,0.6,1,0.6,1.5,2.2,0.4,1.9,1,0.3,0.2,0.3,244829.1,1
110,13,58,3.4,6,3.6,8.6,12.7,2.5,11,6,1.7,0.8,1.7,1420009,4
110,14,8,0.2,0.6,0.2,1.9,0.8,0,1.6,1.1,0.8,0.8,0,218153.9,3
110,15,19,0.4,1.5,0.4,4.7,2.1,0,3.7,2.6,2,1.6,0,518115.5,3
110,16,215,12,17.6,10.1,34,49,2.9,24.9,37.1,11.5,13,2.9,5807740.8,10
110,17,3868.5,209,381,276,690,825.9,96,457,457.1,272.4,141,63.1,7.94565874E7,8
110,18,194.5,6.8,15.1,13.2,47,35,5.8,32,22,8.4,5,4.2,4659017.3,12
110,19,174.5,6.9,14.1,13.9,22.8,42,6.9,25.1,22,5.8,7.9,7.1,4053725.4,8
110,20,3,0.3,0.1,0.3,0.7,0.7,0,0.3,0.4,0,0.2,0,77999.3,1
110,21,6,0.6,0.2,0.6,1.4,1.4,0,0.6,0.8,0,0.4,0,155998.5,1
110,22,3,0,0.2,0.1,0.6,0.7,0,0.8,0.3,0,0.1,0.2,93330.7,1
110,23,160,7.9,19.1,6.1,28.9,37.9,6.2,19.1,17,10.9,3.8,3.1,4353384.6,11
110,24,396.5,21.1,35,30.8,79.2,99.7,11.8,38.1,25.2,33.6,6.9,15.1,9836621.1,10
110,25,197,11.3,11.4,11.2,32.2,54.8,4.1,26.6,13.2,16.8,8.7,6.7,4896145.1,8
110,26,252,16,25.4,5.9,39.9,59,4.1,33.1,27.1,16.5,11.1,13.9,6720344.2,11
110,27,284,11,33.1,13.1,47,73.9,9.8,44,20.3,13.9,7.9,10,6841960.8,15
110,28,9,0.9,0.9,0.9,1,2.5,0.6,1.1,0.7,0.4,0,0,213716.9,2
110,29,170,6.4,19.4,13,35.1,39.9,5,18,14.3,12.1,3.9,2.9,4597638.9,11
110,30,125,9.9,14,2,20,31,3.1,15,13.9,12,3.1,1,3483147.6,4
110,31,921,51.9,74.7,40.1,183,226,27.8,104,81.8,75.6,29.8,26.3,2.33682616E7,22
110,32,1048,57.6,103.8,46.2,185.2,252,19.8,144,111.8,63.2,42.5,21.9,2.83734012E7,33
110,33,568,43.2,49.3,30.6,132.5,113.9,17.6,53.1,48,55.3,11.8,12.7,1.57078361E7,12
110,34,206,12,16.1,10,42,52.9,7.8,26.9,15.2,8,10.1,5,5824265.6,8
110,35,9,0,0.5,0.7,1.4,2.4,0,1.3,1.6,0.2,0.4,0.5,229689.7,3
110,36,638.5,34.1,71.3,35.9,127.2,148.1,25,59.6,59.9,46.2,9.1,22.1,1.67249565E7,18
110,37,297.5,5.9,26.8,18,65,66.9,7.4,37.1,33.9,12.5,9,15,8195568.9,12
110,38,435.5,17,34.5,14.5,73.7,98.1,9.1,44.9,75.1,41.4,18.1,9.1,1.16906772E7,14
110,39,2607.5,90,284.9,158.4,451.9,591.8,57.5,343.3,278,169.5,105,77.2,6.42169278E7,13
110,40,4140.5,215.2,397.6,231.5,700.2,870.9,88.4,537,545,287.4,167.2,100.1,9.97542485E7,18
110,41,217.5,7,18.1,13.9,25.1,49.9,3,31,33,14.5,14,8,6156618.6,11
110,42,2058.5,98.2,181.3,153.1,386.4,460.1,51.4,235.8,223,127.1,78,64.1,5.27545408E7,18
110,43,74.5,4.9,2.9,7.1,13,15,0,11,14.1,0.5,6,0,1862848.1,5
110,44,851,49,84.5,52,162.9,206.1,27.8,114,60.1,64.6,15,15,20431076,13
110,45,3,0.2,0.3,0.2,0.6,0.6,0.1,0.6,0.3,0.1,0,0,74857,2
110,46,296,18.8,26.1,12.9,68.1,63,10.9,26.1,24.1,30,8.1,7.9,7184697.6,5
110,47,15.5,0.7,1.6,1.6,2.4,3.1,0,3.4,0.5,1.2,0.3,0.7,438504.8,3
110,48,387.5,18.6,27.1,16.9,82.7,76.1,12.1,59,41.8,32,12.1,9.1,9987740.2,15
110,49,49,2.1,1.1,2.9,7,9.9,0,9,9.9,1,2.9,3.2,1341415.8,7
110,50,343,17.1,35.1,24,82.9,85,8.9,40,16,20.1,6.9,7,9084095.3,6
110,51,58,4,7,4,14.1,15,1,1.9,2,5,2,2,1433703.2,3
110,52,21,2,2.7,0.7,3.8,3.1,0.7,2.7,3.3,1.3,0.7,0,460230.6,3
110,53,886.5,52.9,83.1,47,183.9,191.9,22.4,108.1,93,62,17.1,25.1,2.28054643E7,17
110,54,99,5.6,16.1,4.7,18.1,23.6,2.9,7.6,9,11.4,0,0,2240870.8,3
110,55,4742,240.9,496.6,335.1,972.8,1036.1,106.8,523.1,432,304.4,187.1,107.1,1.030575854E8,18
110,56,167,5.1,12.6,11,22,39,4,28.9,31.9,9.5,2,1,4301439.5,4
110,57,83,3.8,8.4,0.9,12.4,24.9,0.9,13.3,8.4,3.8,2.6,3.6,2337077.5,6
110,58,340,17.1,37,10.6,63,71,7.6,49.1,26.6,34.7,8.2,15.1,8403408.8,11
110,59,14,0.8,1.4,1.3,2.9,1.8,0.5,1.8,1.6,1.9,0,0,367575,1
110,61,28,0,1,1,4,7.1,0,6,4.9,0,0,4,739368,7
110,62,59,3.7,0,0.9,12.4,4.4,2.1,15.7,16.6,0,0.8,2.4,1733496.8,8
110,64,6,0,0.6,0.2,0.9,0.7,0,2.1,0.6,0.2,0.7,0,176648.7,2
110,66,510,31.8,43.1,30.1,78,93,10.9,64.1,70.1,32,38.9,18,1.27476425E7,18
110,67,3163,128.9,292.1,123.6,532.8,593.9,74.5,500.1,468,189,179,81.1,7.55139656E7,14
110,68,2911,125.4,248.4,169.5,526.2,589.3,75.6,362.8,410,182.7,160.8,60.3,60046247,17
110,69,3267,150.9,296.6,210,575.8,649.4,79.1,478.1,428.1,228.1,124,46.9,6.68197415E7,11
110,70,1340,70,130.1,76.8,203.9,316.1,26,198.2,173.1,66.7,46.9,32.2,3.22547793E7,25
110,71,10,0.4,0.4,1.3,1.9,1.7,0.1,2.2,0.8,0.6,0.4,0.2,248365,3
110,72,11,0.7,1.1,0.7,2,2.2,0.2,1.4,1.1,0.9,0.5,0.2,211882,3
110,73,129,8.9,12.6,7.8,23.1,25,2.7,16.2,13.3,10.4,6.2,2.8,2484797.4,11
110,74,46,2,8.1,2,12,7,2,3,4.1,4,0.9,0.9,886494.1,5
110,75,1127.5,51.8,117.5,75.1,202,251.9,24,136.1,120,75.9,50.2,23,2.38340439E7,9
110,76,50,3.3,4.9,0,11.2,11.2,3.3,6.5,4,4,1.6,0,904989,7
110,77,1,0.1,0.1,0,0.2,0.2,0.1,0.1,0.1,0.1,0,0,18099.8,1
110,78,2,0.1,0.1,0.1,0.4,0.4,0,0.3,0.2,0.2,0.1,0.1,41640.3,1
110,79,92,6,4.9,3.8,17.7,18.4,2.9,13.7,7.8,9.9,3.1,3.8,1915455,9
110,80,137,3.1,10.9,8.1,19.9,28.1,2.9,34.1,14.9,4.9,4,6.1,2659864.7,7
110,81,59,3,6,2,13,16,1,5,4,3,4,2,1230696.1,2
110,82,110,2,11.5,7.9,14,35,2,7,15.1,5.5,7,3,2422762.1,3
110,83,252,17.8,33,10.9,48.2,56,4.7,34.4,24.2,15,6.9,0.9,5486095.7,13
110,84,324,23.9,31.5,10,81.7,46,8.2,36.1,42.1,28.4,7.9,8.2,6517386.5,8
110,85,115.5,7.3,7.5,2.7,25.1,21,3.6,5.6,13.7,18.8,5.7,4.5,2521012.7,8
110,86,139.5,9.9,11.9,7.1,29,22.1,8.5,10.9,15,12.8,9.2,3.1,2360588.8,11
110,87,408,20,54.5,23.7,79,93.9,8.9,46.1,33.8,29.9,11.2,7,7796197.8,16
110,88,707.5,35,55.1,55.1,124,143.1,18.9,78,95,49.4,47,6.9,13606211,5
110,89,258.5,17.5,24.1,13,48,51,2,43,28.1,18.9,12.9,0,4884895.2,14
110,90,87,2.1,8,4,8.9,26.1,0,9.8,15.1,1.9,5.1,6,2143732.3,8
110,91,141.5,10,13.9,11,28.8,29.1,4.4,19.2,6,9,10.1,0,2842318.5,9
110,92,68,1,15,5,8.9,19.1,0,11.1,5,2.9,0,0,1369367.7,6
110,93,709,39,75.1,43.1,133,129.1,18.8,81.8,73,59.9,41.1,15.1,1.32654426E7,17
110,94,50,0.9,3,3,5,9,0,16.1,8,2,2,1,1122760.3,6
110,95,30,1.2,1.9,3,4.1,3,0,4.1,9.7,0,3,0,539578.2,7
110,96,12,0.2,0,0.4,2.8,2.4,0.2,1.8,3.4,0,0.8,0,282738,6
110,97,178.5,5.1,12.5,11.1,36.9,40.2,1.8,26.9,17.9,12,12.2,1.9,3962562.8,15
110,98,193,11.1,20,12.9,40.9,39.1,2,22,14,14,10.1,6.9,3777672.1,9
110,99,21,1.3,0,1.3,4.4,2.6,1.3,5.7,2,2.4,0,0,423793.9,3
110,100,5,0.3,0.3,0.1,1.2,0.9,0.1,0.5,0.7,0.5,0.4,0,116081.3,1
110,101,17,0.9,0.9,0.3,4.1,3.3,0.3,1.8,2.3,1.7,1.4,0,394676.4,2
110,102,203,11,23.1,7.9,41,41,7.9,23.9,14.1,14,13,6.1,3921349.7,9
110,103,39,1,1,2.1,14,8,1,5,5,1.9,0,0,909724.2,2
110,105,697.5,37.4,75.5,36,146,153.9,21.4,74,64.2,50.1,17.2,21.8,1.31689923E7,11
110,106,26,1,5.1,2.6,5.1,9.1,0.5,0,0,1,0,1.6,510774,3
110,107,366,21.4,30.1,16.1,82,64.9,9.9,58,27,24.4,25.1,7.1,7992480.6,7
110,108,38,0,4,3,5,9.1,0,8,7,0.9,1,0,903250.8,5
110,109,668.5,35.9,54.6,46.2,125.7,122,17.4,82.2,73.9,44.4,60.2,6,1.41548404E7,19
110,110,101.5,3,8.1,6,12.9,22,1,33,11,0.5,3,1,2406521.1,8
110,111,176.5,5.9,14.1,10.9,27.1,39.7,4,25,35.1,6.4,2.2,6.1,4392925.8,8
110,112,1414.5,63.9,121.1,56.5,267.9,273.9,32.5,277,158.1,99.6,40,24,3.20986719E7,5
110,113,2227,87.8,208,118.6,358.8,473.8,41.5,313.1,299.1,143.9,122,60.4,5.03343924E7,15
110,114,8883.5,455,806,550.1,1715.1,1675.8,223.4,1079.8,1112.3,572.9,555,138.1,1.712135533E8,17
110,115,7751.5,467.5,792.8,499.6,1662.1,1401.9,254.9,820,778,663.6,305.1,106,134361380,16
110,116,1803,67,183.5,72.4,252,419.9,32.4,285.1,260,120.6,41,69.1,4.86502245E7,7
110,117,42.5,2,1,1.8,10.7,6.7,1,8.9,5.1,2.5,2.4,0.4,1025610.5,2
110,118,302.5,14,33.4,12,59.1,63.1,13,32.1,37.9,24.9,7,6,7776370.3,6
110,119,104,10,7,1,35,8.9,4,16,9,8,5.1,0,2764036.2,6
110,120,1996,87.9,144.7,108.6,356.2,417.9,42.3,317.3,246.1,107.2,127.1,40.7,4.61671626E7,20
110,121,1160.5,67.8,107.9,48,244,221.1,37.5,178,115,95,20.2,26,2.44222622E7,16
110,122,2788,144.6,263.3,168.1,492,557,72.2,356.1,354,190.4,149.3,41,5.44205334E7,14
110,123,9060,479.4,842,580,1747.1,1736,276.5,1058.2,1055.1,632.7,524,129,1.625688919E8,13
110,124,5274.5,287.7,481.5,352,1054.9,1059,167.4,622.9,550.1,373.1,247,78.9,9.13319721E7,13
110,125,2618.5,150,257.4,162.1,553.9,501.7,91.4,322,252,198,84,46,4.77998001E7,18
110,126,1740,119,176,101,376.8,353.9,56.8,196,126.3,140,66.1,28.1,3.08939365E7,18
110,127,964,49.6,80.5,49.7,187.2,164.5,24.5,148.7,134.1,66.1,43,16.1,1.96999909E7,43
111,0,125,5.8,15,2,28.3,23,5,12,8,18.9,1,6,2663446.2,9
111,1,404.5,11.5,43.8,28,75,101.8,8.6,57.1,32,33.4,10.2,3.1,9175694.1,18
111,2,92,4,9.9,4.1,18,21.9,0.9,18.8,7.1,5,0,2.3,2021293.7,10
111,3,686,29,94.4,24.5,114,154.9,17,92.9,69,58.1,12,20.2,15614355,13
111,4,128,10,16.4,4,22,29.9,4.2,14,7.1,13.4,5,2,2946656.6,8
111,5,2718,138.1,297.4,153.6,446.9,568.1,57.3,296,332,242.4,131.1,55.1,54872920,17
111,6,139,8.9,15,5,26.1,35,1.4,15,10.9,12.6,4,5.1,3340022.3,8
111,7,91,3,9.4,6,14.2,19.1,0.9,17.2,12.9,4.2,3.5,0.6,2255879.9,5
111,8,381.5,24,46.2,12,68,73,14.4,39.2,44.9,34.9,17,7.9,8813412.7,8
111,9,174,1.8,15,8,16.1,44.1,4.9,30.1,34,11.1,5,3.9,4667405.1,10
111,10,4,0.2,0.4,0,1,1,0,0.8,0,0.2,0.4,0,90408.2,2
111,11,211.5,19.5,11.5,8,40.7,47.8,9.3,29.6,18.1,14.3,6.6,6.1,4767175.4,11
111,12,81,6,9,2.9,16,18.9,7.1,5,2.1,9.8,3.2,1,1757121.6,5
111,13,411.5,13.6,38.4,23,73,108.2,9.5,60,38.1,26.4,13.1,8.2,9540901.3,17
111,14,179,9.8,16.9,5.9,37.2,46.9,3,22.1,17,10.8,3.2,6.2,4176359.9,10
111,15,10,0.2,0.8,0.2,2.5,1,0,2,1.4,1,0.9,0,272692.4,4
111,16,46,1.9,5.8,2.1,11.9,8.1,0.5,4.2,5.9,3.5,2.1,0,1330225.6,8
111,17,4347.5,294.4,476.4,288,809.2,795.9,164,450.9,431.9,349.6,196.1,91.1,8.03603981E7,9
111,18,148.5,8.7,17,8.9,27.9,25.9,8,12,9.9,15.2,6.1,8.9,2833536.6,5
111,19,44.5,4.1,2.6,1.9,10,11.1,1.9,3,0,1.9,4.9,3.1,1045998.7,6
111,20,276,11.1,20.2,13.6,46.7,70,12.1,37.1,34.8,18,6.4,6,6487340.9,8
111,21,683,43.2,60.5,35.1,150,172.1,16.9,62,60.9,46.6,20.9,14.8,1.63377206E7,14
111,22,17.5,0,1,0.7,3.4,4.1,0,4.6,1.9,0,0.7,1.1,544429.1,5
111,23,6,0,0.3,0.2,1.1,1.4,0,1.6,0.7,0,0.2,0.5,186661.4,1
111,24,13,1.2,0.4,0.9,2.7,3,0.5,1.4,1,1.2,0.3,0.4,333130.7,2
111,25,512.5,17.1,63.4,22,71.8,147.9,10.2,54,48.9,39.9,16,21.3,1.33669198E7,14
111,26,27,0,4,0,3,8,1,6,2,2,0,1,732001.1,0
111,27,1157.5,48.2,122,70.7,196.9,286.2,31.4,132.9,101.1,90.1,30,48,2.75576181E7,15
111,29,33,3.1,3.2,3.2,3.9,9.5,2.3,4,2.3,1.5,0,0,783628.3,2
111,30,243.5,12,32.1,7.3,46.1,63,10.9,24,16,19.9,3,9.2,6143968.7,11
111,31,2835.5,144.9,298.3,161.3,550.9,644.3,89.6,299.9,235.1,223.2,121.1,66.9,6.61479754E7,29
111,32,1541,59.7,174.6,83.4,271.1,375.8,38.8,192.9,132.9,113.5,52,46.3,38230712,33
111,33,11,0.7,0.7,1.2,2.5,2.2,0.2,2,0,0.9,0.2,0.4,330788.7,3
111,34,767,44,79.6,37,146.9,176,16,93,80.8,49.4,28.1,16.2,2.05224709E7,12
111,35,41,0,2.2,3.3,6.4,10.8,0,5.9,7.4,0.8,1.8,2.4,1046364.2,9
111,36,24,0.8,4.6,0,3.2,5.2,0.2,3.4,2.6,2.6,0.4,1,596962.6,6
111,37,40,1.3,7.6,0,5.1,8.8,0.5,5.6,4.3,4.3,0.7,1.8,994937.8,5
111,38,371,21.9,29.5,21.3,68.1,75,12.3,51,49.1,26.9,7.8,8.1,9541969.3,11
111,39,486.5,22.1,45.3,29.9,79,116,10.6,57,56.2,31.4,19.9,19.1,1.26131885E7,11
111,40,170,7,13.4,10.2,44.9,25.9,6,33.9,6,13.5,4,5.2,4098831.9,5
111,41,185.5,6,17.5,11.8,21.9,35.9,3.1,28.2,38,10.1,2.9,10.1,6174224.4,10
111,42,1661.5,87.3,155.5,91.8,285.3,375.9,45.9,230.3,192,116.3,33.2,48,4.28413049E7,19
111,43,117,8.8,16.8,8.1,18.1,27.1,4.1,14.6,8.3,7.1,1.1,2.9,2556722.6,11
111,44,230.5,10.9,25.1,19.9,40.2,49.4,4.1,37.5,23.6,10.8,4,5,5749304.9,6
111,46,295,20.2,24.5,17.3,74.6,61.9,14.3,30.6,13.5,31,2.7,4.4,7476050.1,10
111,48,861,49.8,71.1,34.3,184.9,170.9,29.9,98,91.9,75.2,27.9,27.1,1.98573345E7,13
111,50,66,2,8,3,4,18,2,10,10,6,1,2,1688368.7,2
111,51,753.5,44.3,98.4,44.8,161,186.3,17.5,83.2,34,58.8,10.1,15.1,1.82222859E7,14
111,52,11,1,1.4,0.3,2.1,1.7,0.3,1.4,1.7,0.7,0.4,0,241073.2,1
111,54,4,0.3,0.7,0.2,0.8,1.1,0.1,0.3,0,0.5,0,0,90629,1
111,55,1,0.1,0.2,0,0.2,0.3,0,0.1,0,0.1,0,0,22657.3,1
111,56,346,14,40,22,56.1,90.1,8,41.9,36,18.9,8,11,8679719.4,6
111,57,5,0.1,0.7,0.1,0.5,1.1,0,0.8,0.8,0.1,0.4,0.4,125073.1,2
111,58,849,40.9,76.9,44.5,158,210,33.8,118.1,63,61.8,24.9,17.1,21350676,22
111,59,459.5,22,43.5,18.2,85,87.9,20.1,58,61.9,35.1,19.9,7.9,1.02572109E7,9
111,60,36,0.9,2.9,2,3.9,8,2,6.1,2,6,1.1,1.1,972971.1,4
111,61,191.5,1.9,10.3,10,24.8,30.9,4.1,46,34.1,11,10.2,8.2,6190665.1,11
111,62,5,0.2,0,0,1.2,1.2,0,0.3,1.3,0,0.3,0.5,123876.5,1
111,63,1,0,0,0,0.2,0.2,0,0.1,0.3,0,0.1,0.1,24775.3,1
111,64,34.5,2,2.1,0.1,5,4.7,0,9.2,5.6,4.1,1.7,0,1072364.1,2
111,65,21,0,2,0.7,3.2,2.4,0,7.6,2,0.6,2.5,0,618270.6,5
111,66,237,3,21.9,10.7,20.1,52,0.9,45.2,33.3,10.9,17.1,21.9,8330418.3,13
111,67,159,6.9,20.9,8,24,35.9,4,20,17,8.1,8.1,6.1,4394016.6,4
111,68,1343,43.9,108.9,51.8,206.1,304.2,25.5,173,220,71.5,102,36.1,3.21322684E7,14
111,69,2294,100.3,149.7,111.5,369.2,432,57.4,355.9,365.5,117.9,192.6,42,5.10605875E7,22
111,70,1383,72.8,142.4,71.8,243.8,285.1,53.3,162.1,159,117.5,52.4,22.8,29444179,16
111,71,101,4.5,4.5,10.6,20.1,23.3,3.8,16.9,6.3,5.5,3.7,1.8,2423404.3,7
111,72,5,0.4,0.5,0.3,0.9,1,0.1,0.6,0.5,0.4,0.2,0.1,96310,1
111,73,349,13,36.8,28,53.2,94.3,8.2,34.7,27.8,28.8,19.1,5.1,7845794.2,17
111,74,282.5,24.5,30.9,18.2,47,64,3.9,42.1,23,12.9,8.9,7.1,6077919.6,10
111,75,339.5,19.9,27,29.1,64.8,55.1,7.8,57.2,36.2,24.4,14.1,3.9,7031445.4,20
111,76,4,0.3,0.4,0,0.9,0.9,0.3,0.5,0.3,0.3,0.1,0,72399.1,1
111,77,7,0.4,0.7,0,1.6,1.6,0.4,0.9,0.6,0.6,0.2,0,126698.5,1
111,78,77.5,3,7,3.9,15,8.1,1.1,13,16,4.5,5.9,0,1682217.6,4
111,79,235,18.1,24.7,14.8,48,47.1,5.8,26,23,18.5,5.9,3.1,4864497.1,13
111,80,228,12.7,26.9,12,36.9,49.1,4.9,28,27.9,15.4,12.2,2,4866714.5,9
111,81,276,6.9,28.4,17.5,51,61,11.4,34.9,29,20.6,11.1,4.2,5899396.8,13
111,82,77.5,5.5,6.1,2.9,11.9,17,2.1,13,7.9,7.9,3.2,0,1709269.3,7
111,83,413,20.9,32.1,21.9,82.1,73.1,8.9,65,51.1,29.8,21,7.1,8408355.6,20
111,84,12,0.7,0.8,0.2,2.9,2.2,0.4,0.5,1.3,2,0.5,0.5,268064.8,3
111,85,300.5,7.9,35.5,17.1,37.8,74.1,8.8,31,42.1,19.9,22.2,4.1,6258564.6,11
111,86,71,2.9,6.9,2.9,13.2,16.1,1.9,7.1,6.1,10,3.9,0,1496210.6,6
111,87,216,14.1,19.9,18.8,32.8,39,4.8,30,25,16.3,9,6.3,4312163.8,18
111,88,74,1.7,8.4,5.7,16,14.1,1.7,5.7,12.3,6.4,2,0,1362669.5,7
111,89,5,0.1,0.6,0.4,1.1,1,0.1,0.4,0.8,0.4,0.1,0,92072.3,1
111,90,164,9.9,11,9.9,33.1,32.1,2.1,25,15.9,15,8,2,3660212.6,8
111,91,154,6,15.8,9.1,40,24.9,5,20.1,14,12.1,6,1,3119168.3,5
111,92,294,22.1,19.9,28,59.9,56.9,10,29.1,30,24.9,10.1,3.1,5487191.6,9
111,93,170.5,11.5,22,9.1,35,44,7,11.9,10,12.1,4,3.9,3047737,4
111,94,78,4.9,2,8.2,14.1,9.8,1,14.1,9.9,7.9,5.1,1,1436241.3,8
111,95,184,8.7,18,9.1,33,37.3,4.8,24.7,33.2,8,3.1,4.1,3978172.4,15
111,96,153,10.1,18.2,7,23.9,36.9,3,15.9,17.9,13.1,2,5,3432883.4,11
111,97,73,1.7,0,1.7,18.3,12.3,2.7,13.2,14.8,2,6.3,0,1531954.7,5
111,98,12,0.7,0,0.7,2.6,1.5,0.7,3.3,1,1.5,0,0,242167.9,2
111,99,389,24.6,37,25.9,76.3,80,11,46.1,33.8,22,24,8.3,7827939,21
111,100,75,2.9,4.9,2.6,19.7,13.8,5.6,5.7,6,10.6,3.2,0,1605689.1,6
111,101,122,9.1,5.9,1.9,28.1,17,1.8,14.1,17,8,16.2,2.9,2572371.5,7
111,102,112.5,5.8,10.2,11.8,15.2,33.1,2,16,6.8,5.4,4,2.2,2453824.4,5
111,103,134.5,4,11,8,22,23.9,2.1,22,20,4.4,8,9.1,2764461.5,8
111,104,339,10.8,30,15.1,49,89.2,6,49.9,40.1,20.1,23.9,4.9,7148709.8,10
111,105,628,27,65.1,38,100,145.8,11.9,74.3,65.1,47.8,34,19,1.29955519E7,17
111,106,160,10.1,12.1,9.9,22.1,36,5,30,16.8,8,5.9,4.1,3008106.8,7
111,107,86,1.9,11.9,3.3,22,17.8,2.5,6,5.1,10,4,1.5,1809879.2,5
111,108,514,23,44.9,27,94,110.1,10.9,74,53,37.1,26.9,13.1,1.10190053E7,17
111,109,62,4,9.1,7,10,17,1,3,4.9,1,2,3,1249394.7,3
111,110,529,23.3,63.1,26.1,99.9,123,15.5,46.8,58.9,41.6,14.8,16,1.15105354E7,13
111,111,543,37,53,32.1,128.1,111,12.8,48.7,50.1,40,23.1,7.1,1.20363804E7,11
111,112,1475,56,130,112.1,284.9,334,24.6,209,153,97.5,43,30.9,3.16285008E7,5
111,113,12670.5,620.9,1164,840.5,2290.9,2426,320.5,1522,1765,809.5,669.1,242.1,2.493132479E8,10
111,114,16937.5,712.9,1248,1350.5,3938,3199.9,323.5,1976,1964.1,883.6,959,382,3.681360741E8,9
111,115,5043,189,385.6,260.4,915.7,955,122.5,785,718.9,285.5,300.1,125.3,1.187091081E8,17
111,116,780,31.3,87.3,44.4,121.1,191.2,21.5,97.9,72.1,78.2,18,17,2.05853741E7,19
111,117,16,0,0,1.1,2.3,2.3,0,5.1,4,0,0.6,0.6,463391.3,3
111,118,1196.5,55.8,93.9,49,177,250.1,22.1,198.1,173.1,54.3,78.1,45,3.07286089E7,15
111,119,122,7,8,6,28.1,25.9,2.9,11,13.1,7,8,5,2440775.5,6
111,120,3086.5,110.8,283.3,185,488.9,693,61.5,470.3,372.9,184.5,160.2,76.1,6.67637356E7,19
111,121,6942.5,401.8,670.5,475,1324.1,1281.9,224,827,742.2,510.9,371.1,114,1.182380683E8,14
111,122,6309,357.5,619,427.8,1259,1119.9,199.3,841,660,466.3,272.1,87.1,1.033228363E8,16
111,123,7562,470.7,782.1,559.4,1546,1405,301,850,590,617.7,343.1,97,1.173110697E8,10
111,124,2464,157,246.5,208.7,568.2,429,76,224.9,182.9,223.8,110.1,36.9,3.89987057E7,17
111,125,4952,273.4,518.5,328,947.5,964,155.1,600.1,506,369.5,212.8,77.1,9.29555442E7,20
111,126,1857.5,108.3,172.5,147,396.2,385,62.3,202.1,164.1,138.9,42.2,38.9,3.76170574E7,16
111,127,1700,77.3,160.9,88,323.1,357.9,46.2,231.1,202.6,105.2,67.2,40.5,3.62116943E7,43
112,0,68,3,3,0,18.9,12,2.2,13.8,9.1,6,0,0,1660519.2,8
112,1,46,2.1,9.1,0,8.1,10,0.9,4.9,4.9,4.9,0,1.1,971806.1,5
112,2,84,1.9,12.1,6.2,7.9,28,2.9,14,5.9,3.1,0,2,1938740.8,10
112,3,16,0,0.8,1,3,1.4,0,4.2,1.8,0.6,3.2,0,338573.7,5
112,4,1789.5,79,192,85.5,284.8,422.9,46.5,252.1,191.2,115.3,81.2,39,4.00725344E7,20
112,5,321.5,11.3,52.8,23.4,41.8,84.8,7.9,29.9,24,24.4,14.1,7.1,6886483.2,19
112,6,787.5,43.8,86.7,38,146.6,171.1,32.1,78,92,56,31.1,12.1,1.65987222E7,22
112,8,160,2,19,4,16.9,50.9,5,23.1,22,7.1,8,2,3729075.6,6
112,9,73,2.9,9,3.1,16.1,14.8,1.7,3.3,10.9,4.1,7.1,0,1737679.8,9
112,10,21,0.8,0,0.8,8.1,1.6,0.8,3.2,4.1,1.6,0,0,497415.7,1
112,11,758.5,28.5,87.7,30.9,125.1,168.1,27.4,94,81.8,52,35,28,1.76650611E7,13
112,12,326,18,29.9,16,64.2,60.9,6,51.1,32,22.8,19.1,6,8005612.7,10
112,15,15,0.6,0.7,0,1.8,5,0,4.4,1.8,0.7,0,0,418360.6,6
112,16,51.5,2.4,1.5,2.4,8.2,14.3,1.4,9,8.7,1.1,1.4,1.1,1418245.8,9
112,17,382,23.6,34,24.6,75.9,89.1,13.3,29,38.1,34.4,12,8,9130442.1,10
112,18,25,0.6,1,2.8,3.9,5.6,0,3.4,2.8,1.6,1.1,2.2,587192.6,3
112,19,17,0.3,0.8,1.9,2.6,3.8,0,2.3,1.9,1.1,0.8,1.5,399290.9,4
112,20,12,0.7,0.7,0.9,2.6,2.7,0,2.4,1.3,0.3,0,0.4,348465.1,2
112,21,1,0.1,0.1,0.1,0.2,0.2,0,0.2,0.1,0,0,0,29038.8,1
112,22,90.5,4.1,6.9,7.6,17.1,13.1,0,27,4.6,3.7,4.6,1.8,2463258.7,4
112,23,5,0.4,0.2,0.5,0.9,0.9,0,1,0.4,0.2,0.4,0.1,124763.4,2
112,24,11,0.3,2.5,1.1,0.9,3.3,0.2,0.8,0.8,0.3,0.2,0.6,297641.3,3
112,25,45,1.5,10.3,4.5,3.8,14,0.6,3,3,1.5,0.7,2.1,1217623.5,5
112,26,564.5,24.9,67.9,34.6,96.1,152.8,7,69,45.2,41.9,8.9,16.2,1.47409237E7,17
112,27,329,19.6,34.9,15.2,50,81.9,7,35.7,41.8,19.7,13.2,10,8728578.1,25
112,28,157.5,8.5,13.9,13,19.3,38.3,0.9,26.2,22.8,6.3,4.1,4.2,4543811.2,24
112,29,775,28.6,76.1,31.9,136.5,180.2,17.5,104.3,94.1,65.1,25.8,14.9,2.12918151E7,56
112,30,1442.5,58.6,155.1,99.5,215,349.2,34.9,167.1,154.1,102.6,64.1,42.3,3.63449787E7,30
112,31,540,34.7,60.4,30.1,94.9,135.8,15.1,53.3,51.3,35,17.3,12.1,1.29806527E7,34
112,32,1602,94.6,170.4,97.3,289.9,396.3,61,158.1,126,122.3,42.9,43.2,3.82275811E7,31
112,33,60,1.1,7,6,4.9,15,1.1,9.2,7.9,2.8,3.9,1.1,1478604,8
112,35,174,5,16.6,7.7,27,32.8,3.9,26,15.9,20.1,13,6,4209108.9,14
112,36,29,0.8,2.7,1,4.5,8.2,0.8,5.5,2.7,1,0,1.8,738660,4
112,37,3,0.1,0.3,0.1,0.5,0.8,0.1,0.5,0.3,0.1,0,0.2,76413.1,1
112,38,11,0.3,0.8,1.7,1.7,3.8,0,0.5,0.5,0,0.8,0.9,319829.2,4
112,39,456,17.9,33.5,24.7,76.8,102,11.6,81,50.9,18.1,26.2,13.3,1.19131489E7,14
112,40,110,8.7,7.9,4.1,23.8,18.6,5.8,9.8,13.7,6.9,7.7,3,2618566.5,11
112,41,2,0.2,0.2,0,0.4,0.2,0.2,0.2,0.3,0,0.3,0,47813.2,1
112,42,913,49.4,101.1,48.1,166.2,208.7,28.9,107.8,80.1,65.5,29.2,28,2.16004632E7,15
112,44,80,2.9,8.9,4.1,15,19.1,5.1,6.9,6.9,5,2,4.1,2079636.2,5
112,45,168,11,14.5,12,34,45,6,9,20,8.5,5,3,3606094.8,4
112,47,397,35,39.9,25.5,96.1,69,17.9,43,25,31.5,7,7.1,8990801,8
112,48,37,3,3,2,9,11,1,1,1,4,2,0,825371.9,2
112,49,102,8,17,1,27,20,5,10,4,9,1,0,2261204.2,4
112,50,155,8.9,19,3,27,37,3,10.2,20,11.9,12.1,2.9,4077521.3,8
112,51,218.5,8,27.5,7,41,46,5,23,31,18,6,6,5324781.6,2
112,52,325,17.1,45.1,13.1,64.3,82.9,12.7,25,19.1,38,2.8,4.9,8320022.1,7
112,53,359,19,42.5,32,73,89,18.5,33,17,23,4,8,8479964.3,2
112,54,213.5,6,15.5,10.4,35.9,46.9,7.5,45.2,27.9,12,1.1,5.1,5145210.5,5
112,55,128.5,5.9,11.4,5,28,26.1,5,18.9,13.1,8,4,3.1,3429111.5,4
112,56,63,5.6,2,3,18,11.1,1.9,7,9,4.5,0,0.9,1503614.2,4
112,57,187,4,30.5,2,22.1,54.1,5,18.9,25,12.5,8.1,4.8,4623158.4,12
112,58,169.5,7.4,14.5,8.9,35.8,41.9,0.9,34.3,13.8,6,5.3,0.7,4545277.4,14
112,59,19,0.4,0.4,0.8,4.2,5,0,3.8,2.1,0,1.8,0.5,567703.3,5
112,60,343.5,23.9,35.3,17.8,75,71.6,10.5,35.2,23.6,22.3,17.3,11,7906919.3,11
112,61,16,0.9,1.6,1,3.2,3.3,0.5,2.8,1.2,0.6,0.6,0.3,351434.3,4
112,63,3,0.1,0.2,0.3,0.3,0.7,0.1,0.5,0.3,0.2,0.1,0.2,83518.1,1
112,64,627,25.3,62,25,95.2,137.4,11.9,80.5,84.9,46.7,24.8,33.3,1.82063948E7,17
112,65,729.5,31.4,85.5,21,103,185,13.4,105.2,78.9,43,24.1,39,19425186,13
112,66,21,0.7,2.8,1.4,2.5,5.7,0.3,1.4,3.3,0.4,0.7,1.8,505010,4
112,69,38,0,3.5,0.8,5.1,7.1,0,7.1,11.9,1.6,0.9,0,897026.6,5
112,70,1894.5,75.6,169.2,130.2,348,378.3,39.2,210.9,247,128,129.1,39,3.87187799E7,19
112,71,2212.5,92,232,195.4,327,546.9,45.1,253.1,255.9,138.1,72.9,54.1,4.45725677E7,12
112,72,74,1.9,4,4,8,25.9,1,11.9,7.1,5.1,1.1,4,1864274.8,7
112,73,546,26.4,56.8,28.1,111.2,109.7,11.9,77,52.2,47.6,21.1,4,1.19215063E7,28
112,74,169,10.1,10.1,10.9,27.5,38.1,3.1,24.7,18.6,18,5.8,2.1,3611181.6,12
112,75,176,5,25,8.1,35,34,5,20.1,25.9,12.9,3,2,3472349.4,9
112,76,421.5,15.9,57.4,18.1,69.9,101,8.9,35.9,62,29,14.1,9.3,8577245.6,16
112,77,292.5,16.9,18.9,13,58.9,53.9,8.9,42,35.2,24.6,15,5.2,6624677.7,16
112,79,35,1.9,4,2.6,7,8,0,2.1,4,2.4,3,0,785219,4
112,80,4,0.2,0.4,0.1,0.5,1.2,0.3,0.5,0.2,0.4,0,0.2,95530.2,1
112,81,157,14,12,9,31.1,29,3.8,17,21.1,8.9,8.1,3,3122206.6,10
112,82,66,1,5.9,1,18.2,10,2.9,10.1,5.9,4,7,0,1353771.7,7
112,83,165,4.9,19.1,7,28.1,42.1,4,20.9,23,9,4.9,2,3410791.5,8
112,84,49.5,0.9,2,4,11.1,11.1,4.6,7.9,2.9,4,1,0,1023587.4,5
112,85,28,1.5,4.1,6,2.9,5,0.5,4.1,1,0.9,1,1,638138.5,5
112,86,63.5,2,3.9,2,8.8,13.1,0.5,11.1,14.1,4,1.9,2.1,1447240.3,11
112,87,363,13.8,32.4,24,66,77,8.4,41.2,47.9,31.5,15.8,5,7296583.7,16
112,88,324.5,15,33.5,29.9,66.1,49.9,14,38.1,40,24,12,2,6218282.9,5
112,89,242,17.9,24,12.9,57.1,36.8,10.9,24.3,19.2,22,12.9,4,4224176.9,21
112,90,28,1.8,2.3,2.8,3.5,7,0.4,0.8,4.2,4.2,0.5,0.5,601048.8,3
112,91,157,5,11.8,12,28.1,26,1,31,22.9,6.9,11.1,1.2,3476886.2,9
112,93,292,13,26.2,18.1,48.9,70,4.7,41,40.1,12,13,5,5943940.6,13
112,94,5,0.4,0.2,0.1,1.1,0.9,0.2,0.7,0.5,0.7,0.2,0,105568.6,1
112,95,223.5,13.2,27.7,5,42.3,51,4.1,33.3,23.3,16.9,4.7,2,4359881.4,19
112,97,192.5,6,6.2,7.1,35.5,33.8,4.5,40.8,39.7,4,12.8,2.1,4267669.9,13
112,98,25,4.5,2.2,1.4,9.5,3,0,0.7,0.7,3,0,0,504339.1,3
112,99,62,5.5,6.8,4.4,10.4,9.2,0,7.3,12.4,2.1,3.9,0,1319691.4,6
112,101,103,6.9,4.9,5.1,19,21,3.1,15,16,4,3,5,2269265.4,7
112,102,65,1.6,4.2,3.3,10,15,2.5,7.5,11.7,5,2.6,1.6,1320617.4,5
112,103,804.5,31,76,56,116.7,165,16.9,132.1,86,46.5,59.2,19.1,15444781,13
112,104,243,9.5,17.5,12,30.9,52.1,4.6,44.9,40,8.5,17,6,5199393.8,18
112,105,224.5,15.9,20.4,14.6,49.9,44,6.1,21.9,18.1,13.6,14.1,5.9,4524386.4,7
112,106,93,6,6,7.8,11.9,16.1,2,22,11.9,3.1,3.1,3.1,2113857.7,7
112,107,406,16,31.1,20.9,90,68.8,10,54,49,34,28.1,4.1,8506156.2,10
112,109,371.5,33,21.6,13,108.8,50,11.1,54.9,26.7,35.1,8.2,9.1,7779463.8,9
112,110,565.5,37.4,49.5,31.9,111,112.1,11.1,86,53,36.6,15.9,21,1.31187431E7,13
112,111,295.5,14,19,10.9,52,54,9.9,66.1,40.1,16.5,11,2,6983341.4,13
112,112,749.5,44.9,59.4,34,145,149.8,14.1,121,91.9,42,27.2,20.2,1.93470891E7,17
112,113,2036.5,117.1,181.4,129.1,408.9,422.2,61,246.9,189,124.6,118.2,38.1,4.04683535E7,18
112,114,4272,171,316.9,417.1,1009.1,870.8,86.3,485.3,418.9,206.3,186,104.3,88523887,19
112,115,6310,300.4,560,392.5,1172,1265.5,146.5,810,960.1,407,215,81,1.176539658E8,8
112,116,639,24,36,19.1,116.8,139.9,18,77.8,115.1,29,28.1,35.2,15651257,12
112,117,230.5,10.1,24.6,13.9,43.1,55,4.9,14,31.1,20.9,7,5.9,5588291.5,4
112,118,1436.5,46.9,121.7,58.5,215.9,304.2,32.3,216.9,266,74,71,29.1,3.47980434E7,19
112,119,558,17.8,51,37.9,93,116.1,11,108,53.9,31.1,29,9.2,1.25317878E7,7
112,120,809,32.7,70.4,38.2,134,144.3,16.4,125,139.9,41.1,43.1,23.9,2.00907671E7,14
112,121,8989,465.4,767.6,604.6,1677,1671,253.4,1173.9,1055,573.9,572.1,175.1,1.627671277E8,14
112,122,10343.5,535.9,1037.6,745.9,1878.9,1972,273.9,1441.1,1141.1,727.1,401.9,188.1,1.750119508E8,16
112,123,1770,88.9,150.5,125.9,333,377,42.8,239.9,191.2,107.5,71.1,42.2,3.47437327E7,23
112,124,98.5,9.2,5.6,6.4,19.8,17.5,2.7,10.5,13.7,6,5,2.1,2083631.2,6
112,125,13,1.9,1.3,1.5,2.1,1.6,0.2,1.6,1.3,0.4,1.1,0,200601.5,3
112,126,1742,98,169,116.1,337,357.9,59.4,216.1,166,114.4,75,33.1,3.09727971E7,8
112,127,1624,85.1,151.1,77.1,301.1,340.8,48.6,235,170.6,121.4,53,40.2,3.32930497E7,23
113,0,123,7.8,8,10.1,23.9,24.1,6,11.1,13,13,5,1,2494537,8
113,1,153.5,9.6,10.9,5.9,23.9,37.1,4.6,19.9,28.1,7.4,4,2.1,3239586.7,10
113,2,18,0,1.1,1.1,3.2,1.6,0,4.7,2,0.7,3.6,0,380895.5,5
113,3,237,13.4,29.4,15.9,38,59,6,27,19.2,19,6,4.1,4853993,5
113,4,1487,72.9,159.8,77.3,253.8,337,42.5,178.1,153.2,113.4,78.9,20.1,3.17312904E7,26
113,5,74,1.8,10.1,2,15,23,2.1,9,7,4,0,0,1487270.7,13
113,6,370,13.7,31.7,23,50,84.5,10.8,47.4,72.5,27,2.1,7.3,8458229.5,17
113,7,6,0.3,0.6,0.5,1,1.4,0.4,0.5,0.5,0.8,0,0,97405.1,1
113,8,118.5,2.7,14.4,3.3,17,29,6,25.2,11.2,4.7,3,2,2812768,19
113,9,708.5,37,58.5,32,124.9,159,18.5,89.1,97.9,46.6,36,9,1.64697425E7,7
113,10,230,14,25.5,12.4,43.9,50,7.9,27.1,18.2,14.9,9,7.1,5300510.4,10
113,11,5,0.1,0,0.2,1.9,0.4,0.2,0.8,1,0.4,0,0,118432.3,2
113,12,430,16.8,57.9,22.6,73,104.1,10.4,39.3,43,40.1,12.9,9.9,9965639.7,15
113,13,154,4.7,19.9,7,19.2,46,3.8,20.2,13.1,9.1,9.1,1.9,4078522.3,15
113,14,36.5,0.9,4.5,3,4,10,0,6,6,1,0,1.1,1099416,2
113,15,9,0.3,0.4,0,1.1,3,0,2.7,1.1,0.4,0,0,251016.4,3
113,16,16,1.6,0.8,1.6,2.8,3.6,0.3,2.1,2.4,0,0.8,0,492264.3,2
113,17,321.5,10.9,41.1,19.8,54,80.1,10.2,35.2,32.9,25.4,3,8.9,7765050.6,9
113,18,3,0.1,0.1,0.3,0.5,0.7,0,0.4,0.3,0.2,0.1,0.3,70463.1,1
113,19,601.5,18.9,60,28.9,99.9,135.9,14.1,81.1,75.2,37.6,36.9,13,1.43060641E7,17
113,20,46,1,4.9,0,6,9.1,2,6,4.9,4.1,1,7,1105335.6,6
113,21,23,1.2,1.2,1.9,5.1,5.1,0,4.5,2.6,0.7,0,0.7,667891.3,2
113,22,505,19.7,54.5,27,87.1,120.9,14.5,58,63,35.3,7.1,17.9,1.19632526E7,13
113,23,175.5,12.9,13,8.9,34.1,43.9,3,19.1,15.2,16.5,3.9,5,4788297.8,6
113,24,180,4,22.8,13.1,17.1,52.1,6,23.9,13,13.1,10.1,4.8,4245670.8,6
113,25,5,0.2,1.1,0.5,0.4,1.6,0.1,0.3,0.3,0.2,0.1,0.2,135291.5,1
113,26,4,0.3,0.3,0.4,0.5,0.9,0,0.7,0.5,0,0.1,0.3,115076.3,2
113,27,88,3.8,7.6,5.6,14.3,21.2,0,14.5,10.3,3,4.9,2.8,2427522.2,10
113,28,947,46.1,93,49.6,150,222.8,34.5,109.1,136.5,51.3,21.1,33,2.23634227E7,31
113,29,173,4.6,18.5,9.6,24,55,2.9,22,19.1,9.1,5,3.2,4395793.3,9
113,30,63,1,9.9,5,10,17,1,8,4.1,5,1,1,1448660.3,4
113,31,279.5,8.9,25.1,17,46.1,57.1,7,33,39,13.3,24.9,8.1,6621938.1,14
113,32,3238,155.2,372.4,197.4,583.2,703,106.6,387.1,332.1,237.8,100.1,63.1,7.54558709E7,28
113,33,95.5,5,10.5,3,12,24.1,2,7.9,18,7.9,1,4.1,2354153.4,7
113,34,58,3.9,5,3,6.9,13.1,1,11.9,10.3,1.9,0,1,1253732.6,11
113,35,35,4,4,5,6,7,0.9,3,3,1,0,1.1,871275.5,5
113,36,354.5,14,44.5,12.9,66.9,100.2,6.9,24,33,33,8.1,11,8785067.7,11
113,37,26,4.1,1,1,10.1,2.9,0,5,0,1.9,0,0,749896.9,4
113,38,15,0.4,1.2,2.4,2.5,5.1,0,0.5,0.5,0,1.2,1.2,436130.7,6
113,39,1688,91.1,156.9,83.6,314.9,368.1,49.9,206.4,174,142.2,61.8,39.1,4.28512767E7,22
113,40,499,23.4,50.1,28.2,86.9,106.9,8.1,77,52.9,31.3,21.2,13,1.30126772E7,14
113,41,1063,56.9,139.5,54.5,186,197,36.9,107.1,72,99,22,92.1,2.05758592E7,10
113,42,403,21.9,35,37,66,98.8,13.1,55.1,32,25.9,12.1,6.1,9393851.3,8
113,43,4004.5,256.2,378.1,249.8,788,748,148.3,451,478.9,312.9,132.2,61.1,7.74602028E7,19
113,44,335,18,38,25,70,82,9,26,27,26,7,7,7303280.4,3
113,46,278,18.1,26.1,18.1,49,62,12,33.9,27.9,26,3.9,1,6469524.6,5
113,47,187,8,24.1,16.1,25,50,6,20,17.9,11.8,4.1,4,4529741.8,7
113,49,225.5,7,24.1,10,48,48.8,7.1,38,18.1,14.4,4,6,5460909.5,10
113,50,147.5,2.9,22.7,6.9,13.2,45.9,1,17,12.1,7,6.9,11.9,3301450.7,8
113,51,116.5,6.5,11,3,21.9,25,3,19.1,15,5,3,4,2901772.7,4
113,52,184,4.9,18,12.9,25.1,49.1,4,32.1,18.9,7,8,4,4761654.6,10
113,54,35,1,1,4,6,14,2,4,0,2,1,0,1104608,4
113,55,957.5,60.7,89.6,63,189.8,187.9,29.8,121.3,88.3,76.1,36,15,2.04649642E7,20
113,56,16,0.7,1.3,0.4,2,4.4,0.7,4,0.9,0.7,0.9,0,468682.8,3
113,57,32,1.2,2.6,0.7,4.1,8.6,1.2,8.2,2,1.4,2,0,937365.7,5
113,58,484.5,21.2,42,28.8,93.9,123.3,14.3,41.9,50.8,40.5,17.9,9.9,1.08756641E7,19
113,61,1048.5,32.8,82.3,71.8,141.3,232.8,13.9,175.9,142.1,51.3,57.2,47.1,27173525,30
113,62,129,3.8,10.8,11.8,15.6,31.3,3.8,19.6,11.9,10.7,3,6.7,3554854.6,8
113,64,953.5,31,60.6,49.5,152.1,205,22.5,150.9,162,49,44,26.9,2.28484822E7,8
113,65,11,0.5,0.8,0.4,1.9,2.6,0.1,1.8,1.1,0.9,0.2,0.7,330394.6,2
113,66,6,0.2,0.8,0.4,0.7,1.7,0.1,0.4,0.9,0.1,0.2,0.5,144288.6,2
113,68,123,2.9,12,5.1,25,29,0,17,23,6,3,0,2945489.3,6
113,69,701.5,19.9,60.5,40.8,98.9,179,9,104,101,36.2,28.1,24.1,1.67920332E7,14
113,70,529,25.9,66,29.9,91.1,125,14.1,60,50,45.9,12.1,9,1.10532843E7,10
113,71,536,22.9,47.9,30.8,107,114.1,16.1,72.2,57.9,46,13.1,8,1.19392995E7,12
113,72,969.5,53,105.5,62.5,182,205.9,30.2,120.9,97.9,60.6,28.8,22.2,2.08110733E7,16
113,73,793.5,43.9,73.4,48.1,145.3,181.9,22,97,85.9,54,31.1,10.9,1.69229615E7,26
113,74,509.5,15.9,65.3,20.7,85.1,101,12,72,74.2,27.1,24.1,12.1,1.06520164E7,11
113,75,10,1,0.7,0.3,1.4,1.7,0,2.2,1.4,1,0.3,0,232171,2
113,76,128,11,5.9,7,29.1,24,4.8,19.2,8.1,12,4,2.9,2823058,8
113,77,130,5.8,9.1,5,32.1,26,6.9,18.1,9.1,10,5.9,2,2892312.2,8
113,78,441,21.1,49,17,90.1,99.1,6.9,51.8,50.1,33.9,11.9,10.1,9605684.2,12
113,79,379,27.1,40.4,17.1,71.9,79,9.9,50.1,32.1,35.4,12,4,7248452.2,10
113,80,203.5,8.1,25.9,16.1,37.9,48.9,5.2,12,23.1,19.4,4.9,2,3947427,9
113,81,76,2.7,7.7,1,13.3,19.8,3.7,13.5,5.9,5.7,0,2.7,1816502.1,5
113,82,104,2.9,10.1,7,28.1,15.9,3.9,7.1,13,9.9,6.1,0,2287331.5,10
113,84,2211.5,82.3,215.3,135.4,332.6,432.9,56.1,301.9,317.4,140.6,171,26,4.14598894E7,28
113,85,492.5,20,46,30,74.9,94.9,7.8,70.2,77.2,38.4,26.1,7,9772122.6,15
113,86,142,2.9,20,8,17,34.9,0.9,24,20,3.1,5.1,6.1,2780137.8,6
113,87,137,4.1,15.9,3,23,32,1,20,19.1,11.9,6,1,2834372.6,5
113,88,399.5,19.9,30.1,19.4,75.9,74,9.7,53.3,54.1,31.1,26.9,5.1,7873565.9,15
113,89,129,12,8,10,31,21.1,5,20,12.9,7,0.9,1.1,2699752.9,10
113,90,81.5,3.7,6.6,6.3,14.6,20.1,1.6,3.2,13.6,9.5,1.7,0.6,1738995.4,7
113,91,268,14,23.9,18.9,58.2,55.1,10.4,26,24,23.4,9,5.1,5176808.8,7
113,92,248,8.5,13.5,22,37,54,6,45.1,31.9,7.8,19.1,3.1,5124576,14
113,94,2,0.1,0.1,0,0.4,0.4,0.1,0.3,0.2,0.3,0.1,0,42227.5,1
113,95,515,21.1,57.1,23.1,69.1,130.9,11.2,63.9,70.1,29.5,28.1,10.9,1.06223792E7,14
113,97,9,0,0.4,0,1.4,1,0.4,2.2,1.4,0,2.2,0,234067.9,2
113,98,737,33.9,50.2,47.1,136.9,120.9,25,95.1,112,51,56.9,8,1.45907384E7,10
113,99,89,4,10.8,4.2,16.8,18.1,2.1,9.1,15,7.8,0,1.1,1849002.9,6
113,100,178,9.8,11,13.8,31,42.2,4.9,23.1,15,6.1,11,10.1,3903452.1,10
113,102,13,0.3,0.8,0.7,2,3,0.5,1.5,2.4,1,0.5,0.3,264123.4,2
113,103,1245.5,51,105,83.2,203,227.1,38.6,159,196.8,75.4,81.9,24.5,2.38490026E7,12
113,104,1151.5,52.5,109.3,82,196,199.9,35.7,174,149.1,62.9,81.9,8.2,2.07981773E7,11
113,105,239.5,14,19,16.1,35.9,69,7,28,19,16,11,4.5,4804279.2,5
113,106,266,16,25.1,15.9,56,53,6.9,28,29,17,17.1,2,5546006.9,5
113,107,53,2.9,5,4.1,13.1,14.9,3,6,0,1,1,2,1071394.7,4
113,108,408,32.9,31,14,97.1,86.9,13,41.9,43.1,26,16,6.1,8681276,8
113,110,542,20,51.8,28.8,100.1,123.1,14,68.8,56.1,41.1,26,12.2,1.26950824E7,10
113,111,209.5,8.5,24.1,5,36,50,2.9,37,19,14.9,5,7.1,4877926.7,6
113,112,98,2,9,7.9,11,34,2,10,16,2,1,3.1,2211514,3
113,113,273.5,8.9,34.5,12.9,37,69.1,6,37,32.1,19,6,11,6305639.2,3
113,114,815.5,34,63.5,43.9,149,186.1,28.4,110,102,39.5,50.1,9,1.75499347E7,8
113,115,1550,93,192.5,74.5,312.1,333,54.5,154,131.9,115.4,61,28.1,3.17520531E7,7
113,117,176.5,2,16.5,8,17,51.1,4,26.9,19.2,13.9,11,6.9,4381218.4,6
113,118,1718.5,54.2,123.5,71.6,247.2,348.8,32.5,346.1,225.7,102.7,117.2,49,4.22851401E7,23
113,119,2131,100.6,193.1,111.8,377.9,397.1,55.5,328,251,134.9,124,57.1,4.59024542E7,8
113,120,3348.5,131,337.9,243.6,635,747.1,80.5,368.1,349.9,247.2,164.1,44.1,5.76344645E7,14
113,121,9660.5,501.4,945.9,710,1779.2,1838.5,250.4,1252.1,1099,704,466,114,1.633084569E8,12
113,122,10280.5,413,1032.9,816.4,1730.9,1967.9,235.5,1269,1274.1,643.4,761.3,136.1,1.670715286E8,8
113,123,5215.5,228.7,474,380.6,849.1,1090.2,140,668.1,684.8,307.1,293.7,99.2,9.68393316E7,23
113,124,413.5,24.3,34.5,16,87,90.9,15.5,43.1,52,24.9,16.3,9,9528515.2,10
113,125,2941.5,180,315.6,182,645.5,551,99.7,293,255,238.5,151.1,30.1,5.01411981E7,11
113,126,6278,323.6,643.5,351.9,1245,1290,165.9,846.8,641.9,487.2,163.1,119.1,1.199044588E8,16
113,127,3099,152.7,231,224.1,654.7,566.7,69.6,388.4,409.9,179.5,162.3,60.1,5.91537797E7,22
114,0,376.5,23,32.5,23.2,70.9,90,11.8,39.9,40.1,32,9,4.1,8518179.6,19
114,1,9,0,0.9,0.3,1.8,2.5,0.7,0.3,1,1.5,0,0,207424.6,3
114,3,744.5,32.9,78.9,36.6,107,172.1,18.4,84.1,108,62.6,27.1,16.8,1.56314172E7,15
114,4,357,17.7,34.5,24,51.9,83.9,6.5,55,51.1,19.4,13,0,7501730.2,20
114,5,782,36,89.6,45.6,123.8,193.8,16.3,83,93.2,47.8,36,16.9,1.76310176E7,17
114,6,525,26.7,57,22.3,82.9,106.5,13,72.7,68.9,37.1,30.6,7.3,1.15112788E7,8
114,8,237.5,6.5,26.7,12.1,38.1,50.9,3,40,27.9,12.1,17.1,3.1,6023980.4,17
114,9,2,0,0.3,0.2,0.2,1,0,0.3,0,0,0,0,42928.3,1
114,10,305.5,22.2,21.6,18.9,63.9,63.9,12,36,25.9,20.1,8,13,6835582.5,10
114,11,33.5,2,3,2,5,8,2,3,4,2.5,1,1,926623.4,5
114,12,1056,46.5,116.5,60,181,214,26,141,130.1,66,52.9,22,22479618,5
114,13,942,41.7,89,39,154,200,29.2,122.2,130.8,62,52.1,22,2.01950966E7,21
114,14,187,7,23.5,12.7,27.4,46.5,8.1,21.5,16.1,14,6.1,4.1,4374531.3,4
114,15,17,0,1.3,1.9,1.3,4.6,0,4.6,3.3,0,0,0,533433.3,3
114,16,38,0,1.1,3,5.1,10.1,0.8,8.1,6.9,0.8,2.1,0,1000112.1,9
114,17,170.5,10.8,13,12,32.1,34,6.9,37.2,10.9,8.5,5.1,0,4196169.8,10
114,18,36,2,0.9,0,9.1,7.1,2,6,6,2.9,0,0,917890.1,4
114,19,355.5,13.5,37.8,19.7,57.9,70.9,8.4,56,44.1,27.1,15.1,5,8260275.7,8
114,20,45.5,0.9,6,2,7.1,15,0,6,3,3.5,1,1,1356091.7,5
114,21,19,0.4,2.2,0.7,3.9,4.3,0.7,3.2,1.8,1.4,0.4,0,465825.2,2
114,22,47,2.8,7,2.1,8,10.9,2.1,6,3.1,5,0,0,1408519.5,7
114,24,613.5,31.9,60.6,31,118,153,21.5,69,51,47.5,10,20,15009663,9
114,25,90,4.5,8.9,8,17.6,17.2,4.7,9.8,4.5,9.2,4.6,1,2098343.3,8
114,26,4,0.1,0.2,0.3,0.3,1.2,0.1,1.1,0.6,0,0.1,0,99106.9,1
114,27,15,0.2,0.9,1.2,1.3,4.5,0.3,4.2,2.1,0,0.3,0,371650.7,5
114,28,404.5,8.3,45.1,27,57.8,107,8.4,72.9,35,22.9,8.2,11.9,1.08393003E7,22
114,29,83,3,8.1,3.2,9.9,18.9,2.1,10,16.9,4.9,4.9,1.1,2426966,9
114,30,272.5,17.7,33.3,17.9,40.9,58,9,46,14.2,15.1,14.1,6.3,6386599,9
114,31,9062,469.6,706.3,738.2,1909,1732.1,250.5,998,1038.1,535.6,554.9,129.7,1.879653234E8,23
114,32,1392.5,46,121.8,72.5,184,255.2,21.8,214,277.1,64.9,96,39.2,3.45055227E7,18
114,33,158.5,6.1,12.7,7,23.9,35,1.9,34,21.1,8.7,5.1,3,4605817.3,14
114,34,4,0.2,0.2,0.3,0.8,1.4,0.1,0.3,0.1,0.2,0,0.4,110928.4,1
114,35,17.5,0.8,1,1.3,3.3,6,0.6,1.4,0.6,0.9,0,1.6,485311.7,4
114,36,76,0.9,4.9,9.9,7.1,24.1,0,5,15,3.1,1,5,1868148.4,6
114,37,183,3,17.9,10.9,33,34,4.2,22,33.8,13,4.2,7,4678075.4,10
114,38,306.5,9,32,15,63.1,69.1,9,39.9,37,15.4,5,12,7470634.9,10
114,39,212,11.2,25,13,33,46.9,5.9,19,27.1,15.8,12.1,3,5494344.2,8
114,40,3,0.3,0.3,0,0.9,0.6,0.1,0.3,0.3,0,0,0.2,81842,2
114,41,228,12,16.4,13.9,43.8,46.3,3.1,34,31.1,12.5,10.9,4,5510262.4,11
114,42,401,15.9,35,21,71,96.8,9.9,53.1,35,40,9.2,14.1,9743653.6,13
114,43,121.5,8.7,12.1,4.8,29,21.8,1,17.1,7.2,8.4,8.3,3.1,2917074.3,13
114,44,75.5,9.1,7.4,4,19.9,13,1,3,6,9.1,1,2,1695229.8,3
114,45,47,3.1,1.9,2,10,14,1.9,3.1,7.1,1.9,0,2,1132774.1,4
114,46,551.5,23.5,70,33.1,107,124.9,25,60.1,22.9,64,13,8,1.24457654E7,6
114,47,212.5,6.8,21.5,11.1,25,56,3,38.9,28,11.9,6.1,4.2,5164715,4
114,48,543,36.1,58.9,31,124,107.9,19.9,57,50.1,38,10.1,10,1.23367806E7,10
114,49,10,0.8,1,0.4,1.1,2.8,0.1,1.8,1.7,0.2,0.1,0,249963,4
114,50,346,18.4,36.1,4,54,85.1,12,51,34,30.5,16.9,4,8429372.5,9
114,51,128.5,4,15,5.5,19,36,6,16,15,8,1,3,3195915.9,2
114,53,255.5,21,21.5,9.7,60.1,56,6.9,21.1,20,19.1,16,4.1,6000078.3,9
114,54,90,3.1,8,4,10,25.1,1.9,12.1,13,5,5.9,1.9,2502389.4,6
114,55,314,16.5,22.1,8.1,66.9,57.9,13,36.1,43.8,32.5,12.1,5,6861269.1,7
114,56,231,9.1,26.1,14.3,34.8,64.8,3,19.8,25.1,14.8,9,10.2,5352641,8
114,57,149.5,7.5,22,7.9,22.1,38,5.9,19,13,6,3.1,5,3430094.6,10
114,58,310,14,30.9,14.1,65.2,74,7,28.9,30.9,21.9,14.1,9,6968317.8,9
114,59,101,3.8,9.1,3.1,16.1,25.9,0.9,15,11,7.9,3.1,5.1,2292896,9
114,60,233.5,7.1,23.6,22.9,24.2,70.8,2.8,25,24,17.3,7.1,8.7,5494672.2,20
114,61,217.5,11.7,10.4,11.2,40.1,53.2,7.8,28.2,27,9,10.9,8,5822009.4,10
114,62,34,2,3,3,4,7,0,5.1,8,0,0.9,1,933786.5,3
114,63,489,9.7,39.5,34.1,58,117.9,5,66.9,92.9,31.8,22.1,11.1,1.19449232E7,13
114,64,1796.5,91.7,168.7,95.6,333.9,390,53.9,217.3,213.9,139.3,65.1,27.1,36929521,18
114,65,316.5,12.9,19,10.1,58,55.9,4,44.9,58.1,26.5,19,8.1,7715927.1,10
114,66,170,4.9,14.1,8.9,19.1,40,3.9,22.7,31.2,9.1,9,7.1,5279334.5,17
114,67,18,0.6,2.4,1.2,2.2,4.8,0.3,1.2,2.8,0.4,0.6,1.5,432865.7,3
114,68,15,0,2.9,1,1.4,3.4,1,2.4,0.5,0.5,1.4,0.5,310152.6,1
114,69,434,6.9,47.9,16,55.8,97.7,8.9,71.4,83.7,18.5,17.7,9.5,9614726.9,12
114,70,289.5,16,26.4,20.1,57,75.9,8,33.2,16.9,18.9,10,7.1,6255822.1,7
114,71,38.5,2.8,3,4,5.1,11.2,0,6,3,2.5,0.9,0,712319.5,6
114,72,162,5.8,11.6,16.2,29,31.7,4.6,16,23.1,9.6,13.8,0.6,3406009,9
114,73,272.5,15,21.3,13.8,47.2,45,6.9,53.8,39,8.2,15.2,7.1,5898018.8,9
114,74,768.5,30.8,94.1,43.2,135,173,23.4,101.2,69.2,53.5,38.1,7,1.63026426E7,26
114,75,506,28.1,59.7,24.1,89.8,104,21,58.3,63.9,39.1,16,2,1.06197688E7,23
114,76,429.5,10,49.4,15.8,66.8,88.1,10.4,55.1,67.3,32.4,23.1,11.1,9535225.4,25
114,77,99.5,5,7.5,8.8,17,23,2.1,13.9,16.1,1.9,2,2.2,2096100.3,12
114,78,170,15.8,7,8.2,43,23.9,6,17.2,25.2,16.1,4.8,2.8,3658341.1,12
114,79,2,0.1,0.2,0.2,0.4,0.3,0,0.3,0.3,0.1,0.1,0,41545,1
114,80,4,0,0.2,0.2,0.6,1,0,0.6,0.6,0.2,0.4,0.2,77708,2
114,81,729,32.8,67,48.8,127.1,138,19,89.2,106.2,61.8,26.1,13,1.43087022E7,17
114,82,302.5,15,29.6,14.9,56,63,4.9,32,43,28,13.1,3,5883905.5,8
114,83,179.5,7,11.1,8.6,37,35,7,30.9,19,9.9,12,2,3843295.7,5
114,84,77,0,8,8,7.1,22,0.7,11,15.1,0.9,2.2,2,1651133.9,13
114,85,148,1.9,9.9,12.2,32.2,24,6.8,20,21.1,12.9,7,0,3472524.8,12
114,86,52.5,1,6.1,2.9,9,16,1.1,4,2.9,7.6,0,1.9,1085707.8,4
114,87,137,9,11,11,30,30,4,10,8,14.9,8.1,1,2876593.5,4
114,88,120,7.1,8.9,2,26.9,25.1,4.9,17.1,16,8,1,3,2458041.2,6
114,89,331.5,10.8,26.1,22.1,48.9,66.9,8.7,66.4,46,14.6,14,7,6553737.4,20
114,90,202,8,24.5,14.6,28.8,50,3.9,22.9,25.2,18.1,6,0,4203257.4,9
114,91,351.5,14.9,25.5,24.2,71.1,64,10.5,41,60.9,18.3,18,3.1,7591282,9
114,92,92,3.1,9.9,3,14.8,26,3,8.1,10,10.1,4,0,1609203.1,9
114,93,578.5,16.9,43.7,33.8,77,122.1,12.9,95.4,106,20.4,35,15.3,1.26639428E7,24
114,94,594.5,22.9,62,35.1,87.1,151.8,13.4,84.8,64.1,37,21.1,15.2,1.41202775E7,17
114,95,60,1.1,4.8,5,9,14,0,10,10,2,1.1,3,1342934.7,7
114,96,33.5,0.8,2.1,0.9,4.3,8.4,0.8,7.7,5.1,1.7,1.7,0,735127.2,2
114,97,104,5.1,7.9,7.1,12.9,24.9,2.1,22.9,11,4,5,1.1,2125334.8,6
114,98,196,15.9,18.9,11.1,38.1,36,9,22,26.9,7,6,5.1,4110248.9,10
114,99,100.5,7.1,8.4,6.9,19,20,3,8.9,18,5,3.2,1,1813814.2,5
114,101,414,19,42.1,21,73,106.1,10.8,47,38.7,28,22.3,6,8369472.6,20
114,102,389,25.6,31,12.3,88.8,70.8,12.7,54,33.1,36.4,20.2,4.1,7738473.4,19
114,103,100,2.7,4.7,3.7,23.4,16.9,5.5,10.7,17.2,9.3,5.9,0,2393057.8,10
114,104,66,0,6.9,2,9,12.1,1,11.9,7,3.9,9.2,3,1518245,5
114,105,163.5,9,17,14,23.9,46.1,7,11.9,14,12.6,4,4,2856322.1,4
114,106,32,1,0,15,6.9,6.1,0,0,3,0,0,0,714274.9,3
114,108,79.5,2.8,7.5,0,16.1,16.1,2.8,9.2,16.1,5,1.8,2.1,1781447.6,10
114,109,1606,115,155.5,87.9,340,308.1,44.9,173,155,147.6,55,24,3.26149418E7,7
114,111,709.5,33.4,86.9,36.3,122.1,177.1,9.5,97.9,50.9,46.1,28.2,21.1,1.68110635E7,16
114,112,157,3.9,13.1,8.9,32.8,32,6,21.2,14.1,13.9,8,3.1,3291996.8,5
114,113,34,0.9,2.5,1,14,3,0.9,4,3,1.5,2.1,1.1,766136.9,4
114,114,1125,40.9,96.5,52.6,168.9,263.1,27.9,141.9,170.1,66,62,35.1,25698002,19
114,116,809.5,30,80.6,42,142.9,185,16,104.8,84.1,47.9,60.1,16.1,1.97346302E7,8
114,117,907,67,71.1,34.4,193,178.1,21,123,98,57.4,29.1,34.9,2.15861805E7,11
114,118,411.5,18.4,40.8,25.4,70,94.3,13.4,47.9,54.2,18,16,13.1,9644880.4,6
114,119,18,0.6,2,1.7,1,3.6,0,3.2,4.8,0,0,1.1,359095.8,5
114,120,8300,525.8,856.5,584,1603.9,1488.1,247.5,978.1,911.1,672.9,348.1,84,1.261863919E8,10
114,121,7546.5,445.5,679.1,612.6,1591,1425.8,189.7,848,735.1,565.9,311.9,141.9,1.302405259E8,13
114,122,13821.5,722,1141.9,1125.9,2729.9,2549,332,1770.1,1627.1,783.4,804.1,236.1,2.470051355E8,14
114,123,4271.5,250,510.4,291.9,889.2,792.8,150.9,462,388.2,349,109,78.1,70999916,13
114,124,32,1,1,0,5,7,0,5,8,2,3,0,803476.9,2
114,125,2777,137.9,283.5,191.5,486,594,66.8,377,320,179,85.1,56.2,5.59094557E7,12
114,126,4252,236,371.5,189.1,914.1,813,131,583,484.3,279,151.9,99.1,85409911,16
114,127,1647.5,86.2,166.5,96.9,368.2,336.9,46.9,190.9,157.9,116.2,53.8,27.1,3.24476534E7,16
115,0,60.5,0,6.5,2.5,11.4,14.6,1.4,4.5,7.9,8.7,2,1,1332225.5,8
115,1,113,7.8,11.1,5.1,28.1,28.9,3.8,13.1,9.2,3.9,2,0,2663099.8,10
115,2,419.5,19.6,44.1,17.4,77.1,82.9,9,51,64,24.4,27,3,8614056.1,4
115,3,232.5,14.1,26,12,36,50,6.2,43.8,20.2,13.2,5.8,5.2,4612900.6,9
115,4,240.5,9.3,16.1,17.1,33,52,2,35.1,45.1,9.9,13.9,7,5580489.1,9
115,5,939.5,46.1,86.2,43.4,150,208.9,19.1,131.3,120.1,58.4,54.1,21.9,2.06661509E7,15
115,6,28,0.7,2.6,0.7,5.1,6.6,2.6,2.2,2.2,3.2,1.4,0.7,601170.6,2
115,8,178,13.8,9.3,4.3,28.2,32,2.9,24.3,33,14.7,12.2,3.3,4065658.5,9
115,9,16,0,2.4,1.6,1.6,8,0,2.4,0,0,0,0,343426.3,2
115,10,192,6,22.9,19,19,54.9,4,19,18,12,11.1,6.1,4678683.6,7
115,11,152,6,15.1,11,29,32,2.9,17.9,16.1,13,5.9,3.1,3667624.1,6
115,12,416,15.9,44.1,25,72.9,89,11.9,52,39.1,33.1,24,9,9225960.7,5
115,13,835,31.7,91.7,51.9,129.1,197,16.9,94.1,92,66.1,38.9,25.6,1.90505625E7,15
115,14,217,9.9,18.1,7.6,31,42.1,3,37,43.9,10.4,8.9,5.1,5195084.1,12
115,15,3,0,0.2,0.4,0.2,0.8,0,0.8,0.6,0,0,0,94135.3,1
115,16,166,9.8,21.1,5.3,36,33,7,19.1,15,14.8,1.9,3,3594600.1,11
115,17,208,3,32,16,23.9,66.2,4.9,23,8.1,16.8,4.1,10,4598508.7,8
115,18,229,8.8,18.5,10,41.7,53.3,8.1,44.1,17,14.2,8.1,5.2,5921555,17
115,20,185.5,13.6,28,10.5,19.9,61.1,3,15,12.8,6.6,4,11,4351528.7,11
115,21,34,0.6,3.8,1.3,7,7.8,1.3,5.7,3.2,2.6,0.7,0,833581.8,5
115,22,210,6.8,23,9.8,27,54.8,6.1,24.1,28.1,15.1,9,6.2,5027312.5,15
115,23,986.5,61.4,100.3,54,194.3,205.1,30.5,114.9,88.9,74.1,40.9,22.1,2.15993486E7,20
115,24,157,7.9,17.9,5.8,27,36.3,3.9,17.1,13.9,14,9.1,4.1,3501198.1,12
115,25,9,0.4,1,1.1,2.5,1.9,0.2,0.2,0.4,0.9,0.4,0,215495.3,2
115,26,88,0.6,7,3.8,11.1,22.9,0.7,23.9,7.2,4,2.7,4.1,2148367.8,15
115,27,164,9.1,19.9,4.9,36.9,37.8,5,16.3,6.9,17.3,7,2.9,3929889.5,12
115,28,68.5,2.9,11,1.4,9.1,12.1,0,17,8.1,4,2.9,0,1529251.4,8
115,29,154.5,5.8,14.5,12,21.1,46,1,14.9,16.1,14,2.1,7,3823329.3,8
115,30,146.5,7,13.9,7,24.9,37,2.9,22.1,16.9,7.7,4.2,2.9,3736775.1,15
115,31,2312.5,147.5,218.3,123.6,418.6,441,90,233.9,282.1,170.4,135.1,52,4.85189594E7,22
115,32,3668,222.4,442.3,226.5,630.2,723.8,124.1,404.2,375.1,290.5,167.9,61,6.57309782E7,16
115,33,87.5,4,4.9,10.9,15,21.1,1,12,9.9,4.6,1,3.1,2303160.9,9
115,34,11,0.4,0.7,0.8,2.1,3.7,0.2,1,0.4,0.7,0,1,305053.1,5
115,35,26,1.3,1.3,2,5,9,0.8,2.1,0.8,1.3,0,2.4,721034.5,4
115,36,48,3,5,3,11.1,11.1,3.9,6,1.9,3,0,0,1130816.6,6
115,37,70,3,3.9,3.1,12.9,15,1,15,8,5,3.1,0,2002287.9,7
115,38,122.5,4.5,12,7,18.1,21,2,22,20,5.8,7.1,3,2983208.6,5
115,39,1759.5,114.5,183.6,98.3,332.7,372.1,58.5,207.9,171.1,127.4,51.3,42.1,3.99433603E7,18
115,40,63,6.6,4.9,0.9,17.5,13.3,2.8,7.6,5.7,0.8,0,2.9,1718682.3,9
115,41,108.5,2.1,11.5,11,13.9,29.1,3.9,14,7.9,8,3,4.1,2699165.3,5
115,42,200,5,18.4,14,42,46,10.9,25.1,10,21.5,3,4.1,4410254.8,7
115,43,48,2,10.1,4.9,5,16,0,5,2,2,0,1,1151132.7,3
115,44,239,13,33.9,12.2,40,54.1,6.9,27.8,24.1,18,4.1,4.9,5365397.5,8
115,45,97,10,3.9,4,23,24.9,2,12,5.1,9.1,3,0,2290566.3,7
115,46,351.5,17.4,37.9,18.1,42,80,11.9,41.2,39,34.9,21.9,7.2,8050904.3,10
115,47,773,39.1,82,60.7,144.9,166,24.3,93.9,51.8,62.3,34,14,1.73094285E7,13
115,48,335.5,18.4,34.5,11.1,72.7,70.3,10.7,32.2,34.5,33,11,7.1,7984585.4,12
115,50,174,13.9,18.4,13.5,26.9,42,6,19,13,14,5.1,2.2,3839705.6,9
115,51,145,6.6,12.6,4,33,35.9,5.4,15.1,15.9,10.7,4,1.8,4037551.1,9
115,52,53,0.9,5.1,5.9,9.1,15,2,5.2,2,4,0.9,2.9,1346241,6
115,53,318.5,18.9,33.3,12.1,64.1,81.9,6.1,40.1,21,17.9,13.1,10,8381901.7,12
115,55,481.5,29.6,53.1,32,82.1,120.2,8.6,58.3,53.9,25.8,12.9,5,1.06220524E7,18
115,56,263,10.9,23.9,20,35,64.1,9,37,28.9,11.1,7,16.1,6341084.1,10
115,57,259.5,14.9,23.1,18,38.2,68,6,28.9,34,16.4,2,10,5654303.2,9
115,58,45,1,2,4.1,8,6.1,0,10,7,1.9,2.9,2,1154616.1,4
115,59,252.5,7,22.4,10,39.1,57.9,6.8,33.9,39,10.1,19,7.3,5347106.5,9
115,60,47,2.1,6.1,2.1,8.9,12,1,2.9,4.9,4,3,0,1095560.7,4
115,61,328.5,13.1,30.4,13.1,41,81.9,11,36.8,57.1,19,16,9.1,8410063.7,11
115,62,311.5,13.3,28.5,22.9,49.8,79.1,5.2,45.2,32.2,22.4,7.9,5,7994080.3,18
115,63,454,21.1,45.2,24,73,99.8,5.5,58.7,68.9,25.5,18.1,14.2,10803925,10
115,64,1084,53,83.8,65.6,206.2,235.3,29.7,126.9,131,75.5,55.9,21.1,2.22387557E7,24
115,65,677.5,42.7,59.1,39.2,121.7,152.7,19.6,99.9,61,48.5,20.3,12.8,1.58469526E7,11
115,66,4,0.1,0.5,0.3,0.5,1.1,0.1,0.3,0.6,0.1,0.1,0.3,96192.4,1
115,67,10,0.4,1.4,0.6,1.2,2.6,0.2,0.6,1.6,0.2,0.4,0.8,240481,2
115,68,1394,65,137.1,58,214.8,367.1,29.5,179,162.9,99.4,55,26.2,3.32858106E7,17
115,69,1398.5,69.6,140,60,268.2,301.9,50.8,182.1,149,121.8,33,22.1,3.38306391E7,18
115,70,361.5,11,37,11.9,56.9,76,8,68.9,52.1,23.6,9,7.1,8538910.2,4
115,71,100.5,8.9,3,5,22,16.1,1,17.9,17.1,5.4,2.1,2,2143166.5,6
115,72,20,0.9,1.4,2,2.8,2.4,0.5,2.8,2.9,1.4,2.4,0.5,413878.1,4
115,73,1485,71.9,136.5,88.1,259.1,288.7,32.6,215.1,205.8,85.1,71.1,31,3.07818241E7,17
115,74,7950,501.4,732.5,559.1,1556,1455,245.5,844.9,920.1,553.6,453.8,128.1,1.383012363E8,15
115,75,120.5,3.9,9.7,6.9,19.1,32,0.9,19.1,15,5.7,4.2,4,2742042.3,13
115,76,584.5,31.9,76.2,27.3,86.1,152.8,16,60,62.1,32.1,22.9,17.1,1.30277361E7,20
115,77,167.5,8.4,17.9,12,28,41,3,17.1,21,13,2,4.1,3543929.4,5
115,78,202,6.9,19,8,33.9,32.1,5.9,32.2,32.9,18,11.1,2,4124460.2,13
115,79,141.5,10.8,16.3,6.8,35.6,24.6,5.2,16.8,11.6,10.9,2.9,0,2784838.8,8
115,80,195,6,19.2,2.9,32.3,48.8,5.9,27.6,23.3,15.7,8.5,4.8,3874032,15
115,82,49,0.9,7,1.9,7,8.1,0,10,2,4.9,3,4.2,940246.6,7
115,83,363,12.3,36.1,21.9,67.3,70.9,10.9,50.8,39.8,25,23.9,4.1,7241411.7,20
115,85,152,5.9,18.9,13.3,25.9,30.8,1,23.9,13,8.9,7.2,3.2,3075949.2,11
115,86,183,2.7,17,9.8,26.3,37,0,34,28.3,9,13.8,5.1,3855657,20
115,87,212,13.2,19.1,11.9,49.8,35.2,6.9,22,23.1,21,8.8,1,4526337.7,14
115,88,124,4.9,6,7,26,22,5.9,16,24.1,8.1,2,2,2932305.1,6
115,89,201.5,11.9,18.4,11.1,44.9,42,5.1,21.1,23,12.9,10.1,1,4263241.5,7
115,91,73,0.9,9.1,5,11.1,24,1,6,10,4.9,1,0,1602003.7,6
115,92,406,20.9,44,36,76.1,79,10,40,46,40,13,1,5990591.1,4
115,93,2342.5,90.7,240.1,146.1,406.2,491.8,49,334.2,300.1,119.2,115,50.1,4.45834185E7,21
115,94,4890.5,156.4,430.3,304.4,729,941,105.4,644.8,888.3,272.5,350.2,68.2,8.94492957E7,23
115,95,413.5,20.9,43.2,14,80,71.2,10.8,52,72,31.4,13,5,8387403.1,18
115,96,6,0.1,0.4,0.2,0.8,1.5,0.1,1.4,0.9,0.3,0.3,0,131664.6,1
115,97,166,6.9,13,9.1,28,38,2.6,27.9,23,10.5,5,2,3179467.7,4
115,99,374,27.9,50,29.1,82.9,59,12.1,34.1,24.9,31,22,1,6493735.1,13
115,101,317.5,11,31.3,17.9,53.1,64.9,5.2,31.9,42.9,30,23.2,6.1,6077157.7,12
115,102,402,21.1,33.9,31.1,70.9,83.1,15,50.9,40.9,29.1,16,10,8383460.2,13
115,103,8,0.3,0.3,0.3,1.7,2,0.4,0.4,1.8,0.5,0.3,0,196000.8,1
115,104,199.5,7,13.9,8,37.9,45,3,38.1,13,16.6,11,6,3892499.8,4
115,105,60.5,3,0,4,13.9,6.9,1,10.1,8.2,5.5,6.9,1,1254931.2,4
115,106,862,37.4,81.5,43.9,162.9,165.9,23,143.1,94.1,55.2,40,15,1.78902907E7,12
115,107,196,15.9,15,10.1,43.9,35,6,28.1,21,9,10,2,4548393.1,5
115,108,303,11.9,36.5,16,42.2,77.1,5,33.2,32.9,25.4,15.9,6.9,6912801,8
115,109,39,2,0.9,3,13.1,7.9,5,2,0,5.1,0,0,888708,5
115,110,267.5,12.1,29.9,8,53.1,60.8,3.3,39.4,27.6,17.9,13.4,2,6160760.2,6
115,111,11.5,0.7,0.7,0,4,2.2,0.2,1.5,0.4,1.1,0.7,0,274949.2,1
115,112,605,28.6,58.5,24.9,89,145,13.9,82.8,62.2,45.9,30.1,24.1,1.45200053E7,15
115,113,405,16.4,27.9,13,80.9,95,11.1,60,47,24.7,15,14,9988543.8,7
115,114,1321,43,127.4,73.5,215.8,297.9,28.5,189.1,171.1,84.5,64.2,26,2.92918533E7,13
115,115,319.5,16.9,28.5,12,77,64,13,44.1,18.1,31.9,6,8,7018525.4,4
115,116,645,31,76.5,48,117,161,18,57.8,49.9,41.7,23.1,21,1.51708017E7,11
115,117,301.5,19.5,18.9,25.9,64,59.9,7,35.2,38.1,12,11,10,7218741,4
115,118,972,40.9,93.5,38.8,177.9,234.1,18,151.2,92.3,54.4,41,29.9,2.32920212E7,18
115,119,590.5,18,65.9,37.4,79.9,151.1,12,88.1,59.2,40.9,20,18,1.39850944E7,5
115,120,8594,458.8,805.5,564,1579.2,1693,230,1145.9,901.1,600.5,487,129,1.519851425E8,17
115,121,10471.5,602.9,966.1,821.6,2000.9,1866.9,294.4,1255,1177,705.5,670.1,111.1,1.664450029E8,14
115,122,5336,257.7,420.2,379.7,1019.9,1029,163.9,800.9,629.1,287.6,276,72,95884444,14
115,123,2084.5,126,227.7,135.8,428.9,393.9,64,243.9,181.5,165.2,89.9,27.7,3.93396842E7,29
115,124,4963.5,299.9,436,316.8,1141.8,974.4,171.5,545.2,496.9,362.1,156.9,62,9.56201923E7,14
115,125,6878.5,394.3,614.5,469.3,1412.1,1276.1,228.5,843.9,684.1,537.6,320.1,98,1.209768953E8,13
115,126,1893.5,75.4,183.7,103.9,297.1,408,32.9,337,243,130.4,36.1,46,4.08766591E7,11
115,127,2503,118.5,263,120,507,549,80,300,251,176.4,85,53.1,5.21813212E7,8
116,0,10,0.2,1,1,0.8,2.9,0,1.8,0.8,0.5,0.8,0.2,174134.5,2
116,1,1615,65,158.1,86.1,262,313.2,36.3,240.1,230.9,102.4,93,27.9,3.28600722E7,17
116,2,1618.5,76,123.3,108.6,286.1,291,32.4,196.8,265.1,103,118.1,18.1,3.19035976E7,20
116,3,134.5,9.4,13.5,5,28,29,9.5,15,6.9,10.1,7,1.1,2706261.6,3
116,4,411.5,29.8,28.3,18.8,98,69.7,17.4,47,46.1,33.7,17.8,4.9,9554453.3,18
116,8,885,25.9,66,60.1,137.9,205.2,24.6,113.9,102.1,57.1,74.1,18.1,2.04545642E7,22
116,9,31.5,1.3,0.9,0.9,3.1,5.1,0.6,8.1,5.2,3.1,1,2.2,666960.2,11
116,10,125.5,0.9,16.5,8,7.1,34,1.9,18.1,13,10,12,4,2739875.4,7
116,11,77,3.9,13,4,10.1,25.1,1,8,4,4,1.9,2,1768922,6
116,12,242.5,9.7,32.5,8,38.2,60.9,6.9,24,20.9,22,14.2,5.2,5744872.2,12
116,13,296,15.1,31.9,11.1,38.8,78.8,5.2,37.8,32,22,15.1,8.2,7422621.1,8
116,14,393,14.1,44.1,27,73,101.1,13.8,35,34.8,30.1,12,8,9236095.8,11
116,15,139,7.8,12.7,4.7,23.3,28.9,2.9,21.3,21.4,11.2,3.7,1.1,3348580.2,7
116,16,147,5.6,13,5.9,29.1,42.9,4.9,16.7,9.9,11.4,3.6,4,3699166.1,8
116,17,406,20.9,35.9,30.1,86.8,91,10.4,47.2,38,33.6,12.1,0,9140992.4,8
116,18,18,0.5,0.5,0.5,6.3,3.1,1.3,2.3,0.8,1.8,0,0.9,584617.8,2
116,19,64,1.6,7.6,0.6,15.6,12.8,3.6,8.8,2,4.2,3,4.2,1596258.7,3
116,20,11,0.9,1.1,0.5,2.4,2.4,0.5,1.7,0.6,0.9,0,0,245733.8,4
116,21,3,0.2,0.3,0.1,0.7,0.7,0.1,0.5,0.2,0.2,0,0,67018.3,1
116,22,83,4.1,11.3,8.1,18,15.2,3,7.8,6.1,7.6,0.9,0.9,2321982,11
116,23,43,0,3,3.9,7.9,7.9,0.7,10.2,2.3,4.6,2.5,0,1106335.3,8
116,24,15,0.5,1.8,1,2.6,3.4,0.3,1.2,2.1,1,1.1,0,400970.6,5
116,25,33,1.4,4.2,2,5.5,7.7,0.5,2.8,4.8,2,2.1,0,882135,5
116,26,112.5,4.5,9,7.1,16,25,1.4,21,11,6.6,7.9,3,2945448.4,14
116,27,357.5,18.1,28.1,23.8,75,77.9,11.9,38.9,32.1,30.7,14,7,8223802,18
116,28,47,3.9,5.8,0.8,9.3,9.4,0,9.4,5.3,1.5,0.8,0.8,1124449.1,5
116,29,13.5,1.2,1.8,0.1,2.7,2.7,0,2.7,1.5,0.5,0.1,0.2,322980,4
116,30,708.5,41,73.4,51.1,125.8,161.7,16.1,101,74.2,43,6.2,15,1.71153623E7,23
116,31,1884,76.1,196.5,119.3,267.2,424.9,42.8,253.3,273.2,97.3,86.2,47.2,4.47199571E7,33
116,32,738.5,33.4,66.4,59,104.2,159,20.1,91,102.2,46.2,27,30,1.77545336E7,14
116,33,113,3,11.9,8,12.1,29.1,1.9,17.1,19,5.9,3,2,2830078.4,8
116,34,3,0.1,0.3,0.3,0.3,0.8,0,0.4,0.4,0.3,0,0.1,87185.8,1
116,35,8,0.3,0.8,0.7,0.7,2.2,0.1,0.9,1.1,0.7,0.1,0.4,232495.5,2
116,36,18,1,2.3,0.1,2.6,5.5,1,1.4,1.2,1.7,0.2,1,466116.2,3
116,37,616.5,29.1,87.4,41,104,122.9,22,82,44,55,13.1,16,1.27308763E7,9
116,38,989,37.9,98.4,69.6,166,220.9,28.5,124,108.1,75.5,36.1,24,2.27919914E7,28
116,39,948,54.3,95.7,45.7,163.4,226.2,30.1,110.1,95.7,63.8,30,33,2.22027922E7,26
116,40,32,0.9,2.1,0,6.2,3.8,1.1,7.9,3.2,1.2,2.8,2.8,805738.6,7
116,41,26,0.8,1.8,0,5.1,3.2,0.8,6.3,2.6,0.9,2.1,2.4,654662.6,5
116,42,133,5.3,14.4,8.9,29.5,28,1.9,17.8,11.7,8.6,3.9,3,3447999.4,10
116,43,589.5,31,75.5,34.8,103,140.1,12,64.9,51,48,16,13.2,1.37228834E7,9
116,44,467,27.9,53.4,30,88.9,105,14,56,33.2,34.4,20.1,4.1,1.03055342E7,7
116,45,45,2,3.3,5.1,2.5,11.6,1.3,8.3,5.1,1.7,3.3,0.8,1007561.4,3
116,46,248,12.1,31.7,15.7,31.4,66.1,6,30.2,19.6,16.8,11.9,6.5,5642869.4,7
116,47,439.5,30.5,43.5,17.4,95.8,91.8,13,49,36.1,37,19.2,6.2,9982338.2,5
116,48,256.5,12.3,27.3,11,59.3,51,6.1,31,24.9,14.4,11,8.2,5847179.9,11
116,49,1631,85.9,189.5,79.9,313.1,345.8,57.1,162,141.1,167.6,61.1,27.9,3.55607535E7,14
116,50,11,0.8,1.4,1.1,2,2.4,0.2,0.8,1.5,0.5,0.3,0,285233.6,3
116,51,15,1.1,1.9,1.5,2.7,3.3,0.3,1.1,2,0.7,0.4,0,388954.9,3
116,52,78,3.5,12.8,2.5,9.9,21.9,2.1,13.6,1.9,5.7,3.5,0.6,1999293.4,6
116,53,5,0.1,0.7,0.5,0.7,1.3,0,1,0.4,0.1,0.1,0.1,118206.2,1
116,54,2,0,0.4,0.1,0.2,0.7,0.1,0.2,0.1,0.1,0.1,0,47321.4,1
116,55,1834.5,89,229,120.9,303.7,473.2,56.1,190.9,177,137.8,30.9,26,3.73298326E7,12
116,56,34,0,0,0,1,1,0,3,19,0,10,0,779970.4,2
116,57,566,20.9,60.2,40.1,79,137,11.7,80,70,34,27.1,6,1.28960256E7,20
116,58,7,0.7,0.3,0,0.7,1,0,2.2,1.7,0,0,0.4,203661.4,2
116,59,22,2.2,0.7,0,2.2,3.1,0,6.8,5.4,0,0,1.6,640078.6,4
116,60,100,5.3,11,0.8,11,25.2,2,21.9,12.9,7,1.9,1,2474455,10
116,61,195,8,29.9,2.1,32.9,47.1,6.5,17.2,20.8,20.3,5,5.2,4548365.3,12
116,62,233.5,7.9,24,8.9,47.9,60.8,5.1,28.1,26,12.6,0.9,11.3,5428396.8,18
116,63,242.5,6.8,24.1,11.8,38.1,60,4.7,35.1,30.1,16.4,8,7.4,5800854.5,11
116,64,1257,46,131.3,67,207.1,287.1,21.5,157,183.8,88.3,51,16.9,27097484,23
116,65,676,24.3,67.8,31.1,98.9,136,9.8,113.2,110,30.9,38,16,1.63336207E7,14
116,66,12,0.5,3.4,0.2,1.2,3.4,0.2,1.9,0.7,0.5,0,0,286000.3,5
116,67,8,0.3,2.3,0.1,0.8,2.3,0.1,1.3,0.4,0.4,0,0,190666.8,2
116,69,3,0.4,0.3,0.3,0.5,0.5,0,0.5,0.3,0,0.1,0.1,70473.1,1
116,70,981,47.7,91.2,58.9,171.1,214.8,27,133.9,98,75.9,42.2,20.3,2.18269078E7,16
116,71,28,1,2.9,1,2.9,6.9,0,6.1,4,2.1,1.1,0,749636.6,3
116,72,18,0.5,0.5,0,5,4,0.5,2.5,3,1.5,0.5,0,406021.1,1
116,73,749.5,31,69.7,43.2,122,147,19.9,108.1,94,60.4,44,10.2,1.56128965E7,16
116,74,4159,262.4,452,290.1,706.1,700.9,119.9,509,536,307.5,216.2,58.9,6.98859971E7,16
116,75,422,15.9,43,14,71,92,8.1,63,46,26.8,31.1,11.1,8926614.3,10
116,76,914,30.5,96.6,47.1,165,190.3,17.7,142,111.1,68.9,26.9,17.9,1.89196338E7,15
116,77,250.5,13,22.9,11,52.1,44,8.5,34.9,27,21,14.1,2,4811792,7
116,78,271,15.1,36,9,53.9,61.1,13.9,26.9,23,24.1,7,1,5157127.8,11
116,79,344.5,22,34.5,25,75,76.9,13.5,26.1,25,23.5,14.9,8.1,7187725.8,9
116,80,4,0.1,0.7,0,0.4,1.4,0.3,0.2,0.3,0.4,0.2,0,102369,1
116,81,365.5,10.9,35,27.2,72.9,74.9,11,45.9,42,18.6,24.1,3,7302845.7,7
116,82,123,7.1,10.1,7,16,28.1,4.8,17,11.9,7.1,11.9,2,2522095.5,9
116,83,571,30.5,56.4,39.1,103,112.1,13.8,66,65.1,47.8,29,8.2,1.11812393E7,11
116,84,214,5,20.4,10.5,31.7,41.1,3,37,43.1,9,12.2,1,4436710.1,7
116,85,391.5,15.7,37.5,28.1,60.9,74,7.1,62.2,57.9,21.1,25,2,7797240,13
116,86,104,5.5,8,10,16.1,33,4.5,3.9,7,8,7.1,0.9,2194733.6,8
116,87,57,1,7,5.9,4,21,1,6,6,2,3.1,0,1140417,5
116,89,593,25.7,39.8,35.2,107.1,123,15.4,87,87.1,30.5,34.2,8,1.24959935E7,17
116,90,36,3.5,2.1,1.4,9.9,5,3.5,5,0.7,2.8,2.1,0,660984.1,1
116,91,15,1.5,0.9,0.6,4.1,2,1.5,2,0.3,1.2,0.9,0,275410,1
116,92,165,9,13.2,5.9,29,30,2.9,35,20,9.1,9.9,1,3619786.6,7
116,93,530.5,18.1,51.5,37.6,72.1,138.8,10,70.9,66.1,21.4,33,11,1.08462704E7,15
116,94,360.5,29,35.9,13,83,77,14.5,37,26,18.9,17.2,9,7650342.1,8
116,95,27.5,1.5,2.7,0.7,1.5,6.8,0,3.7,8.3,0,2.3,0,636713.3,3
116,96,145.5,4,14,8.1,26.1,33,1,20.9,16.9,8.5,12,1,2754971.7,9
116,97,1064.5,49.9,91.9,65.6,148,228.9,16.1,169.1,161.9,49,71,13.1,1.99893773E7,11
116,98,3,0,0.3,0.3,0.6,0.6,0,0.6,0.3,0.3,0,0,53001,3
116,100,129.5,2.9,7.5,8.1,13,31.9,0,16.1,23.1,9,16,1.9,2947812.1,9
116,101,11,0.7,0.7,1,1.2,2.9,0.3,2,0.7,0.5,0.7,0.3,202294.1,1
116,102,158,6,26,10,28.1,31,7.8,12.1,20.9,3,13.1,0,3008474,5
116,104,375.5,21.1,25.5,25.1,79,65.2,7.7,39.8,48,38.2,19.9,6,7862369.1,13
116,105,2,0.1,0.1,0.2,0.6,0.3,0,0.1,0.3,0.1,0.2,0,39185.3,1
116,107,157.5,7,20,9,23,35.1,6.9,16,17.9,10.1,7.9,4.6,3284533.6,8
116,108,240,8.9,11,11.9,49,52.2,7.9,31.9,29,15.9,18.1,4.2,5295432.4,13
116,110,148.5,6,18.4,4.9,18.1,38.1,5,14.1,23.9,6.9,7,6.1,3464937.1,3
116,111,249,19.7,28.1,5,62,44,7,31,20,13,10.1,9.1,6160829.5,10
116,113,76,4,5.9,5.9,14.1,11.1,2,27.1,1,3,0,1.9,1584285.5,3
116,114,1425,67.7,144.1,70,265.8,312,42.9,175.1,172.1,106.5,44.2,24.6,3.17396593E7,17
116,115,165,7,26.5,4,21,43,1,29,14,10.5,4,5,3655911.1,5
116,116,4,0.3,0.3,0.1,0.8,1.1,0,0.2,0.3,0.4,0.4,0.1,114335.6,1
116,117,669.5,39.1,50.1,28.9,152.9,134,18.2,107.9,66.9,35.4,18,18.1,1.65351754E7,12
116,118,240,4,18,11,35.1,58.9,3,47,36,15,9,3,6235401.5,9
116,119,2453,137.1,205,159.5,491.8,488.1,54.5,336.8,273.2,170.1,82,54.9,5.06731168E7,19
116,120,8709.5,420.8,911,523.6,1628,1718.9,266.6,1078,1033,676.4,376.1,77.1,1.458018617E8,12
116,121,8072,436.9,794.4,589.1,1488,1444.2,235.4,996.9,896.1,577.9,510,103.1,1.290387312E8,14
116,122,8110.5,433,763.4,608,1626.1,1452.1,243.5,1063,871,520.4,407,123,1.341472059E8,7
116,123,3788.5,174.9,329.5,224.2,711,701.2,107.8,631.2,426,244.9,163,74.8,7.35101366E7,16
116,124,3809.5,224.2,404.2,282.5,807.4,815.9,115.4,393.9,304.9,276.6,126.2,58.3,6.79917731E7,23
116,125,3854,185,330.5,224.3,772.6,754.7,122.4,519.2,450.9,276.1,153.1,65.2,7.71054209E7,21
116,126,2877,143.2,290.9,148.4,553.3,631.9,72.1,330.1,324.9,237,101.1,44.1,5.86630414E7,14
116,127,2878,161.7,275.4,179.9,593.7,604.8,101.8,319,268.2,196.1,113,64.4,5.80535288E7,25
117,0,304.5,12.9,25.9,17.1,50.1,71.1,10.9,46,38.9,18.4,7.3,5.9,6216427.3,20
117,1,212,5.6,32,9.9,20.9,54.3,4.4,26.4,31.5,13,9.4,4.6,4560971.5,13
117,2,89,4,9.5,3.1,20,15,3.8,11.1,9.9,9.5,3.1,0,1762185.8,6
117,3,779.5,33.8,55.6,34.9,112,167,18,100.1,146.1,51.1,43,17.9,1.78466261E7,13
117,4,86,6.9,12,3.1,14,22,1,11,8.9,5.1,1,1,1859737.2,4
117,6,4,0,0.5,0.1,0.3,0.7,0,1,0.8,0.1,0.4,0.1,103616.1,2
117,7,2,0,0.3,0.1,0.1,0.3,0,0.5,0.4,0,0.2,0.1,51808.1,1
117,8,56,0,3.9,3.1,4.1,11.9,0,15,13.1,3.9,0,1,1534516.6,6
117,9,243,8,14.2,8.9,37,43.1,6,52.9,44.9,7.2,18,2.8,5797820.8,12
117,10,197,9.4,18,11.1,25.8,43.9,0.9,15.8,29.1,14.9,21,7.1,4737229.1,17
117,11,126,3.9,9,3,19,24,3.1,22,18,15.9,6.1,2,2903423.4,4
117,12,211.5,11.2,9,9,32.1,46.9,11.7,39.1,27,9.5,10.1,5.9,5243655.4,14
117,14,609.5,18.9,68.9,21.9,86,151.2,14.1,81.9,73.1,50.6,23.9,19,1.41131985E7,19
117,15,15,1.3,1.3,0.4,1.5,3.2,0,1.5,4.5,0.8,0.5,0,367089.6,3
117,16,8,0.3,1.1,0,1.9,2,0.1,1.3,0.1,0.7,0.3,0.2,240497.9,1
117,17,178,12.9,19.5,7.1,33,39,4,19,19,17.5,7,0,4167235.9,3
117,18,71,1.8,5.2,3,7.7,22.2,1.9,12.9,11,2,2.2,1.1,1486812.8,10
117,19,95.5,5.9,7.6,5,22,20,3,17,7,6,2,0,2325280.9,5
117,20,1066,45.9,104.9,62,181.9,220,30,116.1,135.9,89,63.1,17.2,2.22701708E7,11
117,21,36,2.9,3.6,1.4,7.9,7.9,1.4,5.8,2.2,2.9,0,0,804219.4,6
117,22,12,0,0.8,1.1,2.2,2.2,0.2,2.9,0.6,1.3,0.7,0,308744.8,2
117,23,237,8,23.8,22,34.2,57,7.1,32,19,18.9,7,8,6190776.4,10
117,24,28,2,0.8,0.9,6,3.9,0,4.2,6.1,2,0,2.1,663657.1,9
117,25,107.5,3.4,8,4.9,14.1,34,7.5,16,6.1,8.6,2.8,2.1,2739754,10
117,26,182,8.9,12.3,12.1,26.9,47.9,2,26.3,20.8,13,9.8,2,4744196.5,22
117,27,43,2,3.1,5,12.9,8,0.9,3.9,5,1.1,0,1.1,1176798.7,4
117,28,77,4,10.5,3.3,12.1,23.1,0,9.9,3,4.2,0.9,6,1688036,9
117,29,236,6.9,19,22.1,28.9,53.2,4.9,40.9,25,15.9,11,8.2,5866831.8,14
117,30,107,3.9,3.9,7.2,19,24.8,3.9,21,9.2,9,4,1.1,2963111,11
117,31,784,42.4,83.3,43.1,131.7,177.1,17,104,102,51.3,18.1,14,1.94887087E7,30
117,32,374,13.7,53.9,25.2,47.3,111,4.9,37.8,36,22,5,17.2,8463974.4,13
117,33,521,31.8,61.8,25.3,94,133.3,14.1,52.8,30.1,43.7,15,19.1,1.25534349E7,21
117,34,324,14,21.1,14.1,59.1,68.1,9,51.8,45.8,20.1,12.9,8,8003883.6,12
117,35,48,1.5,4.8,4,4.2,13.1,0.8,5.7,6.6,4,0.8,2.5,1394972.9,7
117,36,133,5.9,12.4,1.6,25.6,29.4,3.2,17.7,12.8,15.3,1.9,7.2,3086875.4,16
117,37,2182,108.7,241.4,143.9,395.9,521.1,58.4,212.1,184.2,176.8,74,65.5,4.89761879E7,18
117,38,4402.5,247.3,399.2,250.6,879.6,838,133.4,534.1,514.9,327.3,219.1,59,9.06220548E7,24
117,39,4927.5,263.1,473.3,356.8,961.7,1045.9,120.9,574.9,489.2,295.5,220.3,125.9,1.043687002E8,25
117,40,357,14.8,29,17.9,51,84.1,12.2,46,48.1,20.1,21.8,12,9232769.8,9
117,41,69,2.8,6,1.9,14.1,18,1,9,6,3.9,3.1,3.2,1856238,7
117,42,4,0.4,0.5,0.2,1,0.6,0,0.8,0.1,0.2,0.1,0.1,109343.4,1
117,43,2,0.2,0.3,0.1,0.5,0.3,0,0.4,0,0.1,0,0.1,54671.7,1
117,44,9,0.4,0.7,1,0.5,2.3,0.2,1.7,1,0.3,0.7,0.2,201512.3,1
117,45,477,19,55.1,26.9,92,113.1,14.9,42,46.9,36.1,21.9,9.1,1.12308654E7,7
117,46,6,0.6,0.4,0.4,1,1.4,0,1.4,0.6,0,0,0.2,129814.6,3
117,47,15,1.4,0.9,0.9,2.6,3.5,0,3.5,1.7,0,0,0.5,324536.4,4
117,48,81.5,4,11,4.4,11,20.1,1,9,7,8,5,1,1679805.2,3
117,50,120,7.1,9.4,8.2,25.5,24.4,3.8,20.1,10.6,6.7,4.2,0,3126219.1,12
117,51,411,18,40.2,15,82.1,82.1,13,51,49.2,36.3,20,4.1,9064549.3,18
117,52,267,17.9,22,11.1,55.9,49.9,5,46.9,26,12,13.1,7.2,6294028.6,5
117,53,11,0.2,1.5,1.1,1.6,2.7,0,2.2,0.7,0.2,0.4,0.4,260053.7,4
117,55,2956.5,115.9,263.2,173.6,489.8,588.8,69.1,405,406,175,204,66.1,6.37206781E7,23
117,56,5580,306.4,550.1,464.1,1109.8,1085.8,158.9,613.2,545.1,398.7,251,96.9,1.004953948E8,18
117,58,118,6.9,7,7.1,23,30.8,4,10.9,16.1,7,4.1,1.1,2809265.5,9
117,59,53.5,2.9,4,0.9,13,16,1.5,3.1,4.1,3,4.1,0.9,1524389.3,5
117,60,123,4.9,10.9,4,15.1,30.8,2.9,22.9,17,9.1,3.3,2.1,2888581.4,6
117,62,85,2,7,3.9,9,19,5,10.2,20.9,6.1,0.9,1,1996239.6,10
117,63,310,15.6,42.4,16.9,56.2,65,3.9,40.9,27.1,28.8,8,5.2,6254282.4,16
117,64,521.5,18.9,70.8,30.6,94.8,123.1,13,58.2,41.1,50,12,9,1.05678189E7,15
117,65,347,8,42.9,16.9,62.9,79,9.1,60,27,28,9.1,4.1,7845689.4,9
117,67,203,10,30.1,16.8,35.9,58.5,7.4,17.9,6.2,17.2,2,1,4411049.1,14
117,68,12,1.7,1.1,1.2,2,2,0.1,1.8,1.2,0.1,0.4,0.4,281892.5,2
117,69,5,0.7,0.5,0.5,0.8,0.8,0,0.8,0.5,0,0.2,0.2,117455.2,2
117,70,215.5,15,17.5,10.6,47.5,40,9,17.9,19,31.9,2,5.1,4671526.5,7
117,71,88,1,3.9,5.2,10.9,16,6,16.9,14.9,6.1,5,2.1,1942946.3,8
117,72,430,22.4,39.3,10,78.8,92,8.9,61.3,56.1,28.6,24.6,8,9229621.1,15
117,73,635,29.1,51.5,38,111.1,126,19,95.9,75.8,48.5,23.1,17,1.43052622E7,12
117,74,888,42.8,96,51.8,126,185.1,24.2,103.9,142.8,62.2,37.1,16.1,18684712,14
117,75,46,1.9,3,4.1,1,13.9,0,3,12,2,4.1,1,1034459,3
117,76,4,0.4,0.3,0.1,0.8,1.2,0.1,0.4,0.3,0.1,0.3,0,90666.1,2
117,77,38,3.7,2.7,0.9,7.2,11.7,0.9,4.6,2.7,0.9,2.7,0,861328.7,5
117,78,802,46.9,96.5,38.9,149.1,155,34.1,85.8,71.2,76.5,37.8,10.2,1.48223648E7,16
117,79,57,0,3.9,1,10,9,2,10.2,2.8,5.9,10.2,2,1387806.8,8
117,80,195,9,22.1,11.9,40.2,47.1,9.9,20.9,10.1,19.9,2.9,1,3642281.7,10
117,81,126.5,6.9,12.9,1,17.6,28.5,4.7,13.8,23.7,8.6,6.8,2,2824317,4
117,82,204,14,25,8,36.8,46.1,10.1,16.9,17,11,14,5.1,4171275.8,6
117,83,261,10.9,18.4,18.1,43.1,51.9,3.4,51,37.1,12.1,14,1,5475752.7,8
117,84,223,7.4,21.9,16.6,41.1,47.4,6.3,20.8,36.5,14.4,9.6,1,4683505.5,9
117,85,8.5,0.5,0.9,0.5,1.8,1.7,0.3,1.3,0.5,0.4,0.4,0.2,171607.4,2
117,86,509.5,19.9,41.2,27.8,81,101.1,13.1,78.3,61.1,32.3,46.7,7,1.00998708E7,14
117,87,260,9.2,24,18,43.9,49,5.8,34.1,42.8,23.1,7.1,3,4662136.7,16
117,88,61,1,7.9,2,12,13.9,2,10,8.1,2.9,0,1.2,1023723,7
117,89,67,2.1,3,5,12,14.9,0.8,13.2,12,2.1,0.9,1,1709166.3,8
117,90,321,9,24,19,55,66,7,53,39.1,22,20.9,6,6921289.7,5
117,91,142,9.9,14,4,28.8,28.1,5,29,8.1,11,2.1,2,3158197.1,9
117,92,365,13.9,36.1,31.4,47,89.1,9.9,53,40,20.6,19,5,7540158.9,6
117,93,147,6.9,12.1,2,33.1,16.1,7.9,28,16.9,14,9,1,2933006.7,11
117,94,9,0.5,0.9,0.3,0.5,2.2,0,1.2,2.7,0,0.7,0,208378.9,2
117,95,72,3,4,5,5.1,12,1.5,24.9,10,2.5,2,2,1600577.4,7
117,98,15,0.7,1.5,0.7,3.5,2.5,0.3,2.3,1.9,1,0.6,0,265004.8,3
117,99,511,22.9,36.7,32.1,99.7,90.1,10.8,66.6,78.8,34.1,31.3,7.9,1.06692395E7,19
117,100,34,2.3,2.3,3,3.8,8.8,0.7,6.1,2.3,1.5,2.5,0.7,625272.7,6
117,101,248,14.9,24.9,16,51,47,6.9,25.1,24.1,19,12.9,6.2,4490226.9,13
117,102,821.5,28.6,95.4,59.4,122.9,171.2,18,109,91.8,55,59.1,11.1,1.56032569E7,12
117,103,194.5,7.8,13.1,14,40.2,41.8,2.1,36,15.3,12.3,11.9,0,4152983.8,13
117,104,392.5,24.9,38.1,22.9,91.1,72.1,10.8,43,37.2,23.4,28,1,7448036.3,10
117,105,202,8.9,18.8,8.8,41.4,46.7,6.7,18,22.9,14.9,10.9,4,3967741.7,10
117,106,328.5,11.8,34,17.8,64.1,76.2,7,29.1,46.8,21.6,15.1,5,6563375.5,11
117,108,212.5,7.9,19.4,18,34,53.2,3,22,23,14,16,2,4682581.6,6
117,109,383.5,30.5,46.8,15,56.9,87.1,8,33.1,53.9,18.9,25.1,8.2,7878679.6,12
117,111,1079.5,57.2,96.7,52,253.1,217.1,33.9,109.8,105,84.6,49.1,21,2.36244942E7,28
117,112,240.5,14,15.4,16,48.9,51,8,38.1,18.1,14,10,7,5660034.1,7
117,113,291,10.9,29,21,44,60,5,52,35,20,12.1,2,6429511.7,4
117,114,538.5,29,46.4,29.8,90.3,113.1,15.8,71.1,62.2,30.9,44,5.9,9815966.2,8
117,115,3203.5,134,293.4,157.7,571,691,75.5,375.2,429.9,242,175.8,58,6.53087176E7,13
117,116,577,47,34.6,16.5,144.9,98.8,17,83.9,69.1,42.1,16,7.1,1.39401937E7,8
117,117,218,11.7,18.1,6.9,44.1,44.9,2,24.8,22.7,21.1,16.8,4.9,5394148.7,4
117,118,144.5,9,16.4,8.9,23,39.1,3.1,19,7.1,10.9,5,3,3314438.8,4
117,119,2032,97,205.9,111.9,359.2,430,52.4,245.9,283,151.3,60.2,35.2,4.02817531E7,18
117,120,6166.5,347.5,631,448.5,1232.9,1157.1,176.5,811.8,539.1,465.2,281,75.9,9.62486065E7,16
117,121,11852.5,672.5,1046.7,843.6,2261,2195,334.8,1467,1494.1,807.8,547,183,2.059736265E8,13
117,122,5706,300.1,574.5,386.9,1109.1,1058,171.1,668.2,671.8,423.4,255.9,87,9.83769076E7,14
117,123,1275,66,100.9,61.5,235.1,250.9,32.6,168,192,84,63,21,25529124,8
117,124,2948,138.1,286.8,149.8,575.8,562,94.6,372.8,348.1,247.7,134.2,38.1,5.50382879E7,21
117,125,626,37.5,56.3,37.5,165.1,143,20.5,37,39.9,57,19.1,13.1,1.26874062E7,9
117,126,7178,349.7,730.8,357.5,1327,1619.7,187.8,894,811.1,507,236.1,157.3,1.518113298E8,19
117,127,357.5,13.4,29.4,22.4,58.2,89.9,5,47,50.9,12,20.3,9,8134183.6,15
118,0,1224,61.5,119.4,65.9,225.8,262.7,33.5,148.2,146.2,97.6,41.4,21.8,2.80134362E7,19
118,1,435,16.9,46.9,20.8,57,95.1,7.9,59.3,63.2,27.1,22.8,18,9789814.8,12
118,2,15,1.3,1.5,0.9,3.3,3.4,0.6,1.5,0.7,1.8,0,0,315479,3
118,3,110,2.7,7.1,10,12,27,0,12.1,25,9.1,3,2,2538251.4,7
118,4,524,23.9,61.1,30,77,108,13.1,69,63,48,19,11.9,1.10318025E7,5
118,5,129.5,4,10.4,4.9,23.1,28.1,1,21.1,19,7.9,5,5,2781489,3
118,7,240.5,6,22.7,12.2,40,45,4.5,39.8,32,14,16.2,8.1,5467654.9,14
118,8,1526,65.5,171.4,107.5,226.1,311.9,37.4,190,195.1,114,84,23.1,3.00936648E7,10
118,9,1496.5,55,125.5,107.5,231,287.1,23.8,205,206.8,72.7,160,22.1,3.12035648E7,23
118,10,5,0.2,0.5,0.4,0.9,1.1,0,0.4,1,0,0.1,0.4,113400,3
118,11,516.5,28.1,46.3,36.9,79,112.9,7.1,61.9,75.7,21.5,40.9,6.2,11927497,16
118,12,160.5,11.9,15,10,32,28,8,23,13,12.5,4,3.1,3394597.7,6
118,13,553,20.9,52.3,39.6,84.9,131.9,8.8,71.2,72.1,39,25.3,7,1.19786312E7,8
118,14,16,0.3,0.6,0,3,3.1,1,1.9,3.1,1.4,1.5,0.1,413547.8,5
118,15,871.5,39.1,73.8,63,132.9,210.9,22.1,116.1,106,53.1,37.7,16.8,1.98770133E7,11
118,16,2,0,0.1,0.1,0.4,0.6,0.1,0.3,0.3,0.1,0,0,48121.3,1
118,17,69,1.6,5.2,3.2,17.6,16.7,3.2,9.6,4.6,5.5,1,0.8,1806432.3,7
118,18,3,0.2,0.7,0.1,0.4,1.1,0,0.1,0.2,0.2,0,0,98034.7,1
118,19,18,1.1,4.2,0.4,2.3,6.8,0,0.7,1.4,1.1,0,0,588208.2,3
118,20,201,9.1,18.7,10.1,31,44.9,4.1,25.1,32,13.1,10.9,2,4563929.7,12
118,21,27,0.7,0.8,0.8,2.4,7.2,0.8,7.2,3.9,1.6,1.6,0,536330.7,4
118,22,8,0.4,1.1,0.4,1.2,1.9,0.3,1.2,0.5,0.4,0.1,0.5,193129.1,3
118,23,347.5,19,39.9,8.2,77,70.9,14,30.1,23.9,40.7,15.9,7.9,8580183.3,9
118,24,62,1.1,6.1,4.9,6.1,20,1.2,6.8,4.1,6.7,1.9,3.1,1659030.7,10
118,25,135,7.6,19.2,6.9,16.1,51.8,5,11.1,5.1,8.9,1,2.3,3278434.8,14
118,26,315,20.8,32.5,14,58.1,81,9.1,33,26,32.5,2.9,5.1,7256880.6,11
118,27,776,42.1,113.4,55.4,139.9,201,17.4,68.1,36.1,65.6,21.1,15.9,1.64077913E7,11
118,28,77,3.9,5,5,9,15,3,17.1,14,2.9,0,2.1,1857356.4,8
118,29,151.5,5.1,17,7.7,21,35,6.1,24.1,24,8.6,2,0.9,3842481.6,13
118,30,154,9.7,17.9,12.3,18.4,37,0.7,23.9,15,4.9,8.3,5.9,4109850.1,21
118,31,998,51.9,101,55.1,176.8,242.2,28,112.7,96.1,78.4,33.1,22.7,2.43008147E7,25
118,32,277,8.1,24.9,14.9,33.9,64.9,10.1,48,29.9,19.2,9.7,13.4,6578880.6,25
118,33,171,9.7,20.2,12.8,27.1,42.9,6.8,19.1,12.2,13.1,3,4.1,3934361.8,13
118,34,346,15.8,27.3,18.5,78.9,77.3,14.4,47.1,23.9,21.8,12.1,8.9,8338965.8,17
118,35,124,4.9,16,5,21.1,35,4,15.1,7.2,12.8,2,0.9,2867068.6,11
118,36,702.5,34.4,65.5,35.2,104.9,150.1,17.5,92.7,108.2,48.8,29.1,16.1,1.73710741E7,26
118,37,544,29.3,52.5,24,106.1,126.9,18.2,60,62.9,41.1,12,11,1.26627609E7,15
118,38,194.5,8.9,23.5,8.1,41,42,7.9,26,13,15,4,5.1,4663778.3,9
118,39,179.5,11.1,17.4,8.2,35.9,37.9,4.2,18.1,19,16.9,6.8,4,4340943.9,12
118,40,797.5,39.9,74.6,35.2,153,169.8,32.9,117.6,75.3,60.9,19,19.3,1.79727754E7,21
118,41,291,8.9,33.2,15.9,46.9,69.9,9.2,35.1,29.2,21.7,10.1,10.9,7057148.6,20
118,42,32,0,3.9,4.8,1.5,11.3,0,5.7,0,3.2,1.6,0,598030.9,3
118,43,271.5,17,27,21.2,48.5,66.7,4.9,28.3,21.1,21.3,9.5,6,6390193.6,8
118,44,8,0.7,0.7,0.4,1.3,2.1,0.2,0.7,0.9,0.3,0.7,0,190341.5,2
118,45,222,8,24,14.9,39.9,42.2,2,30.9,16,26.1,8,10,4879013.9,7
118,47,126,15,13,5,25.9,29.1,4.9,10,10.1,9,2,2,2779413.8,9
118,48,6,0.1,1.2,0.1,0.5,1.7,0.1,0.9,0.5,0.1,0.5,0.3,140531.5,1
118,49,10,0.2,2,0.2,0.8,2.8,0.2,1.5,0.8,0.2,0.9,0.4,234219.2,3
118,50,44,1.9,3.1,1,12.1,9.9,0.9,3.9,3.9,3.1,3.2,1,998936.6,8
118,51,1259,63.1,105.3,68.6,258.9,238,37,149.8,165,79.2,67,27.1,2.72886967E7,19
118,52,617.5,30.9,41,38.1,118.2,124.9,15,103.9,80.1,30.6,26.9,7.9,1.26583494E7,9
118,53,91,4.8,6.8,3.3,15.3,15.8,2.1,16.6,14.1,4.3,4.6,3.3,2232525.7,4
118,54,50,2.3,4.1,1.7,5.3,10.6,1.4,11.7,4.8,2.4,5.7,0,1200551.6,4
118,55,2,0.1,0.3,0,0.2,0.4,0.1,0.3,0.3,0.1,0.2,0,46117.1,1
118,57,3,0.1,0.2,0.2,0.5,0.8,0.1,0.3,0.4,0.2,0.1,0.1,78148.8,1
118,58,285.5,9.1,27.9,22,47,69.2,10,31.8,28,23.7,13.8,3,6107842.5,12
118,59,73.5,3.1,4.9,2,15,18.9,2,10,3,7.6,6,1,1649245.3,5
118,60,45,0.9,5.1,1.1,9,9.9,0,3.9,7.1,3.9,4.1,0,1046139.3,4
118,61,15,0.8,0.8,1.6,2.7,4.8,0.6,1.6,0.1,1.2,0,0.8,342424.7,4
118,62,400.5,19,44.5,24.1,84,87.1,15,52.4,18.9,27.8,12.8,14.9,8354956.7,15
118,63,371.5,15.8,22.9,25.3,74.7,70.8,14.8,52.4,42.8,32.5,15.4,4.1,7777483.7,20
118,64,558.5,26.9,44,33.9,112.2,96,4,88,84.8,34.7,27,7,1.18585829E7,9
118,65,15.5,0,1.4,0.7,1.7,2.5,1.4,2.5,3.1,1.4,0.8,0,327390.1,1
118,67,22,0.8,1.5,2.2,4.7,3,0,3,3,0.8,0.8,2.2,610605.4,3
118,68,198.5,4.4,18.1,7,25.9,57,1.9,22.8,28.1,20.1,9.2,4,4134912.8,7
118,69,13,1.8,1.1,1.3,2.2,2.2,0.1,2,1.3,0.2,0.4,0.4,305383.6,3
118,70,75,2.1,9.5,0.5,4,16.9,2.1,8,12.9,6.1,8.9,4,1538309.1,8
118,71,563,16.8,46.1,37.9,76.8,147.9,9.1,75,77,42.1,19.1,15.2,1.28526762E7,17
118,72,34,0.8,4.2,2.6,4.3,10.4,0,4.4,0.8,1.9,2,2.6,726143.4,6
118,73,5,0.1,0.6,0.4,0.6,1.5,0,0.7,0.1,0.3,0.3,0.4,106785.8,1
118,74,507,28,52.1,22,90.8,99,13.1,69.9,62.1,40,22,8,1.14116519E7,15
118,75,223,9.9,18.9,13.1,31.9,38.1,9.9,44.1,29.2,11,11.9,5,5068738.8,10
118,76,2,0.1,0.2,0.2,0.4,0.4,0,0.1,0.2,0.2,0.1,0.1,44856.7,1
118,77,424,23.9,53.3,28.1,85.2,91,16.8,45.1,37,31.3,6,6.3,8628077.3,14
118,78,809.5,28.8,90.4,47.1,122,175.2,20.6,98.1,127.9,49.4,37,13,1.55153363E7,14
118,79,409.5,18.8,51.8,32,74.3,91.9,9.3,42.8,48.1,25.4,7.1,8,7769782,23
118,80,47,1.5,6.6,2.5,4.8,13.9,0,8.9,3.2,4,0,1.6,992352.3,8
118,81,359,15.7,37.3,23.2,48,77.2,8,53.9,48.9,26.7,19.1,1,7590537.7,13
118,82,1278,41.9,105.3,75.2,173.7,266,32.2,195.7,185,74.5,110.3,18.2,2.51311933E7,23
118,83,837,27.5,67.7,46,120.8,182.9,18.1,121.1,108.9,55.9,80,8.1,1.57491749E7,13
118,84,107,5.3,7.5,3.7,15.2,25.9,0.7,16.2,17.7,5.9,8.2,0.7,2509909.5,11
118,85,193,7,13.4,11.1,28.7,45.9,4,28.2,36,9.6,6,3.1,4586260.6,12
118,86,12,1.3,0.4,0.7,2.5,3,0.9,1.3,0.7,0.7,0.4,0.1,224946.7,2
118,87,73,7.7,2.6,4.3,15.4,18.1,5.1,7.7,4.5,4.2,2.6,0.8,1368425.4,7
118,88,92,4.9,6.9,8.1,19,23.1,3.1,9,6,9.9,1,1,1654903.3,9
118,89,495,14.8,45.3,25.4,84.1,105.1,5.8,73.8,76.1,24.3,28.1,12.2,1.06953323E7,20
118,90,90.5,2,11.8,7.9,21.8,13.9,3.4,8.9,8,7.8,3,2,1637933.7,4
118,91,167,13,14.9,10.9,35,33.2,5,20.9,18.1,9.9,6.1,0,3919326,9
118,92,188.5,14,19,12.9,46,29.1,4,13,15,23.5,11,1,3600434.2,4
118,93,252,16.1,22,15.9,48.9,38.1,3.9,42.1,29.1,10.9,15,10,4784692.3,10
118,94,8,0.9,0,0.3,2.6,1.5,0,0.9,0.6,0.3,0.9,0,218855.8,1
118,95,244.5,5.5,15.2,21,32.9,50,4,38.1,33,17.7,23.2,3.9,5160933,15
118,96,11,0.1,1.3,1,1.7,2.7,0,1.1,1.4,1.1,0.5,0.1,202363,3
118,97,244,10.9,25.5,11,58,51,14,23,20.9,19.5,9.1,1.1,4963005.7,6
118,98,169,1,9,17,13.9,35,1,39.1,31,4.9,11.1,6,3189867.1,6
118,99,302,12.6,18,18.7,59,63,4.1,39.9,45.1,21.4,19.1,1.1,5839635,12
118,100,5,0.3,0.4,0.3,1.1,1.1,0,0.5,0.7,0.3,0.3,0,111133.8,1
118,101,372,14,25,29,61,83,11.9,56,45.1,27,15,5,7456879.9,7
118,102,423,24.9,38.9,19.4,76.8,81.3,12.8,50.5,52.2,34.9,27.6,3.7,8157507.8,13
118,104,467,28,43,26,107.1,100,19.9,34,45,41,20,3,9542765.5,11
118,105,2,0,0.2,0,0.4,0.5,0.1,0.3,0.3,0.1,0,0.1,31293.5,1
118,106,2,0,0.2,0.2,0.3,0.4,0,0.2,0.3,0.3,0.1,0,39692.1,1
118,107,789.5,38.9,88.1,41,180,171,23.9,70.2,62.1,67.4,31.9,15,1.58961581E7,18
118,108,3,0,0,0.3,0.7,0.9,0,0.6,0.4,0,0,0.1,74419.8,1
118,109,143.5,4.5,6.8,5.8,21.3,28,2,23.5,23.6,7,12.1,8.9,3021297.7,6
118,111,70,2.1,8,3.1,13,16.1,1,7,10.9,3.9,1,3.9,1883048.4,9
118,112,228,7,28,3.9,45.9,40.9,5,41.1,27.1,18.1,5,6,5592025.9,4
118,113,150,7,20.1,7,29,35.1,0.9,21,16,13,0.9,0,3319394,5
118,114,434,24.9,41.6,21.5,72.9,85,9,68,58,32,14.1,7,8967711.4,6
118,115,1317,96,116.9,70.1,321.1,242,44.9,121,106,113.9,63.1,22,2.60666054E7,7
118,116,402,32.5,50,16,89,66,17.5,35,30.9,37,21.1,7,8036062.9,4
118,117,450.5,25,40.4,21,71,97,13.1,63.1,57,23.9,29,10,9967605.4,3
118,118,215,5.1,26,7.1,29,54.9,2.1,27.9,38,9.9,10.9,4.1,5232368.7,7
118,119,1589,86.9,168.9,94.9,295.9,333,35.9,189,178.2,115,50.1,41.2,35883016,10
118,120,7760,397,812,577.9,1511.1,1603.5,216.9,923.9,740.1,544.6,299,134,1.413271938E8,11
118,121,12566,763.9,1084.2,933.5,2585.9,2212,359.4,1555,1430.1,835.9,636,170.1,2.198130559E8,12
118,122,3768,215.8,341.8,205.8,818,766,125.4,412.2,433.1,296,94.9,59,7.76726085E7,16
118,123,7149,370.4,694.2,449.6,1353.7,1401.3,197.9,815.1,908.1,506.5,348,104.2,1.326276613E8,19
118,124,5185,342.6,489.2,346.3,1142.9,998.9,140.6,607.9,471,389.5,177.1,79,98742416,13
118,125,2408,116.5,213.5,166.9,441.9,442,45.9,355,297,132.1,144,53.2,4.66174977E7,18
118,126,2993.5,134.9,326.5,190.4,534,739.9,76.1,389,227.1,198.5,71,106.1,7.12432019E7,5
118,127,7704.5,401.4,732.5,449.6,1488.8,1516.1,187,1022.9,861.2,529,316,200,1.630341516E8,18
119,0,20,3.2,2.1,0,3.6,4.7,0,3.2,1.1,2.1,0,0,437796.8,2
119,1,18,2.9,1.8,0,3.4,4.3,0,2.9,0.9,1.8,0,0,394017.1,5
119,3,56,2.7,3.4,3,7.6,15.6,1.5,9.4,4.6,4.2,4,0,1279549.9,5
119,4,313,21,27,18.9,57,55.1,6,39,46,19,19,5,6814083.6,5
119,5,258.5,6.5,27.5,15,35.9,62.1,5.5,36,32.1,16.9,15.1,5.9,5717633.8,5
119,6,195,18.9,18,8.9,39,38.2,8,21,16,17.9,6.1,3,4169044.6,7
119,7,69,0,8.2,1.6,8.6,13,0.9,15.4,12.9,2,5.4,1,1868753.4,4
119,8,36,0.9,0.9,1.2,7,5.8,0,6,5,5,3,1.2,759271,7
119,9,298,10,28.8,21.1,41,72,6.9,44.9,41,13.1,16,3.2,7443337.2,17
119,10,23,1.5,2.5,1.7,4.1,4.9,0,1.7,4.1,0,0.8,1.7,521640.2,3
119,11,457,23.9,48,25.9,67.1,121,12.9,60.1,44,30.1,14,10,9896591,6
119,12,716.5,27,81.4,45.7,98,176.3,20,105,72.9,46.5,24.8,18.9,1.61302408E7,14
119,13,154.5,4,15,7.9,21.1,28.9,4.2,24,26,9.4,9,5,3539381.2,8
119,14,1723.5,73.9,196.5,119,262.9,378,49.5,192.9,189,135.4,113.2,13.2,3.32996792E7,23
119,15,1376.5,46.5,124.5,84.1,196,287.9,29.8,232.1,194.1,85.6,69.1,26.8,2.99746392E7,21
119,16,10,0.2,0.6,0.6,2.1,2.9,0.6,1.2,1.2,0.4,0,0.2,240606.6,1
119,18,48,1.7,8.2,3.7,6.9,15.6,0.4,4.1,5.8,1.6,0,0,1314050.2,9
119,19,4,0.2,1,0,0.4,1.6,0,0.2,0.4,0.2,0,0,130713,2
119,20,174,2.9,17,15.1,21.1,39,1.9,42.1,18,3.9,5.9,7.1,4297355.3,8
119,21,7,0.2,0.2,0.2,0.6,1.9,0.2,1.9,1,0.4,0.4,0,139048.7,1
119,22,84,7,11,2,9.1,17.8,0.9,12.9,14.9,1.1,4.3,3,1995929.4,10
119,23,51,2.5,6.9,2.6,7.9,11.3,1.7,7.9,3.4,2.6,0.8,3.4,1231197.6,5
119,24,177.5,14,16,12.1,38,37,3.5,29.9,12.1,8.9,5,1,4372780,9
119,25,32,0,4,0,2,11,0,4,2,2,5,2,859755.7,4
119,26,70.5,0.8,5.1,6.1,9.9,23.1,0,2,9.9,7.5,3,3.1,1645249.4,12
119,27,137.5,5.5,17,8.9,25,24.1,5,12.9,18.1,8.9,7.1,5,2996691.4,7
119,28,825,48.2,75.4,40.4,159.7,145.1,33.4,94,108.2,57.2,41.2,22.2,1.89480332E7,21
119,29,132.5,12.1,11.6,6,16.9,39,3,12.8,15.9,6.1,5.1,4,3198203.3,11
119,30,701.5,27.4,67.9,43.8,131.9,161.4,17.4,88.5,73,55.6,20.8,13.8,1.68373631E7,32
119,31,74.5,3.8,0.3,1,13.2,20.2,3.2,6.9,19.1,5.8,1,0,1692370.3,16
119,32,455.5,20.8,35.2,26.5,67.9,122.6,4.8,49,56.5,37.3,23.9,11,1.17717126E7,27
119,33,155,5.1,15.6,5.9,29.8,26,3.1,37.8,17.1,8.5,2,4.1,3861254.9,8
119,34,156,10.7,17.2,6.8,29.2,43.8,6.9,13.1,11.9,12,2.3,2.1,3425461.7,13
119,35,87.5,4,4.6,5.1,13.9,23,1.9,12.1,7,9.9,5,1,2152693.6,6
119,36,879.5,38.5,98,40.8,137.1,221.1,18.1,126,94,55,25,25.9,2.09823534E7,34
119,37,305,14.9,43,19,44.9,87.9,8.8,27.1,26.2,19.1,8.1,6,7055263.3,18
119,38,182.5,14.1,10.4,10.9,31.8,38.9,5.1,18.9,25,14.1,7.2,6.1,4085054.7,13
119,39,422.5,20.9,32.6,29.2,70,98.2,9.1,61.1,49.2,32.4,9.8,10,1.03745466E7,19
119,40,1059,42.9,109.9,54.2,192.3,242.7,24.9,153.8,99.4,86.8,26.9,25.2,2.44562495E7,25
119,41,478,14.9,43.9,26.5,71,111.8,9,75.1,55.9,39.6,21.2,9.1,1.23078813E7,31
119,42,604.5,47,58,38,117.9,121.9,16.1,66.1,62.1,38.2,25.3,13.9,1.33572271E7,16
119,43,342,21.8,33.1,11.1,69.1,64.7,7.9,48.9,37.2,27.2,11,10,7735054,13
119,44,27,2.2,2.2,1.5,4.6,7,0.8,2.4,3.1,0.8,2.4,0,642402.3,4
119,45,88,0.8,9.1,2.9,13,20,1,11.1,16.1,8,5,1,1933624.7,5
119,46,259.5,13.8,20,11,50.9,55.1,7.1,32.1,32,21.5,9,7,5583531.1,7
119,47,131,4.9,20,11,13,35,1,13.9,12.1,10.1,9,1,2929248.3,7
119,48,198,10.9,21,12,32.8,39,7.9,31.2,16,15.1,8,4.1,4399393.7,9
119,49,74.5,0.6,15,2.1,2.6,26.7,0.6,7.6,9.6,1.6,5.9,2.2,1744791.4,12
119,51,58.5,1,8.5,5.9,8,11,1.1,6.9,8.1,5,1.9,1.1,1131062.1,6
119,52,257,9.8,31.9,9,41.9,57,3.8,28.3,32.1,21.1,17.1,5,5926588.6,23
119,53,21,1.2,1.2,0.8,4.8,3.2,0.7,4.3,2,1.6,0.4,0.8,471731.4,3
119,54,13,0.6,1.7,0.2,1.3,2.8,0.6,2,2,0.7,1.1,0,299761,4
119,55,417,9.9,46,31.1,56,96.7,5.1,82.1,45.9,22.9,12.1,9.2,1.03688024E7,10
119,56,125,1.8,5.5,8.7,17,30.8,1.9,19.5,24.2,6.6,5,4,3191505.3,7
119,57,2,0.1,0.1,0.1,0.3,0.5,0.1,0.2,0.3,0.1,0.1,0.1,52099.2,1
119,58,377.5,14.1,31.4,16.8,59,96,11.4,54.3,53.1,20.4,13.1,7.9,9374351.5,21
119,59,42,4,4,0,10.9,6.8,1.1,5,3,5,1.1,1.1,902806,6
119,60,41,2.1,2.1,4.5,7.3,13.2,1.5,4.5,0.6,3,0,2.2,935961,5
119,63,227.5,7.8,17,16.8,38.8,54.3,4.9,34.7,20.2,17.5,12.2,3.3,4987200.3,17
119,64,1357.5,49.6,123,74.9,240.9,267.4,32,201.1,173.7,81.2,90.1,23.6,2.83881827E7,26
119,65,543.5,26.2,47.9,36.6,93.4,119.4,18.6,64.7,66.1,38.5,23.3,8.8,1.14760908E7,17
119,66,438,22,50.5,26.7,77.2,99,17.4,46,38,41.9,14.2,5.1,9657371.5,21
119,67,7,0.2,0.4,0.7,1.4,1,0,1,1,0.3,0.3,0.7,194283.5,2
119,68,49,2.8,4,1,7,11.2,0,7.1,10,2.8,3.1,0,1296855.7,8
119,69,27,3.8,2.2,2.7,4.5,4.5,0.2,4.1,2.7,0.5,0.9,0.9,634258.3,3
119,70,83,1.8,10.9,7,9.9,17,1.1,12.1,11,4,5.1,3.1,1655873,9
119,71,517.5,37.1,59.2,26.1,108.1,101.9,15.7,60.9,51.9,36.3,12.1,8.2,1.04808575E7,21
119,72,54.5,6.9,4,1,15.1,6.9,0.9,10,3,4.5,1.1,1.1,1178591.7,5
119,73,386.5,29.8,37.5,28,73.1,77,8.8,44.3,44.6,32.2,8.2,3,7834931.8,18
119,74,453,23.9,38,26.2,90.8,97,15.6,57.1,54.2,29.4,17.8,3,9276110.5,21
119,75,404.5,24,31.9,13.2,71,92.2,9.9,61.1,42.9,33.3,14,11,8673790.1,15
119,77,106,7,8.6,8.6,19.8,23.7,0.9,7.7,9.9,9.8,7,3,2377406.6,11
119,78,16,0.9,0.9,0.4,4.3,3.8,0.5,1.3,2.1,1.8,0,0,351055.9,3
119,79,21.5,1.3,1.3,0.6,5.8,5,0.8,1.6,2.8,2.3,0,0,471731.4,6
119,80,11,0.3,1.5,0.7,1.1,3.3,0,2.1,0.8,0.9,0,0.3,232252.7,4
119,81,62,0.9,6,3,13.1,16.9,4,6,3,4,5.1,0,1283580.2,3
119,82,673,29.1,59.4,37,103.1,124.1,19.4,90.9,106,41.9,45.1,17,1.28733041E7,13
119,83,3912.5,180.8,339.9,235.8,648,708.2,104.4,535.9,570.2,250.9,277.2,61.2,6.88447303E7,19
119,84,3,0.1,0.2,0.1,0.4,0.7,0,0.5,0.5,0.2,0.3,0,70371.3,2
119,85,10,0.5,0.7,0.4,1.4,2.4,0.1,1.5,1.6,0.5,0.8,0.1,234571,2
119,86,228.5,12.5,23,7.9,37.1,53,2.9,30,26,21,12,3.1,4419838.1,5
119,87,79,0,7.9,4.9,14.9,15.1,0.8,15,10.1,0.9,9.4,0,1817834.5,14
119,89,203.5,6.1,18.6,14.8,29,45.2,2.9,42.1,22.9,10.9,10,1,4515647.7,10
119,90,1,0,0.2,0.1,0.3,0.1,0.1,0.1,0,0.1,0,0,18019.6,1
119,91,152,7,12.1,16,27.9,36.1,0.9,13.9,20,10,4.1,4,3429246.8,9
119,92,24,1.5,2.5,1.5,3.5,6.2,0,3.2,1.9,1.4,1.1,1.2,458742.3,2
119,93,83,2.4,8,7.5,11.5,22.8,0,14.9,4,5.2,2.8,3.9,1627480.4,5
119,94,293.5,14,27.3,26,44.9,72,4,42.1,31,13.1,15,4.1,5884004.9,10
119,95,44,4.1,3,1.7,10.4,7.5,0,5.1,4.4,2.7,5.1,0,909634.8,2
119,96,55,0.6,6.8,5,8.4,13.3,0,5,6.9,5.8,2.5,0.7,1011814.9,7
119,97,241,14,20.9,17,38.2,52,5,32.1,31.9,17.8,10.1,2,4898443.4,8
119,98,132,9,10.5,8.9,28.1,25.9,1.5,16,15,6,11.1,0,2203680.9,5
119,99,291,17.8,26.1,15,54,53,11.9,36.1,40,22.9,9.2,5,6021190.8,9
119,101,125,4.7,13.6,5.8,24,28.1,1.9,10.3,17.3,10.6,8.7,0,2506227.8,9
119,102,19,1.1,2.1,0.6,5.2,4.9,1.1,0.2,0.8,2.1,0.6,0.3,440062,3
119,103,653,18.9,69,49.1,76.9,139.9,11,66.9,92.1,41.1,74,14.1,1.30111935E7,8
119,104,273,15,32.6,14,57.1,60.9,8.9,26.9,34.1,10.6,7,5.9,5465438.5,9
119,105,158,6,14.8,10.9,22.5,36.5,3,16.8,18.6,16.8,9.1,3,2907301.7,9
119,107,194,5.9,25.8,11.9,28.7,43.6,5,24.7,22.8,16.7,6.9,2,3977752.5,6
119,109,377,24.9,53.3,15.9,77,81,14,24.1,32.2,29.4,17.1,8.1,7914907.6,10
119,110,183.5,8.9,22.1,10.8,29.1,55,4,16.2,16.9,9.5,7.3,3.7,4145462.9,14
119,111,338,12.9,31.9,20,71,74.2,7,46,32,22,14,7,7276982.4,10
119,112,406.5,22,39.5,19,89,89,13.9,41.2,35.9,32.9,13.1,11,9297457.7,9
119,113,790.5,33.9,82.4,26.5,153,163,18.5,111.9,79,56.1,41.1,25.1,1.73266264E7,12
119,115,2420,108.1,219.9,146.1,443,482.8,56.8,305.1,354.1,147.1,109.8,47.2,5.01834403E7,12
119,116,1189,52,113.6,49,204,240.9,33,139.9,211.1,79.4,41,25.1,2.75398696E7,9
119,117,147.5,7,10,9,29.9,30.1,4.5,28.1,7,12.9,7,2,3397348.6,3
119,118,542,23,49.9,25,81,114,13.4,91.9,83,31.6,15.1,14.1,1.31296016E7,3
119,119,670,35.9,56.5,36,143.1,122.9,18.9,86.1,82.1,49.5,26,13,1.45379363E7,6
119,120,2786,169,228.5,188.4,652,487.2,98.9,292.1,291.1,216.7,123,39.1,5.34398435E7,13
119,121,4441,284.4,391,326.9,993.9,774.7,146,531.1,444.2,301.8,195,52,81929152,23
119,122,1040.5,35.9,95.5,71.1,198.1,254.1,17,175.9,69.9,78.9,27,17.1,2.34094808E7,8
119,123,1077.5,45.1,93,62.5,172.8,238,22.9,170,114.4,64.8,67.9,26.1,21250242,14
119,124,2274.5,116,202,146.9,437.8,427.9,46,342.1,275.1,147.3,88.2,45.2,4.25343568E7,9
119,125,6400.5,341.9,580.9,376,1384.9,1198.2,192.5,852.1,654,403,315,102,120589122,8
119,126,1011,48.3,90.1,41,161,228.2,14.7,155,147.8,50.7,39.2,35,2.51075119E7,17
119,127,2568,102,296.4,137.9,437,653,52,354,233.1,155.4,54.1,93.1,6.26809795E7,10
120,0,4,0,0.6,0.4,0.1,1.3,0,0.4,0.4,0.2,0.6,0,98378.4,1
120,1,194,7.9,22.2,6.1,30,42,2.9,15.8,41,15.1,10,1,4644095.5,7
120,2,316.5,25,28.1,9,60.9,73,9,31.1,28.9,32.6,12,6.9,7583726,10
120,3,54.5,3.9,1,3,13,7,1,9,10,4.5,1,1.1,1311425.7,4
120,4,48,1.9,7.6,2.9,7.9,9,0,4.1,10.1,1.5,3,0,1032623,4
120,5,177.5,8.8,10.4,6,24.1,40,1.8,21.2,37,10,11,7.2,4138260,10
120,7,44,1.7,4.8,2.4,9,13.9,0.7,3.3,3.4,4.1,0,0.7,1284964.7,6
120,9,58.5,1.5,8.9,1,11.5,14.7,3,3.3,6.3,6.9,1.4,0,1203270.6,9
120,10,64,0,5.6,4.7,7.1,14.9,0.8,11.8,11.9,2.4,4,0.8,1410345.9,5
120,12,1213.5,53.6,132.7,80,202,262,36.6,145.2,130.9,105.4,34.1,31,2.49303153E7,14
120,13,173,11.9,13.5,10,33,34,2.5,28.1,19.9,11,6.1,3,3753171.3,5
120,14,321,6,48.9,20,27,98,2,42.9,33,21.9,15.1,6.2,7449564.9,9
120,15,810,38.9,77.9,61.9,130.9,171,25.2,118.9,89.1,56.1,26.1,14,1.73629774E7,14
120,16,623,22.7,70.8,45.1,79.8,145,10.6,71.9,98,40,30,9.1,1.52966426E7,18
120,17,110,1,14.9,1,10,19.1,2,24,17.1,4.9,10,6,2810499.6,3
120,18,11,0.8,0.2,0.9,3.1,1.8,0.6,1.1,1.4,0.9,0.2,0,247507.9,2
120,19,109,5.2,5.7,10.1,34,15.3,5.4,18.8,5.7,6.1,2.7,0,2496083.3,5
120,20,275,14.4,31.6,19.9,46.9,65,5,39.2,24,20,6,3,5891336.2,9
120,21,7,0.3,0.6,0.1,1.8,0.7,0.6,0.7,1.5,0.7,0,0,168597.9,2
120,22,171,10.9,17.1,13,32.9,27,5,29,9.2,18.8,7.1,1,3831566,5
120,23,20,0.9,2.9,0.9,5,6.6,0.4,1.2,0,1.6,0,0.5,483546.4,2
120,24,373.5,12.7,37.3,16,67.2,86.9,9.3,41.9,35.1,32.9,28.1,6.1,7631298.3,13
120,25,352,17.5,34.6,24.3,62,77,15.4,31,35,29.1,22.2,3.9,7874936.6,10
120,26,33,2.1,4.9,0,7.9,5.1,0,6,0.9,3,1,2.1,1020801,7
120,27,55.5,3.9,6,3.9,6,16.2,1,10.1,3.1,2.4,1.9,1,1578831.9,9
120,28,62,2.1,5.1,7.9,5,16,1,9,10.9,0,3,2,1562672.9,5
120,29,127,4,16,3.6,14.1,30.1,2.7,10.1,28.1,11.1,3,4.2,3014926.4,11
120,30,518.5,24.9,51.7,25.9,77.1,131.2,13.7,56,66.2,38,18.8,15,1.17138467E7,24
120,31,218,10,27.9,8.9,28,51,6,33,29,13.1,9,2.1,5317151.3,12
120,32,907.5,52.4,92.5,47.9,145,171.1,29.5,112,133,61.8,45.1,17.2,2.06746954E7,16
120,33,1322.5,60.6,166.2,81.6,261.9,245.1,43.5,144.8,112,124.9,58.9,23,2.51242298E7,17
120,34,144,4,12.9,11.1,27,42,3,20,13.9,3,4,3.1,3651533.5,11
120,35,237,11,27.1,9.6,38,55,6,31.1,20.8,18.3,10.9,9.2,5669482.3,20
120,36,604,28.9,62.5,27.3,109.6,154.9,16.9,71.4,56.2,39.5,18.9,17.9,1.42964081E7,27
120,37,40,2.1,4.9,0.9,8,8.9,0,5,3.1,4,1,2.1,981207.9,5
120,38,82,5.5,3.5,4,19.1,18.9,2,7,13.1,2,2.8,4.1,2061471.2,8
120,39,1581.5,82,138.5,78.5,258.9,337.1,38.2,198.8,214.7,110.7,85,39.1,3.52911999E7,22
120,40,550.5,27.9,61.6,41.7,93.9,130.2,14.6,74.9,41.1,34.2,16.2,14.2,1.21868029E7,25
120,41,148,3.1,15.2,9,19.9,37.9,4.5,23,17.9,7.6,5.9,4,3780829.4,14
120,42,368.5,21.4,38.5,17,87,71,13.9,30.2,29,37.4,15.1,8,7975307.5,6
120,43,121,5,10,7,17,31,10,14,15,7,3,2,2933841.3,2
120,44,93,5.3,11.4,5,10.3,28.5,2,10.4,13.1,4,3,0,2067536.2,9
120,45,20,0.5,5.3,0,2.1,6.8,0,2.1,1.6,1.6,0,0,453826.3,1
120,46,366,20.1,46.2,11.8,76,74.9,12,31,38.2,29,18.9,7.9,7779159.1,9
120,47,57,3.1,6.9,0.9,7.9,16.1,0,3.1,6,7.9,2,3.1,1455947,7
120,48,211,13.5,22,8.9,36,44,11,18.1,32.9,13.4,7.1,4.1,4789863.1,8
120,49,304,9.9,31.2,12,37,84.9,7.9,42.9,32,19.1,23.1,4,6967869.6,14
120,50,108,6.5,14,4,20.5,26.9,1,13.1,7,8,4,3,2231438.5,4
120,51,49,1.8,6.5,5.9,7.2,11.1,1.9,4.9,2.2,3.5,3,1,1048383.9,5
120,52,101,2,14.6,10,12,35,0,11,7,6.4,0,3,2082110.9,4
120,54,313,17.5,34.6,20.6,53.5,73.5,4.6,36.8,22.9,17.8,7.8,23.4,6802687.2,15
120,59,54,1.6,3,3.2,5.1,13.9,2.1,14.1,6.5,1.6,1.8,1.1,1398621.9,11
120,60,346.5,15.8,26.7,18.1,69,82.8,9,40.8,37.1,25.1,18,4.1,7795703.3,16
120,61,175,9,20.9,10,32,42.9,4.9,19.1,14.1,13,3,6.1,4329952.7,11
120,62,315,10.1,40,13,48.9,73.6,8.2,50.9,36.8,17.1,10.2,6.2,7287757,29
120,63,451,11.4,39.5,24.2,66.9,101.1,9.3,63.1,69.9,22.7,32.1,10.8,9925364.9,17
120,64,417,13.8,47,19.9,70,88,10,61.3,52.1,25.9,15.2,13.8,9212868.4,14
120,65,74,1.8,15.1,0,10,11,1.9,14.9,8.9,4.2,6.2,0,1604407.5,8
120,66,133.5,10.5,12,8.1,25.9,30,3.9,16.1,12,6,9,0,2640083.2,5
120,67,113,8.1,11,4.9,24.9,22,1,13,12.1,7.1,3.8,5.1,2273938.8,8
120,68,128.5,4,11.5,9,21.9,34,5,16.8,12.1,6.1,6.1,2,2591400.8,9
120,69,90,4.5,8.9,7.7,16.9,25.2,4.2,4.9,5.4,6.2,3.3,2.8,1812042.5,5
120,70,1000,51.1,87.5,57.2,160.4,195.8,26.1,131.2,131,76.8,65.9,17,1.97996126E7,25
120,71,29,1,2,1,5,4,2,6,2,2,4,0,525901.8,2
120,72,1,0.1,0.1,0,0.2,0.1,0.1,0.1,0.2,0.1,0,0,20104.2,1
120,73,380.5,15.8,41.7,21.2,62,87.1,6.9,48,48.1,30,15.8,3.9,7423670.2,12
120,74,394.5,22.9,47.8,27,64,89,8,49.9,42.9,18.9,14.9,9.2,7620882.2,13
120,75,119,9,9.9,3,24.9,18.1,4.2,18.9,19.9,7.1,2,2,2514397.2,8
120,76,321,18.3,26,7,69.1,57,8.8,54.8,46,16,12.9,5.1,7307622.9,16
120,77,225,12.3,15,6.9,35.1,41.9,6,45,26.3,13.6,12,10.9,4848625.6,21
120,78,24,0.8,1.9,4.4,4.5,4.5,0.8,0,4.5,0.8,0.8,1,532672.2,3
120,79,70,3,11.3,7.5,12.6,12.6,4,8.9,2.6,6.2,1.2,0.1,1257073.4,7
120,80,345.5,13.4,47.4,27.2,70.8,77.6,12.2,30.9,25,30,7,4,6555047.1,18
120,81,299,8.9,33,21.9,42.1,72.1,6.1,44.8,39,13,14.1,4,6252456.4,5
120,82,298,17.1,29.5,10.8,51.1,58.7,12.8,34.2,35.9,18.5,26.2,3.2,6022030.5,18
120,83,556.5,32.9,64.9,38.5,92.1,96.1,19.2,79.1,65.2,40.4,24.1,4,8364279.7,11
120,84,147,5.1,9,15.2,23,34.8,6.9,16.1,12,10,9.9,5,2750896.5,9
120,85,422.5,12.1,48.5,16.1,68,88,11.1,71.8,53.1,26.8,18,9,9312030.3,9
120,86,176.5,10.1,19.1,10,34.9,28.9,5.9,17,28.2,15.3,5,2.1,3291717.4,13
120,87,6,0.4,0.3,0.3,1.8,0.6,0.5,0.8,0.6,0.6,0.1,0,126218.4,2
120,88,277,8.2,28,16.9,38,68,7.1,37,41,11.8,14.8,6.2,6006365.2,12
120,89,154,7.7,18.9,10,26,37.2,4,13,15,13,8.2,1,3355443.6,10
120,90,4,0.4,0,0.2,1.2,0.6,0.2,0.4,0.7,0.1,0.1,0.1,89284.8,1
120,91,16,1.5,0,1,4.8,2.4,0.9,1.5,2.7,0.3,0.6,0.3,357139.3,2
120,92,251.5,24,23.4,14.8,63,45,6.9,23.1,17.2,14.9,15,4.2,4828711.5,8
120,93,8,0,0.4,0.9,0.9,2.7,0,2.7,0,0,0,0.4,237284.3,1
120,94,285,12.7,25.1,12.8,59.1,52.7,7.1,45.3,40.2,15.8,14.2,0,5502408.2,14
120,95,44,2,3.9,0.9,11.1,5.9,2.1,5,5,7.2,0,0.9,902272.1,4
120,96,6,0.5,0.3,0.1,1,1.3,0.1,1.2,0.6,0.7,0.2,0,118233.8,1
120,97,80,1.1,7,4,11.8,9,4,11.1,18,7,6,1,1641678.1,6
120,98,365.5,13,34,14.2,60.1,59.9,17.8,44,52,33.5,34,3,6417916.5,10
120,99,2,0.1,0.1,0.1,0.5,0.4,0,0.3,0.2,0.2,0.1,0,38779.6,1
120,101,647,29.7,43.5,40.6,121.3,127.6,24.1,68.9,72.4,59,39,20.9,11657041,13
120,103,430.5,20.8,38,27,89.1,83.1,19,51.9,48,24.5,21,8.1,8039248.4,5
120,104,117,6,13.9,12.1,16.8,26.1,1.5,14.1,15.2,2.5,7.9,0.9,2884088.1,8
120,105,138,6.7,19.8,1.9,30.6,33.7,7.9,10.8,6,14.6,3,3,2719511.2,5
120,106,16,0.9,2.5,0.4,3.2,3.2,0.3,1.2,1.7,1.6,0.3,0.7,361394.3,3
120,107,605.5,29.5,58,32.6,122,114.9,14.5,66.9,76.1,51,29,11,12590177,12
120,108,221.5,15.9,18.5,10.1,52,41.8,8.8,30.1,14.2,24.1,4,2,4549135.6,7
120,109,268.5,11.9,29.5,17,46.9,51,7,42,26,16.2,18,3,5400585.8,9
120,110,28,1.1,3.6,1.3,3.1,6.7,1.1,4.9,3.1,1.8,0,1.3,746109.6,3
120,111,624.5,20.9,68.9,34.6,98.9,127.2,15,110.9,77.1,41.8,19.1,10.1,13195445,13
120,112,989.5,35.9,113,58.1,151,220,23.9,137,137.1,51.4,46,16.1,1.90384708E7,5
120,113,894,27,85.4,46.8,166,188.8,25.6,116,102.9,66.3,45.1,24.1,18897741,12
120,114,841,33.6,83,34.5,159.1,199,26.8,112,51,88,31,23,1.96847221E7,10
120,115,719.5,27,85.5,43,118,156,23,60,107,54,23,23,1.37290452E7,2
120,116,3825.5,160,354.8,232.1,692.1,856,84.6,514.1,450.9,225.8,187,68.1,80615530,13
120,118,913,38.9,97.5,47.4,159,202.9,21.9,124.1,103.1,57,40.1,21.1,2.13175883E7,19
120,119,259,11,22,29,54,51,7.9,45.1,19,17,3,0,4184448.2,2
120,120,7230.5,607.5,685,473.9,1892.9,1160.2,314.5,665.7,485.1,627.5,231.2,87,1.234514974E8,16
120,121,4247,225.1,431.5,217.9,847,795,143.5,516,489.1,333,187,61.9,7.85623382E7,9
120,122,914,34.1,72.1,63,143,183,30.9,119.9,130,38,91,9,1.63927382E7,13
120,123,8387,428.9,765.1,579.3,1604,1653.1,201.9,1113.1,931.1,523.3,459.1,128.1,1.505711699E8,16
120,124,5853.5,300.4,590.5,387.1,1076.1,1117.9,174.4,689,669,415,353.1,81,9.44405832E7,16
120,125,1046,50.4,123.5,47.6,180.9,262.8,26,138,98.2,69.4,20,29.2,25730403,13
120,126,842.5,29,73,40.1,135.9,178,17.5,118.1,145,45,35.9,25,2.08033303E7,10
120,127,2720.5,126.9,281.1,142.6,456.5,582.1,64,364,333.1,149.1,127,94.1,6.94338929E7,21
121,1,150.5,5,11.2,8.7,17.9,38.8,2,16.6,21.6,12.3,16.4,0,3344979.5,4
121,2,140,3.9,6,3,31.9,25,5,22.1,26,9,5,3.1,3461515,5
121,3,91.5,2,13,4.1,12.8,19.1,1.8,16,11.2,6.6,3,1.9,1898953.5,9
121,5,238,10.8,26.6,13.1,44.1,49.1,7.9,26,26,17.4,14.1,2.9,4990218.5,7
121,7,10,0.4,1.1,0.6,2,3.2,0.2,0.7,0.7,0.9,0,0.2,292037.4,1
121,8,345,9.5,33,19.5,39.9,84.1,7,40.7,45.1,27.1,26.1,13,7605553.1,13
121,9,18,0,1,0,0.6,3.5,0,4.4,5.7,1,1.8,0,406438.8,5
121,10,118.5,3.6,9.9,7,25.9,24.9,5,15.8,14.2,4.1,6.1,2,2452445.7,10
121,11,17,0,1.6,1.2,1.8,3.9,0.1,3.3,3.3,0.6,1.1,0.1,374623.2,4
121,12,147,6.4,13.4,8.2,20.6,34.1,1.7,16.9,25.2,7.2,9.9,3.4,3427873.5,5
121,13,16,1.5,2.6,0.7,1.5,4.8,0.4,1.1,0.8,0.7,1.1,0.8,357717.3,1
121,14,511.5,29,41.9,26,98,96.1,12.4,82.2,57,33.9,29,6,12006962,9
121,15,1196.5,71.9,146.7,63,219,218,43.5,144.8,131.2,111.4,36,11,22542843,10
121,16,7407,432.7,581.7,578.5,1554.3,1406.9,217,821.3,834.9,463.4,396.9,119.4,1.417031157E8,20
121,17,3167.5,155.9,287.1,197.4,510.8,611,80.5,388.2,429.8,204.4,242.5,59.9,6.65740641E7,29
121,18,422.5,19.8,38.5,17.1,58.9,92.2,9.4,49,71.2,26.4,33.9,6.1,9829316.9,12
121,20,12,0.5,1,0.2,3.1,1.2,1,1.2,2.6,1.2,0,0,289025,5
121,21,147.5,8.7,14.9,4.5,26.9,37.8,6.7,18.2,13.9,11.7,3.1,1.1,3291329.3,15
121,22,69,8.1,7,1.2,21,16.3,2.5,3.9,4.1,3.2,0,1.7,1559897.2,9
121,23,113,11.9,2,3,22,27,3.9,18.1,11.1,5.9,8.1,0,2730481.8,6
121,24,256.5,20.8,29.2,7.5,57.9,45,9.7,21.3,20.5,22.3,12,10.3,5372672.7,12
121,25,18,0.7,1.8,0.4,4,5.4,0.7,1.8,1.4,1.1,0,0.7,455040.4,4
121,26,143.5,10,9,8,22.1,44,4.8,15,13.9,10.5,3.1,3.1,3448306.2,6
121,27,207.5,9,23.8,4,39,43,5,35.1,20,14.6,10,4,5102623.3,11
121,28,127,3.9,16,9,15.8,34.8,2,15.9,11.1,14.1,2.2,2.2,2969134.6,13
121,29,634.5,25.1,55.6,29.7,110.9,145.9,12.6,84.7,74,51,37.9,7.1,1.49328733E7,20
121,30,1041,42.9,94.1,66.8,157.2,230.1,23.1,137.1,137.2,76.1,66.1,10.3,2.18954143E7,27
121,31,53.5,3.4,3.1,3.9,11,5,2.5,9,7.1,3.5,3.9,1.1,1337663.3,7
121,32,25,1.8,0,0,8,7.1,0.9,2.7,2.7,1.8,0,0,636457.5,3
121,33,94,2.2,14,5.1,11.8,26.9,0.1,11.4,13.3,2.2,2,5,2114413.2,6
121,34,236,10,28.1,10.1,38.9,49,8.7,31.1,31.1,19,5.9,4.1,5190026.9,18
121,35,423,14,51.4,25.9,75.3,94,14.3,60.2,34.9,34,13,6,1.00772353E7,28
121,36,71,1.9,6,3,13,14.9,3,11,8.1,5.9,2.1,2.1,1906730.2,5
121,37,420,27.1,41.2,16,75,86.2,22.5,45.9,33.1,39.8,14.1,19.1,8120055.4,18
121,38,80.5,5.9,7.4,7,17.9,21.1,2.1,11,3.1,0.9,2.1,2,1695566.1,12
121,39,920,66.4,99.9,40.6,177.3,205.8,24.4,114.2,72,61.5,35.9,22,2.01503482E7,28
121,40,617,24,56.6,34,115.9,141,21.9,91.1,43,47.5,23.1,18.9,1.36417213E7,13
121,41,70.5,8,6.1,6.1,19.1,9,2.9,7,2.9,7.6,0.9,0.9,1536917.4,3
121,42,114,5.9,12.1,4.9,26.2,24.3,2.5,17.4,4.4,7.4,4,4.9,2599795.9,6
121,43,10.5,0.6,0.9,0,2.7,2.7,0.5,1.6,0.6,0.6,0,0.3,273186.9,5
121,44,351,24.2,24.5,15.9,89.9,71.1,12.7,46.1,30.2,23.2,10,3.2,7805634.9,18
121,45,5,0.1,1.4,0,0.5,1.7,0,0.5,0.4,0.4,0,0,113456.6,2
121,46,90,2.9,6.9,8.1,12.1,14,1,17,17,4.9,3.1,3,1764930.6,12
121,47,170,10.1,21,12.1,29.9,38,2,17,17.9,13.1,3.8,5.1,3979901.9,9
121,48,96,4.4,13,5,12.8,25.9,3.7,13.1,6.9,4.9,3.1,3.2,1992116.7,8
121,49,112,8,16,5,19.1,25,2,9,13,12.9,1,1,2648270.4,7
121,50,51.5,2,8,2,9,11.8,0.5,6,3.1,5,3.1,1,1284331.4,5
121,51,176.5,5.9,12.4,10.7,36.2,41.1,4,20.2,23,14.8,6.1,2.1,3948023.5,9
121,52,102,4,9,8,15,24.9,3,12,8,9,6.1,3,2235029.7,4
121,53,104,5,6.8,5,15.8,15,4.1,27.1,14.1,7,3.1,1,2443715.3,7
121,54,14,0.9,0.5,0.5,3.4,3.6,0,2.3,0,0.9,0.5,1.4,353768.7,4
121,55,332,18,33.1,11.9,56,75.2,7.1,75.3,25.9,14.7,6.7,8.1,7625966.8,19
121,56,81.5,3.7,4,4.1,6.1,20,0,13,16.9,1.5,6.1,6.1,1897317.9,8
121,57,27,4,1,1,7,5,0,3,2,4,0,0,589775.2,2
121,58,30,1.4,2.5,2.1,3.8,7,1.8,8,0.5,1.4,0.5,1,710429.5,2
121,59,289,10.6,28.3,15.4,42.1,68.9,3.7,45.2,40.2,15.3,10.2,9.1,6690019.8,23
121,60,73.5,3.8,9.7,3.9,14.7,17.5,2.9,7.8,5.8,5.4,0,2,1852977.7,5
121,61,2,0.1,0.3,0.1,0.4,0.5,0.1,0.2,0.2,0.1,0,0,50421.2,1
121,62,844,40.9,70.9,56.1,135.9,188.6,14,91.3,123.9,50,51.8,20.6,1.93731882E7,33
121,63,112,5.9,17.1,3.2,17.1,18.9,1,22,15.9,4.9,5,1,2221822.4,13
121,64,297.5,19.1,17.5,14.9,47.1,47,7.9,57.9,55,18.1,11,2,6916710.9,11
121,65,69,4.9,10,5.9,13.9,17.1,3.1,8.1,2.1,3.9,0,0,1442991.8,10
121,66,230,7.1,17.9,16.2,35.8,54.9,7.1,32.8,22.8,12.2,11,12.2,4578350.2,11
121,67,67,5.1,4.1,1.9,19.1,8,3.8,6,6.8,5.2,7,0,1470997.4,10
121,68,3,0.1,0.3,0.3,0.5,0.8,0.2,0.1,0.2,0.2,0.2,0.1,53008.8,1
121,69,8,0.3,0.8,0.8,1.5,2.2,0.4,0.2,0.5,0.5,0.6,0.2,141356.8,2
121,70,540.5,21.9,59.4,29,68.8,108.1,9,88,92.2,33,25,6.1,9847798.5,9
121,71,252.5,21.1,18.7,11.2,52.7,36.9,9.2,38.4,26.9,24.2,10.2,3,4529504.3,16
121,72,14,1.1,1.4,0.4,2.8,1.7,0.8,0.8,2.8,1.7,0.5,0,281459.4,3
121,73,340,17.1,27.5,17.4,66,58.3,8.1,51,49.1,23.1,19.5,2.9,6814823.3,16
121,74,115.5,5.9,4.5,7.1,25.1,18.9,5.1,19.9,10.8,11.1,6.1,1,2240500.3,7
121,75,94,6.8,7,8.2,21,21,1.9,10,6,6.1,5.1,0.9,1854869.8,5
121,76,525,24.9,55.4,34.1,90.1,121,10.5,59.9,56.1,40.9,24,8.1,11756953,16
121,77,210,7,27.7,1.8,32,54,3,21,28.3,25,9.2,1,4818427.8,15
121,78,150.5,3.8,10.3,8.3,19.8,39,5.9,19.8,22.1,9.1,11.2,1.2,3487840.3,20
121,79,232,11.9,19.8,5,47.1,39.1,9.1,41,29,16.7,10.2,3.1,5011071.8,20
121,80,380.5,21,31.5,11,85.1,68.1,17.8,64.2,35.9,30,10.9,5,7691502.3,20
121,81,95.5,5,7.4,3.9,18,17,4,13.1,8,9,9.1,1,1854415.8,4
121,82,192,7.1,20.5,13,42,42.9,6,11,24,17.4,7,1.1,3639639.6,9
121,83,229,13.1,21,8.8,46.1,53,7.1,14.9,25.8,17.1,16,6.1,4840062.4,12
121,84,189,6,19.9,13,28.8,57.9,3.1,22.2,13.2,10.8,11.1,3,3745872.8,11
121,85,99,6,5,7.9,24,14,3.9,9,15,6,5.1,3.1,2011257.6,6
121,86,135,8,9.6,8.7,31.1,21.9,5.5,19.5,9.7,11.7,9.3,0,2894667.3,9
121,87,21,1.4,0.9,1,6.2,2.4,1.9,2.9,1.9,1.9,0.5,0,441764.3,1
121,89,98,6,8,2.9,22,20.1,2,11.9,9.1,7.9,7,1.1,2263404.7,7
121,90,117,8,12,6.1,18.9,22.1,5.1,21,11.8,3.9,6.1,2,2557989.4,6
121,91,85,5.1,5.1,6,17.8,14.8,1.9,11.2,11.5,5.7,2.3,3.6,1796924.8,10
121,92,191,12,15.6,9,48.9,25.9,3.5,39,16.1,13,6,2,3846918.3,7
121,93,130.5,10,7.5,9.1,32.1,21.3,8.5,24.3,7,3,4.1,3.6,2942373.6,8
121,94,1576.5,61.5,127.8,80,273.9,290.7,35.9,253.6,228.2,91.7,106,27.2,3.03997969E7,19
121,95,75,1.9,5.5,3,9,15,1,17,17,1.5,4.1,0,1531012.5,3
121,96,429.5,19.1,43.8,29.1,66,95.8,9.1,59.9,44,32.6,23.1,7,8374075,10
121,97,46,3.6,2.5,0.9,7.9,9.7,0.9,9,4.5,5.4,1.6,0,906458.9,4
121,98,143,9.5,7.2,9.7,31.5,28.7,3.8,21.1,11.5,13.1,5.9,1,2647123.7,8
121,99,4,0.3,0.1,0.1,0.9,0.9,0.1,0.6,0.4,0.4,0.2,0,77559.2,2
121,101,3,0.2,0.1,0.2,0.7,0.5,0.1,0.2,0.5,0.3,0.1,0.1,58366.2,1
121,102,192,11.9,10.8,9.2,52,28,5.9,30.1,20.9,7,11.1,5.1,3800883.3,13
121,103,384,20.9,44.6,31.1,67.1,80.8,9,40.1,41.1,19.4,22,7.9,7455671.7,12
121,105,2,0.1,0.2,0,0.4,0.5,0.1,0.2,0.1,0.3,0,0.1,41014.9,1
121,106,434,19.7,39.5,26.1,100,81.2,20,51.9,43,32.3,16.3,4,8240990.3,12
121,107,49,3,7.6,1.6,9.8,9.8,0.6,3.7,5.2,4.6,0.9,2.2,1106770.1,5
121,108,322,3.8,30.4,24.2,45.9,80,7.1,45.2,41.2,24.3,13.8,6.1,7084256,13
121,109,362.5,12.8,31.1,26,62.1,82,9.4,39,42,22.9,29.1,6.1,7622193.1,15
121,110,557,17.4,52.9,31.8,93,124.3,14.7,88.2,68.9,33.1,22.9,9.8,1.15641694E7,12
121,111,1473,68,115,91.1,257,300.8,34.1,206.1,176.9,92.9,100,31.1,2.98627951E7,14
121,112,414,20.1,33.7,17.6,69.9,93,13.7,60.1,72.8,22,8,3.1,8200821.8,14
121,113,466,29,41,18.3,111.9,65.8,9,100,48.9,24,13,5.1,9723562.6,15
121,114,1792.5,85.6,148.4,92.2,306.1,363.1,45.1,261.1,261.1,119,69.9,40.9,4.21455517E7,19
121,115,911.5,56,77.5,40,166,179,26.4,102,151.1,62.4,39.1,12,1.96362921E7,9
121,116,3617,166.3,341.7,235.2,684.7,720.9,93.6,410.9,489.9,254.7,142.1,77,71557106,25
121,117,545,24.1,57.1,21,83.7,113,9.9,82.1,74.1,39.7,22.1,18.2,12716788,21
121,118,6813.5,337.4,627.1,389.9,1286.1,1336,179.4,978.1,814,471.3,257.2,137,1.444666228E8,18
121,119,3434.5,131.5,316,204.4,559,684.9,76.9,560.8,384.9,221.7,206.1,88.3,7.19022693E7,16
121,120,3682,211.4,349.4,253,696.9,698.1,101.8,518,388.1,239.2,177.3,48.8,6.23669992E7,13
121,121,2407,131.3,247.1,120.8,477.7,454.7,72.5,328.1,290.4,180.5,76,27.9,4.56174417E7,19
121,122,4428.5,248.5,427.6,274.8,860.1,821.9,134.8,529.9,486.1,360.5,222.2,62.1,8.17438461E7,18
121,123,3501,240.4,380.5,203,646.1,677,107.3,382.1,350,284.5,197,33.1,5.84375394E7,14
121,124,4192.5,261.7,366.7,228.7,833.8,875,118.6,466.1,529.1,285,153.7,74.1,8.75649738E7,20
121,125,861.5,39,76.5,31,174,183,17,136,84,55,38,28,2.16081137E7,10
121,126,3650.5,155,285.5,201.7,716.9,758.9,68.5,479.8,499.1,213,169,103.1,9.13489164E7,11
121,127,5185,262.5,491.8,287.7,936,1024.8,146.6,644.9,722,366.5,183,119.2,1.110439119E8,20
122,1,187,7.1,23.9,8,21,45.8,3,23,19.1,10.1,16,10,4335466.3,8
122,2,69,2.9,5.9,3.1,12,17.9,0,12,8.1,4,2.1,1,1397475.4,11
122,3,30,0,2,0,0.6,7,0,8.1,8.9,1,2.4,0,608825,1
122,5,77,5.9,5.9,1.9,13.7,11.7,1.9,9.7,10.7,9.8,2.9,2.9,1435971,2
122,6,104,4.6,7.7,1.8,17.8,26.8,1,14.3,17.7,9.5,1.9,0.9,2342326.1,5
122,7,109.5,5.8,8.1,2,21.9,22.1,4.1,17.9,14.9,7.4,3.2,2.1,2490376.5,7
122,8,174,6,17.4,9.5,28.1,37.1,0,24.9,28.2,12.9,7.9,2,4115768.7,10
122,9,50,0.9,2.9,2.9,7.2,11.2,0.9,10,10,1.9,2.1,0,1190454.1,9
122,10,277,13,24.9,12.9,47.1,57,11,46,27,18.1,14.9,5.1,6098577.7,11
122,11,84.5,7.1,5.2,3.3,15.3,18.9,5,10.9,9.9,3.9,4,1,1938293.4,12
122,12,238.5,8.7,22.1,14.9,43.1,53.6,9.7,29.5,31.4,18.9,2.7,3.9,5527481.1,19
122,13,10,0.4,0.8,0.6,2,2.1,0.1,1.4,1.8,0.4,0.2,0.2,272774.1,2
122,14,24,0.6,3.2,2.1,4,4.7,0.5,1.5,4.7,2,0,0.7,579126.6,3
122,15,79,1.2,9.8,5.9,11,13.4,0.8,8.5,22.4,3.6,1,1.4,2136506.5,5
122,16,30,4.5,0.9,0,6,6.1,0,6.2,3.5,1.9,0.9,0,740899.8,6
122,17,717.5,24,76.6,44.1,101.9,145,15.4,120.9,109,30.5,40,10.1,1.78213812E7,22
122,18,9,0.5,1,0.5,1.3,3.1,0.3,0.8,0.6,0.3,0.6,0,259429.9,2
122,19,104,5,9,2.8,13,12,0,24,28,6,2,2.2,2517078.4,6
122,20,27,0.5,2.6,0,3,9.8,0,2.1,5.2,1.6,1.1,1.1,678673.2,3
122,21,67,1,9.9,4.9,8.9,15,1,14.1,9.2,2,1,0,1467028.1,6
122,22,113,11.5,8.9,11.9,17.1,20.1,3.9,9.9,15,3.5,8.2,3,2563461.3,8
122,23,6,0.2,0.2,0.2,1,1,0,1.6,0.6,0.6,0.6,0,176286.6,3
122,24,62,2.1,11.2,2,7.7,18.3,0,5.8,4.6,2.3,4.5,3.5,1486017.4,9
122,25,12,0.6,2.7,0,0.3,3.7,0,1.2,0.7,0.6,1.5,0.7,343548,3
122,26,52,3.9,7,2.1,7,13.9,0,3,7.9,0,5.1,2.1,1156547.3,8
122,27,10,0.4,1.6,0.4,1.1,2.2,0.6,1.4,1.3,0.4,0.4,0.2,228242.7,3
122,28,325,26,34,29,86,48,9.9,29,20.1,33.9,4,5.1,5959046.9,8
122,29,3942.5,209.8,385.1,265.5,715.9,700,119.4,400,510,320,267.9,48.9,7.36381194E7,24
122,30,128.5,8,12.5,10,21,29.9,2,10.2,22,4,1,7.9,2713038.6,12
122,31,112,5.9,9.8,9,19.8,25.1,2,8.8,17.6,9,3,2,2555942.8,8
122,32,10,0.4,0.4,0.5,1.1,3.1,0,2,1,1,0.5,0,223245,4
122,33,149.5,8.6,17.6,2.8,21.5,37.6,1.8,19.2,19.9,12.5,3.9,4.1,3656343.5,17
122,34,451.5,25.3,38.9,26.6,94.1,89.1,13.7,59.2,52.1,31.6,12.9,8,9776719.7,24
122,35,104,5,9.7,3.1,11.9,28.9,5,17,11,6.1,2,4.3,2344609.6,15
122,36,53,4,9,1.1,10.1,11,0.8,10.1,3.1,1.9,1.9,0,1183896.5,7
122,37,180.5,6,21.6,10,20.2,51,1.7,24.1,25,10.8,8.1,2,4304937.9,18
122,38,626,25.2,66.4,25.1,100.1,148.1,16,76.1,71.1,55.9,24.1,17.9,1.29173654E7,11
122,39,180.5,7.9,13,4.9,41,31,3.1,22.8,27,17.4,7,5.4,4323759.6,15
122,40,1629.5,85,169.3,85.4,288.1,323.2,53.6,217.1,188.8,123,74,22,3.49377406E7,21
122,41,431,20.4,42.6,24,91.1,81.1,11.5,63.6,57.7,19.2,11.2,8.6,1.00927317E7,18
122,42,469.5,25.1,52.7,19,91.1,111,10.2,55.9,44.9,37.2,12.7,9.7,1.04145068E7,16
122,43,164,5.8,17,5,27.1,45,12.1,14,16.8,11.1,1.9,8.2,3460193.2,7
122,45,19,1.4,1.9,0.8,2.7,5.5,0.5,1.4,3.8,0.5,0,0.5,480454.8,3
122,46,107,5,15,4,21,28,3.4,11,5,11.6,3,0,2428706.8,7
122,47,79.5,5.9,8.4,4.9,14.1,12,2,9,10.1,5.9,6.1,1.1,1718420.7,4
122,49,39,2.2,5,1.6,5.7,8.4,1.6,6.5,2.8,3.6,0,1.6,800233.7,7
122,50,48,5.9,2.1,0,14.9,8,2.1,2.1,3.9,6,3,0,945368.1,4
122,51,84,9.9,3.1,6.9,19.1,20.1,3.8,7,5.1,5,4,0,1698754.6,7
122,52,213.5,13.1,24.6,12.9,31,62.9,2.8,25.2,11.9,18,2,9.1,4338980.3,9
122,53,74,1,9.4,1.7,14.1,21.2,1,6.1,9.2,7.8,1.7,0.8,1816861.2,5
122,54,21,0,2.6,2.6,3.2,4.1,0,2.2,2.6,0.9,2.8,0,433471.2,2
122,55,50,3.1,6.2,2.4,6.6,9.6,0.9,8.2,7.6,0.8,3.4,1.2,1108939.7,11
122,56,250,9,27,15.3,41.7,52,4,46.1,21.8,18.6,5.1,9.4,5316673.4,21
122,57,3,0.1,0.2,0.3,0.5,0.5,0.1,0.5,0.3,0,0.2,0.3,64240.7,1
122,58,27,0.5,4.9,1.4,4.9,7.9,0.5,2.7,0.5,3,0,0.7,639865.7,6
122,59,257,16.1,24.6,7.8,55.2,60,2,36,15.1,25.4,7.9,6.9,5414932.6,8
122,61,9,0.7,0.3,1.3,1.8,2.7,0,0.9,0.8,0,0.2,0.3,213959.2,2
122,62,398.5,16,43.9,28.1,72,81.7,13.2,69.9,27.1,30.6,7.1,8.9,9231446.2,12
122,63,88,1.9,15,3,12,24.1,0,11.1,10.1,9,0.9,0.9,1903817.9,5
122,64,161,9,13,8.9,19.9,37.1,2,21.2,27.9,6,12,4,3568378.4,8
122,65,136,7.9,21.1,6.9,34,27,4,8.1,10.1,12.9,2,2,2516403.3,7
122,66,113,5.9,16,2,26.1,18.9,8,12.9,8,8.1,5.1,2,2187510.7,10
122,67,65,1.9,4.9,2,13,13,1.1,16,5,4.9,2.1,1.1,1402595.7,7
122,68,15,0,1.2,1.5,3.4,1.5,1.1,3.7,1.5,1.1,0,0,308273.7,6
122,69,474,19.1,50.4,41.3,71.8,102.1,13.4,54,61,33.9,22,5,8833216.7,17
122,70,6,0.2,0.6,0.5,0.8,1.6,0,1.2,0.2,0.4,0.2,0.3,132464.8,2
122,71,330.5,12.7,23.9,11.3,56,62,15.1,57.8,52.1,18.8,14.9,5.9,6726907,28
122,73,8,0.3,0.3,0.5,1.6,2.1,0.2,0.8,1.1,0.8,0.3,0,176192,3
122,74,386,14.9,35.4,29.9,75.2,75.9,6.8,38.9,53.9,25.7,23.4,6,7900795.6,21
122,75,976,44.9,81.4,51.3,150,190.1,20,119.1,183.2,59.9,60.9,15.2,2.12560783E7,14
122,76,357.5,17,36.3,26,60.1,70,8.9,64.2,38.8,23.9,8.1,4.2,7655651.9,13
122,77,243.5,11.8,30.6,14,36,63.1,3.1,21,35.9,12,8.1,7.9,5260034.4,8
122,78,64,1,12.2,0.9,12,18.9,1,5,8,1,1,3,1190181,5
122,79,7.5,0.8,0.3,0.5,1.5,1.8,0.3,1,0.4,0.3,0.1,0.5,159510,3
122,80,250.5,13.5,18.9,13.9,49,50.9,9.1,31.1,23.1,24.7,16.3,0,5255515.8,19
122,81,387,18.7,36.5,22.2,78,60.7,10.8,55,67.1,17.9,17.1,3,7613374,21
122,82,175,10.9,23.6,9.2,27,42,4.5,24.1,21,6.9,5,0.8,3778556,11
122,83,292.5,16.1,22.4,16.1,60.9,46,15,41.9,37,20.2,14.8,2.1,5667238.6,25
122,84,49,0,4.9,3,6,10.1,0,8.9,10.1,4.9,1.1,0,1128408.1,3
122,85,37,3,1.9,5.1,5.1,12,0.9,3,0,3,1,2,891494.3,4
122,86,197,7.9,19,13.2,33,45,1,16.9,31.1,15,10.9,4,4391995.7,10
122,87,1142.5,38.8,122,48.1,183,253.1,35.3,153,137,86,58.1,28.1,2.48904644E7,12
122,89,38,0.9,4,2,7.1,9,0,5.1,7.8,0.9,1.2,0,859184.2,6
122,90,774,25.8,69.9,30,126.1,158.2,20.1,104.9,107.1,53.9,48.1,29.9,1.61757664E7,18
122,91,13,0,2.4,0,2.4,2.5,0.3,1.2,1.2,2.4,0.3,0.3,267752.7,1
122,92,112.5,5.9,10.5,4.1,23,28,3,15,13,5,4,1,2311988.4,7
122,93,268.5,15.9,28.6,16.1,57,56.1,6.5,32,19.2,22.2,11.9,3,5445292.1,8
122,94,54,1,3,3.1,11.9,11.2,0,10.9,11.9,1,0,0,1229885.6,4
122,95,8,0.5,0.6,0.3,0.6,1.3,0,1.8,1.3,0.9,0.7,0,146232.3,2
122,96,112.5,10.7,12,8.5,21.4,25.1,2.2,15.1,6.6,7,3.9,0,2359659.7,11
122,97,1097.5,45,119.1,65.7,184.2,229.1,28.1,121.8,135.1,90.3,70.1,9,1.95704138E7,18
122,98,7,0.4,0.5,0.5,1.9,2.2,0.3,0.2,0.5,0.5,0,0,133943.8,2
122,99,3,0.2,0.2,0.2,0.8,0.9,0.2,0.1,0.2,0.2,0,0,57404.5,1
122,100,1392.5,58.4,162.9,76.9,255.2,276.2,38.8,179,148,115,52,30.1,2.69020718E7,16
122,101,111,7,7,4.1,29,17.9,1.9,15.9,9,12,2.2,5,2598287.5,11
122,102,1,0,0,0.1,0.2,0.1,0.1,0.2,0.1,0.1,0.1,0,21464,1
122,103,14,0.3,0.6,1.2,2.8,1.6,0.9,2.2,1.9,1.6,0.9,0,300495.7,1
122,104,264.5,8.6,22.4,12,51.2,44.1,7,35.2,33.9,22.1,26,2,5704078.3,10
122,105,634.5,41.8,40.9,37.1,134.9,130,16.6,85.9,59.3,42.7,35.2,10.1,1.34764269E7,19
122,106,69,5.9,7,4,18,13,3,8,4,3,3.1,0,1574355.8,3
122,107,345,13,32.9,25,51.1,77.1,6,50.9,39.1,20.9,18.1,10.9,7080416.5,5
122,108,272,8.1,27,8,46,43,3.9,47.9,55,18.1,7.9,7.1,6612253.5,8
122,109,846.5,45.9,78.1,45.6,175.1,172,21.5,98.1,79,66.3,52.9,12,1.70691715E7,14
122,110,515.5,17,52.7,25.9,84,109,9.1,92,63.8,39,19,4,1.06499421E7,15
122,111,375,13.4,29.7,24.4,60,80.8,6.9,48,71,22.8,14,4,7719177.2,12
122,112,784,28.9,70.6,52,126.8,189,14.9,100.1,110.2,49.5,32,10,1.59933439E7,14
122,113,511.5,23,43.4,20.9,99.9,118,18,57.2,72,37,12.1,10,12125965,8
122,114,712,25.9,42.8,46,128,130.9,16.9,131,90.8,40.6,41.9,17.2,1.76971658E7,12
122,115,1687,60.6,168,69,287.1,326.9,40.5,287.9,216.9,126,68.1,36,4.09885882E7,12
122,116,3970,191.3,334,206.9,687.9,744.3,113.3,543,568.1,290.8,201.3,89.1,8.04932109E7,16
122,117,14500,696.8,1161.9,1056.5,2831.9,2776,344,1795,1639,889.6,905.3,404,3.022633352E8,10
122,118,15089.5,768.9,1258,1098.5,2982.8,2924.2,401.1,1916.1,1777,853.9,818.1,290.9,297506129,14
122,119,3785.5,204.2,342.5,234,702.1,709.2,109,464.1,467.8,267.5,216,69.1,6.93777107E7,19
122,120,3057.5,158.5,293,195,507.8,615.9,100,350.1,378.2,232.9,156.1,70,5.37877234E7,13
122,121,6432.5,303.9,660.9,375.6,1188.1,1291.1,201,754.9,779,449.8,323.1,105.1,1.213229856E8,14
122,122,1755.5,109.2,179.6,87.3,375.1,350.8,54.9,189.9,160,149.5,64,35.2,3.31682106E7,15
122,123,2689.5,121.5,285.9,122,463.2,641.9,73.5,309.8,276,184.5,138,73.2,6.00801789E7,14
122,124,1386,52.4,130.3,63.8,204.1,295.1,38.4,210,170.9,86.6,88.3,46.1,3.50295252E7,17
122,125,341,12.3,38.5,14.2,41.1,75,9.6,56,47.9,18,14.1,14.3,9650255.2,18
122,126,1664,59.9,159.2,111,243.3,407,44.1,215.1,198.8,106.4,53.2,66,3.97558952E7,19
122,127,1501.5,96.9,156.1,87.8,313.8,339.9,44.4,139.2,117.2,115,56.1,35.1,3.26217476E7,11
123,1,558,24.4,44,28,93.9,100.2,16.4,86.1,76,23.9,61.1,4,1.20727001E7,9
123,2,19,0,0,0,2.3,3.8,0,3.9,7.2,0,1.8,0,387551.7,5
123,3,184,9,21.1,7,25.1,44.8,10,14.2,27,12.9,10.1,2.8,3812487.4,9
123,4,2,0.2,0.1,0,0.4,0.3,0,0.3,0.3,0.2,0.1,0.1,37271.2,1
123,5,161,5.1,12.9,6,32.1,35,6.9,23.1,20.9,10,7,2,3537028.9,6
123,6,121,3.1,6.9,8.9,16.8,17,3.1,23.2,26.1,5,7.9,3,2889025.9,7
123,7,13,0.5,1.3,0.2,2.2,4,0,1.6,1.3,1.5,0.2,0.2,291277.8,1
123,8,163.5,5,13,9.9,19.9,31,4,20.1,33.1,13.5,13,1,3636417.6,10
123,10,223,13.4,20.5,8,42,47.1,6.1,36,16,9.9,22,2,4997362.5,5
123,11,36,1.9,0.9,2.1,7,10.9,0.9,3.1,5.1,2.1,1,1,765825.9,5
123,12,429,22.1,53.2,25,62.8,97.9,10.1,46,45,31.6,25,10.3,9254537,17
123,15,1367.5,59.1,157.8,72.9,216,284.1,37.5,174.2,164,100.8,60,41.1,2.98882086E7,13
123,16,4,0.6,0.1,0,0.8,0.8,0,0.8,0.5,0.3,0.1,0,98786.6,1
123,17,36,3,0.5,3,5.9,3,2,5,7.1,3.5,2,1,902222.5,3
123,18,16,0.9,1.9,0.9,2.4,5.6,0.4,1.5,0.9,0.4,1.1,0,461208.8,3
123,19,48,1.5,7,4.5,9.3,9.1,0.3,3.8,5.6,4.3,0.6,2,1173504.9,4
123,20,92,2,6.8,4,16.9,20.1,1.1,8.9,23.9,4.1,2.1,2.1,2515221.8,6
123,21,25,0.5,2.4,0,2.9,9.2,0,1.9,4.9,1.4,0.9,0.9,628401.1,4
123,22,53,3.1,5,5,10.9,9,2,10,1,3.9,3.1,0,1206351.7,5
123,23,41,1.7,1.7,1.7,6.1,7,0,11.4,3.4,4.4,3.6,0,1204624.7,5
123,24,96,7.1,3.7,1.7,17,24.1,3.1,18.1,8,7.1,5.1,1,2278055.2,9
123,26,189,7.9,19.8,15.1,32,62.1,5.9,18.1,8,13,2.9,4.2,4324474.1,17
123,27,52,1.7,8.4,1.8,5.8,11.7,3.2,7.6,6.7,1.7,2.6,0.8,1186862.1,7
123,28,476,17.8,38.4,24.5,70,114.1,15.9,68.2,75.2,20.9,19,12,1.00641462E7,12
123,29,470,24.3,36.4,37.8,80.1,86.2,15.3,64,56.2,38.3,25.1,6.3,8111883.7,18
123,30,113,4,14.1,4.9,20.9,30.9,1.9,13.1,17,2,1.1,3.1,2472538.1,16
123,31,13,0,0.9,0,0.9,3.1,0,4.3,2.6,0,0,1.2,317707.9,4
123,32,173,3,25,5.8,21.1,44,5,18.9,20,11.1,14,5.1,3744051,13
123,33,653.5,26.1,61.8,40,114.1,135.1,17.3,78.1,84.8,60.3,24.9,11,1.42966225E7,22
123,34,79.5,1,4.6,5.1,8,14,1.1,14,19,2.9,8.7,1.1,1814923,10
123,35,238,10.8,17.3,16.9,40.2,51.8,6.8,30.9,33.1,15,10,5.2,5587262.7,18
123,36,8,0.7,0.8,0.3,1.9,1.6,0.5,1.6,0.5,0.1,0,0,164222.7,4
123,37,26,2.2,2.4,0.9,6.2,5.3,1.5,5.3,1.5,0.7,0,0,533724,5
123,38,180,3.9,24,8.9,21.1,51,2,24,16,12,6.1,11,3626161.8,3
123,39,544,29.5,61,27.9,71.1,125.1,14.9,78,58.9,41.5,24.1,12,1.24974625E7,14
123,40,1000.5,49,107.9,60,191,189.1,22,118,110,79.4,53,21.1,1.93399039E7,9
123,41,10,0.4,0.9,0.1,1.9,2.6,0,1.5,1.1,1,0,0.5,244882.4,4
123,42,174,9.9,16.1,11,39.9,36.8,7.4,18.1,15.1,12.6,3,4.1,3728203.2,11
123,44,190.5,8.9,21.6,5.3,33.1,46,6,26.2,21.1,9.3,6,7,4292159.6,12
123,45,22,1.6,2.1,1,3.2,6.4,0.6,1.6,4.3,0.6,0,0.6,556316.1,3
123,46,186,8.9,19,10.1,30.9,47,3.1,32,14.9,12,7.1,1,4299447.4,16
123,47,30,1,3,2,3,4,1,9,2,2,2,1,655233,6
123,48,15,0.8,1.9,0.5,2.2,3.4,0.5,2.6,1.1,1.4,0,0.6,307782.1,2
123,49,127,6.9,21.1,11.1,14.7,34.8,0.9,10.9,10.1,9.2,6.2,1.1,2499421.9,10
123,50,1587,81.1,154,100.4,286.1,303.9,44.7,195.1,207.1,113.3,73.7,27.6,3.00986227E7,23
123,51,271,14.1,28,13.1,50.7,55.9,5,32,34.2,19.9,13.1,5,5344657.7,8
123,52,108,3.9,9.5,3,12,33.9,3,17,8.1,10.5,3.1,4,2184736.1,5
123,53,10,0,1.5,0.2,0.9,2.8,0,1,1.9,1.1,0.4,0.2,247015.9,1
123,54,7,0,0.8,0.8,1.1,1.4,0,0.7,0.9,0.3,1,0,144490.4,2
123,55,133,6,16.8,10.1,19,36,4,17.9,11.1,6,5,1.1,2912376.5,7
123,56,127,6,18,9,19.1,27.1,0.9,13,20,9,3,1.9,2898286.4,5
123,57,35,0.8,1.7,3.7,5.6,6.5,0.9,6.5,3.7,0,1.9,3.7,749474.8,3
123,58,34,0.6,6.1,1.6,6.1,10.1,0.6,3.4,0.6,3.9,0,1,805756.9,3
123,59,65,6,5,1.1,15,9.9,3.1,7,6,8,0,3.9,1150027.2,3
123,60,134,5.1,14.6,12.8,21.1,36.2,0,17.2,12.4,6,4.8,3.8,3336421.5,11
123,61,218.5,12.1,20.5,9.2,37.2,43.9,3,28.1,35.8,14,9.8,4.9,5009739.9,12
123,62,550,20.5,52.1,31.8,80,121.9,9.5,76,84.3,28.9,28.1,16.9,1.28148115E7,22
123,63,250,9.8,23.6,11,46.9,55,7,36,24.1,22.5,13,1.1,5236497.2,9
123,64,289.5,14.9,23.3,13.9,67.1,48.9,6.9,50.1,31.2,16.8,15.4,1,6581735.8,11
123,65,155,4,19,8,26.9,35.1,5.8,18,25,10,3.2,0,3085884,11
123,66,184.5,5,16.1,13.6,28.8,38.9,3.9,28,21.2,15.8,11.2,2,3593136.1,9
123,67,193,10.1,19.9,14.1,29,36,4,29.1,26.9,12.9,8,3,3959702.5,8
123,68,5,0,0.4,0.5,1.1,0.5,0.4,1.2,0.5,0.4,0,0,102757.9,2
123,69,53,2,5.6,1,12.3,13,1.7,5.6,6,3.6,1.1,1.1,1010229.8,7
123,70,561.5,32,54.3,20.2,99.8,112.7,13,77.2,63,51.1,29,9.2,10940712,13
123,71,46,1.7,4.5,3.4,6.2,12.3,0,9.9,1.7,2.7,1.8,1.8,1015563.2,7
123,72,8,0.3,0.3,0.5,1.6,2.1,0.2,0.8,1.1,0.8,0.3,0,176192,3
123,73,517,19.4,43.7,36.7,84.2,118.7,7.9,70,76.7,35.5,17.2,7,1.11283017E7,31
123,74,564,30.9,53.7,39.3,99.8,103,11.4,82,63.1,40.5,35.2,5.1,1.10318505E7,10
123,75,5904.5,274.9,490.4,475.6,1028,1113.2,135,790.9,768,332.5,403.9,92.1,1.110977579E8,12
123,76,3942.5,231.4,373.5,330,713.9,685.8,107,522.1,498.1,255.5,186.1,39.1,6.20984697E7,8
123,77,299.5,11,25.4,12.2,49.9,69.1,8.9,36.9,45.1,17,19,5,7048067.2,12
123,78,309,8.5,28.4,18,42.9,65.2,5.2,47.1,59,15.9,8.9,9.9,7171329,16
123,79,41.5,4.2,1.3,2.9,8.4,10.1,1.7,5.1,2.6,1.7,0.9,2.6,882622,4
123,80,473,17.4,50.9,22,67.1,99.8,14,42,92.1,40.5,20,7.2,9740769.7,26
123,81,1060,52.7,102.6,62,193.1,210,29.9,133.8,113.2,85.4,55.4,21.9,2.09396459E7,17
123,82,228,20.9,16,11,71,41,15,15,15.1,15,4,4,4631864.8,3
123,83,316.5,16.7,34.9,16.9,57.1,61.8,8.6,43.9,43.9,11.6,16.1,5,7224940.8,9
123,84,345.5,16.4,32,15,75.8,69.9,14,50.1,37,14.2,12,9.1,7270350.5,13
123,86,238,11,19.9,13.1,34,52,4.1,37.3,38.7,12.7,15.2,0,5449365,17
123,87,470,12.9,41,13.1,75.1,98.2,10.9,60,95,26.9,28,8.9,1.08673858E7,9
123,89,338.5,19.1,33.6,24.1,47.8,81.9,6.2,50.9,33,19.9,8,14,7256786.3,8
123,90,251.5,9.7,22.1,8.1,48.1,43.9,9.8,31.1,44.1,21.4,5.2,8,6005059.9,11
123,91,108,3.9,9.5,2,16.7,21.6,3.6,12,19.8,10.6,3.6,4.7,2238983.4,10
123,92,117.5,4.9,8.1,8.9,21,29,2.5,25.1,8,3.9,6.1,0,2342069.4,4
123,93,111,0.9,12.1,5,19.2,27.9,1.8,18.9,14,6.1,3.1,2,2326240.8,8
123,94,28,1.4,2.4,0.7,2.4,4.7,0,6.2,4.7,3.1,2.4,0,511813.3,3
123,95,177,10.1,15.1,4.9,44.1,34,4.1,30.9,10.8,13.8,9.2,0,3342028.3,11
123,96,615,30.4,54.3,45.6,102.6,100,22,90.8,84,38.2,42.2,4.9,1.16853176E7,20
123,97,8,0.8,0.8,0.7,1.5,1.7,0.1,1.1,0.5,0.5,0.3,0,167798,2
123,99,690,24.2,71.5,34.2,146.2,138,17,87.6,75.3,46.9,41,8.1,1.35612443E7,12
123,100,403,19,48.8,10.1,73.1,87,8.8,62,40,27.9,20.2,6.1,8146339.5,11
123,101,217.5,11,16.5,11.9,33.9,50.1,3,31.9,25.2,10.9,11.9,11.2,4730133.7,8
123,102,3,0.1,0.1,0.3,0.6,0.3,0.2,0.5,0.4,0.3,0.2,0,64391.9,1
123,103,373,16.6,28.4,31.3,68.4,78,7.8,57.3,48.6,20,14.6,2,8246769.7,11
123,104,26,3,2.2,1.2,6.7,4,0.5,2.7,3.3,1.4,0.7,0.3,557114.8,3
123,105,227.5,14,14.9,11.8,46.4,44.1,7.2,32.2,27.8,19.1,7.3,2.7,4820339.2,7
123,106,57,1,4.9,5,6.1,20,1,4.1,7.1,1,1.9,4.9,1309768.5,5
123,107,708.5,26,59,37.1,121.9,160,14.4,92,87.1,58.8,37,15.2,1.55461394E7,11
123,108,7,0.4,1,0,1.6,1.1,0.3,0.8,1.1,0.7,0,0,118593.5,2
123,109,37,2.4,5.1,0,8.4,5.8,1.6,4.2,6,3.5,0,0,626851.3,5
123,110,191,7.9,26,17,26,40,3,29,24,14.1,4,0,3929674,5
123,111,1001,32.1,87.5,63.4,178,224.9,16.5,125,147,44.6,56.1,25.9,20655572,7
123,112,2280,111,209.6,121.5,432.2,466.7,73.1,291.1,288,170.1,74.8,41.9,46818847,19
123,113,498.5,15.6,51,26.5,77.9,104,6,76,67.1,22.4,45.9,6.1,9770605.8,11
123,114,1132,66.8,110.5,66.9,202,228.8,19.1,156.2,152.1,56.8,51,21.8,2.59450315E7,24
123,115,209,8,16.9,16,28,42.9,4,35.9,26,12.1,12.2,7,4951150.4,6
123,116,3394.5,233.9,288.7,281.5,666.8,621.8,123.4,392.1,424.2,234.1,77,51,5.65681427E7,20
123,117,10185,502.5,993.5,718.1,1900,2020.9,275.6,1189.9,1100.9,684.5,589,210.1,1.870378739E8,15
123,118,6690,360.4,626.2,491.1,1258.6,1225.2,199.5,777.9,777.9,496.1,401,76.1,1.097911248E8,15
123,119,5557,331.1,621.1,379.2,1062,1050.2,184.9,603,533,415.4,301.1,76,8.93738199E7,24
123,120,3602,159.9,397.1,203.8,609.2,759.9,117.9,394.3,469.8,239,186,65.1,6.72977222E7,19
123,121,2288,110.4,195.3,141.2,428.9,456.1,49.6,295.3,266,135.9,154,55.3,4.93807883E7,24
123,122,1404,65.5,120.5,63.6,235,352.1,34.7,176.9,156.8,96.6,50.2,52.1,3.56032696E7,27
123,123,1283,66.2,116.4,49.8,241.8,279.6,34,149.3,161.7,71.5,61.5,51.2,3.18394849E7,32
123,124,392.5,10.6,38.3,20,43.2,98,6,70.9,49.1,15.9,15.3,25.2,1.10145727E7,27
123,125,905,47.8,87.8,35.9,178.7,209.1,19.6,103.9,91.4,71.3,25.3,34.2,2.54094875E7,28
123,126,735,29,55,36,127.9,161.2,23.5,96.1,127,44.3,13.9,21.1,2.03162927E7,21
123,127,1577,75,146.2,65.2,260.8,324.8,32.5,226.9,232.4,104.8,58.4,50,4.27361462E7,18
124,0,30,0,1.9,0,1.1,10.1,1.9,0,9,3,3,0,676993.9,5
124,1,144,5,18.1,4.1,16.9,28,4,12.9,30,8.9,14.1,2,3048345.6,6
124,2,15,1.8,1.8,0.3,3.4,2.7,0.3,2.3,0.8,1.2,0.4,0,318748.6,5
124,4,37,4,5,1,7,7,1,6,4,1,1,0,881402.1,2
124,5,156,9,9.9,9.1,23,23.9,5,18,26,16,15.1,1,3498938.7,5
124,8,473,15,59.9,31.9,68.1,112.1,8.1,47.1,53.8,37,27.1,12.9,9723543.3,11
124,9,69,1,4,3,7.9,14.9,1,16.8,9.1,1.2,6.1,4,1779695,8
124,10,59,0.9,2.8,2,7.4,12.3,0.9,7.7,7.7,5.8,6.6,4.9,1323046.5,9
124,11,3,0.1,0.1,0.1,0.4,0.6,0.1,0.4,0.4,0.3,0.3,0.2,67273.6,1
124,13,273,8,18.1,16,44.8,58,10.9,31.2,40,18,19.1,8.9,6422592.5,10
124,14,12,0,1.8,0.4,1.8,2.9,0,1.1,1.4,1.8,0.4,0.4,269777.4,1
124,15,4,0,0.6,0.1,0.6,1,0,0.4,0.5,0.6,0.1,0.1,89925.8,1
124,16,10,0.2,1.8,0.8,0.6,3.4,0.2,1,0.8,1,0,0.2,242549.4,2
124,17,404.5,23.9,31.2,25.5,68.1,79.1,9.9,62,40.1,36.8,12.9,15,9240439.8,15
124,18,73,2.7,5.8,5.2,7.8,18.4,1.4,12.1,8.6,7.3,3.2,0.5,1688061.3,8
124,19,31,2.2,2.2,3,5.1,5.6,0.5,4,4.5,1.6,1.7,0.6,860188.6,5
124,20,13,0.9,0.6,1.3,2.6,3.3,0,1.5,1.5,0.4,0,0.9,295778.6,3
124,21,34,2,1.5,3.4,6.8,8.3,0,4.1,4.4,1.5,0,2,773574.9,7
124,23,194,7,21,12,23,52.9,4,15,25,20,10.1,4,4116690.2,4
124,24,181.5,8.5,28.4,10.1,27.9,41,6,24.8,13.2,11.5,10.1,0,3834581.9,9
124,25,21,0,2.9,1.7,1.7,3.4,0,3.4,4.5,1.2,0.5,1.7,545706.1,2
124,26,10,0.6,0.7,0.3,1,3.5,0.1,1.3,1.7,0.3,0.2,0.3,277261.7,3
124,27,281.5,15,32,16,43.2,65,2.9,45,26,14.4,14,8,6653460.5,10
124,28,174,3,20.5,12,24.1,42,3.9,17.1,28.9,14.5,5.9,2.1,3965199.6,9
124,29,159,5.8,21.8,9.1,22.8,54,2.9,19.1,7.9,8.4,4.1,3.1,3961969.5,14
124,30,193,6.3,23.4,10.7,32,48.9,5.9,27.1,15,16.6,3,4.1,3864020.9,8
124,31,70,7,2.8,7,14.9,18,2,6,8.1,0,2.1,2.1,1726833.8,6
124,32,99,2.6,6.7,6.8,15.8,23.3,0.9,20.9,8.1,6.1,6.8,1,2460017.8,14
124,33,747.5,25,67.8,46.6,118.1,147.8,18.5,125.1,100.1,45.4,38.3,14.8,1.59892643E7,32
124,34,143.5,2.9,12.4,12,26.1,23.2,8.8,23.1,13,9,8,5,3215774,12
124,35,125.5,10.1,10.4,3.1,30.9,28.9,4.9,10.7,11.8,7.7,2.9,4.1,2718784.8,14
124,36,6,0.8,0.4,0,1.2,1.2,0,1,0.6,0.4,0.2,0.2,145165.8,3
124,37,95,8.9,7.2,0,20.9,23.5,0.9,9.5,8,10.3,1.9,3.9,2225855.1,11
124,38,21,0.2,4,0.7,2.6,6.3,0.7,1.4,2.3,1.9,0,0.9,446482.4,6
124,39,2566.5,127.3,239.1,164,426,580.2,55.9,332.9,286.8,157.3,132.9,64.1,5.28608046E7,20
124,40,39,1,2.8,1,4.7,8.6,0,10.3,7.6,0,3,0,853412.8,5
124,41,2,0.1,0.1,0.1,0.2,0.4,0,0.5,0.4,0,0.2,0,43764.8,1
124,42,4,0.1,0.3,0.1,0.6,1.1,0.1,0.9,0.3,0.1,0.4,0,87153.9,2
124,43,70,2.9,7.7,4.1,9.4,18.7,1.9,11.9,6.7,2.1,3.6,1,1606103.2,10
124,44,197,7,14,10.9,30.1,47.9,6,29,21.1,15.9,11.9,3.2,4119634.5,7
124,46,177,6,22.6,11,32,42.1,3,24.9,17,10.4,4,4,3794856.4,9
124,47,198,11.4,24.1,12.4,37.5,42.7,4.1,25.2,8.4,21.8,7.8,2.6,4346371.3,10
124,48,102,4.8,10.5,6.1,20.1,24,1,16.1,8,8.5,2,0.9,2221613.3,7
124,49,191.5,8,24.4,12,30,42,8.1,27,9,12.8,12.1,6.1,4189603.3,8
124,50,9,0.8,0.4,0.4,2.6,0.9,0.4,2,0.5,0.8,0.2,0,172468.8,2
124,51,74.5,1.9,8.8,3.7,11.1,18,2.9,11.1,7.1,5,2.9,2,1641535.1,7
124,52,145,4.9,18,7,20,39,4.8,16.3,17,9.9,7.1,1,3177944.5,9
124,53,201,13.4,17.9,14.9,36,48,5.2,22.8,20,8.7,6.2,7.9,4029346.6,11
124,54,7,0.4,0.5,0.2,1.3,1,0.1,1.5,0.9,0.9,0,0.2,152013.4,2
124,55,63,3.6,4.5,1.8,11.7,9,0.9,13.5,8.1,8,0,1.9,1368121,5
124,56,11,0,1.9,0.3,1.9,1.9,0.3,1.7,0.8,1.1,0.8,0.3,296709.3,2
124,57,378,26.8,41.9,29,75,75.9,7,40.1,33.1,31.9,12.2,5.1,7156299.5,15
124,58,89,3,13.9,3,19,22,0.8,9.1,8,6.1,3.1,1,1821553.2,5
124,59,88,2,11,6,12.1,24.9,2.1,10.1,9,5,2.9,2.9,1804443.1,4
124,60,1,0.1,0,0.1,0.3,0.1,0,0.1,0.2,0.1,0,0,17544.2,1
124,61,4,0.4,0.1,0.3,1.2,0.5,0,0.3,0.8,0.3,0,0.1,70176.9,2
124,62,899.5,30.7,88.5,49.2,108,198.9,15,119.9,166,50,48.2,25.1,2.12904991E7,17
124,63,721,35.1,65.7,27.4,119.1,140,19,106,110.1,52.6,33.9,12.1,1.56545024E7,10
124,64,296.5,15.4,22.1,19.1,54.2,57.2,8,54.8,41.2,12.8,5.8,5.9,7048644.7,19
124,65,6,0.2,0.5,0.1,0.7,1.2,0.3,0.8,1.5,0.3,0.3,0.1,126559.8,2
124,66,23,0.7,1.5,0,5.1,3.7,0.7,3.7,4.5,1.5,0,1.6,535273.3,3
124,67,95,2.8,12.9,10.1,20,21,2.1,8.9,2.1,13,0,2.1,1790060.6,4
124,68,2,0.1,0.1,0.1,0.6,0.3,0,0.3,0.2,0.2,0.1,0,39136.1,1
124,69,47,2.9,1.2,2.9,14.2,5.9,0.9,6.5,4.7,4.7,3.1,0,919699.4,10
124,70,64,1.8,9,2,8.1,16.1,0.8,9.9,8.1,3,4,1.2,1309566.3,8
124,71,105,5,16,7.1,19,24.3,0,15.7,9,1.9,7,0,2075149,13
124,72,123,4.8,7.8,4.9,19.5,25.1,5.8,24.5,9,11.9,7.7,2,2371635.2,9
124,73,532.5,24.4,38,24.8,103.2,106.8,15,59.4,79.1,34.1,39.9,7.8,1.12042735E7,21
124,74,2176.5,85.9,202.3,122.9,325.8,476.1,41,301.1,304.2,138.2,140,39,4.49664353E7,28
124,75,1373.5,48.5,115.7,83.6,189,270.7,32.5,195.9,227.1,84.5,97,29,2.85293018E7,20
124,76,1869.5,87,166.4,145.7,307.9,375.9,31.1,287,233,104.3,96.2,35,3.99561033E7,24
124,77,346,8,38.9,24,39.1,96,5,55,34.1,17.9,16.1,11.9,7590478.4,9
124,79,704.5,37.8,81.6,28,131,151.5,18.4,90.9,66.1,65.3,24.9,9,1.49455057E7,25
124,80,7,0.6,0.9,0.5,1.5,1,0.2,0.7,0.7,0.6,0.3,0,128067.9,1
124,81,1123.5,64.1,103,74.5,228,212.9,33.5,145,107,95.5,44,16,2.23442695E7,12
124,82,272,9.5,25.4,17.5,50.1,53.1,11.9,32,35.1,16.4,16.8,4.2,5734440.6,9
124,83,30,0,1.8,1.9,3.9,6.8,0,5.8,7.8,0,0,2,694351,4
124,84,612.5,29,60.6,28.5,121.9,120.8,14.9,92.9,80,36.6,15.1,12.2,1.31443992E7,11
124,85,175,12,11,14,37,37,4,25,15,13.9,3,3.1,3268743,6
124,86,160,6,16,11,17.8,45.2,3,31,14,9,7,0,3735326.1,4
124,87,308.5,12,23,27,40.9,68,8,52,42,13.5,16.2,5.9,6735980.6,9
124,88,303.5,15,28,19,53,59,4,39,62,16.5,3,5,6688664.9,2
124,89,1016,46.9,92,61.4,160.3,228,25.9,124.2,137,74.3,46.9,19.1,22515425,7
124,91,227.5,12.8,28.5,11,37.7,47.1,1,23.1,31.8,12.1,12.1,10.3,4916832.9,12
124,93,27,2.4,2.8,1.2,4.8,4.8,0.4,4.3,1.6,2.7,1.6,0.4,535207.2,3
124,94,513,21.1,64.6,29.1,92.9,103.9,15,55.1,57.9,39.5,28.9,5,9533999.2,17
124,95,320,17.9,33.8,21,55,76,4,40,31.1,26.1,12.1,3,6499350.8,10
124,96,79,3.9,1.9,1.1,14.9,20.1,0,19,11.1,5,2,0,1545805.3,5
124,97,6,0,1,0.2,1.2,1.2,0.2,1.2,0.2,0.4,0.2,0.2,111166.2,2
124,98,29,1,1,1,7,6,2.1,4,2.9,2.9,1.1,0,661094,3
124,101,76,4.3,4.3,2.3,16.4,15.9,2.3,12.2,10.4,4.3,2.3,1.3,1647516.3,9
124,103,1152.5,51.6,113.4,78.2,209.8,238,36.4,137.1,138,63,68,19,2.41616437E7,13
124,104,618,20.8,67.5,26.1,111.5,125,14,100,89,47,9.1,8,1.34418256E7,8
124,105,416,16,34.4,29,63,106,12.9,60.1,41,21.6,23,9,9213166.1,8
124,106,1503.5,73.5,135.7,64.3,289.2,322.1,30.5,207.8,176.9,104.3,66.9,32.3,3.35905288E7,17
124,107,385,16,22,18.9,55,63,3,67.2,97.9,17,22.1,2.9,9109772.5,7
124,108,308,11.8,42,13,58,65,13,27,30,28,14.2,6,6253936.3,6
124,109,314.5,21.1,28.4,13.1,56,71.9,10,38.9,30.1,20,11,14,7012472.1,6
124,111,324.5,14.5,17.8,11.1,68.4,56,8.6,67.2,30,26.6,16.4,7.9,7099168.4,13
124,112,740,49.5,68.4,33.6,153.1,161.9,35.6,72.1,73.2,54.4,20,18.2,1.50230602E7,14
124,113,496.5,27,49.1,27.9,93,99,13,58.8,56.9,25.6,40.1,6.1,1.00628992E7,6
124,114,690.5,31.4,54.5,40.1,118.9,154.1,18.1,111,87.9,40.5,20.9,13.1,1.49186152E7,10
124,115,315,19.9,23,7.1,69.9,57,11.1,42,40.1,27,8,9.9,7621854.4,5
124,116,6449.5,307,616.4,439.5,1212.2,1252.8,179.5,796,781.9,450,325.1,89.1,1.137418009E8,18
124,117,3511,201.3,354.9,267,664.1,701.1,96.6,408,305.9,257.9,195.3,58.9,6.14971617E7,28
124,118,3731.5,214,393.4,241.1,644.7,758.1,108.9,473.9,355.1,317.1,164,61.2,6.60919334E7,28
124,119,2753.5,145.2,309.8,215.7,544.1,485,73.7,363.8,241,208.9,134.5,31.8,4.65872498E7,33
124,120,3460,176.1,315.1,219.3,606,749,85.2,503,382,220.8,127.2,76.3,7.43482001E7,25
124,121,1048.5,42.4,68.6,43.5,177.1,203,23.9,191.1,168.1,48.7,45.9,36.2,2.58504466E7,21
124,122,386,11.9,42.1,16,59,93,7.8,45.1,41.3,34.1,20.8,14.9,10870224,21
124,123,825.5,44.5,66.7,31.6,123.8,188.1,20.8,118.1,114.8,41.9,38,37.2,1.99631537E7,29
124,124,515.5,19,50.6,25.6,70.2,123,15.4,79.9,52.4,30.6,18.7,30.1,1.46947933E7,28
124,125,2030,94.4,205.9,86.1,322.2,469.7,46.2,264.8,234.3,139.3,72.2,94.9,6.02139923E7,30
124,126,2848.5,145.4,284.3,148.3,585.9,656.7,77.5,305.9,263,193.6,93.9,94,6.99315497E7,21
124,127,439,22,47.8,28,70.1,105.8,9.9,65,37.2,30.1,10.1,13,1.17086328E7,30
125,0,31,3,0,1,6,4,0,4,8,1.9,3.1,0,728430.1,3
125,1,115,2,13.1,5,13.9,28,3,17.9,18,4.1,9,1,2722578,5
125,3,124,7.1,16.1,1.7,22.7,23.4,1.5,14.7,21.2,7.8,4.8,3,2637908.3,6
125,6,230.5,11.5,30,5.9,41,56.2,3.8,25.1,23,13,14,7,5357632.7,15
125,7,55,5.1,4.5,0,16.1,10,2,1,6.9,9.4,0,0,1246015.7,4
125,8,595,22,38.9,31.8,92.1,131.8,15,77,94.9,41.1,32.3,18.1,1.20416283E7,8
125,10,168.5,6.9,14.5,7,29.1,26,2.1,22.1,27,15.9,15.9,2,4021226.8,10
125,11,127,5.4,4.2,4.2,26.7,27.9,5.7,16,16,13,7.9,0,3211423.4,13
125,12,3,0,0.3,0.3,0,0.7,0,0.6,0.9,0,0.2,0,67129.2,2
125,13,95,1,14.7,7.7,8,29.2,3,9.4,13.1,6,1.9,1,1947011,3
125,14,4,0,0.6,0.1,0.7,0.9,0,0.4,0.5,0.6,0.1,0.1,89925.7,2
125,16,78,1.4,12.2,2.6,9.1,19.9,3.7,12.2,8.5,6.7,1,0.7,1857756.3,9
125,17,20,0.3,3.8,1.6,1.2,6.6,0.3,2,1.6,2.3,0,0.3,485098.9,2
125,19,212,5.1,26.1,8.9,26.9,60,4.1,31.1,20.9,14.8,8.1,6,4916846.4,14
125,20,2,0.2,0,0.2,0.4,0.6,0,0.2,0.2,0,0,0.2,45504.4,2
125,21,896.5,30.9,108.5,65.9,135.1,198.3,25.9,84,117.1,69,41.9,19.9,1.77653278E7,11
125,22,45,0.9,5.7,4.5,2.7,15.9,1,6.6,3.7,1.9,1,1.1,1216124.2,8
125,23,3,0,0.4,0.3,0.2,1.1,0,0.5,0.3,0.1,0,0.1,81075,2
125,24,253,8,38,11.2,30.1,60.9,3.9,32,34,22.9,7,5,5530744.1,17
125,25,16,0,2.2,1.3,1.4,2.6,0,2.6,3.4,0.8,0.3,1.4,415776,3
125,26,11,0.6,0.8,0.3,1.1,3.9,0.2,1.4,1.9,0.3,0.2,0.3,304987.9,3
125,27,38,2,2.6,1.3,3.8,12.9,0.5,5.2,6.4,1.3,0.7,1.3,1053594.4,5
125,28,274,11.9,28.7,12.1,40.2,70.7,5,26,39,19.2,14.1,7.1,5646561.5,23
125,29,36,0.8,4,1.9,1.9,9.7,1.2,7.1,5.1,0,3.1,1.2,963332.9,7
125,30,125,5.8,10.9,2.9,21.1,31.1,2.9,20.1,10.1,14,3,3.1,2730588,12
125,31,51,0.9,5.9,6.9,6.9,13.1,2,3.1,5.9,3.1,2.3,0.9,1240393.4,9
125,32,41,1.1,6.8,4.1,3.2,12.1,0,6.9,1.8,3,2,0,979127.4,8
125,33,69,2.7,1.8,3.9,16.9,14.9,2.2,11.9,4.2,1,7.3,2.2,1414155.1,13
125,34,424,29.3,37.3,19.4,70.7,96.8,12,48.8,50,33.4,17.3,9,9567966.3,34
125,35,28,1,2,2.8,6.2,8.1,1.1,2.9,3.9,0,0,0,694435.4,7
125,36,10,1.3,0.7,0,2,2.1,0,1.6,1.2,0.7,0.2,0.2,241943,3
125,37,127.5,9,12.9,7,20.2,25.9,2.1,19,7.9,13.4,6.1,4,2838695.8,11
125,38,60.5,4,7.1,2,8,15.9,0,9,4.1,4.3,4.1,2,1165500.9,9
125,39,41.5,0.7,7.9,1.5,5,12.5,1.5,2.6,4.6,3.7,0,1.5,882334.5,8
125,40,77,4,5.2,2.1,12.9,13.9,4,10.1,18,3,2.8,1,1883315.1,9
125,41,510,27.1,48.1,33.8,68.9,111.4,6.8,79.1,64.8,24.1,30.9,15,1.23018508E7,22
125,42,446,15.9,40.7,24.9,61.1,102,8,79,69.9,21.5,15,8,1.02205723E7,11
125,43,580,32,58.4,31.9,112,128.9,22.4,63.2,55.9,36.1,26.1,13.1,1.37031376E7,13
125,44,41.5,4.1,4.4,2.1,6.9,6,0.9,6,6.1,2.9,1,1.1,960738.7,7
125,45,125.5,4.9,11.9,7,18.1,32.1,5.5,18.1,11.9,7,6,3,2809117.9,10
125,46,26,1.6,3.9,1.6,5.4,4.5,0.9,4,1.6,1.1,1.1,0.3,552152.4,5
125,47,309.5,10.9,29.8,24,56,69.1,6,45.1,27,25.6,9,7,7020725.9,10
125,48,44,3.9,3,1.6,7,10.9,1.6,5.5,3.1,4.3,3.1,0,1071133.2,3
125,49,12.5,1.1,0.9,0.4,2.1,3,0.4,1.6,0.9,1.2,0.9,0,304299.2,3
125,50,39,3.2,1.5,1.8,11.4,3.9,1.5,9,2.5,3.3,0.9,0,747364.8,7
125,51,55,3,6.2,2.9,11,13,1,6.9,2.1,7.9,1,0,1089178.8,7
125,52,131.5,6.4,9.7,8,23.8,24.7,2,20.8,15.9,7.9,6.2,6.1,2881035.2,10
125,53,1,0,0.1,0.1,0.2,0.3,0,0.1,0.1,0,0,0.1,24312.1,1
125,54,158.5,8.8,16.8,5.9,26.3,34.8,4.1,21.9,17.9,13.8,6.1,2.1,3307548.3,11
125,56,28,0,4.9,0.7,4.9,4.9,0.7,4.2,2.1,2.8,2.1,0.7,755260,3
125,57,1,0,0.2,0,0.2,0.2,0,0.1,0.1,0.1,0.1,0,26973.6,1
125,58,94,5,6.9,7.9,21,18.8,1.9,12.2,10.2,4,2.9,3.2,2170169.6,8
125,59,297.5,12,30.6,14,55.8,67,6.9,39.2,32.2,16.8,15,8,6237830.9,9
125,60,728,43.8,69.8,46.6,111.4,150.5,13,100.7,98.2,42,28,24,1.56387058E7,17
125,61,2105,125.5,184.4,142.1,375.7,359.8,63,279.2,304.2,137.1,107,27,3.94505855E7,21
125,62,5932,375.5,548.9,381.3,1137.3,1019.6,195,709,740.3,437.2,325.9,62,90359745,20
125,63,965.5,28.4,69.1,55.1,108.9,194.1,10.9,183,188.9,44,52.1,31,2.30119237E7,14
125,64,187.5,8.3,21.3,12.6,28.1,35.7,7.2,29.4,26.7,7.9,6.8,3.5,3996700.2,8
125,65,15,0.6,1.3,0.2,1.8,3,0.6,2.1,3.8,0.6,0.8,0.2,316399.5,4
125,66,90,2.1,9,3.9,15,27,2.2,9,9,9,3,0.8,1732560.3,11
125,67,8,0.3,0.5,0,1.7,1.3,0.3,1.3,1.6,0.5,0,0.5,186182.1,3
125,68,97,5,12,4,12.9,19,2,15,13.1,4,8,2,2019879.1,5
125,69,216,8,18,9.1,40.9,47,2,35.1,25.3,15.8,12.9,1.9,4099090.3,19
125,70,284,9.8,18.6,22,34.2,76.9,1.9,46.1,41,16.1,12.3,5.1,5616202.9,15
125,71,736.5,35.7,71.4,48.6,132.2,145.9,13.2,108.4,76.9,44.3,51.1,8.8,1.42657503E7,22
125,73,3,0.1,0.1,0.3,0.4,0.8,0.1,0.5,0.1,0.3,0.2,0.1,52855.4,1
125,74,411,22.1,27.2,15.8,72.1,81.7,13,73.3,50.5,22.3,23.5,9.5,8875670.3,10
125,75,9,0,1.1,0.3,0.8,3.3,0,0.8,1.4,0.3,0.5,0.5,159237.4,2
125,76,218,6,24.9,8.5,28.9,42.9,3,47,32,8.7,9,7.1,4383340.2,7
125,77,90,3.9,13.8,3.9,10,25.3,0.9,14.9,4.2,8.1,1.9,3.1,2100355.4,12
125,78,6,0.5,0.5,0,1,1.2,0.2,0.7,0.7,0.7,0.5,0,84064.4,1
125,79,266.5,8.4,25.1,16.1,56.9,56.8,7.8,27.3,37.5,22.3,7.4,0.9,5654970.5,9
125,80,3,0.3,0.4,0.2,0.6,0.4,0.1,0.3,0.3,0.3,0.1,0,54886.2,1
125,81,232,14.1,17.6,12.1,50.8,41.5,3.9,24.9,30.1,17.2,19.8,0,4569010.7,9
125,82,1855.5,105.4,193.9,114.6,386,322,59.9,239.8,179.2,145.7,82,27,3.52582711E7,17
125,83,1,0,0.1,0.1,0.1,0.2,0,0.2,0.2,0,0,0.1,23145,1
125,85,95.5,5.9,8.6,10.1,21.1,19.9,1,18,4,5.9,1,0,2061098.1,7
125,86,436,19,43,22.9,77,95.1,16,56.9,41,27,27,11.1,1.00722203E7,14
125,87,278.5,16.9,14.4,11.5,55.1,44.1,8,47.8,47.9,19.6,9.1,4.1,7206058.3,9
125,88,385.5,14,39.9,28.8,51.1,91,5,40,75,11.6,21.1,8,9123301.2,7
125,89,300.5,9.6,29.2,7.2,45.1,61.9,5.9,53.2,46.8,15.6,13.9,12.1,7487309,17
125,90,211,11.8,21.1,6.9,37,33.9,3,49.1,25.8,13,4.2,5.2,5289837.1,10
125,91,513.5,27.1,55.4,32.9,84.9,114,13.2,75.9,55,33.1,14.1,7.9,1.15503972E7,13
125,92,41,3.7,4.1,1.8,7.3,7.3,0.5,6.7,2.3,4.1,2.5,0.7,812722.1,5
125,94,46,0,4,6,4,9.9,0,8,10,0,4.1,0,1046151.9,5
125,96,94.5,3.8,10.4,3,22.6,14.9,4.8,14.9,4.6,8.7,4.8,2,1864228.4,8
125,97,499,22.7,57.8,30.2,82.3,102.8,17,55.9,63,36.9,24,6.4,9777125.4,22
125,98,161,3.1,22,8.8,17.7,43.2,2.9,23.3,16.7,10,7,6.3,3328171.5,17
125,99,414,15.8,46.5,18.2,65.1,79.9,10.2,59.2,58.2,30.4,24.8,5.7,7844780.4,17
125,100,762,42.4,72.3,45,121,191.1,28.9,80.2,70,58,38,15.1,1.48318598E7,25
125,101,29,1.6,1.7,0.8,6.3,6.1,0.8,4.8,3.8,1.7,0.9,0.5,628657.5,5
125,102,144,11.1,17,8,32,27,8.9,10.9,12.1,15,0,2,2905069.3,4
125,103,1594,84.6,168.1,88.4,306,288.1,48.2,192.9,211,131.8,55.9,19,3.09045639E7,25
125,104,625.5,25.4,56.6,36.2,109.2,140.9,18.1,81.1,69.9,42.9,26.1,19.1,1.34339846E7,17
125,105,587.5,18.8,36.4,32.9,79.2,99,6.5,150.1,106.1,30.5,10,18,1.32338249E7,7
125,106,521.5,13.9,70,25.9,63.1,126.9,16.5,52.9,80.9,34.9,23.2,13.3,1.14634046E7,13
125,107,1326.5,43.8,110,88.8,211,279.1,20.3,209.3,183,85.9,63.1,32.2,2.75359606E7,18
125,108,98.5,3.8,9.7,3,17,19.9,0.9,14.2,16,8.9,4,1.1,1865334.1,10
125,109,310,15,32,10.2,51,77.9,5,35.9,23.1,27,25,7.9,6342941.5,7
125,110,29,1.3,1.3,1.9,4.5,5.3,1.3,5.9,3.9,2.9,0.7,0,576267.8,3
125,111,1329,58.3,132.6,85.6,206,320.9,41.6,159.9,164.1,80.9,52.9,26.2,2.82248538E7,15
125,112,33,3.9,1,2.1,6.1,6.1,0,3.9,3.9,1.9,3.1,1,747783.5,5
125,113,762,40.9,61.8,28,162.1,150,20.3,110,92,55.9,23.9,17.1,16637932,12
125,114,667.5,27.2,55.5,28.1,103,138.6,11.1,125.8,84,44.1,34.1,16,1.58429772E7,16
125,115,936,32.9,75.1,50.4,139.1,184.2,27.4,147,152.8,50.1,59,18,2.08177419E7,13
125,116,4763,255.8,421,289.5,803.1,839.1,132.2,702.2,639.2,308,285.9,87,8.66543423E7,16
125,117,301,11.8,25,12,42,67.1,5,52,48.9,6.1,21,10.1,7457150,15
125,118,3785,193.4,310,242.2,743.8,654,97.1,524.9,462.2,232.3,263.2,61.9,6.92985841E7,17
125,119,1329.5,62.3,154.5,87.8,242.4,291,30.6,158.1,125.2,100.7,46.8,30.1,2.78993186E7,24
125,120,1250,83.7,93.8,49.6,235.8,240.1,22.6,168.2,193,69.6,66.4,27.2,2.65770241E7,23
125,121,839.5,57.2,79.9,41.1,160.1,174.9,22.8,118.8,74,51.3,34.2,25.2,2.08481248E7,22
125,122,969,53.8,91.5,54.7,156,237,24.8,114,99.9,67.9,32.1,37.3,2.37521624E7,24
125,123,1267.5,48,112.5,52.4,235.9,276.1,25,160.9,151,88.7,69.9,47.1,3.20106884E7,26
125,124,634.5,28,64.5,33.1,103.8,144,17.4,86.5,72.1,43,23.9,18.2,1.65438523E7,31
125,125,969.5,40.7,109,44,124.9,245.8,29.7,127,113.1,62.8,19.2,53.3,3.25589979E7,43
125,126,459.5,26.3,47.5,29.6,96.9,100.8,9.2,48,46.1,26,19,10.1,1.18929667E7,25
125,127,1984,100.9,206.5,92,327.1,448.9,44.8,247.2,265.3,109.4,59.8,82.1,5.14880802E7,21
126,0,5,0.1,0.4,0.1,0.6,0.8,0.1,1.2,0.6,0.6,0.4,0.1,110980.5,1
126,2,125,4,7.6,2.8,27.3,29.7,5,17.9,13.7,8.1,7,1.9,2657345.9,12
126,3,1,0,0.2,0,0.2,0.3,0,0,0,0.1,0.2,0,20085.8,1
126,4,1,0.1,0,0.1,0.2,0.2,0,0.2,0.1,0,0.1,0,21648.7,1
126,5,127.5,3.8,9.6,2.9,21,33.3,3.8,21.1,15,8.1,6.9,2,2652077.7,9
126,8,395.5,13,38.2,25,71.9,72,8,47.9,46,31.5,41,1,8583977,8
126,10,78,0,5.1,6.9,6,22.1,0,19.8,12.1,2,4,0,1940144.1,10
126,11,367,16,26.9,21.1,61.1,82,11.2,52,49.9,24.8,21,1,8836195.1,18
126,12,57,3,3.9,3.9,7,12.1,0,6.1,14,3,2,2,1417196.9,4
126,13,185.5,8,18.3,9.8,36.2,38.9,4.9,20.1,21.1,15.2,10,3,4418927.5,12
126,14,308.5,15,29,15.9,61,77.1,9.1,36,15,34.6,10.9,4.9,7183798.7,6
126,16,23,2.1,1,1,4.3,4.8,1.6,2.7,1.6,2.3,1,0.6,578900.8,4
126,17,92,3.1,16.1,5,14.9,23,1.9,14.1,1.9,9,1,2,2174601,7
126,18,107,2.7,13.7,3.8,13.2,30.5,3.9,13.4,13.2,8.6,0,4,2688499.3,9
126,19,3,0.1,0.3,0.1,0.4,0.9,0,0.4,0.5,0.2,0,0.1,79889,1
126,20,12,0.7,0.7,1.1,1.7,2.8,0.3,1.1,1.4,0.4,0.7,1.1,340463.1,4
126,21,183,10,26,7,29.9,42.9,10,12,19.1,22.1,4,0,3921346.6,5
126,22,20,0.5,4.9,0.6,3.2,4.3,0.5,1.7,2.7,1.6,0,0,378980.8,2
126,24,19,0.7,1.7,1.4,3.5,4.2,1.1,1.8,2.4,1.4,0.4,0.4,475243.8,3
126,25,76.5,2.9,7.4,4,10,22.1,1,11,8.1,9,1,0,1644696.4,9
126,26,40.5,1.6,3.2,2.5,10.6,9.8,1.6,6.6,0,0.8,0.9,2.9,889636.9,7
126,27,9,0.4,0.8,0.5,2.3,2.2,0.4,1.4,0,0.1,0.1,0.8,197697.1,3
126,28,59,5.9,3.8,3,17.9,8.1,0,14.1,2.9,3.3,0,0,1250103,8
126,29,124,6,9.1,6.1,19,17.7,3.1,22.1,20.9,15,5,0,2601080.1,15
126,30,58,4.7,4.9,2.6,10.9,12.3,2,6.1,8.2,4.7,0.8,0.8,1353976,6
126,31,83,4.9,10,5.1,20,14,1,11,5,9,0,3,1826668.9,4
126,32,26,0,1.1,1.4,1.8,9.3,0,5,5.5,0,1.9,0,627222.3,5
126,33,106,7.1,6.1,4,21.1,26,3.9,11.8,10.8,4.2,9.8,1.2,2354643.6,11
126,34,133,8,8.7,8.9,29.9,24.3,2,15,18.1,13,5.1,0,3265718.1,16
126,35,821.5,54.9,98.5,43.4,155.9,170.8,29,75.2,80.2,67.1,31,15.5,16379233,22
126,36,33,6,1,0,9.9,4,0.9,5.1,5.2,0.9,0,0,784196.9,6
126,37,44,2,2.9,2,10.9,9,0.9,4.1,7,4.1,1.1,0,1091104.8,6
126,38,226,12,24.6,9.1,46.9,38.9,8.1,35.9,13.2,22,9.2,6.1,4920636.6,13
126,39,38,0.8,2,3.1,7.9,8.1,1,12,0,1.1,0,2,1132064.5,8
126,40,1056.5,27.4,77.2,64.2,173.9,207.1,22.8,173.1,178.9,52.4,59.5,20,2.38922007E7,22
126,41,365,8.9,31.5,20.1,42.9,93.7,8.3,68.1,48.1,23.1,13.3,7,8716817.7,14
126,42,1468,63.6,146.9,73.5,236.9,317.1,44.4,176.1,184.9,106.5,92.2,25.9,3.13981418E7,10
126,43,1570.5,59.9,136,100.9,211.1,303,21,219,248.2,86.4,154,31,3.55380054E7,16
126,44,578.5,38,81,34.9,115,96,33.2,65.9,35,61.5,5,13,1.10884777E7,9
126,45,2,0.2,0.2,0.2,0.4,0.6,0.1,0.1,0.1,0.1,0,0,46289.6,1
126,46,10,0,1.7,0.3,0.4,3.1,0,2.1,1.5,0.2,0.5,0.2,263508.7,2
126,47,225,10.6,17,7.2,37.2,52.9,10.2,36.7,27.9,9.9,6.2,9.2,5516739.5,14
126,48,191,20,17,8,40,29,7,29,14,14,5,8,3605777.2,5
126,49,51,7.8,2.7,1.7,16.4,8.6,2.5,4.3,2.7,4.3,0,0,1061034.6,4
126,50,104,7,8,11,18,20.9,1.9,13.1,12,6.1,4,2,2102590.6,5
126,51,253,7.9,23,20.1,45,64.2,7.2,21.8,22.9,20.8,15.9,4.2,4652556.9,19
126,52,93,1.5,3.9,9.1,10,20.9,2.3,17,12.1,7,9.2,0,2057537,9
126,53,19,1.1,1.9,2,1.9,4.8,1.1,3.3,0.8,1.6,0.2,0.3,403324.4,4
126,54,85,3.9,6.9,6.1,13,19.9,1,17,8.1,1,6.1,2,1864565.9,6
126,55,15,0.7,0.5,1,2.4,3.8,0.2,2.8,2.4,0.4,0.8,0,318715.3,4
126,56,497,28.5,59.1,26,88,116.9,16.9,62.9,48.1,29.5,11,10.1,1.04716976E7,10
126,57,145,6,13.8,5.1,20.9,30.1,0,27,24,6,10,2.1,3283646.3,10
126,58,172,10.9,12.1,6.1,32.9,31,4.9,26,32,10,4.1,2,4129838.5,8
126,59,575.5,16.4,59.9,26.5,96,118.9,16.8,93.9,84.1,32.9,17.2,12.9,1.29085997E7,17
126,60,1322.5,41.8,112.7,75.3,172.3,268.9,29,182,278.8,59.1,74.3,28.3,2.80816564E7,22
126,61,8128.5,338,768.5,547.1,1365.8,1534.8,209,1067.9,1200.2,505.1,431.2,160.9,1.570493489E8,23
126,62,12747.5,519.5,1000,843,2223.1,2380.9,309.9,1644.1,1804.1,671,1124.9,227,2.558508314E8,9
126,63,1977.5,72,208.4,130.4,296.1,433.2,43.4,262.1,269,119,113.8,30.1,4.02575776E7,24
126,64,87.5,3,6,4.1,16,23,2.8,10,14,4.5,3.1,1,1951941.3,6
126,65,40,1.9,4,1,6,8,1,10.1,4,0,4,0,849554.4,2
126,66,237,14,26.4,14,54,47.1,9,12.8,27.1,21.7,5.9,5,4731572.7,10
126,67,2,0,0.1,0.1,0.4,0.2,0.1,0.4,0.4,0.1,0.2,0,42860.2,1
126,68,255,13.1,19.8,12,48.8,52.2,11.1,29.1,29,26.1,2,11.8,4933802,21
126,69,147,8,16.9,8,29,24,2,21.1,21,10,5,2,2939743.3,6
126,70,331.5,13,26.4,21.4,51,82.8,10.9,36.1,38.2,27.6,20.1,4,6948354.8,12
126,71,831.5,40.1,87.4,47,145.8,174,14.4,109,91.2,55.5,60.1,7,1.53052177E7,16
126,72,11,0,1.7,0.4,1.2,3.6,0,1.2,1.2,0.8,0.9,0,269900.9,2
126,74,372,14,47,17,82,73,11.9,43.1,29,34.9,13,7.1,7763873,12
126,75,304.5,10,17.2,20.6,39.9,74.9,9.9,46,47.9,25,11.1,2,6584119.7,8
126,76,262.5,9.9,26.4,11.1,35,68.1,5.1,41.2,23.7,15.9,21.2,4.9,5594929.6,9
126,77,6852,302.9,654.5,480.9,1065.9,1342.2,145.2,928.2,987.8,420.4,416,108,1.239810404E8,20
126,78,2520.5,137,263.4,189.6,460.1,534.8,74.4,280.9,266,169.2,118,27.1,4.17306174E7,15
126,79,750,36.1,75,41.8,115.1,171,19.3,96.2,102.1,45.2,36.2,12,1.55166408E7,18
126,80,13,0.8,1.2,0.2,2.4,2.4,0,3.4,1,1.6,0,0,263950.4,1
126,81,332,14,24.9,19,67.9,70.1,16.1,51.9,30.2,19.9,16,2,6785112.1,9
126,82,67,4.9,5.2,2.9,14.9,10.3,2.9,9,6.9,6.9,0,3.1,1202565.8,9
126,84,1096,35,83.5,52.4,148,225.9,17.9,208.9,189.2,55.2,45,35,2.58622302E7,18
126,86,1584.5,83.9,164.9,78.9,309,338.1,43.5,187.1,164,132,50.1,33,3.30319726E7,11
126,87,5097,233.5,486.9,331.1,885,988.7,138.6,684.2,669,358.9,271.1,50,9.26841716E7,15
126,88,5967,355.4,490.5,433.5,1118.9,1056,168.4,785.1,743.4,384,381.9,49.9,9.98046991E7,10
126,89,2031,70.8,162.3,86.7,268.9,345.6,58.5,246,482.1,111.8,158.2,40.1,4.90713199E7,23
126,90,777,56.6,82.9,35.3,189.1,161.1,25.5,63.6,65.8,61.2,13.7,22.2,1.63879451E7,8
126,92,415,17,45.3,28.1,80.2,90,13,36,61.9,27.6,7.9,8,8019126.3,14
126,93,24,0.9,1.9,2,2.1,3.9,0,2.9,7.1,0,2.1,1.1,568428.8,5
126,94,1173.5,52,129.4,64.9,200.1,265.1,35.8,151.2,133.3,76,44.8,20.9,2.27189828E7,20
126,95,2,0.1,0,0.1,0.5,0.2,0.1,0.3,0.3,0.2,0.1,0.1,38398.7,1
126,96,240,8.1,12.7,11.7,43.9,45.1,9,37.1,30.1,22.1,16,4.2,4424200.4,9
126,97,211.5,6.3,20.1,13,38.7,43.8,7.3,33.8,18,12.4,15.1,3,4076704.3,11
126,98,115,4.2,11.6,1.4,19.2,28,2.9,13.9,13.3,7.7,8.5,4.3,2264932.7,8
126,99,7,0.5,0.7,0.2,1.7,2.1,0,0.3,0.5,0.3,0.2,0.5,163150.3,2
126,101,172.5,6.9,16.4,10.9,32.2,36,6.7,20,18.5,12.9,7.1,4.9,3699841.2,11
126,102,370.5,21.5,38.2,16,75.8,74.7,13.9,41.1,56.6,17,11.7,4,8334903.7,4
126,103,1664.5,96.3,158.3,104,303.9,335.1,57,187.8,201.1,113.1,91.9,16,3.18836789E7,14
126,104,950,33.9,98.5,60.5,136.9,205,27.9,139.1,130.9,55.1,41.1,21.1,1.95208882E7,8
126,105,2134.5,76.5,187.4,124.5,295.9,445.1,46.4,309.9,355.1,124.7,117,52,4.56731511E7,13
126,106,4548,172.8,378.5,289.8,763.4,898.3,81.9,698,620.4,253.8,293.3,97.8,9.52269599E7,42
126,107,4438,219.3,359.8,273.4,791.2,871,89,607.1,583.9,278.9,278.1,86.3,8.90748464E7,15
126,108,22,0.3,1.6,1.3,4.5,5,0.2,2.8,2.8,0.7,2.1,0.7,574439.9,3
126,109,682.5,24.6,78.8,39.2,102,162.2,20.2,103,79.1,36,24.1,13.3,1.55966539E7,23
126,110,160,4.9,23.9,6,19.9,42.1,1,28,12.1,8,6,8.1,4123433.2,5
126,111,1284,53.2,124.4,66.9,235.8,257.9,33.1,155.8,176.3,82.7,73.9,24,2.76103316E7,19
126,112,832.5,53.1,64.1,40.1,176.9,152.1,23.4,134.8,86,58,32,12,1.84321227E7,12
126,113,1532,69,135.3,92.7,303.9,271.1,44.9,267.9,145,118.1,63,21.1,3.13371323E7,16
126,114,850,40.5,84.3,58,170,139.8,30,139.9,76.1,60.5,26.9,24,1.61702827E7,16
126,115,2252.5,100.9,250,147.6,380.9,444.1,42,263,258,167.8,177.1,21.1,3.69228093E7,16
126,116,1600.5,82.3,171.6,125.3,305,337.1,28,200,149,123.2,51,28,3.07625801E7,16
126,117,5709.5,277.6,531.5,358,1089,1052.9,146.4,855.3,592,366.9,345,94.9,1.022206871E8,17
126,118,2074.5,135.7,197.1,148.5,386,396.8,64.5,265.2,234,126.8,96,23.9,36226450,14
126,119,49,3,3.2,1.9,13.1,11.9,3,7,1,4.9,0,0,1091201.7,6
126,120,3949.5,199.4,387.6,196.7,689.9,886.1,104.3,527.9,449,218.5,187.9,102.2,8.92183021E7,24
126,121,780,34.7,66.4,44.5,128.1,174.8,21.7,116.2,78.9,54.9,31.8,28,1.82726466E7,29
126,122,251.5,2.9,22.1,13.4,35.8,62.9,3.1,60,14.3,16.8,8.3,11.9,6781966.8,20
126,123,493.5,22.2,65.5,37,64.8,125.1,9.8,56.4,50.3,27.4,12,23,1.34531701E7,34
126,124,424.5,14,36,19.9,64.8,105.2,12,64.1,53.8,22.5,15.2,17,1.12091505E7,32
126,125,1761,73.8,205,90.4,307.1,429.2,62.4,171,181.9,136.8,43.2,60.2,4.40371063E7,19
126,126,3850.5,173.2,343.3,220,697,854.6,84.8,450,484.4,214.8,197.1,131.3,9.27437865E7,30
126,127,631.5,17.3,61.9,30,81.7,147,8,104,98.3,35.1,26.2,22,1.66229276E7,40
127,0,91,2.7,4.6,2.9,13.3,14.1,0.8,18.8,12.6,8.6,9.7,2.9,2093698.6,6
127,2,4,0,0.7,0,0.6,1.2,0,0.1,0.2,0.5,0.7,0,80343,1
127,4,79,2,7,3,9.9,20.7,0.9,13.7,11.9,3,5.9,1,1708600.7,3
127,8,29,0,2.9,1.9,2,13,0,2.9,2.2,0,3,1.1,726011.7,6
127,12,61,4,1,3,11.9,10,3,6,12,6,4.1,0,1314773.4,4
127,13,13,0,2,0.3,2,3.2,0,1.2,1.5,2,0.4,0.4,292258.8,3
127,14,52,1.8,5.1,8,6,18.1,0,6,4,1.1,1.9,0,1229524.4,7
127,15,663,25,96.4,36.4,113,147.1,19.2,64.1,72,51.4,19.1,19.3,1.38709339E7,19
127,16,20,1.8,0.9,0.9,3.7,4.2,1.4,2.3,1.4,1.9,0.9,0.6,503392,3
127,18,93,5,12,4,15.9,21.9,0,7.1,14.9,6,3.1,3.1,2183830.2,5
127,19,2,0.1,0.2,0.1,0.3,0.6,0,0.3,0.3,0.1,0,0,53259.3,1
127,21,22,1.3,1.4,1.9,3.2,5.1,0.6,1.9,2.6,0.6,1.4,2,624182.4,4
127,22,17,0.4,4.2,0.4,2.8,3.7,0.4,1.4,2.3,1.4,0,0,322133.7,2
127,23,281.5,14.4,21.8,13,41.1,71.1,3.2,41.8,40.1,12.7,14,8.3,5827343.1,13
127,24,33,3,1.1,3.9,6.9,2,0,8,6,0.9,1.2,0,729131.1,6
127,25,35,1.3,3.3,2.5,6.4,7.8,2,3.3,4.5,2.5,0.6,0.8,875449.1,4
127,26,189,8.2,24,8,32.1,44.1,7.9,18.9,20.1,14.8,5.9,5,3970340.9,14
127,27,53,2.9,4,3,14.1,9,5.8,4.1,1.9,6.1,1,1.1,1089098,6
127,28,90,5,6,0,18.1,20.9,0,12.8,12.1,4.9,8.2,2,2118500.7,12
127,29,382,17.2,32,24.8,68.2,79.1,12.1,58.2,43.9,19.4,19.1,8,7891693.1,13
127,30,27,2.3,2.4,1.2,5.3,5.6,0.9,2.8,3.8,2.4,0.1,0.2,630298.9,6
127,31,82,2,5.6,5.1,14.9,18.9,0,13.1,5,9.9,3.2,4.3,1891095.4,13
127,32,209.5,12.9,28.8,8,25,57,1.9,11.1,37.9,11.7,12.1,3.1,4328333.4,16
127,33,16,0,0.7,0.7,1,5.7,0,3.2,3.3,0,1.4,0,385983,7
127,34,40,1.7,4,0.9,5.2,12,1.9,4,5.9,0.9,2.3,1.2,1013801.3,10
127,35,46,5,2.9,2.9,9.8,9.1,2.9,8.1,1.2,2.9,0,1.2,868652.7,8
127,36,128.5,12,11.5,3.9,26,27.1,4,13.9,15.1,8.9,4,2.1,2783612.8,8
127,37,47,3.1,5.9,6.2,7.2,11,1,1,3.8,2.1,4.7,1,933791.3,11
127,38,322.5,6.7,22.1,24.2,50.1,79.2,7.9,53.9,40.2,20,12.1,6.1,7222610.5,18
127,39,118,6.9,10.6,3.9,29.1,25.2,2.1,15.7,12,5.4,6.1,1,2589581,13
127,40,76,2,8.4,4.2,7.8,19.1,0,9.1,10.9,6.4,3,5.1,2092873.6,10
127,41,719,19.9,71,33.9,108.8,159.3,16.5,83,126.2,38.5,45.9,16,1.67808807E7,10
127,42,717.5,37.9,51.1,41,143,145.1,12,118.9,87,35.5,33.9,12.1,1.63789144E7,17
127,43,10924.5,604.6,973.8,766,2201.1,2004.8,317.6,1271,1269,672.4,649.2,195,2.026505608E8,12
127,44,2285,128.4,219.4,157,403.1,394.2,82.5,291.7,331.1,153.4,86.1,38.1,4.32795394E7,12
127,45,381.5,25.7,38.3,31.3,83.8,103.3,10.4,33.1,17.7,26.9,5.9,5.1,8499369.9,8
127,46,36,0,5.8,1.5,1.5,11.2,0,7.5,5.3,0.8,1.6,0.8,948631.2,6
127,47,2,0,0.3,0.1,0.1,0.6,0,0.4,0.3,0,0.1,0.1,52701.7,1
127,48,8,1.3,0.4,0.3,2.6,1.3,0.3,0.7,0.4,0.7,0,0,166436.8,2
127,49,268,5,27.8,16.1,42.9,68.1,6.9,45,25.1,15.1,9,7,5869638.4,6
127,50,15,0.7,0.6,1.5,2.9,3.9,0,1.7,1.7,0.7,0.6,0.7,373330.5,2
127,51,97,4.1,6.8,8,21.2,21.2,0,13.2,9.2,6.5,2.3,4.5,2281293.3,11
127,52,764,40,77.9,51,142,157,14.1,103.2,97.8,49,26,6,1.45171965E7,9
127,53,105,5.9,10.2,7.8,17.2,24.2,6,12.7,7.2,11.4,1.7,0.7,2294510,3
127,54,114,3,10,7,15,22,4,25,14,7.9,4.1,2,2366819.1,4
127,55,28,1.3,0.8,1.9,4.5,7.2,0.6,5.1,4.6,0.7,1.3,0,594935.4,4
127,56,55,3,2.7,0.7,14.6,5.9,2,7.7,8.3,2.5,6.9,0.7,1244676.1,3
127,57,12,0,1.4,0.4,2.4,2,0,1.4,2.8,0.2,1,0.4,297916.6,2
127,58,42,1,6,1,9.9,12,1,7,0,4.1,0,0,988607.4,4
127,59,683.5,24,57.7,35.9,105.8,140,15.1,116.9,84,50,38.1,16,1.51784876E7,23
127,60,25,1.5,0.7,0,6.1,4.8,0.7,0.7,4.2,2.7,2.1,1.5,598978.5,4
127,61,949.5,39.8,96.3,65.1,171.1,203.2,24.2,123.9,103.7,58.4,46.2,17.6,1.89678885E7,26
127,62,3708.5,130.8,353.3,248.6,653.4,747.7,95.4,554.9,460,234.1,176.1,54.2,6.94952721E7,20
127,63,2240.5,114.8,197,163.1,382.1,445.9,57,285,302,120.7,133.1,39.8,4.47167178E7,20
127,64,41,2.9,0,2,9,3.1,3.1,10.8,5,4,0,1.1,1104899.6,5
127,65,103,3,9.2,7,14,19,1,17,20,6.8,6,0,2184529.1,6
127,67,36,0.8,2,1,7.5,3.7,0.9,7.7,7.7,1.9,2.8,0,771484.1,8
127,68,78,3,0.8,2.8,11.9,17.9,1.9,14.2,16.1,4.1,2.1,3.2,1372476.6,12
127,69,296,7,37,20.5,38.8,67.2,5.9,46.9,37,25.5,7.1,3.1,5637923.5,11
127,70,298.5,16,26.7,12.6,56.8,53.9,4.2,39.3,46.3,21.9,14.8,6,6335523.1,19
127,71,52,5.1,2.9,4.1,13.9,11.9,2,8,2.1,1,1,0,928909.5,6
127,72,16,0,2.4,0.7,1.7,5.3,0,1.7,1.9,1.1,1.2,0,392583.1,4
127,73,671.5,32.7,54.2,34.8,108.2,142,20.4,101.1,99.1,31.7,37.3,10,1.48407584E7,28
127,74,2,0.1,0.2,0.1,0.3,0.4,0.1,0.5,0.2,0.1,0,0,41222,1
127,75,73,2.7,6.9,4,9.7,14.6,2.9,19.4,7.9,4,0.9,0,1504604.3,8
127,77,3375.5,140,336.1,205.6,583.9,649.3,85.3,477.9,435.9,249.5,175.9,36.1,5.97295836E7,21
127,78,1335,63,114.5,81.9,201,261.1,34,187.1,171,85.4,120,16,2.45212681E7,10
127,79,49,4.1,2.1,0.9,4.9,7.8,0,9.9,11,2.1,4.1,2.1,966726,8
127,81,127.5,8.2,15.3,3.8,23.6,28.6,1.9,17.7,9.9,13.5,2,3,2723923,6
127,82,62,0,5,2.1,8.1,18.8,1.9,10.9,5.1,7,2.1,1,1294918.8,9
127,83,195,11,16.1,8,39,38,0,37.9,23.9,11.1,8,2,4175875.4,8
127,84,153.5,6,17.5,7,24,38,4,24,16,11,4,2,3201052.2,3
127,85,189,5,20,8,29,43,5,31,26,14,7,1,4463920.5,2
127,86,1479,47,117,88.5,175,328,18.5,216.1,358,47,58.9,25,2.93304149E7,7
127,87,6846,285.4,714.3,515.6,1295,1349.9,165.6,793.2,770,452.8,381.2,123,1.216636166E8,24
127,88,21854.5,986,1977,1719.5,4149,4141.9,536.5,2589,2604.1,1333.5,1392.9,425.1,4.326431868E8,7
127,89,2610.5,146.2,246.6,184.9,382.1,432.1,83.3,321.9,398.2,193,186,36.2,4.05601377E7,18
127,91,21,2.9,1.5,0.6,7.8,3.2,1.1,0.6,0,2.3,0.4,0.6,415691.2,5
127,92,880.5,45,74.1,75.9,181,176,22,99,100.9,67.5,30,9.1,1.63438215E7,7
127,93,134,7,9,8,24,22.9,4.1,23.1,18.1,13.8,4,0,2706566.8,8
127,94,182,11.1,27.9,11.9,34.1,40.1,3.8,11.1,17.2,14.9,7.9,2,3427398.6,12
127,95,54,2.9,1.9,1.9,13.5,5.8,2.9,8.7,7.8,4.8,1.9,1.9,1036765.7,2
127,96,231,8.3,28,14,37,50.8,5,31.9,28.9,17,7.1,3,4184064.3,13
127,97,97,6.9,10,4,16,22,4,5.1,17,5,6,1,1658695,2
127,98,318,8.1,33.9,20.9,48,63,10.1,40.9,45,18,25.9,4.2,6459204.4,9
127,99,17,1.2,1.7,0.5,4.2,4.9,0,0.8,1.2,0.8,0.5,1.2,396222.1,3
127,100,9,0.4,0.7,0.4,1.6,2.4,0.5,0.7,1.2,0.7,0,0.4,212406.4,2
127,101,17,0.7,1.4,0.7,3.1,4.5,0.9,1.4,2.3,1.3,0,0.7,401212.1,3
127,102,1038,44.9,101,43.7,172.9,235.2,34,137.2,133.9,62.1,53.1,20,2.30898356E7,30
127,103,18,1,1.3,1.1,2.3,3.3,0.5,1.8,5.4,1,0.3,0,409970.3,3
127,104,148,4,13.1,5,20,28,2,26.9,31,10,8,0,3522761.1,3
127,105,4878.5,213,428.5,299,862,965.2,111.1,650.8,640,324.9,300,84,9.59390414E7,9
127,106,14862,589,1264,1217.5,2723,2880,301,1796,1981,786.5,1033,291,2.978440201E8,4
127,107,3577,177,373.3,257.8,672,723.7,75.3,504,396.1,215.6,127.1,55.1,6.24565551E7,19
127,109,679,30.4,66.3,30.5,102.5,148,13.7,81.4,110.4,43.3,22,30.5,15520630,13
127,111,1147,41,96,64.4,203.9,244,24.1,147.2,157.9,74.4,70.1,24,23171451,23
127,112,320.5,18,21,11.5,78,65,15.1,41.8,38,16,12.1,4,6842927.6,7
127,113,520,30.9,46.5,21,92.8,97.1,15,68,77.9,28.5,30.1,12.2,1.06074398E7,7
127,114,484.5,18,54.5,23.9,77,114,13,80,54.1,27,10,13,9657843.2,7
127,115,4110.5,201.1,403.5,234.7,699.9,765,110.6,569,524.9,288,255.9,57.9,7.52649867E7,15
127,116,1478.5,51.1,124.9,72.9,247.7,277.3,31.1,261.1,232,91.5,62.9,26,3.13477339E7,19
127,117,3457.5,176.7,349.5,224.1,695.1,637,116.9,426.9,324,300.2,162.9,44.2,6.22643533E7,12
127,118,636,25,51,27.9,99.1,102.9,8.5,117.1,115,36,41,12.5,1.35847905E7,8
127,119,339,13.8,42.9,10,56.1,75.1,11.1,60,33,23.9,5,8.1,8516469.9,13
127,120,995,44.5,105.1,52.3,168,243.9,29.7,128.9,117.2,51.1,25,29.3,2.57152697E7,25
127,121,915,46.6,90.8,39.5,162,214.2,25.9,123.2,95.1,60.7,30,27,2.22197096E7,26
127,122,1060,68.4,93.4,53.7,251.1,207.1,34.8,123.1,100.1,72.4,26.9,29,2.59253462E7,18
127,123,1160.5,50.2,116.1,31.8,217.8,255.3,37.4,149.2,128.8,99.4,37.1,37.4,3.00103281E7,32
127,124,470,33.1,57.2,30.9,86.2,109.1,7.2,48.8,31.4,36.3,9.9,19.9,1.11686032E7,22
127,125,425.5,24.8,32.6,10.9,78.9,91.2,9.3,53.1,64,26.7,20,14,1.13932334E7,19
127,126,1354.5,48.1,142,65.5,211.9,306.8,28.3,165.9,221.1,80.9,42,42,3.47251631E7,33
127,127,526,25.2,54.5,21.3,104.8,111.7,9.1,73.1,56.2,28.2,22.9,19,1.46402662E7,22
