x,y,Ind,Ind_0_3,Ind_11_17,Ind_18_24,Ind_25_39,Ind_40_54,Ind_4_5,Ind_55_64,Ind_65_79,Ind_6_10,Ind_80p,Ind_inc,Ind_snv,Men,Men_pauv
88,68,1,0,0.1,0.1,0.2,0.1,0,0.1,0.4,0,0,0,13432.3,0.5,0.3
88,69,3,0,0.30000000000000004,0.30000000000000004,0.6000000000000001,0.30000000000000004,0,0.30000000000000004,1.2000000000000002,0,0,0,40296.899999999994,1.5,0.8999999999999999
88,72,1,0,0.1,0,0.2,0.2,0.1,0.2,0.1,0.1,0,0,14530.6,0.3,0.1
44,11,6,0.3,0.8,0.1,0.8,1.7,0,1.2,0.2,0.3,0.3,0.3,152986.4,2,0.3
44,22,12,0.30000000000000004,0.30000000000000004,0.4,1.3,2.5,0,3.5999999999999996,2.3,0.9000000000000001,0.30000000000000004,0.1,242014.89999999997,6.1,2
44,12,7,0.4,0.8999999999999999,0.1,0.8999999999999999,2,0,1.4,0.1,0.4,0.4,0.4,178484.1,2.4,0.4
44,13,13,0.7,1.6,0.3,1.6,3.7,0,2.7,0.3,0.7,0.7,0.7,331470.5,4.3,0.7
44,14,9,0.4,1.1,0.2,1.1,2.5999999999999996,0,1.9,0.2,0.5,0.5,0.5,229479.5,3,0.5
44,16,7,0.30000000000000004,0.8,0.2,0.8,1.3,0.1,1.1,1.3,0.4,0.6000000000000001,0.1,181682.8,2.9000000000000004,0.4
44,17,17,0.7,2,0.4,2.1,3.1,0.30000000000000004,2.7,3.1,1,1.2999999999999998,0.30000000000000004,441229.6,7,1
44,18,19,0.9,2.2,0.6000000000000001,2.2,3.5,0.30000000000000004,2.9,3.5,1.2,1.4000000000000001,0.30000000000000004,493139,7.8,1
44,19,118,3.3,14,5.9,13.7,33.5,2.5,13.5,14.5,10.3,5.3,1.5,2835556.9,44.3,4.6
44,3,8,0.30000000000000004,0.6000000000000001,0.4,1.6,2.9000000000000004,0.30000000000000004,0.5,0.5,0.7,0.2,0,178063.2,3.3,0.5
44,7,3,0,0.6,0.1,0.5,1,0,0.4,0.2,0.1,0,0.1,49110.1,1.3,0.6
44,20,41,0.5,4.4,2,2.6999999999999997,10.6,0,7.7,7.3,2.4000000000000004,2.2,1.2000000000000002,1019116.9,17.3,2.5
44,21,6,0.4,0.2,0,0.6,1.2,0,1.8,1.6,0.2,0,0,107817.4,3,1
45,22,9,0.4,0.8999999999999999,0.5,0.9,1.8,0.1,1.7,1.5,0.7,0.2,0.3,217515.1,3,0.4
45,11,16,0.7999999999999999,1.5999999999999999,0.6,2.8,3.1999999999999997,0.7999999999999999,1.9,2.8,1.1,0.2,0.2,308683,5.7,0.7999999999999999
45,12,18,0.5,1.6,0.6,2.9,3.5,0.5,2.4,4.1,1.2000000000000002,0.5,0.2,367653.1,7.5,0.7999999999999999
45,13,3,0,0.2,0.1,0.4,0.6,0,0.5,0.9,0.2,0.1,0,65522.4,1.4,0.1
45,15,5,0,0.2,0.4,0.4,1.1,0,1.2,0.8999999999999999,0.4,0.30000000000000004,0.1,119407.4,2,0.30000000000000004
45,16,44,0,2.3000000000000003,2.8000000000000003,3.7,9.8,0.30000000000000004,10.9,7.800000000000001,3.4000000000000004,2.3000000000000003,0.7,1050785.4,17.900000000000002,2.3000000000000003
45,17,30,0.5,3.1000000000000005,1.5,3.3,7.200000000000001,0.30000000000000004,4.9,4.5,2,2,0.7,722647.4,11.7,1
45,18,66,4.6,5.2,2.3,17.1,10.7,2.4,9.1,9.1,2.8,1.9000000000000001,0.8,1588271.2,26.8,1.7
45,7,1,0,0.2,0,0.2,0.3,0,0.1,0.1,0,0,0.1,16370,0.4,0.2
45,19,124.5,6.1,11.600000000000001,7.500000000000001,23.5,24.9,0.7999999999999999,15.2,15.3,7.800000000000001,9.399999999999999,2.4,2823576.0999999996,47.5,6.2
45,20,14,0.8,1.3,0.6,1.5,2.8000000000000003,0.1,2.7,2.3,1.1,0.30000000000000004,0.5,340282.1,4.6,0.5
45,21,5,0.3,0.5,0.2,0.5,1,0.1,0.9,0.8,0.4,0.1,0.2,121529.3,1.6,0.2
89,69,4,0.1,0.6,0.3,0.8,0.3,0,0.3,1.4,0.1,0.1,0,53729,2.1,1.1
89,70,2,0.1,0.2,0.1,0.3,0.4,0.1,0.3,0.3,0.2,0,0,29061.2,0.7,0.2
89,73,2,0.1,0.2,0.1,0.3,0.4,0.1,0.3,0.3,0.2,0,0,29061.2,0.7,0.2
46,11,12,0.7,1.2,0.4,2,2.4,0.7,1.5,2,0.8,0.1,0.2,231512.30000000002,4.300000000000001,0.7
46,22,11,0.2,1.7,0.8,1,2.3,0,2,2,0.4,0.30000000000000004,0.30000000000000004,257463,4.1,1.2
46,12,12,0.5,1.2000000000000002,0.4,2.1,2.4000000000000004,0.7,1.4000000000000001,2.1,0.7999999999999999,0.2,0.2,231512.2,4.3,0.7
46,23,10,0,1.8,0.7999999999999999,0.7999999999999999,2.2,0,1.7,1.9,0.2,0.3,0.3,230681.7,3.9,1.3
46,15,11,0,0.6000000000000001,0.8,0.8999999999999999,2.5,0,2.7,1.9,0.8,0.6000000000000001,0.2,262696.3,4.4,0.6000000000000001
46,16,11,0,0.6,0.7,0.9,2.4000000000000004,0,2.7,2,0.9,0.6,0.2,262696.3,4.4,0.6
46,17,43.5,0.6,4,2.2,4.5,10.200000000000001,0.6,7.8,6.800000000000001,3,2.8,1,1046210.3,17.3,1.5
46,18,93,2.1,9.9,3.5,9.9,21.7,1.8,15.7,14.7,4.5,7.7,1.4999999999999998,2160832.9,40.6,4.3
46,19,69,1.4000000000000001,7.699999999999999,3.4000000000000004,7.699999999999999,16.4,1,10,10,4.6000000000000005,4.8,2,1665655.2,26.799999999999997,1.7
46,5,1,0,0.2,0,0.2,0.3,0,0.1,0.1,0,0,0.1,16370,0.4,0.2
46,7,2,0,0.4,0.1,0.3,0.6,0,0.2,0.2,0.1,0,0.1,32740.1,0.9,0.4
46,20,15,0.8,1.4,0.7,1.6,3,0.2,2.8,2.5,1.2,0.30000000000000004,0.5,364588,4.9,0.5
46,21,19.5,1.1,1.9000000000000001,0.8,2,3.9,0.2,3.7,3.2,1.6,0.5,0.6000000000000001,473964.30000000005,6.3999999999999995,0.6000000000000001
46,10,7,0.30000000000000004,0.7,0.2,1.2999999999999998,1.4,0.4,0.8,1.2999999999999998,0.5,0,0.1,135048.8,2.5,0.4
47,22,34,1,3.1999999999999997,0.6,7.3,5.300000000000001,0,2.1999999999999997,9,3,2.1999999999999997,0.2,867505.6,13.299999999999999,2
47,23,10.5,0,1.8,0.8,0.8,2.4,0,1.7,2.1,0.30000000000000004,0.30000000000000004,0.30000000000000004,242215.7,4.1,1.4
47,12,4,0.1,0.30000000000000004,0.1,0.8,1,0.1,0.6000000000000001,0.7000000000000001,0.1,0.1,0.1,81941.8,1.6,0.30000000000000004
47,13,7,0,0.5,0.2,1,1.2999999999999998,0,1.1,2.1,0.5,0.30000000000000004,0,152885.5,3.3,0.2
47,14,9,0,0.7,0.30000000000000004,1.3,1.7000000000000002,0,1.4,2.7,0.6000000000000001,0.30000000000000004,0,196567.1,4.3,0.30000000000000004
47,15,4,0,0.2,0.3,0.3,0.9,0,1,0.7,0.3,0.2,0.1,95525.9,1.6,0.2
47,16,14.5,0.2,0.7,0.9,1.4,3.7,0.1,3.4,2.0999999999999996,0.8999999999999999,0.8,0.30000000000000004,334331.9,6.5,1
47,17,66,0.5,3.3999999999999995,3.5999999999999996,8.4,12.799999999999999,0.4,13.700000000000001,9.3,4.2,8.700000000000001,1,1470365.7999999998,31.799999999999997,6.300000000000001
47,18,231,4.7,24.5,17.4,22,74.2,3.1,22.3,40.3,14.6,5.6,2.3,4695032.399999999,106.5,19.2
47,19,4,0.1,0.4,0.2,0.4,0.9,0.1,0.6,0.6,0.3,0.3,0.1,96559.7,1.6,0.1
47,2,1,0,0.2,0,0.2,0.3,0,0.1,0.1,0,0,0.1,16370,0.4,0.2
47,20,8,0.4,0.7,0.4,0.8,1.6,0.1,1.5,1.3,0.7,0.2,0.3,194446.9,2.6,0.3
47,21,13,0.7,1.2,0.6000000000000001,1.3,2.6,0.2,2.4,2.1,1.1,0.30000000000000004,0.5,315976.2,4.2,0.5
48,11,8.5,0.4,0.5,0.2,1.5,2.3,0.1,1.1,1.4,0.3,0.4,0.3,200729,3.4,0.3
48,22,1,0,0.1,0,0.3,0.1,0,0,0.3,0.1,0.1,0,26149.2,0.4,0
48,12,6,0.3,0.3,0.2,1,1.6,0.1,0.8,1,0.2,0.3,0.2,141691.1,2.4,0.2
48,13,7,0.2,0,0.3,1,2.3,0.1,2.3,0.3,0.2,0,0.3,138188.2,3.8,1.3
48,14,2.5,0.1,0,0.1,0.4,0.8,0,0.8,0.1,0.1,0,0.1,49352.9,1.4,0.5
48,15,3,0.1,0.2,0.2,0.30000000000000004,0.8999999999999999,0,0.6000000000000001,0.30000000000000004,0.1,0.2,0.1,66129.2,1.5,0.30000000000000004
48,16,6,0.2,0.4,0.4,0.6,1.8,0,1.2,0.6,0.2,0.4,0.2,132258.4,3,0.6
48,17,882.5,61.2,79.5,44,157,170.5,25,83.1,136.1,51.4,61,13.7,1.66949002E7,420.2,83.7
48,18,241,13.5,19.9,7.5,31.3,50.5,5,33.9,32.1,20.1,24.6,2.6,5356188,108.9,10.1
48,19,1,0,0.2,0,0.1,0.2,0,0.1,0.3,0,0.1,0,24913,0.4,0
49,11,27,1.2000000000000002,1.6,0.8999999999999999,4.7,7.1,0.4,3.5999999999999996,4.3999999999999995,1,1.2000000000000002,0.8999999999999999,637609.8,10.8,0.8999999999999999
49,12,14,0.5,0.2,0.4,2.1999999999999997,4.4,0.30000000000000004,3.8,1.0999999999999999,0.4,0.2,0.5,291872.5,7.1,1.9
49,13,4,0.1,0,0.1,0.6,1.3,0.1,1.3,0.2,0.1,0,0.2,78964.7,2.2,0.7
49,14,3,0.1,0,0.1,0.4,1,0.1,1,0.1,0.1,0,0.1,59223.5,1.6,0.5
49,15,2,0.1,0.1,0.1,0.2,0.6,0,0.4,0.2,0.1,0.1,0.1,44086.1,1,0.2
49,16,14,0.5,0.7,0.7999999999999999,1.5,4.1,0,3,1.5,0.6,0.7999999999999999,0.5,308603,6.8,1.3
49,17,311.5,21.5,19,15,55,62,14,41,45,16,21,2,6671800.399999999,145,19
49,18,90,0.4,7.6,3.4,10.4,18.8,1,13.8,20.2,4.8,8.2,1.4,2105069.7,44,4.8
49,19,2,0,0.3,0,0.2,0.4,0,0.3,0.5,0.1,0.1,0.1,49826,0.7,0.1
49,10,21,0.8999999999999999,1.2,0.6,3.6999999999999997,5.5,0.4,2.9000000000000004,3.4000000000000004,0.8,0.8999999999999999,0.7,495918.69999999995,8.4,0.6
90,74,10,0.3,0,0.7,2.1,1.1,0.4,3.2,1.1,0.4,0.7,0,188056.1,5.4,1.1
90,76,1,0,0,0.1,0.2,0.1,0,0.3,0.1,0.1,0.1,0,18805.6,0.5,0.1
91,68,2,0.1,0,0.1,0.4,0.2,0.1,0.6,0.2,0.1,0.2,0,37611.2,1.1,0.2
91,74,35.5,2.1,3,2.3,5.9,8.4,2.6,4.3,3.4,2.2,1.3,0,671168.1,16.1,4.4
92,68,3,0.1,0,0.2,0.7,0.3,0.1,1,0.3,0.1,0.2,0,56416.8,1.6,0.3
50,11,2,0,0.1,0.2,0.1,0.5,0,0.4,0.5,0.1,0.1,0,43783.4,0.9,0.1
50,12,3,0,0.2,0.2,0.2,0.8,0,0.5,0.8,0.2,0.1,0,65675,1.3,0.2
50,16,11,0.6000000000000001,1.5,0.5,1.6,3,0.5,1.1,2,0,0,0.2,257900.19999999998,3.9,0.5
50,17,18,1,2.2,0.7,2.7,4.6,0.6,2,3.1,0.4,0.30000000000000004,0.4,435227.6,6.9,0.9
50,6,8,0.30000000000000004,0.4,0.1,1.2,1.9,0,1.7000000000000002,1.9,0.4,0,0.1,201930.90000000002,3.5,0.4
50,7,17,0.5,1.4,0.30000000000000004,2.4000000000000004,4.4,0.3,4.199999999999999,2.8,0.5,0,0.2,431066.4,7,0.7
50,18,33,1.9000000000000001,2.7,0.5,5.4,7.8,0.2,4.8,4.8,2.0999999999999996,1.8,1,846350.3,14.299999999999999,1.4
50,8,3,0,0.4,0.1,0.4,0.8,0.1,0.8,0.3,0.1,0,0,76460.3,1.2,0.1
50,9,4,0.1,0.5,0.1,0.6,1.1,0.1,1.1,0.3,0.1,0,0,101947.1,1.6,0.1
50,54,2,0,0,0.1,0.1,0.5,0.1,0.5,0.5,0,0,0.2,30742.2,1,0.3
50,10,8,0.1,0.4,0.7,0.4,2,0,1.5,2,0.4,0.4,0.1,175133.5,3.5,0.5
51,3,2,0,0.1,0.1,0.3,0.5,0.1,0.4,0.2,0.2,0.1,0,44862.3,0.8,0.1
51,4,4.5,0.1,0.3,0.2,0.7,1.2,0.1,0.8,0.5,0.4,0.1,0.1,100940.2,1.8,0.3
51,16,1,0.1,0.1,0.1,0.1,0.3,0,0.1,0.2,0,0,0,23445.5,0.4,0
51,17,87,3.9,10.5,4.6000000000000005,8.899999999999999,21.7,1.4,10.2,17.9,1.1,2.9,3.9,2023449.7000000002,34.8,5.2
51,6,7,0.3,0.3,0.2,1,1.6,0,1.5,1.6,0.3,0,0.2,176689.6,3,0.3
51,7,30,0.9,2.4000000000000004,0.5,4.300000000000001,7.699999999999999,0.5,7.3,5.1,1,0,0.30000000000000004,760431.1000000001,12.5,1.3
51,18,47,2.7,3.8,0.8,7.699999999999999,11,0.30000000000000004,6.9,7,3.0999999999999996,2.4,1.3,1205407.9000000001,20.4,2.0999999999999996
51,8,25,0.4,3,0.5,3.6,7,0.8999999999999999,7,2.2,0.4,0,0,637169.2,10.100000000000001,0.8999999999999999
51,19,4,0.2,0.3,0.1,0.7,0.9,0,0.6,0.6,0.3,0.2,0.1,102587.9,1.7,0.2
51,54,2,0,0,0.1,0.1,0.5,0.1,0.5,0.5,0,0,0.2,30742.2,1,0.3
51,21,3,0.2,0.3,0.1,0.5,0.7,0.1,0.6,0.3,0.1,0.1,0,62177.2,1.2,0.2
52,4,2,0,0.1,0.1,0.3,0.5,0.1,0.4,0.2,0.2,0.1,0,44862.3,0.8,0.1
52,5,60,2.3000000000000003,1.4000000000000001,0.2,19.2,14.899999999999999,0.1,6.1,5.8,3.5,5.2,1.3,1536492.2,33.8,2.2
52,17,29,1.4000000000000001,3.1,1,4.1,7.3,0.6,3.8000000000000003,5,1.1,1,0.6000000000000001,695161.5,11.8,1.2
52,6,17,0.7999999999999999,0.9999999999999999,0.6,2.9,4.8,0.30000000000000004,2.4,1.2,1.4000000000000001,0.7,0.9,442488.19999999995,6.5,0.4
52,7,4,0.1,0.5,0.1,0.6,1.1,0.1,1.1,0.3,0.1,0,0,101947.1,1.6,0.1
52,18,10,0.6,0.8,0.1,1.6,2.3,0.1,1.5,1.5,0.7,0.5,0.3,256469.8,4.3,0.4
52,19,12,0.3,1.2999999999999998,0.5,1.1,3,0,1.8,2.2,0.6000000000000001,1,0.2,265091.2,5.4,0.30000000000000004
52,20,15.5,0.8,1.6,0.7,2.5,3.4000000000000004,0.4,3,1.6,0.4,0.8,0.30000000000000004,321249.1,6.2,1.1
52,21,17,0.9,1.7,0.7999999999999999,2.7,3.7,0.5,3.3,1.7,0.6,0.7999999999999999,0.30000000000000004,352337.7,6.7,1.2000000000000002
53,0,1,0,0.1,0,0.2,0.3,0,0.2,0.1,0.1,0,0,22431.2,0.4,0.1
53,46,2,0.1,0,0.2,0.1,0.4,0.1,0.5,0.4,0.1,0.1,0,33693.1,1.1,0.5
53,4,35,1,2.6,1.5,5.1000000000000005,9.200000000000001,1,6.6000000000000005,3.6,2.9,1,0.5,785090.3999999999,14.3,2.1
53,5,114.5,5.5,7.800000000000001,8.999999999999998,15.5,29.1,2.5,22.5,8.999999999999998,7.6,1.5,4.5,2378625.6,44.1,7.499999999999999
53,6,9,0.5,0.6,0.3,1.5,2.6,0.2,1.2,0.3,0.8,0.5,0.5,235776.9,3.3,0.2
53,18,3,0,0.4,0.2,0.1,0.8,0,0.5,0.6,0.1,0.3,0,58652.7,1.4,0.1
53,29,3,0.2,0.2,0.1,0.4,0.8,0.1,0.3,0.3,0.4,0.2,0,59173.3,1.2,0.3
53,19,55.5,1,2.1,4.6,8.399999999999999,9.5,1,12.5,10.1,1.4,3.9,1,1241693.3,35.4,4.199999999999999
53,30,6,0.2,0.6,0.5,0.4,2.2,0.1,0.5,0.6,0.4,0.3,0.2,128115.5,2.4,0.4
53,20,25,1.4,2.5,1.1,4.1,5.5,0.7000000000000001,4.800000000000001,2.5,0.8,1.1,0.5,518143.60000000003,9.9,1.7999999999999998
53,21,21.5,1.3,2.1999999999999997,0.9,3.5999999999999996,4.8,0.6,4.2,2.1999999999999997,0.6,0.9,0.2,445603.4,8.6,1.4999999999999998
97,69,6,0.2,0,0.4,1.4,0.6,0.2,2,0.6,0.2,0.4,0,112833.6,3.2,0.6
54,0,12,0.3,0.9,0.5,1.8,3.2,0.3,2.3,1.2,1,0.3,0.2,269173.8,4.9,0.7
54,24,2,0.1,0.2,0.1,0.3,0.4,0.1,0.4,0.2,0.1,0.1,0,41451.5,0.8,0.1
54,3,6,0.1,0.4,0.30000000000000004,0.8999999999999999,1.5,0.2,1.2000000000000002,0.6000000000000001,0.5,0.2,0.1,134586.90000000002,2.4000000000000004,0.30000000000000004
54,4,6,0.2,0.4,0.2,0.9,1.6,0.2,1.1,0.6,0.5,0.2,0.1,134586.9,2.5,0.4
54,17,5,0,0.6,0.3,0.2,1.3,0,0.8,1.1,0.2,0.5,0,97754.5,2.3,0.1
54,29,3,0.2,0.2,0.1,0.4,0.8,0.1,0.3,0.3,0.4,0.2,0,59173.3,1.2,0.3
54,18,2,0,0.3,0.1,0.1,0.5,0,0.3,0.4,0.1,0.2,0,39101.8,0.9,0
54,19,15,0,1.9000000000000001,0.9,0.7000000000000001,3.9000000000000004,0,2.3,3.3000000000000003,0.6,1.4,0,293263.5,6.9,0.30000000000000004
54,30,3,0.1,0.3,0.3,0.2,1.1,0.1,0.2,0.3,0.2,0.1,0.1,64057.7,1.2,0.2
54,20,25,1.4,2.5,1.2,4.1,5.5,0.7,4.8,2.5,0.7,1.2,0.4,518143.6,9.8,1.9
54,31,5,0.2,0.5,0.4,0.4,1.9,0.1,0.4,0.5,0.3,0.2,0.1,106762.9,2,0.4
54,53,2,0,0,0.1,0.1,0.5,0.1,0.5,0.5,0,0,0.2,30742.2,1,0.3
10,77,21,1.7,0.4,0.6000000000000001,3.5999999999999996,2.9,0.6000000000000001,3.6,5.6,0.4,1.1,0.5,540834.8,11.100000000000001,2.1
10,67,38,0,2.5999999999999996,2,2.8,6.9,0.2,5.9,11.3,0.2,5.300000000000001,0.8,730599.3,19.2,2.5999999999999996
10,23,81,0.7,6.6,5.6,10.9,22,1.3,12.1,9.6,5.6,5.6,1,1819045.8,34.7,3.8
10,24,3,0,0.2,0.30000000000000004,0.30000000000000004,0.8999999999999999,0.1,0.4,0.30000000000000004,0.2,0.30000000000000004,0,66181,1.2000000000000002,0.2
10,27,4,0.2,0.4,0.1,0.8,1,0.2,0.5,0.4,0.3,0.1,0,78784.2,1.5,0.2
10,28,24,1,2.6999999999999997,0.7,5.3,5.8,1,3.1,2.4,1.7,0.30000000000000004,0,472705.50000000006,9.299999999999999,1
10,29,13,0.5,1.5999999999999999,0.4,2.9,3.0999999999999996,0.5,1.7,1.3,0.9,0.1,0,256048.80000000002,5.1,0.5
10,2,23,1,1.5,0.9,3.3,4.7,0.9,2.6999999999999997,4.8999999999999995,1.5999999999999999,0.8999999999999999,0.6000000000000001,550978.5,8.5,0.7
10,3,44,1.9000000000000001,2.1999999999999997,1.9000000000000001,6.1,9.2,1.9000000000000001,5.300000000000001,10.1,2.9999999999999996,1.5999999999999999,0.7999999999999999,1017964.2,16.8,1.4
10,4,92.5,4,5.2,5,17.200000000000003,16.8,3,18.8,15.2,2.1,2.8,2.4,2324085.9000000004,40.8,1.8
10,5,53,0,8,1.3,9.4,14.3,0,7,6,7,0,0,1484996.7,18,1.6
10,70,4,0.1,0.30000000000000004,0.30000000000000004,0.30000000000000004,0.8,0,0.8999999999999999,0.5,0.30000000000000004,0.5,0,81967.70000000001,2.1,0.5
10,71,10,0.30000000000000004,0.7,0.7,0.7,1.9,0,2.3,1.4,0.6000000000000001,1.3,0.1,204919.2,5.300000000000001,1.3
10,72,30,0.1,2.4,0.2,2.2,3.7,1,3.9,13.2,1.2,2,0.1,660322.3,15.4,1.4
10,73,35,0.30000000000000004,2,1,1.1,7.4,0,3.9000000000000004,14,0.6,4.3,0.4,842215.5,19.3,1.5999999999999999
10,74,123,12.299999999999999,5.6000000000000005,5.7,24.8,18,2,16.2,25.200000000000003,8.5,4.4,0.30000000000000004,2648750.5,54.400000000000006,9.299999999999999
10,31,4,0.2,0.4,0,0.2,1.4,0,0.4,1.2,0.2,0,0,97832.2,2,0
10,75,37.5,0.6000000000000001,1.5,0.6000000000000001,2.9,3.3,1.3,5.699999999999999,14.899999999999999,0.6000000000000001,6.1000000000000005,0,912074.1000000001,22.4,3.7
10,76,16,0.6,0.8999999999999999,0.6,1.6,2.7,0.1,3.1,4.9,0.6,0.8999999999999999,0,420943.30000000005,8.7,1.5
10,32,1,0,0.1,0,0.1,0.4,0,0.1,0.3,0,0,0,24458.1,0.5,0
55,33,5,0.4,0.3,0,0.4,1,0.1,1.1,1.2,0.1,0.3,0.1,108621.4,2.8,0.8
55,34,2,0.2,0.1,0,0.2,0.4,0,0.5,0.5,0,0.1,0,43448.5,1.1,0.3
55,18,7,0.1,0.4,0.5,0.4,1.8,0,1.3,1.8,0.4,0.2,0.1,153241.8,3.1,0.5
55,19,25,0.5,1.3,1.9,1.3,6.3,0,4.6000000000000005,6.3,1.3,0.9999999999999999,0.5,547292,10.9,1.8
55,0,56,2.7,3.4,1.6,9,16.2,1.2000000000000002,10.6,5,2.5,2.4,1.4000000000000001,1403744.2,25.7,3.9000000000000004
55,1,15,0.7,1.4,0.6,2,4.3,0.2,1.5999999999999999,2,1.5999999999999999,0.3,0.3,364139,5.7,0.9
55,2,20,1,1.8,0.7999999999999999,2.6999999999999997,5.699999999999999,0.2,2.2,2.6999999999999997,2.1,0.4,0.4,485518.70000000007,7.6000000000000005,1.2000000000000002
55,52,2,0,0,0.1,0.1,0.5,0.1,0.5,0.5,0,0,0.2,30742.2,1,0.3
55,42,3,0.1,0,0.3,0.2,0.6,0.1,0.8,0.7,0.1,0.1,0,50539.7,1.7,0.8
55,20,4,0.2,0.3,0.1,0.6,1.1,0.1,0.4,0.4,0.5,0.3,0,78897.8,1.6,0.4
55,53,4,0,0,0.1,0.3,1,0.1,1,1.1,0,0,0.4,61484.4,1.9,0.7
55,21,2,0.1,0.1,0.1,0.3,0.6,0.1,0.2,0.2,0.2,0.1,0,39448.9,0.8,0.2
55,32,8,0.6,0.5,0,0.6,1.5999999999999999,0.2,1.8,1.8,0.2,0.5,0.2,173794.19999999998,4.5,1.3
55,43,9,0.30000000000000004,0,1,0.7,1.7000000000000002,0.30000000000000004,2.4000000000000004,1.9000000000000001,0.30000000000000004,0.4,0,151619.09999999998,5,2.4000000000000004
11,22,4,0,0.3,0.3,0.4,1.2,0.1,0.6,0.5,0.3,0.3,0,88241.4,1.6,0.2
11,67,53,1,1.3,1.1,12.3,10.8,1.1,3.7,15,2,2.5,2.2,1022745.4,30.1,7.3
11,23,7,0.1,0.5,0.5,0.7,2.1,0.2,1,0.7999999999999999,0.5,0.6,0,154422.4,2.9,0.5
11,69,2,0,0.1,0.1,0.2,0.3,0,0.3,0.6,0,0.3,0.1,37633.1,1,0.1
11,25,3,0.1,0.4,0.1,0.7,0.7,0.1,0.4,0.3,0.2,0,0,59088.2,1.2,0.1
11,26,5,0.30000000000000004,0.5,0.1,1,1.2,0.30000000000000004,0.6,0.5,0.4,0.1,0,98480.29999999999,1.9,0.2
11,28,15,0.6,1.7,0.4,3.2,3.7,0.7,1.9,1.5,1.1,0.2,0,295440.9,5.8,0.6
11,29,1,0.1,0.1,0,0.2,0.2,0.1,0.1,0.1,0.1,0,0,19696.1,0.4,0
11,70,9,0.30000000000000004,0.6,0.8,0.6,1.7000000000000002,0,2.0999999999999996,1.3,0.5,1,0.1,184427.2,4.6,1.1
11,71,184,3,18.8,10.3,24,35.1,2,24.3,39.1,3.6,21.5,2.3000000000000003,3355030.1,103.69999999999999,25.5
11,72,187,4.5,10.3,4.3,25.1,27.8,2,32,48.2,6,26.5,0.30000000000000004,3786307.0999999996,117.6,18.1
11,73,79,0.1,7.6,1.3,6.3,15.4,0,16.2,20.4,5.2,4.4,2.1,1751593.1,40.1,6.5
11,74,6,0,0.3,0.2,0.2,1.3,0,0.7,2.4,0.1,0.7,0.1,144379.8,3.3,0.3
11,30,15,0.6,1.2999999999999998,0,0.7,5.3,0,1.9,4.5,0.7,0,0,366870.9,7.1,0
11,75,3,0.1,0.2,0.1,0.30000000000000004,0.5,0,0.6000000000000001,0.8999999999999999,0.1,0.2,0,78926.9,1.6,0.30000000000000004
11,76,22.5,0.8,1.2,0.8,2.3,3.8999999999999995,0.2,4.3,6.9,0.8,1.2999999999999998,0,591951.5,12.3,2.0999999999999996
11,77,56,2.5,4,1,9.3,12.1,0.7,9.1,12.8,0.8999999999999999,1.9,1.7,1467078.6,29.6,5.3
11,78,25,2.7,0,0.5,5.300000000000001,2.8,0.7,3.9,6.1,0.5,1.4,1.1,635313.9,12.9,2.5
11,79,2,0.2,0,0.1,0.4,0.2,0.1,0.3,0.5,0,0.1,0.1,50825.1,1,0.2
11,0,112.5,3.2,11.200000000000001,5.6,15.600000000000001,24.599999999999998,3.1,17.5,20.099999999999998,7.4,2.6,1.6,2915495.3000000003,40.3,4.1
11,1,191,14.4,19,10.2,24.5,56.5,4.4,27.7,13.3,9.8,3.6,7.6,5177963.9,67,1.4
11,2,41,3.1,1.1,2.1,17.3,2.4,3.1,2.2,2.5,5.1,1.1,1,941098.7,13.8,0.1
11,3,9,0.4,0.5,0.4,1.2000000000000002,1.7999999999999998,0.4,1.1,2.0999999999999996,0.6000000000000001,0.30000000000000004,0.2,208220,3.4,0.30000000000000004
11,4,48,2.8,2.9,0.8,10.5,9.7,0.8,6.2,9.100000000000001,2.3,1.6,1.3,1130583.7000000002,18.9,0.6
11,5,152.5,0,13.6,12,14,47,2,23.2,17.7,14,3,6,4023400.8,55.6,7.3999999999999995
11,6,18,0,3.8,1.7,1.7,5.6,0,3.9,1.3,0,0,0,436569.2,6.4,0.9
56,33,6,0.5,0.30000000000000004,0,0.5,1.2000000000000002,0.1,1.4,1.5,0.1,0.30000000000000004,0.1,130345.6,3.4,0.8999999999999999
56,0,7,0.4,0.7000000000000001,0.4,0.9,2,0.1,0.7000000000000001,0.9,0.7000000000000001,0.1,0.1,169931.5,2.7,0.4
56,34,3,0.30000000000000004,0.2,0,0.30000000000000004,0.6000000000000001,0,0.7,0.7,0,0.2,0,65172.8,1.7000000000000002,0.5
56,1,5,0.2,0.5,0.2,0.7,1.4,0.1,0.5,0.7,0.5,0.1,0.1,121379.7,1.9,0.3
56,52,3,0,0,0.1,0.2,0.7,0.1,0.8,0.8,0,0,0.30000000000000004,46113.3,1.5,0.5
56,20,6,0.4,0.4,0.2,0.9,1.7,0.2,0.5,0.6,0.7,0.4,0,118346.7,2.4,0.6
56,42,1,0,0,0.1,0.1,0.2,0,0.3,0.2,0,0.1,0,16846.6,0.6,0.3
56,32,2,0.2,0.1,0,0.2,0.4,0,0.5,0.5,0,0.1,0,43448.5,1.1,0.3
56,43,3,0.1,0,0.30000000000000004,0.2,0.6000000000000001,0.1,0.8,0.6000000000000001,0.1,0.2,0,50539.7,1.7000000000000002,0.8
12,22,6,0.1,0.4,0.4,0.6,1.8,0.2,0.9,0.7,0.4,0.5,0,132362.1,2.5,0.4
12,78,9,1,0,0.1,1.9,1,0.2,1.5,2.1,0.1,0.6,0.5,228713.1,4.6,0.9
12,79,5,0.5,0,0.1,1,0.6,0.1,0.8,1.2,0.1,0.30000000000000004,0.30000000000000004,127062.79999999999,2.6,0.5
12,35,13,0.6000000000000001,1.3,0,2.1,3.6999999999999997,0.6000000000000001,2,2.1,0.4,0.2,0,299069.2,6,0.6000000000000001
12,68,11,0.2,0.6,0.4,1,2.8,0,3.2,1.5,0.7,0.5,0.1,267212.7,5.9,1.1
12,36,5,0.3,0.4,0.1,0.9,1.1,0.3,0.6,0.6,0.2,0.5,0,105533.3,2.2,0.3
12,69,22,0.2,1.2000000000000002,1,1.9,4.6,0,4.6,5.1,0.7,2.3,0.4,468719.1,11.399999999999999,1.7
12,38,4,0.2,0.4,0,0.6,1.1,0.2,0.6,0.7,0.1,0.1,0,92021.3,1.9,0.2
12,39,15,0.7,1.6,0,2.5,4.2,0.7,2.2,2.5,0.4,0.2,0,345079.9,6.9,0.7
12,0,13,0.7,1.7,0.2,2.2,2.2,0.4,1.5,2,1.1,0.5,0.5,362059.8,4.4,0.4
12,70,8,0.2,0.6,0.5,0.7,1.4999999999999998,0,1.8,1.2,0.4,0.9,0.2,165166.3,4.2,1
12,71,17,0.5,1.2000000000000002,1.2000000000000002,1.5,3,0,3.8000000000000003,2.7,1,1.8,0.30000000000000004,350824.4,8.8,2.1
12,72,70.5,0,2.7,6,13.4,12.3,0,13.4,12.5,2.1,7,1.1,1556673.9,45,9.2
12,40,2,0,0.2,0.1,0.2,0.6,0.1,0.4,0.1,0.2,0.1,0,39901.2,0.7,0.2
12,73,36.5,0.1,3.4000000000000004,0.4,5.500000000000001,6.7,0,6,10.8,1,1.7,0.8999999999999999,825649.7,19.5,2.9000000000000004
12,30,100,3,4.300000000000001,7,19.8,27.7,3,11.4,15.8,6,1,1,2445609.3,45,2
12,31,1,0,0.1,0.1,0.3,0.3,0,0,0.1,0.1,0,0,25994,0.4,0
57,44,2,0.1,0,0.2,0.1,0.4,0.1,0.5,0.4,0.1,0.1,0,33693.1,1.1,0.5
57,33,7,0.5,0.4,0,0.5,1.4,0.2,1.6,1.6,0.2,0.4,0.2,152069.9,3.9,1.1
57,0,11,0.6000000000000001,1,0.4,1.5,3,0.1,1.2,1.5,1.1,0.30000000000000004,0.30000000000000004,267035.3,4.1,0.7
57,34,8,0.5,0.5,0.1,0.6,1.6,0.1,1.7999999999999998,1.9,0.2,0.4,0.30000000000000004,179498,4.3,1
57,41,3,0.1,0,0.3,0.2,0.6,0.1,0.8,0.7,0.1,0.1,0,50539.7,1.7,0.8
57,52,1,0,0,0,0.1,0.2,0,0.3,0.3,0,0,0.1,15371.1,0.5,0.2
57,42,1,0,0,0.1,0.1,0.2,0,0.3,0.2,0,0.1,0,16846.6,0.6,0.3
57,20,5,0.3,0.3,0.2,0.8,1.4,0.1,0.5,0.5,0.6,0.3,0,98622.2,2,0.5
57,43,2,0.1,0,0.2,0.1,0.4,0.1,0.5,0.4,0.1,0.1,0,33693.1,1.1,0.5
13,66,1,0,0.1,0,0,0.3,0.1,0.2,0.2,0,0.1,0,21411.7,0.5,0.1
13,67,18,0.2,1.4,0.3,1.1,4.7,0.30000000000000004,4.7,2.8,0.9,1.2,0.4,417094.69999999995,9.700000000000001,1.8
13,35,32,2,3,1,7,6,1,7,4,0,1,0,798176.7,15,0
13,68,22,0.5,1.1,0.6000000000000001,1.9,5.800000000000001,0,6.3999999999999995,2.8,1.6,1,0.30000000000000004,534425.6,11.8,2.2
13,69,7,0.2,0.30000000000000004,0.2,0.6,1.8,0,2.1,0.9,0.5,0.30000000000000004,0.1,170044.5,3.7,0.7
13,36,36,1.9,1,0.2,6.2,8.9,1.9,5.6000000000000005,7.6000000000000005,0.5,2.2,0,791339.6,17.7,0.7
13,37,18,1.1,1.2999999999999998,0.30000000000000004,3,4.2,1.1,2.4000000000000004,2.4000000000000004,0.7,1.5,0,385615.8,8.100000000000001,0.8999999999999999
13,38,5,0.2,0.5,0,0.8,1.4,0.2,0.8,0.8,0.2,0.1,0,115026.6,2.3,0.2
13,71,2,0,0.2,0,0.4,0.4,0,0.4,0.4,0,0,0.2,43445.6,1,0.2
13,40,50,0.4,10.6,2,6,13.3,1.6,5.9,3.8,3.8,1.6,1,942949.7,17.3,2.4
13,73,26,0,1,1,4,5,1,6,4,1,2,1,696158.5,11,2
13,41,27,0.6,2.5,1.6,3.1,8.5,0.9,4.7,1.3,2.8,1,0,538665.9,10,2.2
13,74,1,0,0.1,0,0.2,0.2,0,0.2,0.2,0,0,0.1,21722.8,0.5,0.1
13,42,6,0.1,0.5,0.4,0.7,1.9000000000000001,0.2,1.1,0.30000000000000004,0.6,0.2,0,119703.6,2.3,0.5
14,66,7,0,0.7999999999999999,0,0.1,1.9000000000000001,0.4,1.5,1.4,0.1,0.7,0.1,149881.9,3.7,0.7
14,67,26.5,0.2,2.5,0.2,1.1,7.1,0.8999999999999999,6.3,4.6,0.9999999999999999,2.1,0.5,590452.9999999999,14.1,2.6
14,36,59.5,3.8,4,1.3,10,13.3,3.8,7.5,7.5,2.6,5.700000000000001,0,1255846.0999999999,26.4,3.2
14,37,2,0.1,0.1,0,0.3,0.5,0.1,0.3,0.3,0.1,0.2,0,42213.3,0.9,0.1
14,38,14,0.5,1.4,0,2.3,4,0.6000000000000001,2.2,2.3,0.5,0.2,0,322074.6,6.499999999999999,0.6000000000000001
14,39,13,0.6000000000000001,1.3,0,2.1,3.7,0.6000000000000001,1.9,2.2,0.4,0.2,0,299069.2,6.1,0.6000000000000001
14,40,6,0.1,0.6,0.4,0.7000000000000001,1.8,0.2,1.1,0.30000000000000004,0.6,0.2,0,119703.6,2.2,0.5
14,41,23,0.6000000000000001,2.2,1.3,2.7,7.2,0.7,4,1,2.4,0.8999999999999999,0,458863.5,8.6,1.9
14,42,5,0.1,0.4,0.3,0.6,1.6,0.2,0.9,0.2,0.5,0.2,0,99753,1.9,0.4
58,33,7,0.2,0.6,0.4,0.3,1.3,0,1.5,1.8,0.3,0.4,0.2,172033.6,3.1,0.3
58,0,5,0.2,0.5,0.2,0.7,1.4,0.1,0.5,0.7,0.5,0.1,0.1,121379.7,1.9,0.3
58,34,17,0.30000000000000004,1.4,1.1,0.7,3.3,0,3.5,4.4,0.7,1.1,0.5,417795.80000000005,7.6000000000000005,0.7
58,35,32,1.2,3.3,2.8999999999999995,2.3,11.9,0.5,2.4,3.3,1.9,1.4,0.8999999999999999,683282.4,12.8,2.4
58,28,3,0.2,0.2,0.1,0.4,0.8,0.1,0.3,0.3,0.4,0.2,0,59173.3,1.2,0.3
58,19,4,0.1,0.2,0.3,0.2,1,0,0.7,1,0.2,0.2,0.1,87566.7,1.7,0.3
58,51,8,0,0,0.30000000000000004,0.5,1.9,0.30000000000000004,1.9,2.3,0,0,0.8,122968.8,3.8,1.4
58,52,2,0,0,0.1,0.1,0.5,0.1,0.5,0.5,0,0,0.2,30742.2,1,0.3
58,43,1,0,0,0.1,0.1,0.2,0,0.3,0.2,0,0.1,0,16846.6,0.6,0.3
15,66,9,0.1,0.9000000000000001,0.5,0.30000000000000004,3,0.1,0.5,1.8000000000000003,0.5,1.2999999999999998,0,203139.4,5,0.6
15,11,1,0,0.1,0.1,0.1,0.3,0,0.2,0.2,0,0,0,21601.8,0.4,0.1
15,67,3,0.1,0.3,0.1,0.1,1,0.1,0.2,0.6,0.1,0.4,0,67713.1,1.7,0.2
15,35,1,0,0,0.1,0.2,0.2,0,0.2,0.3,0,0,0,17717.8,0.6,0.1
15,36,6,0.30000000000000004,0.2,0.4,0.8999999999999999,1,0.1,1,1.5,0.2,0.2,0.2,106307,3.5999999999999996,0.6000000000000001
15,37,44.5,2.9,2.1,1.5,7.8999999999999995,9.5,0.1,6.499999999999999,7.3999999999999995,2.8000000000000003,2.8,1.0000000000000002,975275.9999999999,21.4,2.6000000000000005
15,38,85.5,5.8,2.6,1.2999999999999998,20.9,20.3,1,10.7,10.3,5,5.8,1.8,1900226.1,40.900000000000006,3.6
15,39,21,1.4,1,0.4,3.9,4.9,0,3.0999999999999996,2.9000000000000004,1.7,1.4,0.30000000000000004,487470.9,9.4,1
15,6,23,0.6,2.3,1.4000000000000001,3.0999999999999996,6.1,0.7,3.0999999999999996,2.1,1,1.6,1,558093.8,8.8,1.4000000000000001
15,7,103,3.2,10.4,6,15.5,25.3,2.4000000000000004,12.100000000000001,16.6,3.8,5.1,2.6,2212120.0999999996,45.7,8.8
15,8,16,0.1,1.4,1.1,1.8,3.8,0.3,3,2.7,0.6,0.8,0.4,371287.3,6.3,0.5
15,40,29.5,3.2,3,1.4,4.7,4.7,0,3.3000000000000003,5.9,0.6,0.8999999999999999,1.8,557168.8999999999,10.299999999999999,1.4
15,41,17,1.7999999999999998,1.6999999999999997,0.8,2.6,2.6,0,2,3.3999999999999995,0.4,0.5,1.2,321080.3,5.9,0.8
15,86,1,0,0.1,0,0.2,0.4,0,0,0.2,0.1,0,0,23186,0.5,0.2
15,42,6,0.30000000000000004,0.2,0.4,0.7,1,0.1,0.8,1.7000000000000002,0.1,0.6,0.1,133716.3,2.4,0.1
15,10,7,0.1,0.30000000000000004,0.4,0.7,1.8,0.30000000000000004,1,1.5,0.30000000000000004,0.30000000000000004,0.30000000000000004,151212.6,3.1,0.7
15,65,20,0.5,2,1,0.5,6.8,0.5,1,3.9,0.9,2.9,0,451420.9,11.2,1.5
59,34,21,0.5,1.7,1.3,0.9,4,0,4.3999999999999995,5.3999999999999995,0.9,1.3,0.6,516100.7,9.3,0.9
59,1,4,0.2,0.4,0.2,0.5,1.1,0.1,0.4,0.5,0.4,0.1,0.1,97103.7,1.5,0.2
59,35,19.5,0.8,2,1.7000000000000002,1.4,7.199999999999999,0.30000000000000004,1.5,2,1.1,0.9,0.6000000000000001,416375.3,7.8,1.4
59,36,2,0.1,0.2,0.2,0.1,0.7,0,0.2,0.2,0.1,0.1,0.1,42705.2,0.8,0.1
59,26,2,0.1,0.1,0.1,0.3,0.6,0.1,0.2,0.2,0.2,0.1,0,39448.9,0.8,0.2
59,19,6,0.1,0.3,0.5,0.4,1.5,0,1.1,1.5,0.3,0.2,0.1,131350.1,2.6,0.4
59,51,2,0,0,0.1,0.1,0.5,0.1,0.5,0.5,0,0,0.2,30742.2,1,0.3
16,11,37.5,1.1,1.7000000000000002,1.8000000000000003,3.5999999999999996,9.7,1.4,5.4,8.7,1.2000000000000002,1.4,1.5,810067.3,16.2,3.3000000000000003
16,66,7,0.1,0.7,0.4,0.2,2.4,0.1,0.4,1.4,0.30000000000000004,1,0,157997.3,3.9,0.5
16,12,20,0.5,1,1,1.9000000000000001,5.2,0.8,2.8,4.5,0.7,0.8,0.8,432036,8.6,1.7
16,13,19,0.7999999999999999,1.2000000000000002,0.7,1.9,4.3,0.6,3.6,3.1999999999999997,1.9,0.6,0.2,470441.9,7.3999999999999995,0.2
16,14,5,0.2,0.3,0.2,0.5,1.1,0.1,0.9,0.9,0.5,0.2,0.1,123800.5,1.9,0.1
16,36,3,0.1,0.1,0.2,0.5,0.5,0,0.5,0.8,0.1,0.1,0.1,53153.5,1.8,0.3
16,15,20,0,2.1,0,2.9000000000000004,7.9,1.5,0.7,2.1,2.8,0,0,480300.9,8.5,0
16,37,5,0.4,0.2,0.1,0.9,1.1,0,0.7,0.7,0.4,0.4,0.1,116064.5,2.2,0.2
16,38,2,0.1,0.1,0,0.4,0.5,0,0.3,0.3,0.2,0.1,0,46425.8,0.9,0.1
16,39,8,0.5,0.4,0.1,1.5,1.9,0,1.2,1.1,0.7,0.5,0.1,185703.2,3.6,0.4
16,0,70,3,5,4,8,16,5,12,7,5,5,0,1588403.2999999998,27,4
16,1,7,0.4,1,0,1.2,1.6,0,0.2,2,0.4,0,0.2,195663,2.8,0
16,3,3,0.1,0.3,0.2,0.3,1,0,0.4,0.4,0.1,0.1,0.1,63950.5,1.3,0.2
16,4,8,0.4,0.7999999999999999,0.5,0.7999999999999999,2.8,0.1,1,1.1,0.2,0.2,0.1,170534.69999999998,3.4,0.5
16,5,9,0.3,0.9,0.5,1.2,2.4,0.3,1.2,0.8,0.4,0.6,0.4,218384.5,3.4,0.5
16,6,122,3.7,11.7,6.5,20.5,30.9,3.8000000000000003,20.5,12.3,8.1,2.9,1.1,2981563.1999999997,45.9,4.5
16,7,15,0.30000000000000004,1.4,1,1.9,3.7,0.30000000000000004,2.4000000000000004,1.9,0.5,1,0.6000000000000001,356557.9,5.9,0.7
16,8,123,4.1,14.8,5.7,20.1,31.4,3.7,16.9,7.7,11.8,5.5,1.3,2792676.2,48.9,10.3
16,9,47,3.1,3.2,2,5.699999999999999,11.6,1.3,11.8,3.5999999999999996,3.5,0.8,0.4,1286611.6,16.9,0.5
16,40,8,0.9,0.7999999999999999,0.3,1.3,1.3,0,0.9,1.5999999999999999,0.1,0.2,0.6,151096.7,2.6999999999999997,0.3
16,65,2,0,0.2,0.1,0.1,0.7,0,0.1,0.4,0.1,0.3,0,45142.1,1.1,0.1
16,10,8,0.1,0.4,0.4,0.8,2,0.30000000000000004,1.2,1.7000000000000002,0.30000000000000004,0.4,0.4,172814.4,3.5,0.7
17,11,27,0.8,1.3,1.3,2.6,7,1,3.8000000000000003,6.2,1,1,1,583248.5,11.6,2.3
17,12,7,0.2,0.5,0.30000000000000004,1.1,1.6,0.2,1.1,1,0.4,0.30000000000000004,0.30000000000000004,155881.7,2.7,0.4
17,13,32,1.5,2.3,1.4,5.6,7.2,0.7,5.3,3.5999999999999996,2.0999999999999996,1.4,0.8999999999999999,725588.7,11.8,1.3
17,14,177.5,9.4,11.6,6,31.6,44.2,6.5,21.7,24.299999999999997,13.3,7.9,1,3691732.0999999996,82.60000000000001,17.2
17,15,141,15.3,8.8,5.1,29.4,28.8,7.1,17,12.6,12.3,3.5,1.1,3163838,53.8,3.3
17,49,1,0.1,0.1,0,0.1,0.3,0,0.1,0.1,0.1,0.1,0,16156,0.4,0.1
17,16,10,0.3,1,0.1,0.9,2.7,0.30000000000000004,1.8,1.7,0.7,0.4,0.1,233945.80000000002,4.6,0.3
17,38,5,0,0.7,0.1,0.9,0.9,0.1,0.9,0.9,0.4,0.1,0,91574.3,2,0.6
17,39,14,0.1,1.8,0.4,2.4,2.5,0.4,2.3,2.3,1.3,0.5,0,266204.1,5.7,1.4
17,17,5.5,0.2,0.5,0.1,0.3,1.2,0.1,1.3,1.1,0.2,0.4,0.1,127207.7,2.6,0.2
17,0,107.5,9.6,12.1,1.9000000000000001,20.7,24.299999999999997,2,6.3999999999999995,18.5,6.4,3.8,1.8000000000000003,2726326,42.6,1.6
17,1,16,0.8999999999999999,2,0.7,2.4,5.1,0.4,1,2,0.7999999999999999,0.30000000000000004,0.4,360219.4,5.9,0.6
17,2,2,0.1,0.2,0.1,0.2,0.7,0,0.2,0.3,0.1,0.1,0,42633.7,0.8,0.1
17,3,8,0.4,0.7,0.5,0.8,2.8,0.1,0.8999999999999999,1.1,0.30000000000000004,0.30000000000000004,0.1,170534.8,3.3,0.5
17,5,4,0.4,0.3,0,0.6,0.7,0,1,0.3,0.2,0.3,0.2,95704.6,1.5,0.2
17,6,216.5,16.2,18.4,16.2,40.9,39.2,8.1,26.1,24.9,11.8,11.1,3.6,4280197.800000001,90.8,20.6
17,7,108.5,6.4,4.1,3.7,23.1,24.5,3.2,17.6,17.1,3.9,3.2,1.7,2337937.3,54.5,8.7
17,8,57,5.6,3.1999999999999997,2.5,10,13,1.4,9.1,7.1,2.9,1.4000000000000001,0.8,1288336.2999999998,21.1,1
17,9,27,0.2,2.3,1.8,3,6.5,0.4,5.1,4.7,0.9,1.4,0.7,626547.4,10.600000000000001,0.9
17,84,5,0,0.5,0.2,0.8,1.8,0,0.2,0.8,0.5,0.2,0,115930,2.6,0.8
17,40,9,0.8,0.7,0.4,1.3,1.5,0.1,1.1,2.0999999999999996,0.1,0.4,0.5,180180.7,3.2,0.3
17,42,2,0,0,0.1,0.2,0.4,0.1,0.3,0.7,0,0.2,0,47971.1,0.8,0
17,10,36,2.2,2.4000000000000004,3.2,4.6,7.4,1.2000000000000002,5.1,5.1000000000000005,2.5,2.2,0.1,758810.5,14.5,2.2
18,56,21,1.4,1.4,1.1,2.8,3.3,0,3.8000000000000003,5.1,0.7000000000000001,1.4,0,476746.50000000006,8.700000000000001,1.1
18,12,11,0.6,0.7999999999999999,0.4,2,2.5,0.2,1.8,1.2000000000000002,0.7,0.5,0.3,247891.80000000002,4.1000000000000005,0.4
18,13,46.5,2.3,3.3000000000000003,2,8.4,10.5,0.9,7.5,5.2,2.9,2,1.5,1047906.1000000001,17.1,2
18,14,43,2.1,3.0000000000000004,1.9000000000000004,7.700000000000001,9.7,0.7999999999999999,7,4.8,2.7,1.9000000000000004,1.4000000000000001,969031.4,15.799999999999999,1.9000000000000004
18,15,6,0.2,0.6,0.1,0.3,1.3,0.1,1.5,1.2,0.2,0.4,0.1,138772,2.9,0.2
18,37,1,0,0.1,0,0.2,0.2,0,0.2,0.2,0.1,0,0,18314.9,0.4,0.1
18,48,6,0.7,0.7,0,0.4,1.8,0.2,0.4,0.7,0.4,0.7,0,96936.3,2.7,0.9
18,16,30,1.1,3,0.30000000000000004,1.6,6.6,0.30000000000000004,7.4,6.2,1.1,2,0.4,693860.2,14.399999999999999,1.1
18,49,2,0.2,0.2,0,0.2,0.6,0.1,0.2,0.2,0.1,0.2,0,32312.1,0.9,0.3
18,17,4,0.2,0.4,0,0.2,0.9,0,1,0.8,0.2,0.3,0,92514.7,1.9,0.2
18,19,1,0,0.1,0,0.2,0.4,0.1,0,0.1,0.1,0,0,24015,0.4,0
18,0,21,1.1,2.6,1,3.2,6.8,0.5,1.4,2.5,1,0.4,0.5,465174.5,7.7,0.9
18,1,35,1.9,4.5,1.5999999999999999,5.199999999999999,11.3,0.9,2.2,4.1,1.5999999999999999,0.7999999999999999,0.9,775290.8999999999,12.899999999999999,1.4
18,2,10,0.5,1,0.6000000000000001,1.2,3.4000000000000004,0.2,0.8999999999999999,1.3,0.4,0.30000000000000004,0.2,216505.8,4,0.6000000000000001
18,3,8,0.4,0.8,0.5,0.8,2.8,0.1,0.9,1.1,0.2,0.30000000000000004,0.1,170534.7,3.3000000000000003,0.5
18,5,11,1.1,0.7999999999999999,0.1,1.5,1.9,0.1,2.6,0.7999999999999999,0.7,0.9,0.5,263187.8,4.1000000000000005,0.5
18,6,10,1,0.7,0.1,1.4,1.7,0.1,2.4,0.7,0.6,0.8,0.5,239261.6,3.7,0.5
18,9,2,0.2,0.1,0,0.3,0.3,0,0.5,0.2,0.1,0.2,0.1,47852.3,0.7,0.1
18,84,4,0,0.4,0.1,0.7,1.5,0,0.1,0.7,0.4,0.1,0,92744,2.1,0.7
18,63,3,0.1,0,0.1,0.2,0.6,0,0.8,1,0.1,0,0.1,59855,1.7,0.3
18,41,3,0.1,0,0.2,0.3,0.5,0.1,0.4,1,0,0.4,0,71956.6,1.3,0
18,42,22,0.7,0,1.3,2,4,0.7,3.3,7.3,0,2.6999999999999997,0,527681.6,9.4,0
18,43,9,0.1,1,0.5,0.5,3.2,0,1.4000000000000001,1,0.2,0.8,0.30000000000000004,183867.4,5.1,0.5
19,44,38,0.7,4.4,2.2,2.3,13.399999999999999,0,6,4.5,0.7,3,0.8,776329,21.699999999999996,2.2
19,45,5,0.5,0.5,0,0.4,1.5,0.2,0.4,0.5,0.4,0.6,0,80780.2,2.2,0.7
19,46,10,1.1,1.1,0,0.7,3,0.4,0.7,1.1,0.7,1.2,0,161560.5,4.5,1.5
19,47,3,0.30000000000000004,0.30000000000000004,0,0.30000000000000004,0.8999999999999999,0.1,0.30000000000000004,0.30000000000000004,0.2,0.30000000000000004,0,48468.1,1.3,0.4
19,10,1,0.1,0.1,0,0.1,0.2,0,0.2,0.2,0.1,0,0,24760.1,0.4,0
19,55,2,0.1,0.1,0.1,0.3,0.3,0,0.4,0.5,0.1,0.1,0,45404.4,0.8,0.1
19,56,44,2.9,2.9,2.4,5.9,7.1,0,7.8,10.8,1.2,3,0,998897.5,18.299999999999997,2.4
19,57,25,0.5,1.9,2.4000000000000004,0.9,7.7,0,3.2,5.7,1.5,1.2,0,567310.6000000001,11.6,2.4000000000000004
19,13,2,0.1,0.1,0.1,0.4,0.5,0,0.3,0.2,0.1,0.1,0.1,45071.2,0.7,0.1
19,58,2,0,0.2,0.2,0,0.7,0,0.2,0.4,0.2,0.1,0,45377.2,1,0.2
19,14,8,0.4,0.5,0.30000000000000004,1.5,1.8,0.1,1.3,0.8999999999999999,0.5,0.4,0.30000000000000004,180284.90000000002,2.9000000000000004,0.4
19,36,2,0.1,0.1,0.1,0.3,0.3,0,0.3,0.5,0.1,0.1,0.1,35435.7,1.2,0.2
19,37,11,0.4,0.7000000000000001,0.6,1.8,1.8,0.2,1.8,2.5,0.5,0.4,0.30000000000000004,196687.3,5.9,1.0999999999999999
19,15,15,0.6,1.5,0.2,0.9,3.2,0.2,3.7,3,0.6,0.9,0.2,346930.10000000003,7.1,0.6
19,38,14,0,2,0.4,2.4000000000000004,2.4000000000000004,0.4,2.4000000000000004,2.4000000000000004,1.2000000000000002,0.4,0,256408,5.6000000000000005,1.6
19,16,2,0.1,0.2,0,0.1,0.5,0,0.5,0.4,0.1,0.1,0,46257.3,1,0.1
19,18,1,0,0.1,0,0.2,0.4,0.1,0,0.1,0.1,0,0,24015,0.4,0
19,19,3,0,0.3,0,0.5,1.2,0.2,0.1,0.3,0.4,0,0,72045.1,1.3,0
19,0,2,0.1,0.3,0.1,0.3,0.6,0.1,0.1,0.2,0.1,0,0.1,44302.3,0.7,0.1
19,1,24,1.3,3.0999999999999996,1.1,3.6999999999999997,7.6,0.6,1.6,2.8,1.1,0.4,0.7,531628,8.8,0.8999999999999999
19,2,84,4.8,8.200000000000001,4.1,17,22.200000000000003,2.6999999999999997,8.799999999999999,9.8,2.7,1,2.6999999999999997,1500119.7,38.5,10
19,3,4,0.2,0.4,0.2,0.4,1.4,0,0.5,0.6,0.1,0.1,0.1,85267.4,1.7,0.2
19,5,14,1.4,1,0.1,1.9,2.4,0.1,3.3,1.1,0.9,1.2000000000000002,0.6,334966.3,5.2,0.6
19,6,11,1.1,0.7999999999999999,0.1,1.5,1.9,0.1,2.6,0.7999999999999999,0.7,0.9,0.5,263187.8,4.1000000000000005,0.5
19,84,3,0,0.30000000000000004,0.1,0.5,1.1,0,0.1,0.5,0.30000000000000004,0.1,0,69558,1.5,0.5
19,62,11,0.2,0,0.6,0.7,2.2,0,3,3.7,0.30000000000000004,0,0.30000000000000004,219468.3,6.1,1.2000000000000002
19,63,3,0,0,0.2,0.2,0.6000000000000001,0,0.8,1,0.1,0,0.1,59855,1.7000000000000002,0.30000000000000004
19,64,4,0.1,0,0.2,0.2,0.8,0,1.1,1.4,0.1,0,0.1,79806.6,2.2,0.4
19,43,4,0.1,0.4,0.30000000000000004,0.30000000000000004,1.3,0,0.7,0.4,0.1,0.30000000000000004,0.1,81718.8,2.3,0.30000000000000004
19,21,5,0.2,0.6,0.1,1.1,1.2,0.2,0.6,0.5,0.4,0.1,0,98480.3,1.9,0.2
0,1,3,0.1,0.3,0.4,0.3,0.9,0,0.3,0.3,0.2,0.2,0,82820.9,1,0
0,2,8,0.30000000000000004,0.6,1.1,0.8999999999999999,2.2,0,1,1.1,0.4,0.4,0,217702.8,2.9,0
0,3,11,0.6,0.30000000000000004,0.8999999999999999,1,2.4,0,2.8,2.8,0.2,0,0,286335.7,4.9,0
0,4,56,2.1,2.5,3.7,7.7,13.5,3,13,8,1.5,1,0,1699530.3,22.9,0
0,5,54,2.5,4.3,6.3,6.7,11.399999999999999,1.6,7,6.300000000000001,1.2,0.6,6.1,1307424.4999999998,15.700000000000001,0
0,6,61,2.8,3.1,4.1,8.5,12.3,2.4,9.1,12.799999999999999,1.9,2.4,1.6,1657797.2,21.6,0
0,7,40.5,0.8,5,1.8000000000000003,4.699999999999999,8.9,1.3,5.5,7.7,2.5000000000000004,0.8,1.5,1018441.2999999999,14.600000000000001,2.7
0,8,4,0.1,0.5,0.2,0.4,0.9,0.1,0.5,0.8,0.3,0.1,0.1,99568.6,1.4,0.3
0,71,88,4,5.8,3.3000000000000003,13.200000000000001,17.5,1.3,16.1,17.7,2.8000000000000003,4.499999999999999,1.8,1893348.9000000001,44.6,7.4
0,72,37.5,0.6,1.5,0.8,5.800000000000001,6.300000000000001,0.5,8.7,8,2.0999999999999996,2.0999999999999996,1.1,862320.8,19.2,2.5
0,73,13,0.6,0.2,0.2,2.1,2.3,0.2,2.3,3.2,0.7999999999999999,1.1,0,324367.7,6.6,0.6
1,11,5,0,0.5,0.1,0.6,1.3,0,0.9,1,0.3,0,0.3,127840.1,1.9,0.2
1,35,2,0.1,0.3,0,0.4,0.4,0.2,0.1,0.2,0.1,0.2,0,32518.2,0.7,0.3
1,49,2,0,0.2,0.2,0,0.7,0,0.2,0.4,0.2,0.1,0,45377.2,1,0.2
1,1,9,0.3,0.8,1.4,1.1,2.7,0,0.8,0.8,0.5,0.6,0,248462.8,3,0
1,2,3,0.2,0.1,0.2,0.2,0.7,0,0.7,0.8,0.1,0,0,78091.6,1.3,0
1,5,6.5,0.30000000000000004,0.30000000000000004,0.30000000000000004,1.3,1.1,0.5,0.8,1,0.2,0.5,0.2,184136.5,2.3,0
1,6,4,0.2,0.2,0.2,0.8,0.7,0.3,0.5,0.6,0.1,0.3,0.1,113314.8,1.4,0
1,8,27,0.5,3.6,1.2,2.9,6.1,0.7,3.7,5.1,1.7,0.5,1,672087.8,9.8,2
1,9,34,0.6000000000000001,4.5,1.6,3.5999999999999996,7.7,0.9000000000000001,4.6,6.5,2.2,0.6000000000000001,1.2000000000000002,846332.7,12.3,2.5
1,71,48.5,0,0.4,2.2,9,12.2,3.1,8.9,11.2,0.8999999999999999,0.2,0.4,998357.6000000001,22.5,1.7
1,72,33,0.8999999999999999,1,0.6,5.2,5.7,0.6,7.1000000000000005,7.4,1.8,2.1,0.6,781477.5,17,1.9
1,73,19,0.8,0.4,0.4,3.1,3.4000000000000004,0.30000000000000004,3.4000000000000004,4.6,1.1,1.5,0,474075.80000000005,9.8,0.8
1,74,2,0.1,0,0,0.3,0.4,0,0.4,0.5,0.1,0.2,0,49902.7,1,0.1
1,10,32,0,3.5,0.30000000000000004,4,8,0.30000000000000004,5.7,6.6,1.7999999999999998,0,1.7999999999999998,818176.8999999999,11.9,1.1
2,11,56,1.4,5.9,1.1,7.699999999999999,12.8,0.7000000000000001,9.4,9.799999999999999,3.9,1.4,1.9,1498182.2,20.8,2.1999999999999997
2,12,57,0.9,4.4,1.8,8.8,10.899999999999999,1.5,11.100000000000001,11.4,4.8,0.2,1.2,1586572.1,23.2,1.9
2,35,3,0.2,0.4,0.1,0.7,0.5,0.2,0.2,0.3,0.2,0.2,0,48777.2,1.1,0.4
2,14,3,0.2,0.3,0.1,0.5,0.7,0.1,0.5,0.2,0.2,0,0.2,69954.4,1.2,0.1
2,15,33,1.4000000000000001,1.6,2.9000000000000004,6,8,0.30000000000000004,5.3999999999999995,2.9000000000000004,2.3,1.4000000000000001,0.8,864046,12,0.8
2,16,50,2.3,5.4,1.7,6.5,10.9,2.1,6.3,9.7,1.6,1.3,2.2,1169919.2,17.9,1.2
2,1,88.5,1.7,12.7,5,10.8,25.7,1.2,11.2,4.6,9.8,1.5,4.3,2243851.9000000004,28.2,2.6
2,3,2,0.1,0.3,0,0.4,0.5,0,0.4,0.1,0.1,0,0.1,46924.4,0.8,0.2
2,9,51,5.1,3.2,2.4,15,11.100000000000001,2.3000000000000003,3.3000000000000003,2.6,5.6,0.1,0.3,1398626.2000000002,15.3,1.6
2,72,8,0.3,0.2,0.2,1.3,1.4,0.1,1.4,2,0.5,0.6,0,199610.9,4.1,0.3
2,73,15,0.6000000000000001,0.30000000000000004,0.30000000000000004,2.4000000000000004,2.6,0.30000000000000004,2.7,3.7,0.9000000000000001,1.2000000000000002,0,374270.4,7.800000000000001,0.6000000000000001
2,20,31,1.3,4.3,0.2,5.1,7.7,1.5,4.1,5.3,1.5,0,0,767212,15,1.3
2,42,5,0,0.4,0.5,0,1.8,0,0.6000000000000001,1.1,0.4,0.2,0,113443,2.4,0.5
2,10,73,0.8,8.7,1.8,9.899999999999999,17.6,2.6,10.700000000000001,12.200000000000001,5,0.8999999999999999,2.8000000000000003,1850026.1999999997,27.6,2.6
2,21,9,0.4,0.3,0.2,2.3,1.9,0.6,2.3,0.4,0.6,0,0,210260.4,4.5,0.4
3,11,77,2.8,8.2,2.1,10.3,14.2,1.6,10.1,16.3,6.5,3,1.9,1926848.7999999998,27.8,1.7000000000000002
3,12,44,1.9,4.3,1.2999999999999998,6.8,9.700000000000001,0.7,7.2,5.8,3.5999999999999996,1.6,1.1,1173015.4,16.4,1.7999999999999998
3,13,191,4.3999999999999995,22.8,13.299999999999999,30.3,48,5.199999999999999,19.3,16.5,15.7,9.1,6.3999999999999995,3889711.1999999997,86.1,9.299999999999999
3,14,487,20.7,53.5,21.1,101.5,111.6,11.4,44.5,50.1,38.7,24.2,9.7,9993763.5,230.8,44.5
3,15,188.5,2.7,30.3,6.5,19.1,50.1,2.2,22.8,24.5,15.2,9.7,5.4,4847191.7,68.2,6.4
3,16,22,1,1,1.9,4,5.3,0.2,3.6,1.9,1.5,1,0.6,576030.6,8,0.6
3,0,36,0.8,2.6,2.3000000000000003,6.7,7.300000000000001,0.6,6,4.1,3,1.7000000000000002,0.8999999999999999,970608.2000000002,13.700000000000001,1.9000000000000004
3,1,89,2.4,6,6.5,14.200000000000001,20.4,1.1,14.200000000000001,11.399999999999999,6.6,3.8,2.4,2425724.0999999996,35.2,3.8
3,2,23,0.6,1.6,1.4,4.2,4.7,0.4,3.8,2.6,1.9,1.2,0.6,620110.8,8.7,1.2
3,4,26,1.3,3.4,0.7,4.8,6.6,0,5.6000000000000005,1.1,1.1,0.7,0.7,610017.3,10.799999999999999,2.1
3,5,48,2.1999999999999997,4.999999999999999,2.1999999999999997,5.6000000000000005,11.5,1.6,7.1000000000000005,7.1000000000000005,3.2,1.6,0.9,1070792,18.1,2.9000000000000004
3,8,2,0,0.2,0.1,0.2,0.5,0.1,0.4,0.2,0.2,0.1,0,49732.2,0.7,0
3,72,2,0.1,0,0,0.3,0.4,0,0.4,0.5,0.1,0.2,0,49902.7,1,0.1
3,73,1,0,0,0,0.2,0.2,0,0.2,0.2,0.1,0.1,0,24951.4,0.5,0
3,20,8,0.30000000000000004,0.30000000000000004,0.2,2.1,1.7000000000000002,0.5,2.1,0.30000000000000004,0.5,0,0,186898.2,4,0.30000000000000004
3,10,26,1.1,2.5,0.7,3.8,5.6,0.4,4.2,3.9000000000000004,2.1,1.2,0.5,718696.5,9.5,1.1
4,11,93,3.5,7.1000000000000005,6.3,9.6,20.3,1.2000000000000002,12.7,17.6,2.9,8.5,3.3000000000000003,2331535.1,38.1,3.5
4,12,98.5,4.2,5.1,6.1,15.9,16.3,2.1,23,13.9,5.5,5.3,1.1,2569023.6,39.2,3.2
4,13,341,12,27,16.5,51,80,10,35,49,19.5,26,15,7828698.3,138,21
4,14,190.5,11.4,12.4,9,40.7,31.7,5.7,20.7,18,18.2,21.3,1.4,4101375.9,83.8,11
4,15,15,0.7,0.7,1.3,2.7,3.6,0.1,2.5,1.3,1,0.7,0.4,392748.19999999995,5.5,0.4
4,0,20,0.5,1.4,1.2999999999999998,3.6,4,0.4,3.3,2.2,1.6,1.1,0.6000000000000001,539226.7,7.6000000000000005,1.1
4,2,54,1.3,4.2,3.3,8.600000000000001,13.9,1.2,8.8,6.1,3.7,2.1,0.8,1221319.2000000002,23,4
4,3,23,1.3,3.1,0.6,4.3,5.8,0,4.8999999999999995,0.9,0.9,0.6,0.6,539630.7,9.5,1.8
4,4,41,4.3999999999999995,7.8,3.1,2.1,14.600000000000001,0,3.3000000000000003,1.3,3.2,0.1,1.1,895968.3999999999,13.5,1.5
4,5,60,2.8,6.2,2.8,7,14.3,2,8.9,9,3.8000000000000003,2,1.2,1338490,22.5,3.5
4,6,42,1.9,4.4,1.9,4.9,10.1,1.2999999999999998,6.300000000000001,6.300000000000001,2.6999999999999997,1.4,0.8,936943,15.900000000000002,2.5
4,7,4,0.1,0.4,0.2,0.5,0.8999999999999999,0.1,0.6000000000000001,0.7,0.30000000000000004,0.1,0.1,89232.7,1.5,0.30000000000000004
4,8,8,0,0.7,0.30000000000000004,0.8999999999999999,2.1,0.4,1.6,0.8,0.7,0.4,0.1,198928.8,2.9000000000000004,0.1
4,9,41,0,3.2,1.7,4.699999999999999,10.9,2.3,8.6,4,3.2,1.7,0.7,1019510.3999999999,14.9,0.7
4,20,21.5,0.8999999999999999,0.6,0.5,5.5,4.7,1.4000000000000001,5.6,0.8999999999999999,1.4000000000000001,0,0,502288.8,10.600000000000001,0.8999999999999999
4,10,24,0.9,2.4,0.6000000000000001,3.6,5.1,0.30000000000000004,3.9,3.6,1.9000000000000001,1.2,0.5,663412.1000000001,8.8,0.9
5,11,134,6,15,4,21,30,3,22,19,9,3,2,3222709.4,52,4
5,12,214.5,10.2,17.2,11.9,35.6,44,8.5,26.6,33.4,8.8,13.9,4.4,4862427.100000001,84.6,12.3
5,13,31,3,5,0,5,4,0,4,3,4,1,2,687151.1,13,2
5,14,31,1.4000000000000001,3.5999999999999996,1.7999999999999998,3.2,6.1,1.1,3.2,5,0.8,4,0.8,667922.2,11.5,0.8
5,19,18.5,0.8,0.8999999999999999,1.6,3.3,4.5,0.1,3.0999999999999996,1.6,1.3,0.8,0.5,484389.3,6.8,0.5
5,3,136,6,8.1,8.4,21.7,30.2,4.4,31.3,9.1,13.4,2.2,1.2,3232682.5000000005,48.1,5.6
5,4,29,2,3,1,1,6,0,6,5,2,3,0,804916.7,13,0
5,5,56,3.5,4.4,2.5,6.3999999999999995,14.6,2.4,5.5,10.2,4.2,1.8,0.5,1587633,22.5,0.8
5,6,10,0.5,1.3,0.5,1,2.5,0.1,1.6,1.5,0.4,0.4,0.2,252080,3.9000000000000004,0.30000000000000004
5,73,39,2,3.3,0.1,10.2,6.4,0.1,4.3,12.3,0.1,0.1,0.1,751123.3999999999,25.9,6
5,20,53.5,0.2,4.6000000000000005,5.199999999999999,9,16.3,0.2,4.4,9.399999999999999,2.5,1.5,0.2,1361903.8,25.7,2.7
5,10,87,3.9,7.5,2.4,11.9,18.4,2,20,5.8,6,5.2,3.9,2130489.5,31.299999999999997,2.4
5,21,18.5,0.3,2,1,2.6,7,0.3,1.9000000000000001,1.9000000000000001,0.6,0.6,0.3,370761.8,8.9,1
6,11,175.5,7.1,18.1,8.3,23.9,43,5,26.7,15.6,13.4,8.3,6.1,4269573.5,66.2,6.8
6,12,93,2.2,8.5,4.1000000000000005,9,26.299999999999997,0.3,14.100000000000001,12.4,5.1,5.9,5.1,2320758.1,34.400000000000006,3.8
6,14,2,0.1,0.2,0.1,0.2,0.4,0.1,0.2,0.3,0,0.3,0.1,43091.8,0.7,0
6,3,68,0,9.2,3.4,5.9,19.099999999999998,3.3000000000000003,11.3,9.2,3.3000000000000003,1.3,2,1525181.7,26.499999999999996,5.2
6,4,19,0,2.6,1,1.7000000000000002,5.3999999999999995,0.7999999999999999,3.1,2.6,0.8999999999999999,0.4,0.5,426153.69999999995,7.4,1.5
6,5,31,1.6,4,1.6,2.8000000000000003,7.6000000000000005,0.5,5.2,4.800000000000001,1.3,1,0.6,781448,12.100000000000001,0.8999999999999999
6,6,81.5,4.4,7.4,5.4,11.6,21.7,0.1,9.2,10.1,4.3,2.2,5.1,2116866.9,29.7,1.2
6,7,2,0.1,0.3,0.1,0.2,0.5,0,0.3,0.3,0.1,0.1,0,50416,0.8,0.1
6,9,49,1.3,6.9,3.3,5.8,13.200000000000001,3.3,4.7,5.199999999999999,3.3,1.3,0.7,1319368.7,16.5,0
6,72,1,0,0.1,0.1,0.1,0.2,0.1,0.1,0.2,0,0,0.1,23904.6,0.4,0
6,73,5,0,0.7,0.3,0.5,1,0.3,0.7,0.7,0.2,0.2,0.4,119522.9,2.2,0
6,20,10,0.1,1.1,0.6,1.4,3.8,0.2,1,1,0.3,0.3,0.2,200411.80000000002,4.8,0.6
6,21,15,0.3,1.7,0.8,2,5.6,0.3,1.5,1.5,0.5,0.5,0.3,300617.6,7.2,0.8
6,10,135,4.2,10.8,7.9,15.1,26.6,6.5,23.9,21.8,6.6,7.4,4.2,3554160,50.8,2.9
6,65,1,0,0,0.1,0.1,0.2,0,0.3,0.3,0,0,0,19951.7,0.6,0.1
7,11,216,9.6,39.5,9,16.8,64.6,4.5,21,14.2,20.3,9,7.5,5930791,71.3,3.3
7,12,103,6.5,11.6,5.800000000000001,12.9,29.1,2.6,11.9,12.7,2.7,3.9,3.3000000000000003,2717724.0999999996,36.6,4.300000000000001
7,13,53,4.6000000000000005,2.2,4.9,4.9,11.6,3.2,9.3,6.199999999999999,0.1,3.9000000000000004,2.1,1240103,20.9,2.6999999999999997
7,14,2,0.1,0.2,0.2,0.1,0.4,0,0.5,0.4,0,0.1,0,53366.4,0.9,0.2
7,18,2,0.1,0.1,0.2,0.4,0.5,0,0.3,0.2,0.1,0.1,0,52366.4,0.7,0.1
7,2,3,0.1,0.4,0.3,0.5,0.6,0.1,0.3,0.3,0.3,0.1,0,72088.9,1.1,0.1
7,3,51,1.2,6.699999999999999,3.9999999999999996,8.299999999999999,10.600000000000001,2,6.1000000000000005,5.6,4.5,1.4,0.6000000000000001,1212706.6,18.4,1.7999999999999998
7,4,8,0.2,1,0.7,1.4,1.6,0.3,0.9,0.8,0.8,0.2,0.1,192236.9,2.8,0.2
7,5,3,0.1,0.4,0.2,0.3,0.7,0,0.5,0.5,0.1,0.1,0.1,75624,1.2,0.1
7,6,25,1,2.5999999999999996,1.2,2.4,5.4,0.30000000000000004,5.7,3.2,1.5,1.2,0.5,616629.1,10.2,0.7
7,7,169,7.3,12.700000000000001,8.8,24.400000000000002,42.099999999999994,3.6,22.4,19.5,12.7,7.3,8.2,4119745.5,64.2,5.1
7,8,115,4.3,14.7,3.8,14.5,36.2,3.8000000000000003,13.2,8.3,7.8,4.3,4.1,2871895.2,40,1
7,9,90,3.5,8.5,5.7,18.200000000000003,21.3,2.5,17.099999999999998,5.7,5.8999999999999995,1.3,0.30000000000000004,2208147.2,30.6,3.2
7,30,4,0.2,0.6,0.1,0.9,0.7,0.3,0.3,0.4,0.2,0.3,0,65036.3,1.5,0.5
7,10,35,1.8,3.5,1.3,4.8,10,0,2.9,2.7,4,2.2,1.8,755388.8,12,1.3
7,65,2,0,0,0.1,0.1,0.4,0,0.5,0.7,0.1,0,0.1,39903.3,1.1,0.2
8,77,5,0,0.7,0.3,0.5,1,0.3,0.7,0.7,0.2,0.2,0.4,119522.9,2.2,0
8,11,42,2.8000000000000003,5,1.5,8,7.9,1.5,7.1,5.3,2.4,0,0.5,1314269.7,14.7,2.4
8,12,7,0.6000000000000001,0.2,0.5,1.2,1.6,0.3,1.3,0.7,0.2,0.1,0.3,195682.8,2.6,0.5
8,67,3,0,0,0.2,0.2,0.6000000000000001,0,0.8,1,0.1,0,0.1,59855,1.7000000000000002,0.30000000000000004
8,13,4,0.2,0.4,0.4,0.2,0.9,0,1,0.8,0,0.1,0,106732.8,1.7,0.3
8,29,36,0,0,0,1.7000000000000002,7.9,0,3.5,17.6,3.5,1.8000000000000003,0,593539.9999999999,22.8,7
8,1,1,0,0.1,0.1,0.2,0.2,0.1,0.1,0.1,0.1,0,0,24029.6,0.4,0
8,2,4,0.1,0.5,0.3,0.7,0.8,0.2,0.5,0.4,0.4,0.1,0,96118.5,1.4,0.1
8,3,72,1,9.7,3.0999999999999996,11.4,13.100000000000001,1.3,13.1,7.6000000000000005,6.3,3.0999999999999996,2.3000000000000003,1842386.9,25.8,3.0999999999999996
8,4,3,0.1,0.4,0.3,0.5,0.6,0.1,0.3,0.3,0.3,0.1,0,72088.9,1.1,0.1
8,5,2,0.1,0.1,0.1,0.2,0.4,0,0.6,0.2,0.2,0.1,0,47948.6,0.9,0.1
8,6,12,0.3,0.9,0.5,1.1,2.1,0.2,3.7,1.2,1.1,0.7,0.2,287691.4,5.1,0.4
8,7,71,2.6,6.199999999999999,3.3,9.2,14.2,1.3,18.700000000000003,5.1,5.8,3.1999999999999997,1.4000000000000001,1766937,28.4,2
8,8,5,0.2,0.6,0.2,1,1.2,0.1,1,0.1,0.4,0.1,0.1,131436.2,1.8,0.1
8,30,124,4.6000000000000005,13,3.9,24.8,20.2,9.1,11.399999999999999,17.8,9.1,10.1,0,2197306.2,56.300000000000004,15.700000000000001
9,77,6,0,0.8,0.4,0.6000000000000001,1.2000000000000002,0.4,0.8999999999999999,0.8999999999999999,0.2,0.2,0.4,143427.59999999998,2.7,0
9,67,9,0.2,0,0.5,0.5,1.8,0,2.5,3,0.2,0,0.3,179564.9,5,1
9,2,2,0,0.3,0.2,0.3,0.4,0.1,0.2,0.2,0.2,0.1,0,48059.2,0.7,0.1
9,3,7,0.2,0.9,0.6,1.2,1.4,0.3,0.8,0.7,0.6,0.2,0.1,168207.3,2.5,0.2
9,29,5,0,0,0,0.2,1.1,0,0.5,2.5,0.5,0.2,0,82436.1,3.2,1
9,73,1,0,0.1,0.1,0.1,0.2,0.1,0.1,0.2,0,0,0.1,23904.6,0.4,0
9,74,9,0,1.2,0.6,0.9,1.9,0.6,1.3,1.3,0.3,0.3,0.6,215141.3,4,0
9,20,1,0,0.1,0.1,0.2,0.4,0,0.1,0.1,0,0,0,20041.2,0.5,0.1
9,31,1,0,0.1,0,0.2,0.2,0.1,0.1,0.1,0.1,0.1,0,16259.1,0.4,0.1
60,44,2,0,0.2,0,0.2,0.4,0,0.4,0.6,0,0.2,0,37807.4,1.2,0.2
60,33,12,0.2,1,1.3,0.8999999999999999,3.3000000000000003,0,1.3,2.0999999999999996,0.2,1.5,0.2,271504.19999999995,5.1,1
60,22,11,0.30000000000000004,0.9,0,0.9,2.1,0.30000000000000004,0.7000000000000001,3.3,0.4,1.8,0.30000000000000004,224243.10000000003,6.3,1.5
60,34,10,0.1,0.9,1.2000000000000002,0.7,2.6,0,1.2000000000000002,1.8,0.1,1.2999999999999998,0.1,226253.6,4.300000000000001,0.9
60,24,1,0,0.1,0,0.1,0.2,0,0.1,0.3,0,0.2,0,20385.7,0.6,0.1
60,35,22,0.9000000000000001,1.8,0.7,1.4,5.1,0.4,2.4,7.5,0.6000000000000001,1.0999999999999999,0.1,483250.70000000007,11,1.2
60,36,7,0.3,0.6,0.2,0.4,1.6,0.1,0.8,2.4,0.2,0.3,0.1,153761.6,3.5,0.4
60,19,2,0.1,0.1,0.1,0.3,0.6,0.1,0.2,0.2,0.2,0.1,0,39448.9,0.8,0.2
60,43,1,0,0.1,0,0.1,0.2,0,0.2,0.3,0,0.1,0,18903.7,0.6,0.1
60,21,3,0.1,0.2,0,0.2,0.6,0.1,0.2,0.9,0.1,0.5,0.1,61157.2,1.7,0.4
61,33,24,0.4,2,2.7,1.7,6.3999999999999995,0,2.7,4.2,0.4,3.1,0.4,543008.5,10.299999999999999,2
61,34,63,0.4,1.6,5.2,4.4,12.4,0,10.2,12.5,2.4000000000000004,12.5,1.4,1546036.4999999998,29.5,2.6
61,35,20.5,0.8,1.8,0.7,1.3,4.8,0.30000000000000004,2.3,7,0.5,0.8999999999999999,0.1,450301.80000000005,10.2,1.0999999999999999
61,36,19,0.6000000000000001,1.6,0.6000000000000001,1.3000000000000003,4.3999999999999995,0.4,2.1,6.5,0.5,0.9,0.1,417352.80000000005,9.5,1.1
61,38,9,0,0.4,0.4,0,2.3,0,2.7,1.4,0,1.8,0,176639.9,5,0.9
61,29,2,0.1,0,0.1,0.4,0.5,0.1,0.2,0.4,0.2,0,0,33708.2,1,0.3
61,19,2,0.1,0.1,0.1,0.3,0.6,0.1,0.2,0.2,0.2,0.1,0,39448.9,0.8,0.2
61,82,2,0,0.2,0.1,0.3,0.7,0,0.1,0.3,0.2,0.1,0,46372,1,0.3
61,30,6,0,0.8,0.1,0.5,2.1,0,0.5,1.1,0.6,0,0.3,98235.1,2.6,1.1
61,20,2,0,0.2,0,0.2,0.4,0,0.1,0.6,0.1,0.3,0.1,40771.5,1.2,0.3
62,77,5,0.3,0.4,0.3,0.6,1.1,0,0.7,1.4,0.1,0,0.1,90451.2,2.2,0.6
62,33,455,17,37,20,66,100,11.5,66,95,17.5,19,6,8277518,246,63
62,23,21,0,0,0,1,3,0,6,6,0,5,0,358082.7,13,4
62,78,15,0.9000000000000001,1.2000000000000002,0.9000000000000001,1.7000000000000002,3.3000000000000003,0,2.0999999999999996,4.1,0.4,0,0.4,271353.6,6.6000000000000005,1.7000000000000002
62,34,262.5,9.9,17.8,6.9,38.7,41.5,3.5,44.1,45.7,11.9,39.6,2.9,5192707.2,137.7,24.8
62,35,117.5,2.6,4.8,5.5,14,15.7,3.3,19.8,36.5,3.4,10.7,1.2,2662128.4000000004,56,1.9
62,24,19.5,0.5,1.6,0,1.6,3.8,0.5,1.1,5.9,0.8,3.2,0.5,397522,11.2,2.7
62,25,2,0.1,0,0.1,0.4,0.5,0.1,0.2,0.4,0.2,0,0,33708.2,1,0.3
62,36,115,4.8999999999999995,11,3.0999999999999996,22.900000000000002,26.3,2.6,6,20.6,7,10.1,0.5,2128568.9000000004,59.1,12.5
62,26,1,0.1,0,0,0.2,0.3,0,0.1,0.2,0.1,0,0,16854.1,0.5,0.2
62,37,16,0.4,1.5999999999999999,0.7,1.2999999999999998,3.7,0.2,2,4,0.6000000000000001,1.3000000000000003,0.2,341737.8,7.6,1
62,38,11,0,0.6,0.6,0.4,2.7,0,2.9000000000000004,1.7999999999999998,0.2,1.8,0,216647.69999999998,5.800000000000001,1.1
62,27,21,1,1.2,0.8,2.5,4.4,0.8,2.5,4.3,1.1,1.8,0.6,415364,9.5,0.9
62,28,4,0.2,0.1,0.2,0.7,0.8999999999999999,0.1,0.5,0.8,0.3,0.1,0.1,71511.6,1.9,0.5
62,39,2,0.1,0.3,0.1,0.4,0.4,0,0.2,0.3,0.1,0.1,0,40007.7,0.9,0.1
62,29,3,0.1,0.1,0.2,0.5,0.7,0.1,0.30000000000000004,0.6000000000000001,0.2,0.1,0.1,54657.5,1.4,0.3
62,80,2,0,0.2,0,0.4,0.8,0,0,0.4,0.2,0,0,46372,1,0.4
62,50,6,0,0.2,0.8999999999999999,0.3,1.2,0,2.2,0.6,0.2,0,0.4,85348.2,3.4,1.8
62,51,3,0,0.1,0.4,0.2,0.6,0,1.1,0.3,0.1,0,0.2,42674.1,1.6,0.9
62,30,15,0,2,0.3,1,5.4,0,1.2,2.8,1.5,0,0.7999999999999999,245587.7,6.6000000000000005,2.8
62,31,3,0,0.4,0.1,0.2,1.1,0,0.2,0.5,0.3,0,0.2,49117.6,1.3,0.5
62,42,1,0,0.1,0,0.1,0.2,0,0.2,0.3,0,0.1,0,18903.7,0.6,0.1
62,32,5,0.1,0.4,0.4,0.4,1.5,0,0.5,0.8999999999999999,0.2,0.5,0.1,106873.9,2.1,0.5
63,34,31,0,3,1,3,7,0,6,2,2,7,0,840242.4,14,2
63,35,8,0.1,0.7999999999999999,0.3,0.5,2.3,0.1,0.6,1.5,0.3,1.3,0.2,186965.80000000002,3.1,0.3
63,36,172,6.5,21.799999999999997,6,23.5,44.6,6.5,14.100000000000001,22,12.5,11,3.5,3628908.9000000004,68.1,5
63,25,14,0.8,0,0.4,3,3.4,0.4,1.8,3,1.2,0,0,235957.2,6.8,2.2
63,37,122.5,5,3,9,22,23,6,21,16,12.5,4,1,2724276,50,6
63,38,58,1.6,3.9,4.2,8.5,10.7,0.2,9.8,6.2,6.3,3.8,2.8,1177992.4,24.4,3.4
63,27,2,0.1,0.1,0.1,0.2,0.4,0.1,0.2,0.4,0.1,0.2,0.1,41898.6,0.9,0
63,39,49,0.30000000000000004,6.5,0.5,4.8,11.9,1.2000000000000002,7.8,8.6,1.7,5.5,0.2,1034685.7999999999,22.3,2.6999999999999997
63,28,6,0.2,0.4,0.30000000000000004,0.5,1.2000000000000002,0.2,0.7,1.2000000000000002,0.30000000000000004,0.7,0.30000000000000004,125695.79999999999,2.7,0
63,50,7,0,0.30000000000000004,1,0.4,1.4,0,2.5,0.7,0.30000000000000004,0,0.4,99572.9,3.8000000000000003,2.1
63,30,1,0,0.1,0,0.1,0.4,0,0.1,0.2,0.1,0,0,16372.5,0.4,0.2
63,32,3,0,0.4,0.1,0.2,1.1,0,0.2,0.5,0.3,0,0.2,49117.6,1.3,0.5
20,44,12,0.9,0.5,0.5,1.7,2.5,0,1.7,2.6,0.7,0.9,0,250993.2,6,0.8
20,22,3,0,0.2,0.1,0.2,0.8,0.1,0.8,0.6,0.1,0.1,0,59189.3,1.4,0.3
20,45,3,0.2,0.1,0.2,0.6,0.4,0.1,0.4,0.5,0.2,0.3,0,67627.6,1.4,0.3
20,46,31,0.7,0.3,1.7000000000000002,3.9000000000000004,8.4,1.2,3.4,8.6,1.6,1.1,0.1,548414.2,16.8,4.8999999999999995
20,47,5,0.3,0.2,0.3,0.9,0.7,0.1,0.8,0.8,0.3,0.6,0,112712.6,2.4,0.4
20,53,4,0.1,0.4,0,0.3,0.8,0,0.8,0.9,0.2,0.5,0,111610.2,1.7,0.1
20,54,23.5,0.4,2.5,0.1,1.9,4.6,0.1,4.6,5,1.1,2.9,0.30000000000000004,655709.7,10.100000000000001,0.8
20,55,6,0.2,0.30000000000000004,0.1,0.6000000000000001,1.4,0,1.6,1.2000000000000002,0.30000000000000004,0.2,0.1,146129.6,2.6,0.1
20,56,60.5,1.7,10.3,4.4,5.5,10,3.1,8.7,4.9,8,2.6,1.3,903476.4,23.9,10.3
20,57,21,0.5,1.0999999999999999,0.5,1.8,5.2,0.1,4.999999999999999,4.6,1.3,0.5,0.4,494630.8,9.6,1
20,13,13,0.6000000000000001,1,1.1,1.7,3.5,0,0.7,2.9,1.5,0,0,272828,4.5,0.4
20,14,47,2.3,3.9000000000000004,3.9000000000000004,6.300000000000001,12.5,0,2.4000000000000004,10.2,5.5,0,0,986378.2,16.5,1.6
20,58,14,0.1,0.8999999999999999,0.5,1,3.8,0,2.8000000000000003,3.3,0.8999999999999999,0.4,0.30000000000000004,314800.3,6.9,1.3
20,15,17,0,1.4,0.7,2.5,5,0,3.7,1.7999999999999998,1.2,0.7,0,505976.69999999995,6.9,0
20,38,12,0.8,1.6,0,2,3.6,0,0.8,1.6,0.8,0.8,0,214504.8,4.8,0.8
20,39,9,0.6,1.2,0,1.5,2.7,0,0.6,1.2,0.6,0.6,0,160878.6,3.6,0.6
20,0,367.5,16,37,21,71,64,13,44,52,23.5,20,6,7505080.100000001,148,15
20,1,94.5,7.2,9.5,5.300000000000001,18.9,23.7,3.5,6.7,5.9,7.1,4,2.7,2243568.7,32.4,1.5
20,2,53.5,2.5,5.1,2.8,6.4,11.2,1.1,8.8,7.8,2,4.3,1.5,1352714,20.1,1.3
20,3,20,0.30000000000000004,1.5,1.5,0.9,4.199999999999999,0,4.7,4.199999999999999,0.7,1.6,0.4,573423.5,8.3,0.2
20,4,30,0.6,2.1999999999999997,2.1999999999999997,1.5,6.2,0,7,6.4,0.9,2.4,0.6,860135.2999999999,12.5,0.2
20,5,15,0,1.6,0.5,1.5,4.8,0,2,3,0.6,0.1,0.8999999999999999,403234.4,5.5,0.1
20,9,1,0,0.1,0,0.1,0.3,0,0.2,0.2,0,0.1,0,28482.7,0.5,0
20,61,8,0.2,0.9,0.4,0.9,1.7,0.2,1.6,1.5,0.3,0.3,0,157014,3.4,0.4
20,62,17,0.4,1.8,0.8999999999999999,1.9000000000000001,3.6,0.5,3.5,3.2,0.5,0.7,0,333654.89999999997,7.2,0.8999999999999999
20,63,15,0.3,1.6,0.8,1.7,3.2,0.4,3.1,2.8,0.5,0.6,0,294401.3,6.3,0.8
20,64,36,0.6000000000000001,3.9000000000000004,1.7999999999999998,3.9000000000000004,7.800000000000001,1.2000000000000002,7.5,6.6000000000000005,1.2000000000000002,1.5,0,706563,15,1.7999999999999998
20,43,31,2.5,1.2,1.2,4.3999999999999995,6.5,0,4.5,6.6,1.6,2.5,0,648399.1,15.5,2.1
20,65,11,0,0.4,0.4,2.1,3,0.4,2.1,0.5,0,1.2000000000000002,0.9,252745.8,6.3999999999999995,0.4
20,21,3,0,0.2,0.1,0.2,0.8,0.1,0.8,0.6,0.1,0.1,0,59189.3,1.4,0.3
64,25,3,0.2,0,0.1,0.6000000000000001,0.8,0.1,0.30000000000000004,0.6000000000000001,0.30000000000000004,0,0,50562.299999999996,1.5,0.5
64,37,5,0.2,0.7,0.3,0.9,1,0.1,0.4,0.8,0.3,0.2,0.1,100019.3,2.1,0.4
64,38,6,0.2,0.8999999999999999,0.30000000000000004,1.1,1.2000000000000002,0.1,0.5,0.8999999999999999,0.4,0.30000000000000004,0.1,120023.2,2.6,0.4
64,39,19,0.6,2.8,1.1,3.4000000000000004,3.7,0.2,1.7000000000000002,3.1,1.2999999999999998,0.8,0.30000000000000004,380073.5,8.2,1.4
64,50,1,0,0,0.2,0,0.2,0,0.4,0.1,0,0,0.1,14224.7,0.6,0.3
64,40,2,0.1,0.2,0.1,0.1,0.4,0,0.4,0.5,0.1,0.1,0,37807.4,1.1,0.2
64,51,2,0,0.1,0.3,0.1,0.4,0,0.7,0.2,0.1,0,0.1,28449.4,1.1,0.6
64,41,5,0.2,0.5,0.2,0.3,1.1,0,1.1,1.2,0.2,0.2,0,94518.4,2.9,0.5
64,30,3,0,0.4,0,0.2,1.1,0,0.30000000000000004,0.6000000000000001,0.30000000000000004,0,0.1,49117.5,1.3,0.6000000000000001
64,42,2,0.1,0.2,0.1,0.1,0.4,0,0.4,0.5,0.1,0.1,0,37807.4,1.1,0.2
64,31,7,0,0.9,0.1,0.5,2.6,0,0.6000000000000001,1.3,0.7000000000000001,0,0.30000000000000004,114607.6,3,1.3
64,32,3,0.1,0.2,0.1,0.3,0.5,0,0.9,0.3,0.1,0.4,0.1,70712.9,1.3,0.2
64,76,4,0.30000000000000004,0.30000000000000004,0.30000000000000004,0.4,0.8999999999999999,0,0.5,1.1,0.1,0,0.1,72360.9,1.7000000000000002,0.4
65,24,33,1.4,2.4,3,7.2,3.7,1,7.1,3.2,1,3,0,616757.9,16.2,5.2
65,25,16,0.8999999999999999,0.8999999999999999,0,2.5999999999999996,2.3,0,2.4,3.0999999999999996,1.4,2.4,0,267673.60000000003,7.8,1.9
65,26,18,1.1,1.1,0,3.1999999999999997,2.5,0,2.5,3.6,1.5,2.5,0,301132.8,8.6,2.2
65,27,14,0.9,0.9,0,2.3,2,0,2,2.6,1.2,2.1,0,234214.4,6.7,1.8
65,49,4,0.1,0,0,0.8,0.6,0.1,0.8,0.7,0.3,0.6,0,97293.8,2.1,0.4
65,40,5,0.2,0.5,0.2,0.3,1.1,0,1.1,1.2,0.2,0.2,0,94518.4,2.9,0.5
65,41,8,0.3,0.8,0.3,0.6,1.7,0,1.7,2,0.3,0.3,0,151229.5,4.6,0.9
65,42,2,0.1,0.2,0.1,0.1,0.4,0,0.4,0.5,0.1,0.1,0,37807.4,1.1,0.2
21,44,53,2.9,5.9,2.9000000000000004,6.300000000000001,7.7,0,7.300000000000001,8.899999999999999,4.199999999999999,3.9,3,1136794.7,23.5,2.5
21,45,66,4.7,4.6,2.7,11.7,11.899999999999999,0.8,10.2,7.199999999999999,2.1,9.7,0.4,1348074.5,30.5,5.5
21,46,8,0.5,0.3,0.5,1.5,1.2,0.2,1.2,1.2,0.4,0.9,0.1,180340.1,3.8,0.7
21,47,28.5,1.6,1.7000000000000002,1.8,4.8,4.9,0.7,4.1,4.5,1.4,2.7,0.30000000000000004,634182.2,13.400000000000002,2.7
21,52,5,0.1,0.5,0,0.4,1,0,1,1.1,0.2,0.6,0.1,139512.7,2.2,0.2
21,53,16,0.30000000000000004,1.7000000000000002,0.1,1.3,3.1,0.1,3.1,3.4000000000000004,0.8,1.9,0.2,446440.60000000003,6.9,0.6000000000000001
21,10,10,0,0.7,0.4,1.5,3,0,2.2,1.1,0.7,0.4,0,297633.3,4.1,0
21,54,78,2,6.9,1.5,8.4,12.9,0.5,13.9,16.8,3.8,10.8,0.5,2224501.3,35.1,3
21,55,421.5,24,30.5,19,90,69,13,52,54,28,41,1,8370865.6,215,34
21,56,281,12.6,19.4,6.7,42.6,46.5,3.2,44.6,59,8,34.9,3.5,5418527.4,149.5,23.5
21,57,28,0.7999999999999999,1.5,0.7000000000000001,2.4000000000000004,6.7,0.1,6.8999999999999995,6.000000000000001,1.5,0.8999999999999999,0.5,666984.6,12.7,1
21,58,6,0,0.4,0.2,0.5,1.7,0,1.2000000000000002,1.4,0.4,0.1,0.1,134914.4,3,0.6000000000000001
21,59,3,0,0.2,0.1,0.2,0.8,0,0.6,0.7,0.2,0.1,0.1,67457.2,1.5,0.3
21,0,513.5,16,53,34,77,139,12,64,41,34.5,25,18,1.11341291E7,215,27
21,1,90,5.200000000000001,11.700000000000001,2.5,14.399999999999999,23.3,2,8.5,13.1,4.4,2.7,2.2,2046454.7,28.5,2
21,2,40.5,1.7000000000000002,3.6999999999999997,2.3,4.5,8.5,0.7,7.1,6.3,1.5,3.0999999999999996,1.1,1044523.6,15.399999999999999,0.8
21,3,2,0,0.1,0.2,0.1,0.4,0,0.5,0.4,0.1,0.2,0,57342.4,0.8,0
21,4,9,0.1,0.7,0.7,0.4,1.9,0,2.1,1.9,0.3,0.7,0.2,258040.6,3.7,0.1
21,5,6,0,0.7,0.2,0.6,1.9,0,0.8,1.2,0.2,0.1,0.3,161293.7,2.2,0.1
21,7,28,0.1,3.0999999999999996,0.4,2.4000000000000004,8,0,5.1,4.800000000000001,0.9,1.9000000000000001,1.2999999999999998,779910.3999999999,11.899999999999999,1
21,8,19,0.1,2,0.1,1.4,5.1000000000000005,0,4.2,3,0.5,1.9000000000000001,0.7000000000000001,541170.5,8.7,0.7999999999999999
21,9,25,0.1,2.6,0.1,2,6.8,0,5.5,3.9,0.6000000000000001,2.4,1,712066.4,11.5,1.1
21,61,5,0.1,0.5,0.3,0.6,1.1,0.1,1,0.9,0.2,0.2,0,98133.8,2.1,0.3
21,64,2.5,0,0.3,0.1,0.3,0.5,0.1,0.5,0.5,0.1,0.1,0,49066.9,1.1,0.1
21,21,3,0,0.2,0.1,0.2,0.8,0.1,0.8,0.6000000000000001,0.1,0.1,0,59189.3,1.4,0.30000000000000004
21,65,2,0,0.1,0.1,0.4,0.5,0.1,0.4,0.1,0,0.2,0.1,45953.8,1.2,0.1
22,55,24,1,1.5,0.7,2.7,5.7,0.30000000000000004,4.5,4.8,1.2,1.2000000000000002,0.4,543388.5,10.600000000000001,1
22,66,7,0,0.3,0.3,1.3,1.9,0.3,1.3,0.3,0,0.8,0.5,160838.2,4,0.3
22,44,38.5,1.1,3,4,9.1,8.2,0,1.2,4.2,3.6,4.1,0,827102.4,17.5,0.1
22,56,33,1.4000000000000001,2,0.8999999999999999,3.5999999999999996,7.7,0.30000000000000004,6.699999999999999,6.6,1.7000000000000002,1.6,0.5,757441.7,14.6,1.2
22,45,169,4,22,7.800000000000001,26.200000000000003,33.800000000000004,5.5,16,29.200000000000003,12.9,9,2.6,2766108.2,84.60000000000001,16.2
22,57,108.5,2.4,11.8,5.3,18.1,17.8,0.1,17.3,20.2,4.8,9.6,1.1,1886068.4000000001,60.3,11.7
22,46,17,1.1,0.7,1.2000000000000002,3.2,2.5,0.3,2.5,2.6,0.9,1.8,0.2,380153.7,8.2,1.5
22,47,6,0,0.8,0.30000000000000004,0.8999999999999999,1.5,0.1,0.8,1.2,0.2,0.1,0.1,121907.9,3.0999999999999996,0.6000000000000001
22,58,58,0.2,3.9,4.1,6.1,15.5,1,6.6,12.7,5.2,1.5,1.2,1444452.9,24.200000000000003,2.1
22,59,22.5,0.30000000000000004,1.5,0.9,1.6,6.300000000000001,0,4.3,5.300000000000001,1.5,0.5,0.30000000000000004,512857.19999999995,10.9,1.9
22,48,6.5,0.1,0.7999999999999999,0.30000000000000004,0.6,1.9000000000000001,0.30000000000000004,0.7999999999999999,1.2,0.2,0.2,0.1,137556.8,3.1,0.7999999999999999
22,0,96,4.5,7.800000000000001,4.3,21.400000000000002,18.1,1.8,15.1,11.799999999999999,4.2,5.1,1.9000000000000001,2325473.3,38.8,0.8999999999999999
22,1,27,1.6,2.8000000000000003,1.1,4,5.6000000000000005,0.7,3.6000000000000005,3.3000000000000003,1.2000000000000002,2.2,0.9,646679.3999999999,9.700000000000001,0.7
22,2,57,1.5,4.6000000000000005,2.8,6.199999999999999,12.4,1,10.8,10.3,2.9,3.5,1,1519072.4,23.200000000000003,1.4999999999999998
22,3,38,1.2,3.4,1.7,3.8,8.399999999999999,0.7,7.5,6.6,1.9,2.2,0.6000000000000001,1013357.3999999999,15.4,1.2000000000000002
22,4,17,0.6,1.6,0.5,2.1,3.9000000000000004,0.4,3,2.7,1.1,0.7999999999999999,0.3,435629.8,6.800000000000001,0.7
22,5,31,0.3,3.9,0.7,3.3,9.2,0.1,5.699999999999999,4,0.9,1.3000000000000003,1.6,771826.8999999999,12,1.3000000000000003
22,6,75.5,0.7,8.8,1.2,6.2,19.900000000000002,0.4,14.5,12.1,1.9000000000000001,7.7,2.1,1915588.7,31.9,3.7
22,7,71,0.4,6.9,2.3,5.2,19.1,0.1,15.7,12.400000000000002,1.6,4.4,2.9000000000000004,1902378.3,30,2
22,8,50,0.2,3.7,1.9,2.3,11.899999999999999,0,13.7,9.7,0.6,4.4,1.6,1387645.9,23.1,1.2999999999999998
22,9,39,2.5,2.1,2.1,5.1,9.5,0,7.6000000000000005,8.399999999999999,0.5,1.2000000000000002,0,867798.5999999999,17,3
22,52,20,0.6,1.1,0.7,2.1,4.8,0.4,3.8000000000000003,4,1,1.3,0.2,434777.8,8.8,1.6
22,53,11,0.5,0.9000000000000001,0.1,1.0999999999999999,2.3000000000000003,0.2,2.2,1.9,0.7,1.1,0,276210.5,4.5,0.4
22,54,38,2.6,2,0.7999999999999999,5.300000000000001,8.7,1.8,7.6,4.2,3.5,1.5,0,768481.1,14.4,2.3000000000000003
66,55,1,0,0,0.2,0,0.2,0,0.4,0.1,0,0,0.1,14224.7,0.6,0.3
66,23,9,0.5,0.5,0,1.5,1,0,4,1.5,0,0,0,193845.2,5.5,1.5
66,24,2,0.1,0.1,0,0.3,0.2,0,0.9,0.4,0,0,0,43076.7,1.2,0.3
66,49,8,0.30000000000000004,0,0,1.6,1.1,0.30000000000000004,1.8,1.3,0.5,1.1,0,194587.69999999998,4.2,0.8
23,55,30.5,1.7,3.2,1.2999999999999998,4.9,7.8,0.30000000000000004,1.4,5.4,1.2999999999999998,2.6,0.6000000000000001,586017.8,14.200000000000001,2.9
23,56,34.5,1.9000000000000001,3.7,1.5,5.5,8.7,0.30000000000000004,1.6,6.2,1.6,2.9000000000000004,0.6000000000000001,662872.6,16.099999999999998,3.2
23,45,1,0,0.1,0.1,0.2,0.2,0,0.1,0.2,0.1,0,0,19473.4,0.6,0.1
23,57,5,0.30000000000000004,0.5,0.2,0.8,1.3,0,0.2,0.9,0.2,0.5,0.1,96068.5,2.3,0.5
23,46,3,0,0.4,0.2,0.6,0.6,0,0.4,0.6,0.1,0,0.1,58420.1,1.7,0.2
23,47,5,0,0.7,0.30000000000000004,1,1,0,0.7,1,0.2,0,0.1,97366.79999999999,2.8,0.30000000000000004
23,58,14,0,2.5,0.5,0.8999999999999999,4.5,0,1.1,3,1.5,0,0,363296.4,5.5,0.5
23,48,3,0,0.4,0.1,0.3,0.9,0.1,0.4,0.6,0.1,0.1,0,63487.8,1.4,0.4
23,39,1,0.1,0.1,0,0.1,0.3,0,0.1,0.1,0.1,0.1,0,17875.4,0.4,0.1
23,0,173.5,8.3,20.1,8.4,31.1,43.6,4.3,23.2,12.4,14,3.9,4.2,4376702.5,57.3,1.4
23,1,58,0.9000000000000001,3.9,3,7.4,12.2,1.2000000000000002,11,11.6,3.2,3,0.6000000000000001,1566157.2999999998,24.8,1.6
23,2,133,3.2,6.1,10.8,12,26.4,0.3,23.1,29.2,8.9,9.8,3.2,3912618.0999999996,53.8,4.4
23,3,110,8.5,10.1,6.4,19.5,21.8,1.3,17.1,13.9,5.7,4.5,1.2,2943361.3000000003,43.8,1.5
23,4,57,1.1,4.5,3.8,9.5,12.2,1.8,9.8,10.1,2.6,1.1,0.5,1289951.5,22.8,3.2
23,5,115,6.3,13.7,5.5,14.2,23.7,3.2,15.5,17.5,5.3,5.2,4.9,2071417.9000000001,49.9,14.2
23,50,6,0.1,0.30000000000000004,0.30000000000000004,0.6000000000000001,1.5,0,1.1,1.4,0.30000000000000004,0.30000000000000004,0.1,127748.6,2.7,0.6000000000000001
23,40,3,0.3,0.1,0.1,0.4,0.6,0,0.4,0.6,0.2,0.3,0,62748.3,1.5,0.2
23,51,10,0.2,0.5,0.5,0.8999999999999999,2.5,0.1,1.9,2.3,0.5,0.5,0.1,212914.3,4.5,0.8999999999999999
23,62,7,0.1,0.7,0.4,0.8,1.5,0.2,1.4,1.3,0.30000000000000004,0.30000000000000004,0,137387.3,2.9000000000000004,0.4
23,63,4,0.1,0.4,0.2,0.5,0.9,0.1,0.8,0.7,0.1,0.2,0,78507,1.7,0.2
23,52,12,0.30000000000000004,0.6,0.5,1.2,3,0.2,2.3,2.5,0.7000000000000001,0.6,0.1,253360.69999999998,5.300000000000001,1
23,53,13,0.9,0.7,0.2,1.9,3,0.6,2.5999999999999996,1.5,1.1,0.5,0,262901.4,5,0.8
23,54,11,0.7999999999999999,0.6,0.2,1.5000000000000002,2.5000000000000004,0.6,2.2,1.2000000000000002,1,0.4,0,222455.10000000003,4.2,0.7
67,49,2,0,0,0,0.4,0.2,0,0.4,0.4,0.2,0.4,0,48647,1,0.2
24,55,11,0.6,1.1,0.5,1.7,2.8,0.2,0.5,2,0.5,0.8999999999999999,0.2,211350.69999999998,5.1,1.1
24,56,364,14,19.5,16,53,66,8.5,44,79,19.5,38,6.5,6927200.2,197,43
24,46,2,0,0.3,0.1,0.4,0.4,0,0.3,0.4,0.1,0,0,38946.7,1.1,0.1
24,57,2,0.1,0.2,0.1,0.3,0.5,0,0.1,0.4,0.1,0.2,0,38427.4,0.9,0.2
24,58,2,0,0.4,0.1,0.1,0.6,0,0.2,0.4,0.2,0,0,51899.5,0.8,0.1
24,47,1,0,0.1,0.1,0.1,0.3,0.1,0.1,0.2,0,0,0,21162.6,0.5,0.1
24,48,13,0.2,1.7000000000000002,0.6000000000000001,1.2,3.7,0.6000000000000001,1.6,2.4,0.4,0.4,0.2,275113.7,6.1,1.6
24,49,33,0.5,4.3,1.5,3,9.5,1.5,4,6,1.0999999999999999,1.0999999999999999,0.5,698365.3,15.600000000000001,4
24,39,7,0.4,1,0,1.1,2.1,0,0.4,1,0.4,0.6000000000000001,0,125127.8,2.8,0.4
24,0,37,0.6000000000000001,2.4,1.7999999999999998,4.7,7.9,0.7,7.1000000000000005,7.3999999999999995,2.1,2,0.30000000000000004,999100.4,15.8,1
24,1,36,0.5,2.5,1.7999999999999998,4.5,7.5,0.8,6.9,7.199999999999999,2.1,1.9,0.30000000000000004,972097.7,15.3,0.8999999999999999
24,2,29,0.9,2.5,1,3.5999999999999996,6.6000000000000005,0.8,5.2,4.8,1.8,1.4,0.4,754152.7,11.8,1.2
24,3,30.5,0.6,1.4000000000000001,0.1,2.5,9.899999999999999,0.1,6.7,5.7,1.3,2.2,0,893828.3,15.6,1.1
24,4,89,3.3000000000000003,9.5,3.6,12.500000000000002,17.7,1.6,18.5,11.100000000000001,4.6000000000000005,4.7,1.9000000000000001,2150422.5,36.5,4.6
24,5,262,14.4,24.4,15.6,51.7,59.1,6.2,31.7,16.9,19.4,17.5,5.1,5530370.2,125.9,26.5
24,50,51,1.1,2.6999999999999997,2.4000000000000004,4.6,12.600000000000001,0.8,9.3,11.6,2.3,2.6999999999999997,0.9000000000000001,1085862.8,23.2,4.6
24,51,40,0.8,2.2,1.8000000000000003,3.7,10,0.6,7.200000000000001,9.1,1.8000000000000003,2.2,0.6,851657,18.2,3.7
24,40,2,0.1,0.1,0.1,0.3,0.4,0,0.3,0.4,0.1,0.2,0,41832.2,1,0.1
24,52,16,1,0.9,0.3,2.2,3.8,0.7,3.2,1.9,1.3,0.7,0,324639.2,6.2,1
24,63,3,0.1,0.3,0.2,0.3,0.6,0.1,0.6,0.6,0.1,0.1,0,58880.3,1.3,0.2
24,53,8,0.6000000000000001,0.4,0.2,1.1,1.9,0.30000000000000004,1.6,0.8999999999999999,0.7,0.30000000000000004,0,161785.5,3,0.5
24,54,5,0.30000000000000004,0.30000000000000004,0.1,0.7,1.2,0.2,1,0.5,0.5,0.2,0,101116,1.9000000000000001,0.30000000000000004
68,48,6,0.2,0,0,1.3,0.8,0.2,1.3,1,0.4,0.8,0,145940.7,3.1,0.6
68,49,2,0.1,0,0,0.4,0.3,0.1,0.4,0.3,0.1,0.3,0,48646.9,1,0.2
25,55,8,0,0.8999999999999999,0.2,0,2.1,0,1.5,1.7999999999999998,0.1,1.4,0,176241.4,4.8,0.6000000000000001
25,11,3,0,0.2,0.2,0.2,0.9,0,0.4,0.7,0.2,0.1,0.1,65924,1.4,0.4
25,12,1,0,0.1,0.1,0.1,0.3,0,0.1,0.2,0.1,0,0,21974.7,0.5,0.1
25,56,34,1,2,0.4,2,5.3999999999999995,0,8.1,4.8999999999999995,0.4,9.799999999999999,0,739723,21.3,3.2
25,13,7,0.5,0.4,0.3,0.9,1.9,0.3,0.5,1,0.4,0.7,0.1,145734.1,3,0.4
25,57,9,0.2,1,0.1,0.30000000000000004,2,0,2.0999999999999996,2,0.30000000000000004,1,0,194507.09999999998,5.2,1
25,58,10,0.4,1.0999999999999999,0,0.6,2,0,2.8000000000000003,2.2,0.30000000000000004,0.6,0,212772.80000000002,5.6,1.4000000000000001
25,59,8,0.30000000000000004,0.8,0,0.5,1.6,0,2.2,1.8,0.30000000000000004,0.5,0,170218.2,4.5,1.1
25,26,2,0,0.1,0.1,0.1,0.5,0.1,0.5,0.4,0.1,0.1,0,39459.5,0.9,0.2
25,49,108.5,5,7.3,5.6000000000000005,16.2,23,3.8000000000000003,14.6,16,8,6.7,2.3,2192062.6999999997,47,5.2
25,39,20,1.8,2.4,0.6,4.3,2.4,0.6,3.1,2.4,1.8,0,0.6,308240.5,8.5,1.8
25,18,2,0,0.3,0.3,0.1,0.5,0,0.2,0.4,0.1,0,0.1,32536.4,0.7,0.1
25,0,15,0.7,1.9,0.4,2.4,3,0.4,1.4,2.4,1.5,0.5,0.4,357299,5.2,0.4
25,1,71.5,4.6,7.1,3,17.2,15.5,4.8,7,6.199999999999999,4.2,1.1,0.8,1813869.9,24.3,0.8
25,2,72,1,4,1.2,19.3,11.8,3.8000000000000003,5.9,10.8,9,3,2.2,1675539.7000000002,27.2,1.7
25,3,17,0.4,1,0.7,1.9000000000000001,3.8000000000000003,0.5,3.4000000000000004,3.4000000000000004,0.5,0.6,0.8,409258.9,7,0.4
25,4,66,1.1,4.199999999999999,2.8,7.5,14.7,2,13.5,13.1,2,2,3.0999999999999996,1588887.4,27.299999999999997,1.5999999999999999
25,5,20,0.30000000000000004,1,0.4,2,6.4,0.9,3.7,3,0.6,0,1.7000000000000002,483457.1,9.4,2
25,50,7,0,0.6,0.5,0.5,2,0.1,0.9,1.3,0.4,0.5,0.2,165267.50000000003,3.3,0.6
25,51,6,0,0.5,0.4,0.5,1.7,0.1,0.7999999999999999,1.1,0.3,0.5,0.1,141657.8,2.9,0.5
25,52,28,0,2.4,2,2,7.699999999999999,0.4,3.9000000000000004,4.8999999999999995,1.9,2,0.8,661069.8999999999,13.2,2.4
25,53,3,0,0.30000000000000004,0.2,0.2,0.8999999999999999,0,0.4,0.6000000000000001,0.1,0.2,0.1,70828.9,1.4,0.30000000000000004
25,31,1,0.1,0.1,0,0.1,0.3,0,0.1,0.1,0.1,0.1,0,17875.4,0.4,0.1
25,54,1,0,0.1,0.1,0.1,0.3,0,0.1,0.2,0,0.1,0,23609.6,0.5,0.1
69,47,5,0.1,0,0,1,0.7,0.1,1,0.8999999999999999,0.4,0.8,0,121617.3,2.6,0.5
69,49,2,0.1,0,0,0.4,0.3,0.1,0.4,0.3,0.1,0.3,0,48646.9,1,0.2
26,26,2,0,0.1,0.1,0.1,0.5,0.1,0.5,0.4,0.1,0.1,0,39459.5,0.9,0.2
26,49,212.5,7.3,26.799999999999997,11.2,25.2,56,0.8,34.5,22.599999999999998,9.4,15.600000000000001,3.1,4060151.1999999997,110.8,24.5
26,29,3,0,0.2,0.1,0.2,0.8,0.1,0.8,0.6,0.1,0.1,0,59189.3,1.4,0.3
26,50,4,0,0.3,0.3,0.3,1.1,0.1,0.5,0.7,0.3,0.3,0.1,94438.6,1.9,0.3
26,51,1,0,0.1,0.1,0.1,0.3,0,0.1,0.2,0,0.1,0,23609.6,0.5,0.1
26,52,8,0,0.7,0.5,0.5,2.3,0.1,1.1,1.5,0.5,0.5,0.30000000000000004,188877.09999999998,3.6999999999999997,0.7
26,10,10,0,0.6,0.6,0.7,3,0,1.5,2.4000000000000004,0.6,0.3,0.3,219746.6,4.6,1.2000000000000002
26,11,6,0,0.30000000000000004,0.30000000000000004,0.30000000000000004,1.7999999999999998,0,0.8999999999999999,1.5,0.30000000000000004,0.30000000000000004,0.30000000000000004,131847.90000000002,2.7,0.6000000000000001
26,12,6,0,0.4,0.4,0.4,1.8,0,0.9,1.4,0.3,0.2,0.2,131847.9,2.7,0.7
26,56,3,0,0.30000000000000004,0.1,0,0.8,0,0.6000000000000001,0.7,0,0.5,0,66090.5,1.7999999999999998,0.2
26,57,22,0.5,2.4,0.30000000000000004,0.7,5,0,5.2,5,0.4,2.5,0,476381.89999999997,12.8,2.2
26,13,20,1.4,1.1,0.8,2.6,5.6,0.8,1.5,2.9,1.1,1.9000000000000001,0.30000000000000004,416383.19999999995,8.6,1.1
26,14,19,1.4,1.1,0.7,2.5,5.2,0.7,1.4,2.6999999999999997,1.1,1.8,0.4,395564,8.1,1.1
26,58,1,0,0.1,0,0.1,0.2,0,0.3,0.2,0,0.1,0,21277.3,0.6,0.1
26,15,2,0.2,0.2,0,0.4,0.2,0,0.2,0.4,0.2,0.2,0,43789.2,0.8,0.2
26,16,7,0.7,0.4,0,1.5,1.1,0.2,0.4,1.6,0.7,0.4,0,153262.5,2.8,0.7
26,17,12,0.8,0.8999999999999999,0.5,2,2.2,0.30000000000000004,0.8,2.6,1,0.7,0.2,240230.00000000003,4.6,1
26,18,8,0,1.1,1.1,0.4,1.9,0.2,0.8,1.5,0.4,0.2,0.4,130145.7,2.7,0.4
26,0,319.5,18.2,33,25.2,72.9,63.8,8.1,28.2,28.9,25.9,7.7,7.6,6641337.300000001,120.3,15.6
26,1,138.5,6.3,6.9,6.8,19.3,29.4,3.7,13.5,32.4,11.7,4.8,3.7,3201900.9,56.4,6.7
26,2,2,0.1,0.3,0.1,0.3,0.4,0,0.2,0.3,0.2,0.1,0,47639.9,0.7,0
26,3,116.5,4.5,11.9,3.3,17.4,26.7,2,19.2,15,12,1,3.5,2968568,38.6,1.7
26,4,22,0.4,1.3,0.9,2.5,4.9,0.6,4.4,4.4,0.7000000000000001,0.7999999999999999,1.1,529629.1,9.100000000000001,0.5
26,5,28,0.4,1.4,0.4,2.8,8.9,1.3,5.2,4.300000000000001,0.8999999999999999,0,2.4,676839.9,13.100000000000001,2.8
26,9,3,0,0.2,0,0.3,0.9,0.2,0.5,0.5,0.1,0,0.3,72518.6,1.4,0.3
26,60,1,0,0,0,0.2,0.3,0,0.2,0.1,0,0.1,0.1,22976.9,0.6,0
27,22,25.5,1,2.5,0.5,4,6,1,3,4,1.5,1,1,576411.4,12,1
27,11,7,0,0.4,0.4,0.5,2.1,0,1.1,1.7,0.4,0.2,0.2,153822.6,3.2,0.8
27,14,14,0.7,1,0.7000000000000001,2,3.8,0.30000000000000004,1.7,1.6,0.5,1.2,0.5,298795.2,5.8,0.8
27,58,6,0.30000000000000004,0.6000000000000001,0,0.30000000000000004,1.2000000000000002,0,1.7000000000000002,1.3,0.2,0.4,0,127663.70000000001,3.4,0.8
27,59,1,0,0.1,0,0.1,0.2,0,0.3,0.2,0,0.1,0,21277.3,0.6,0.1
27,15,22,2.1,1.5999999999999999,0.2,5,3.0999999999999996,0.6,2.1,4.4,2,0.9,0,498242.19999999995,9,1.4000000000000001
27,16,1,0.1,0.1,0,0.3,0.1,0,0.1,0.2,0.1,0,0,23964.7,0.4,0
27,49,10,0.7,0.4,0.1,1.7,2.1,0.4,0.8,1.4,1,0.8,0.6,209533.2,4.1,0.3
27,17,4,0.2,0.5,0.3,0.6000000000000001,0.7,0,0.4,0.8,0.30000000000000004,0.1,0.1,78395.70000000001,1.5,0.2
27,39,13,1.2000000000000002,1.5,0.4,2.7,1.5,0.4,2,1.6,1.2000000000000002,0,0.5,200356.3,5.5,1.2000000000000002
27,0,154,4.2,11.5,8.1,21,41.8,1.6,19.2,26.6,12.6,4.2,3.2,3540435.0999999996,72.6,8.2
27,1,61.5,2.5,4.1000000000000005,0.8999999999999999,15.6,8.200000000000001,2.8000000000000003,6.699999999999999,9.8,4.8,4.1000000000000005,2,1574719.6,24.3,1
27,2,37,1.4,3.9000000000000004,1.3,5.4,7.7,0.8999999999999999,4.699999999999999,6.4,2.9,1.2000000000000002,1.2,884387,13.7,0.8999999999999999
27,3,2,0,0.1,0.1,0.2,0.4,0.1,0.4,0.4,0.1,0.1,0.1,48148.1,0.8,0
27,4,5,0.1,0.3,0.4,0.4,1,0.1,1,1.1,0.1,0.4,0.1,117369.3,2.3,0.3
27,5,5,0,0.30000000000000004,0.2,0.6,1.3,0.1,1.2,0.7,0.30000000000000004,0,0.30000000000000004,119264.8,2.2,0.30000000000000004
27,8,15,0.2,1.1,0.8,1.6,3.4,0.1,3.4,2.9,0.3,0.8,0.4,376288.2,6,0.6
27,9,16,0.30000000000000004,1,0.6,1.6,4.2,0.4,3.3,2.8,0.5,0.5,0.8,394982.89999999997,6.8,1.1
27,50,11,0,0.8999999999999999,0.8,0.8,3,0.2,1.5,1.9,0.8,0.8,0.30000000000000004,259706.1,5.199999999999999,0.8999999999999999
27,51,1,0,0.1,0.1,0.1,0.3,0,0.1,0.2,0,0.1,0,23609.6,0.5,0.1
27,20,9,0,0.6,0.2,0.6,2.4,0.2,2.4,1.9,0.5,0.2,0,177567.9,4.3,0.7999999999999999
27,21,3,0,0.2,0.1,0.2,0.8,0.1,0.8,0.6000000000000001,0.1,0.1,0,59189.3,1.4,0.30000000000000004
28,11,12,0.6000000000000001,0.4,0.8999999999999999,1.2000000000000002,1.9,0,3,2.6,0.4,0.5,0.5,266063.3,5.4,1.1
28,12,11,0.2,0.7999999999999999,0.7,1.8,2.6999999999999997,0,2.2,1.1,0.1,0.7999999999999999,0.6,242706.8,4.5,0.7
28,13,23,0.30000000000000004,1.8000000000000003,1.6,4,6.1000000000000005,0,4.3,1.8000000000000003,0,1.9000000000000004,1.2000000000000002,506927.30000000005,9.200000000000001,1.3000000000000003
28,14,17,0.2,1.4,1.1,2.9,4.4,0,3.3,1.4,0,1.4,0.9,374685.4,6.800000000000001,1
28,15,20,2,2.1,0.4,5.1,2.1,0.4,2.9,3.4000000000000004,1.6,0,0,479293.1,8.399999999999999,0.4
28,59,4,0.1,0.4,0,0.30000000000000004,0.8,0,1.1,0.8999999999999999,0.1,0.30000000000000004,0,85109.1,2.3,0.5
28,16,2,0.2,0.2,0,0.6,0.2,0,0.2,0.4,0.2,0,0,47929.4,0.8,0
28,17,3,0.1,0.4,0.3,0.4,0.6,0,0.30000000000000004,0.6000000000000001,0.2,0,0.1,56501.100000000006,1.1,0.1
28,1,3,0.1,0.2,0.1,0.5,0.4,0.1,0.8,0.5,0.1,0.1,0.1,74108.2,1.3,0.1
28,2,3,0,0.2,0.2,0.3,0.6,0.1,0.6,0.6,0.1,0.3,0,70421.6,1.4,0.2
28,3,9,0,0.5,0.7,0.9,1.8,0.2,1.8,1.9,0.30000000000000004,0.9,0,211264.8,4.1,0.5
28,4,32,0.4,1.7000000000000002,2.4,2.8,6.4,0.8,6.5,6.9,0.9,2.8,0.4,751163.8,14.6,1.7000000000000002
28,5,37,0.6,2.4,2.6,4.5,8.2,0,9.3,5.1,2.4,0.6,1.3,874668,16.3,1.3
28,6,14,0.2,0.8999999999999999,0.8999999999999999,1.7000000000000002,3.1,0,3.5999999999999996,1.9,0.8999999999999999,0.30000000000000004,0.5,330955.5,6.2,0.5
28,7,40,2.2,6.7,0.6,6.199999999999999,9.5,0.1,7.7,3.9000000000000004,0.4,1.4000000000000001,1.3,952764.7000000001,16.6,0.4
28,8,55,0.8,3.9,3.0999999999999996,5.800000000000001,12.3,0.4,12.4,10.6,1.2,3.0999999999999996,1.4,1379723.3,22,2.2
28,9,10,0.2,0.7,0.6,1,2.2,0.1,2.3,1.9,0.2,0.6,0.2,250858.8,4,0.4
28,51,2,0,0.2,0.2,0.2,0.6,0,0.2,0.4,0,0.2,0,47219.2,1,0.2
29,11,11,0.6,0.4,0.7999999999999999,1.1,1.8,0,2.8,2.3,0.4,0.4,0.4,243891.3,4.9,1
29,12,26,1.1,1.2,1.8,3.3,5,0,6,4.6,0.6,1.2999999999999998,1.1,575417.4,11.2,2
29,13,5,0.1,0.4,0.30000000000000004,0.8,1.3,0,1,0.4,0,0.4,0.30000000000000004,110201.6,2,0.30000000000000004
29,14,7,0.2,0.5,0.5,1.2,1.9000000000000001,0,1.2999999999999998,0.5,0,0.5,0.4,154282.3,2.8,0.4
29,15,1,0.1,0.1,0,0.3,0.1,0,0.1,0.2,0.1,0,0,23964.7,0.4,0
29,16,13,1.2999999999999998,1.2999999999999998,0.30000000000000004,3.3,1.4,0.2,1.9,2.2,1.1,0,0,311540.5,5.4,0.2
29,17,1,0.1,0.1,0,0.3,0.1,0,0.1,0.2,0.1,0,0,23964.7,0.4,0
29,18,4,0,0.5,0.5,0.30000000000000004,0.8999999999999999,0.1,0.4,0.7,0.2,0.1,0.30000000000000004,65072.8,1.3,0.30000000000000004
29,19,16,0,2.1,2.1,0.9,3.7,0.4,1.7000000000000002,2.9000000000000004,0.9,0.4,0.9,260291.30000000002,5.3999999999999995,0.9
29,0,6,0.2,0.4,0.1,1,0.7999999999999999,0.1,1.6,1.1,0.30000000000000004,0.2,0.2,148216.30000000002,2.5,0.2
29,1,28.5,1.1,1.7000000000000002,0.5,4.5,4.2,0.5,7.4,5,1.4,1.1,1.1,704027.7,12.1,1.1
29,2,38,1.1,2.3,1.5,5.1,6.199999999999999,0.8,9.1,7.199999999999999,1.6,2,1.1,922728.5,16.5,1.6
29,3,17,0.2,0.8999999999999999,1.3,1.5,3.4000000000000004,0.4,3.4000000000000004,3.8000000000000003,0.4,1.5,0.2,399055.8,7.7,0.8999999999999999
29,5,129,11,13,10,22,37,2,11,10,7,4,2,2393937.2,55,10
29,6,957,53,85,66,168,223,18,107,104,65,48,20,1.81176546E7,434,63
29,7,168,7,16.5,12,23,40,4,21,24,10.5,7,3,3606901.5,71,13
29,8,25,0.4,1.8,1.4000000000000001,2.6,5.6,0.2,5.7,4.800000000000001,0.5,1.4000000000000001,0.6,627147,10,1
29,9,5,0,0.30000000000000004,0.30000000000000004,0.5,1.2,0,1.2,1,0,0.30000000000000004,0.2,125429.50000000001,2,0.2
29,60,2,0,0.1,0.1,0.4,0.5,0.1,0.4,0.1,0,0.2,0.1,45953.8,1.2,0.1
29,61,3,0,0.1,0.1,0.6,0.8,0.1,0.6,0.1,0,0.4,0.2,68930.7,1.7,0.1
29,20,6,0,0.30000000000000004,0.2,0.4,1.6,0.2,1.6,1.2000000000000002,0.30000000000000004,0.2,0,118378.5,2.8,0.6000000000000001
29,10,13,0.8,0.5,0.8,1.3,2.1,0,3.2,2.8000000000000003,0.5,0.5,0.5,288235.2,5.7,1.1
70,46,15.5,0.6,2.1,0.6,3,2.1,0.6,2.1,1.6,1.6,0.6,0.6,207812.2,7.6,3.3
70,47,256.5,4,17.5,17.5,22,57,1,59,46,6.5,23,3,4319039.899999999,153,65
70,48,11,0.3,0.6,0.3,1,1.3,0,3.8,2.8,0,0.3,0.6,181626.3,6,2.5
70,49,8,0.2,0.4,0.30000000000000004,0.7,0.8999999999999999,0,2.8,2,0,0.30000000000000004,0.4,132091.9,4.4,1.9
70,50,11,0.8,0.4,0,1.2,2.3,0,1.6,3.5,1.2,0,0,234071.19999999998,5.1000000000000005,0.4
70,51,91,4,7,0,9,22,1,13,18,6,8,3,1661559,47,8
71,46,10,0.30000000000000004,1.4,0.4,1.9,1.4,0.30000000000000004,1.5,1,1,0.4,0.4,134072.4,5,2.1
71,68,2,0.1,0.2,0.1,0.2,0.4,0,0.3,0.5,0.1,0,0.1,36180.5,0.9,0.2
71,47,1,0,0.2,0,0.2,0.2,0,0.2,0.1,0.1,0,0,13407.2,0.5,0.2
71,59,4,0,0.3,0.3,0.2,0.3,0.1,0.6,1.9,0.1,0.2,0,72153.9,2.3,0.5
71,51,86.5,1,8.5,2,10,20,2,8,14,3,18,0,1679451.5999999999,53,9
71,52,46,1.5,3.2,4,3.8,9.5,1,8,7.3,4.7,3,0,701232,20.2,6.2
71,53,8,0.6,0.3,0,0.9,1.7,0,1.1,2.6,0.8,0,0,170233.6,3.7,0.3
71,54,2,0.2,0.1,0,0.2,0.4,0,0.3,0.6,0.2,0,0,42558.4,0.9,0.1
72,46,2,0,0.1,0.1,0.2,0.2,0,0.7,0.5,0,0.1,0.1,33023,1.1,0.5
72,57,8,0,0.6,0.6,0.4,0.7,0.2,1.1,3.8,0.2,0.4,0,144307.9,4.6,1.1
72,47,4,0,0.4,0.2,0.6000000000000001,0.5,0,1,0.7,0.2,0.2,0.2,59837.5,2.1,0.9
72,58,2,0,0.2,0.2,0.1,0.2,0,0.3,0.9,0,0.1,0,36077,1.2,0.3
72,81,3,0.3,0.2,0.2,0.5,1.1,0.1,0.3,0.2,0.1,0,0,66113.4,1.5,0.2
72,82,5,0.5,0.3,0.3,0.8,1.9,0.2,0.5,0.3,0.2,0,0,110189,2.4,0.4
73,57,3,0,0.2,0.2,0.2,0.2,0.1,0.4,1.4,0.1,0.2,0,54115.5,1.7,0.4
73,79,4,0.3,0.6,0.2,0.7,0.9,0,0.5,0.5,0.2,0.1,0,86545.4,1.4,0.1
73,48,3,0.1,0.2,0.1,0.2,0.3,0,1,0.8,0,0.1,0.2,49534.4,1.6,0.7
73,82,6,0.6,0.4,0.4,0.9,2.3,0.2,0.6,0.4,0.2,0,0,132226.8,2.9,0.5
73,61,3,0.2,0.2,0.2,0.3,0.7,0,0.4,0.8,0.1,0,0.1,54270.7,1.3,0.3
74,45,5,0.1,0.30000000000000004,0.1,0.5,0.6,0,1.7,1.3,0,0.1,0.30000000000000004,82557.4,2.7,1.1
74,46,2,0,0.1,0.1,0.2,0.2,0,0.7,0.5,0,0.1,0.1,33023,1.1,0.5
74,47,2,0,0.1,0.1,0.2,0.2,0,0.7,0.5,0,0.1,0.1,33023,1.1,0.5
74,58,19,0,1.5,1.5,1,1.5,0.5,2.5,9,0.5,1,0,342731.2,11,2.5
74,81,9,0.8999999999999999,0.6000000000000001,0.6000000000000001,1.4,3.4,0.30000000000000004,0.8999999999999999,0.6000000000000001,0.30000000000000004,0,0,198340.19999999998,4.4,0.7
74,82,6,0.6,0.4,0.4,0.9,2.3,0.2,0.6,0.4,0.2,0,0,132226.8,2.9,0.5
74,83,22.5,2.2,1.6,1.4000000000000001,3.4,8.700000000000001,0.8,2.2,1.4000000000000001,0.8,0,0,495850.6,10.9,1.8
74,61,7,0.4,0.6,0.4,0.8,1.5,0,1,1.9,0.2,0,0.2,126631.7,3.1,0.8
74,86,1,0,0.1,0,0.2,0.4,0,0,0.2,0.1,0,0,23186,0.5,0.2
30,22,4,0.2,0.2,0.4,0.6,0.9,0.1,0.6,0.7,0.1,0.1,0.1,85630.8,1.8,0.4
30,13,8,0,0.5,0.30000000000000004,0.8,1,0,2.6,1.4,0.30000000000000004,1.1,0,189912.8,4,1
30,19,254,7.8,31.6,16.6,37.8,59.7,1.9,27.4,28.7,20.8,17.9,3.8000000000000003,5026882,108.5,19.7
30,0,42,3.3,4.6,0.8,7.3,7.999999999999999,1.2999999999999998,7.4,5.4,1.2999999999999998,1.2999999999999998,1.2999999999999998,989897,14,2
30,1,6,0.5,0.7,0.1,1,1.1,0.2,1,0.8,0.2,0.2,0.2,141413.9,2,0.3
30,2,11,0.8,0.9,0.4,1.7999999999999998,2.1,0.2,2,1.2,0.5,0.6000000000000001,0.5,245872.1,3.8,0.4
30,3,13,1,0.8,0.8999999999999999,1.7999999999999998,2.6,0.1,2.3,1.3,0.7,1,0.5,271591.4,4.8,0.5
30,5,39,0.5,8.1,1.3,7.4,7.5,1.1,2.8,3,4.4,1.9,1,801363.2,15.2,1.5
30,6,62,2.9,6.9,2.5,11.5,15.5,0.2,4.5,11.7,1.8,4.5,0,1344036.4,26.5,6
30,7,4,0.1,0.5,0.4,0.5,1.2,0,0.6,0.2,0.2,0.2,0.1,91628.9,1.7,0.3
30,8,9,0.30000000000000004,1,0.8999999999999999,1.2000000000000002,2.6,0,1.4,0.6000000000000001,0.6000000000000001,0.30000000000000004,0.1,206165.09999999998,3.8,0.7
30,9,6,0.2,0.7,0.6000000000000001,0.8,1.7999999999999998,0,0.8999999999999999,0.30000000000000004,0.30000000000000004,0.30000000000000004,0.1,137443.4,2.5,0.5
30,61,6,0.2,0.8,0.2,0.3,2.2,0,0,1.3,0.5,0.5,0,141520.3,3,0.3
30,62,2,0,0.3,0.1,0.1,0.7,0,0,0.4,0.2,0.2,0,47173.4,1,0.1
30,20,11,0.5,0.5,1.1,1.7000000000000002,2.5,0.2,1.7000000000000002,2,0.2,0.4,0.2,235484.7,4.9,1.1
30,21,11,0.6,0.6,1.0999999999999999,1.7000000000000002,2.6,0.1,1.7000000000000002,2,0.1,0.4,0.1,235484.8,4.9,1.0999999999999999
30,10,2,0.1,0.3,0,0.2,0.4,0,0.3,0.5,0.1,0,0.1,37688.7,0.8,0.2
31,22,3,0.2,0.2,0.3,0.5,0.7,0,0.5,0.5,0,0.1,0,64223.1,1.3,0.3
31,33,23,0.1,0.30000000000000004,0.1,0.8,4.1,0.30000000000000004,6.5,8.3,0.1,2.2,0.2,442989.9,14.5,2.6
31,19,235,4.5,19.5,11,38,55,4,35,37,18,12,1,5020734.4,113,13
31,0,3,0.2,0.3,0.1,0.5,0.6,0.1,0.5,0.4,0.1,0.1,0.1,70706.9,1,0.1
31,1,6,0.5,0.6000000000000001,0.1,1,1.2000000000000002,0.2,1,0.7000000000000001,0.2,0.2,0.30000000000000004,141413.9,2,0.2
31,4,17,1.3,1.1,1.1,2.3,3.4,0.2,3,1.7,1,1.3,0.6,355157.9,6.2,0.6
31,5,39.5,2,4.2,1.1,5.3999999999999995,9.8,0.4,3.3999999999999995,8.1,1.6999999999999997,3.3999999999999995,0,1037161.6,16.6,2.2
31,6,13,0.6,1.4,0.3,1.8,3.2,0.1,1.1,2.6999999999999997,0.6,1.2,0,341344.3,5.3999999999999995,0.7
31,8,2,0.1,0.2,0.2,0.3,0.6,0,0.3,0.1,0.1,0.1,0,45814.5,0.8,0.2
31,9,31,1.2,3.5999999999999996,3,4.1000000000000005,8.9,0,4.800000000000001,1.7999999999999998,1.7999999999999998,1.2,0.6,710124.2,13.2,2.3
31,62,4,0.1,0.5,0.1,0.30000000000000004,1.5,0,0,0.8999999999999999,0.30000000000000004,0.30000000000000004,0,94346.8,2,0.30000000000000004
31,30,13,0.8,2.2,0.5,1.4000000000000001,3.8,0.30000000000000004,2.2,1,0.5,0,0.30000000000000004,267560.1,4.9,1
31,20,174,12.4,10.9,7.9,26.8,42.1,3.3,23.8,33.1,2.8,8.6,2.3,3568944,89.1,11.9
31,31,32,1.9,5.3,1.4,3.3,9.3,0.6,5.3,2.7,1.4,0,0.8,658609.5,12,2.7
31,10,147.5,11.299999999999999,11.5,12.6,24.099999999999998,31.7,2,19.400000000000002,16.7,5.3,9.6,3.3000000000000003,2861876.7,68,12
31,32,39,1.4,1.9,1.2999999999999998,5.6,9.2,2.1,4.2,9.6,1,1.2999999999999998,1.4,679217.7,19.4,4.800000000000001
31,21,10,0.5,0.5,1,1.6,2.2,0.2,1.6,1.7,0.2,0.3,0.2,214077.1,4.5,1
75,88,5,0,0.4,0.2,0.9,1.8,0,0.2,0.9,0.4,0.2,0,115930,2.6,0.9
75,70,3,0.1,0.2,0.3,0.4,0.7,0.2,0.3,0.7,0,0.1,0,57984.1,1.6,0.2
75,52,2,0,0.2,0.2,0.1,0.2,0,0.3,0.9,0,0.1,0,36077,1.2,0.3
75,65,4,0.4,0.1,0.3,0.3,0.7,0.3,0.9,0.7,0,0.2,0.1,85592,1.7,0.1
32,33,2,0.1,0.1,0.1,0.3,0.4,0.1,0.2,0.5,0,0.1,0.1,34665.1,1,0.2
32,34,36,1.4,3.5,0.4,3.6,8.5,0.6,6.2,8.7,1.3,1.4,0.4,693349,21.5,4.4
32,2,6,0.4,0.4,0.4,0.8,1.2,0.1,1,0.6,0.4,0.5,0.2,125349.9,2.2,0.2
32,3,27,1.8,1.8,1.9,3.6,5.5,0.30000000000000004,5.1,2.9000000000000004,1.5,1.6,0.9999999999999999,574396.7,9.8,1.0999999999999999
32,4,33,1.8,2.6,2.3,3.9999999999999996,7,0.30000000000000004,7.1000000000000005,3.8,1.7000000000000002,1.5,0.9,722455.7,12.100000000000001,1.1
32,5,3.5,0.2,0.4,0.1,0.6000000000000001,1.1,0,0.2,0.5,0.2,0.2,0,95933.70000000001,1.5,0.1
32,6,14,0.7,1.5,0.4,2.1,3.8,0.1,1.0999999999999999,2.6,0.5,1.2,0,373651.6,6,0.6000000000000001
32,20,1,0,0.1,0.1,0.2,0.2,0,0.2,0.2,0,0,0,21407.7,0.4,0.1
32,10,11,0.5,1.7,0.3,0.8,2,0,1.4,2.8,0.6,0.3,0.6,207288,4.2,0.8
76,66,62,4,6,2,11,12,4,11,2,7,0,3,996329.8,30,8
76,70,5,0.1,0.4,0.5,0.6,1.2,0.4,0.5,1.1,0,0.2,0,96640.1,2.7,0.4
76,65,21,2.1,0.5,1.6,1.6,3.7,1.6,4.7,3.7,0,1,0.5,449358,8.9,0.5
33,2,2,0.1,0.2,0.2,0.2,0.4,0,0.5,0.3,0.1,0,0,45912.2,0.8,0.1
33,3,6,0.2,0.6000000000000001,0.5,0.6000000000000001,1.3,0,1.5,0.8,0.30000000000000004,0.1,0.1,137736.59999999998,2.3,0.2
33,15,2,0.1,0.2,0.2,0.1,0.6,0,0.3,0.2,0.1,0.1,0.1,41463.6,0.8,0.1
33,4,46,1.5,4.6,3.7,4.6,10.3,0.5,11.7,6.1,1.7999999999999998,0.6000000000000001,0.6000000000000001,1055981.2,17.4,1.5
33,5,3,0.1,0.30000000000000004,0.1,0.6000000000000001,1.1,0,0.2,0.30000000000000004,0.1,0.2,0,84821.70000000001,1.3,0
33,8,1,0,0.1,0,0.2,0.4,0,0.1,0.1,0,0.1,0,28273.9,0.4,0
33,9,1,0,0.1,0,0.2,0.4,0,0.1,0.1,0,0.1,0,28273.9,0.4,0
33,63,4,0.1,0.6,0.1,0.2,1.5,0,0,0.9,0.3,0.3,0,94346.9,2,0.2
33,10,4,0,0.2,0.1,0.4,0.5,0,1.3,0.7,0.2,0.6,0,94956.4,2,0.5
77,66,107.5,3,14.5,6,12,38,0,11,12,2,7,2,2100906.1,54,12
77,67,6,0.6,0.1,0.4,0.5,1.1,0.4,1.3,1.1,0,0.3,0.2,128388,2.5,0.2
77,60,1,0,0.1,0.1,0.2,0.2,0,0.1,0.2,0.1,0,0,21636.4,0.5,0.1
77,63,7,0.3,0.7,0.3,1.4,1.5,0.3,0.9,1.2,0.3,0.1,0,151454.5,3.3,0.5
77,65,15,0.7999999999999999,0.6000000000000001,1,1.5,3,0.9,3.2,2.5999999999999996,0.5,0.7000000000000001,0.2,330904.7,6.4,0.5
78,66,55,1,3.2,3.1,7.4,13.6,0.8999999999999999,14.9,5.3,2.5,1.9,1.2,1224393.4,29.599999999999998,1.9
78,77,14,1,2,0.7,2.5,3,0,1.8,1.8,0.7,0.5,0,302908.8,5,0.5
78,67,34,0,2.2,1.9,4,7.8,1.5,6.6,5.6,2.5,1.5,0.4,775786.3,14.7,1.5
78,79,4,0.3,0.6,0.2,0.7,0.9,0,0.5,0.5,0.2,0.1,0,86545.4,1.4,0.1
78,68,1,0.1,0,0.1,0.1,0.2,0.1,0.2,0.2,0,0,0,21398,0.4,0
78,71,2,0.1,0.2,0.2,0.2,0.5,0.1,0.2,0.4,0,0.1,0,38656,1.1,0.1
78,64,38.5,1.6,3.7,1.7,7.4,8.3,1.7,5,6.6,1.7,0.8,0,832999.6,18.2,2.5
78,65,126,3,9.3,4.9,9.2,32.2,6,22.6,27.2,4.2,7,0.4,2501933.6,66,11
78,76,33,1,7,1,4,7,3,3,6,1,0,0,515107.3,11,2
34,11,1,0,0.1,0,0.1,0.1,0,0.3,0.2,0,0.2,0,23739.1,0.5,0.1
34,45,1,0.1,0,0,0.1,0.2,0,0.2,0.2,0.1,0.1,0,20916.1,0.5,0.1
34,12,6,0.5,0.6,0.3,1.8,0.9,0.1,1.3,0.1,0,0.4,0,157806.6,2.3,0.1
34,13,41,3.4,4.4,1.7,12.3,6.2,0.8,8.7,0.9,0,2.6,0,1078344.9,15.7,0.9
34,2,3,0.1,0.3,0.3,0.3,0.7,0,0.8,0.4,0.1,0,0,68868.3,1.1,0.1
34,3,1,0,0.1,0.1,0.1,0.2,0,0.3,0.1,0.1,0,0,22956.1,0.4,0
34,4,19,0.6,1.9000000000000001,1.5999999999999999,1.9000000000000001,4.2,0.2,4.8,2.5999999999999996,0.7999999999999999,0.2,0.2,436166.10000000003,7.3,0.6
34,15,2,0.1,0.2,0.2,0.1,0.6,0,0.3,0.2,0.1,0.1,0.1,41463.6,0.8,0.1
34,5,9,0.3,0.9,0.3,1.8,3.3,0,0.3,1.2,0.3,0.6,0,254465.3,3.9,0
34,8,9,0.30000000000000004,0.8999999999999999,0.30000000000000004,1.7999999999999998,3.3,0,0.30000000000000004,1.2,0.30000000000000004,0.6,0,254465.2,3.9,0
34,9,2,0.1,0.2,0.1,0.4,0.7,0,0.1,0.2,0.1,0.1,0,56547.8,0.9,0
34,63,5,0.1,0.7,0.2,0.3,1.8,0,0,1.1,0.4,0.4,0,117933.6,2.5,0.3
79,67,4,0,0.2,0.2,0.5,0.9,0.2,0.8,0.7,0.3,0.2,0,91269,1.7,0.2
79,78,2,0.1,0.3,0.1,0.4,0.4,0,0.2,0.3,0.1,0.1,0,43272.7,0.7,0.1
79,70,2,0.1,0.2,0.2,0.2,0.5,0.1,0.2,0.4,0,0.1,0,38656,1.1,0.1
79,73,253,4.699999999999999,15.100000000000001,10.8,40.6,47,7.1,47.9,45.4,11,21.4,2,5383954.6,136.5,17.1
79,74,391,7,25.5,16,39,80,5.5,66,84,18,44,6,7309604.800000001,227,54
79,75,230,8.1,18.1,14.1,23.2,51.2,2,29.1,43.1,14.1,23,4,4585624.7,123.4,16
79,76,31,2.2,4.4,1.7,5.5,6.6,0,3.9,3.9,1.7,1.1,0,670726.6,11.1,1.1
35,11,2.5,0,0.2,0,0.2,0.30000000000000004,0,0.8,0.5,0.1,0.4,0,59347.799999999996,1.3,0.30000000000000004
35,1,1,0,0.1,0.1,0.1,0.3,0,0.1,0.2,0.1,0,0,22659.3,0.4,0.1
35,12,2,0,0.1,0.1,0.2,0.2,0,0.6,0.4,0.1,0.3,0,47478.2,1,0.2
35,15,2,0,0.1,0.1,0.2,0.2,0,0.6,0.4,0.1,0.3,0,47478.2,1,0.2
35,59,1,0.1,0,0,0.1,0.2,0,0.2,0.2,0.1,0.1,0,20916.1,0.5,0.1
35,5,8,0.1,1,0.2,1,2,0.2,1.6,1,0.5,0.2,0.2,151770.9,3.4,0.7
35,6,20,0.2,2.6,0.5,2.6,4.9,0.30000000000000004,4,2.6,1.3,0.5,0.5,379427.3,8.5,1.8
35,7,2,0,0.3,0,0.3,0.5,0,0.4,0.3,0.1,0,0.1,37942.7,0.8,0.2
35,10,4,0,0.2,0.1,0.4,0.5,0,1.3,0.7,0.2,0.6,0,94956.4,2,0.5
36,66,2,0,0.3,0.1,0.1,0.7,0,0,0.4,0.2,0.2,0,47173.4,1,0.1
36,11,7,0,0.4,0.2,0.6,0.7999999999999999,0,2.3,1.3,0.3,1.1,0,166173.7,3.5,0.7999999999999999
36,4,4,0,0.5,0.4,0.4,1.1,0,0.3,0.8,0.4,0.1,0,90637.4,1.7,0.4
36,5,15,0.2,1.9,0.30000000000000004,2,3.7,0.30000000000000004,3,2,0.8999999999999999,0.30000000000000004,0.4,284570.39999999997,6.300000000000001,1.2999999999999998
36,6,22,0.30000000000000004,2.8,0.4,3,5.4,0.4,4.5,3,1.3,0.4,0.5,417369.9,9.3,1.9000000000000001
36,7,6,0.1,0.8,0.1,0.8,1.5,0.1,1.2000000000000002,0.8,0.30000000000000004,0.1,0.2,113828.09999999999,2.5,0.5
36,65,3,0,0.4,0.1,0.2,1.1,0,0,0.6000000000000001,0.30000000000000004,0.30000000000000004,0,70760.1,1.5,0.2
37,11,1,0,0.1,0,0.1,0.1,0,0.3,0.2,0,0.2,0,23739.1,0.5,0.1
37,66,1,0,0.1,0,0.1,0.4,0,0,0.2,0.1,0.1,0,23586.7,0.5,0.1
37,67,1,0,0.1,0,0.1,0.4,0,0,0.2,0.1,0.1,0,23586.7,0.5,0.1
37,3,9,0,0.6,1.1,1.4,2.4,0.3,0.4,1.6,0.8,0.4,0,200265.8,4.2,0.5
37,5,9,0.1,1.2,0.2,1.2,2.2,0.1,1.7999999999999998,1.2,0.5,0.2,0.30000000000000004,170742.2,3.8,0.8
37,6,9,0.1,1.1,0.2,1.2,2.2,0.2,1.9,1.2,0.5,0.2,0.2,170742.2,3.8,0.8
37,7,1,0,0.1,0,0.1,0.3,0,0.2,0.2,0.1,0,0,18971.4,0.4,0.1
38,0,12,0,1.6,1.2000000000000002,1.2000000000000002,3.2,0,0.8,2.4000000000000004,1.2000000000000002,0.4,0,271912.19999999995,5.2,1.2000000000000002
38,68,1,0,0.1,0,0.1,0.4,0,0,0.2,0.1,0.1,0,23586.7,0.5,0.1
38,69,4,0.1,0.6,0.1,0.2,1.5,0,0,0.9,0.3,0.3,0,94346.9,2,0.2
38,17,2,0,0.1,0.1,0.2,0.2,0,0.6,0.4,0.1,0.3,0,47478.2,1,0.2
39,0,11,0,1.4,1.1,1.1,3,0,0.8,2.2,1.1,0.30000000000000004,0,249252.7,4.7,1.1
39,45,1,0.1,0,0,0.1,0.2,0,0.2,0.2,0.1,0.1,0,20916.1,0.5,0.1
39,34,2,0.1,0.3,0.1,0.2,0.6,0,0.3,0.2,0.1,0,0.1,41163.1,0.8,0.2
39,46,1,0.1,0,0,0.1,0.2,0,0.2,0.2,0.1,0.1,0,20916.1,0.5,0.1
39,2,4,0,0.2,0.5,0.7,1,0.2,0.2,0.7,0.3,0.2,0,88541.2,1.9,0.2
39,3,2,0,0.1,0.3,0.3,0.5,0.1,0.1,0.3,0.2,0.1,0,44270.6,1,0.1
39,4,10,0,0.4,1.3,1.7,2.5999999999999996,0.4,0.4,1.8,0.9,0.5,0,221353.09999999998,4.8,0.4
39,70,3,0.1,0.4,0.1,0.2,1.1,0,0,0.7,0.2,0.2,0,70760.1,1.5,0.2
80,77,2,0.1,0.2,0.1,0.3,0.4,0.1,0.3,0.3,0.2,0,0,29061.2,0.7,0.2
80,70,5,0.30000000000000004,0.4,0.1,0.6,1,0.30000000000000004,1,1.1,0.1,0.1,0,93809.9,2.1,0.5
80,71,28.5,1.7,2.1,0.6000000000000001,3.4,6.1000000000000005,1.2999999999999998,5.6,6.1000000000000005,0.8,0.8,0,534716.3999999999,12.5,2.9000000000000004
80,72,26,1.8,1.3,0.7,4.5,6.5,1.1,4.4,4.3,0.5,0.9,0,503931.4,13.5,3
80,73,12,1,0,0.5,3.1,3.7,0.5,1.6,1.1,0,0.5,0,244487.7,7.8,1.6
80,74,28,0.1,1,2,2.3,7.3,0,7.1,7.1,1,0.1,0,614422.7,13.7,1.1
80,75,26,0,4.3,1.2,1.7999999999999998,8.7,0.6,2,6.8,0.6,0,0,542385.1000000001,12.4,1.2
80,76,9,0,1.5,0.4,0.6,3,0.2,0.7,2.4,0.2,0,0,187748.7,4.3,0.4
81,44,1,0,0,0.1,0.2,0.1,0,0.3,0.1,0.1,0.1,0,18805.6,0.5,0.1
81,78,5.5,0.2,0.7,0.2,0.8,1,0.30000000000000004,0.9,0.7,0.7,0,0,79918.2,1.8,0.5
81,67,7,0.2,0.6,0.7,1.1,1.5,0,1.3,0.8,0.4,0.2,0.2,145099,3.4,0.6
81,71,1,0.1,0.1,0,0.1,0.2,0.1,0.2,0.2,0,0,0,18762,0.4,0.1
81,76,7,0,1.2,0.3,0.5,2.3,0.2,0.5,1.8,0.2,0,0,146026.8,3.3,0.3
82,67,32.5,0.2,3,1.6,4,9.3,0,6.1,4.6,0.3,1.2,2.2,713674.2999999999,17.9,5.5
82,78,3,0.1,0.30000000000000004,0.1,0.5,0.6000000000000001,0.2,0.5,0.4,0.30000000000000004,0,0,43591.8,1,0.30000000000000004
82,79,8,0.2,1,0.4,1.2,1.4,0.6,1.2,1,1,0,0,116244.6,2.8,0.8
82,80,7,0,1.1,0,1.1,2.7,0,0.6000000000000001,1.1,0.4,0,0,89135.5,3.2,1.7
83,67,147,4,12.1,6,14.3,36.2,2.3,24.4,33.1,4.6,9,1,2947329.6,82.5,15.1
83,79,9,0.3,1.1,0.4,1.4,1.7,0.5,1.4,1.1,1.1,0,0,130775.2,3,0.8
83,68,21,0,2.6,0,0.7,5.2,0.7,3.3,2.6999999999999997,1.3,4.5,0,402443.2,10.5,2.6
83,70,7,0.4,0.5,0.2,0.8,1.5,0.3,1.4,1.5,0.2,0.2,0,131333.9,3.1,0.7
83,71,6,0.3,0.4,0.1,0.7,1.3,0.3,1.2,1.3,0.2,0.2,0,112571.9,2.6,0.6
40,0,2,0.1,0.2,0.1,0.4,0.7,0.1,0.1,0.1,0.2,0,0,44515.8,0.8,0.1
40,34,1,0,0,0.1,0.1,0.4,0,0.1,0.2,0.1,0,0,16593.9,0.5,0.2
40,35,1,0.1,0,0,0.2,0.1,0,0.2,0.2,0.1,0.1,0,22162.9,0.5,0.1
40,4,9,0.30000000000000004,1.2,0.30000000000000004,1.2,2.1,0.30000000000000004,0.8999999999999999,2.1,0.6,0,0,177248.1,3.5999999999999996,0.8999999999999999
40,5,16,0,3.2,0.6000000000000001,2.6,5.1,0,1.9,1.3,0.6000000000000001,0,0.7,261920.7,7,3.2
84,67,156,2.6,7.9,9.6,14.9,32.2,1,26.5,40.6,5.3,11.7,3.7,3025847.8000000003,92.7,22.9
84,68,2,0,0.2,0,0.1,0.5,0.1,0.3,0.3,0.1,0.4,0,38327.9,1,0.2
84,71,3,0.2,0.2,0.1,0.4,0.6,0.1,0.6,0.6,0.1,0.1,0,56285.9,1.3,0.3
84,82,4,0,0.6,0,0.6,1.6,0,0.3,0.6,0.3,0,0,50934.5,1.8,0.9
41,33,8,0.1,0.30000000000000004,0.7,0.5,2.9,0,1,1.6,0.6000000000000001,0.1,0.2,132751.2,4,1.5
41,35,47.5,2.5,1.6,3.2,10,4.8,0.1,4.8999999999999995,11.200000000000001,2.6,6.6000000000000005,0,719940,28.200000000000003,11.5
41,46,1,0,0,0,0.1,0.2,0,0.3,0.3,0,0,0.1,15371.1,0.5,0.2
41,36,1,0.1,0,0,0.2,0.1,0,0.2,0.2,0.1,0.1,0,22162.9,0.5,0.1
41,3,1,0,0.1,0,0.1,0.3,0,0.1,0.3,0.1,0,0,19694.2,0.4,0.1
41,4,2,0.1,0.2,0.1,0.2,0.5,0.1,0.2,0.5,0.1,0,0,39388.5,0.8,0.2
41,5,1,0,0.2,0,0.2,0.3,0,0.1,0.1,0,0,0.1,16370,0.4,0.2
41,30,2,0,0.1,0.2,0.1,0.7,0,0.3,0.4,0.1,0,0.1,33187.8,1,0.4
41,32,2,0,0.1,0.2,0.1,0.7,0,0.3,0.4,0.1,0,0.1,33187.8,1,0.4
85,67,5,0.2,0.7,0.3,1,0.3,0,0.4,1.7,0.2,0.2,0,67161.3,2.6,1.4
85,68,3,0.1,0.4,0.2,0.6000000000000001,0.2,0,0.2,1.1,0.1,0.1,0,40296.8,1.5,0.8999999999999999
85,62,2,0.1,0.3,0.1,0.4,0.1,0,0.1,0.7,0.1,0.1,0,26864.5,1,0.6
86,59,1,0,0,0.1,0.2,0.1,0,0.3,0.1,0.1,0.1,0,18805.6,0.5,0.1
86,60,6,0.2,0.8,0.4,1.3,0.4,0,0.4,2.1,0.2,0.2,0,80593.5,3.1,1.7
42,22,6,0.2,0.1,0.2,0.5,1.4,0,1.7999999999999998,1.0999999999999999,0.4,0.2,0.1,121007.5,3,1.1
42,23,13,0,0,0.7,1.5,3.2,0,3.9000000000000004,1.7000000000000002,1.5,0.5,0,290761.3,7.1,2.4
42,34,2,0,0.1,0.2,0.1,0.7,0,0.3,0.4,0.1,0,0.1,33187.8,1,0.4
42,35,112,6.4,1.3,8.8,12.8,21.599999999999998,2.8,16,27.3,4.6,10.1,0.3,2281467.9,62.300000000000004,11.1
42,36,13,0.4,0.4,1.1,0.9,4.3,0,1.7000000000000002,2.6,1,0.4,0.2,226858.6,6.699999999999999,2.2
42,37,6,0.1,0.3,0.5,0.3,2.1,0,0.8,1.2,0.4,0.1,0.2,99563.3,3.1,1.1
42,38,1,0,0,0.1,0.1,0.4,0,0.1,0.2,0.1,0,0,16593.9,0.5,0.2
42,16,1,0,0.1,0,0.1,0.2,0,0.2,0.2,0.1,0.1,0,25954.7,0.4,0.1
42,18,1,0,0.1,0,0.1,0.2,0,0.2,0.2,0.1,0.1,0,25954.7,0.4,0.1
42,19,22,0.8999999999999999,2.5,0.6,2.7,4,0.4,3.4000000000000004,4,1.4000000000000001,1.7000000000000002,0.4,571003.1,9.1,1.3
42,1,3,0.1,0.2,0.1,0.6,1.1,0.1,0.2,0.2,0.3,0.1,0,66773.7,1.2,0.2
42,2,12,0.5,1.2000000000000002,0.5,2.2,4,0.4,0.7999999999999999,1.2,1,0.2,0,259403.8,4.9,0.7999999999999999
42,3,9,0.30000000000000004,1.2,0.30000000000000004,1.2,2.1,0.30000000000000004,0.8999999999999999,2.1,0.6,0,0,177248.1,3.5999999999999996,0.8999999999999999
42,4,6,0.2,0.8,0.2,0.8,1.4,0.2,0.6,1.4,0.4,0,0,118165.4,2.4,0.6
42,20,2,0.1,0.1,0,0.2,0.4,0,0.6,0.5,0.1,0,0,35939.1,1,0.3
42,21,2,0.1,0.1,0,0.2,0.4,0,0.6,0.5,0.1,0,0,35939.1,1,0.3
43,11,4,0.2,0.5,0.1,0.5,1.2,0,0.8,0.1,0.2,0.2,0.2,101990.9,1.3,0.2
43,22,4,0.2,0.2,0,0.3,0.7,0,1.2,1,0.2,0.1,0.1,71878.2,1.9,0.7
43,23,11,0,0,0.7000000000000001,1.3,2.7,0,3.3,1.4,1.2,0.4,0,246028.8,6,2
43,2,4,0.2,0.3,0.2,0.8,1.4,0.2,0.2,0.2,0.4,0.1,0,89031.6,1.6,0.2
43,3,7,0.30000000000000004,0.6,0.30000000000000004,1.4000000000000001,2.4999999999999996,0.30000000000000004,0.4,0.4,0.7000000000000001,0.1,0,155805.30000000002,2.8000000000000003,0.4
43,37,1,0,0,0.1,0.1,0.4,0,0.1,0.2,0.1,0,0,16593.9,0.5,0.2
43,4,6,0.3,0.5,0.3,1.2,2.2,0.2,0.3,0.3,0.5,0.2,0,133547.4,2.5,0.3
43,17,1,0,0.1,0,0.1,0.2,0,0.2,0.2,0.1,0.1,0,25954.7,0.4,0.1
43,18,17,0.7,1.9000000000000001,0.5,2.1,3.1,0.2,2.7,3.2,1.1,1.3,0.2,441229.7,7.000000000000001,0.9999999999999999
43,19,136.5,4.7,20.8,8.5,7,52.9,5.3,9.4,11.9,7.5,4.2,4.3,3349879.5,46.6,5.9
43,20,16,1,0.6,0,1.4000000000000001,3,0,4.7,4.1,0.6,0.3,0.3,287513,7.7,2.7
87,67,2,0.1,0.3,0.1,0.4,0.1,0,0.1,0.7,0.1,0.1,0,26864.5,1,0.6
87,68,1,0,0.1,0.1,0.2,0.1,0,0.1,0.4,0,0,0,13432.3,0.5,0.3
87,84,2,0,0.3,0,0.3,0.8,0,0.2,0.3,0.1,0,0,25467.3,0.9,0.5
87,62,2,0.1,0.3,0.1,0.4,0.1,0,0.1,0.7,0.1,0.1,0,26864.5,1,0.6
