x,y,Ind,Log_45_70,Log_70_90,Log_ap90,Log_av45,Log_inc,Log_soc,imputed
0,5,5,0.3,0.1,0.4,1.5,0,0,1
0,12,3,0,0.2,0.6,0.5,0,0,1
0,13,4,0,0.3,0.7,0.7,0,0,1
0,14,10,0,0.6,1.9,1.7,0,0,1
0,15,4,0,0.3,0.7,0.7,0,0,1
0,18,2,0,0.5,0.2,0.3,0,0,1
0,21,3,0,0.5,0.4,0.4,0,0,1
0,109,5,0,0.7,0.7,1.2,0,0,1
0,110,2,0,0.3,0.3,0.4,0,0,1
0,123,6,0.3,0.3,0.5,1.7,0,0,1
1,4,1,0.1,0,0.1,0.3,0,0,1
1,5,2,0.1,0,0.2,0.6,0,0,1
1,6,5,0,0.3,0.9,0.9,0,0,1
1,15,10,0,0.6,1.9,1.7,0,0,1
1,18,2,0,0.5,0.2,0.3,0,0,1
1,20,6,0,1.4,0.7,1,0,0,1
1,21,1,0,0.2,0.1,0.1,0,0,1
1,83,2,0,0,0.3,0.9,0,0,1
1,107,2,0,0.3,0.3,0.4,0,0,1
1,108,6,0,0.8,0.9,1.4,0,0,1
2,14,8,0,0.5,1.5,1.4,0,0,1
2,15,1,0,0,0.2,0.2,0,0,1
2,21,2,0,0.3,0.3,0.3,0,0,1
2,22,6,0,1,0.9,0.8,0,0,1
2,64,1.5,0.1,0.1,0.3,0.2,0,0,1
3,6,2,0,0.1,0.4,0.3,0,0,1
3,9,2,0,0.1,0.4,0.3,0,0,1
3,10,9,0,0.6,1.7,1.5,0,0,1
3,11,2,0,0.1,0.4,0.3,0,0,1
3,14,5,0,0.3,0.9,0.9,0,0,1
3,19,3,0,0.7,0.4,0.5,0,0,1
3,20,5,0,1.2,0.6,0.8,0,0,1
3,21,19,0,3.2,2.8,2.4,0,0,1
3,22,5,0,0.8,0.7,0.7,0,0,1
3,23,4,0,0.7,0.6,0.5,0,0,1
3,101,1,0.1,0.1,0,0.4,0,0,1
3,112,2,0.2,0.1,0,0.8,0,0,1
4,11,7,0,0.4,1.3,1.2,0,0,1
4,18,5,0,1.2,0.6,0.8,0,0,1
4,20,2,0,0.5,0.2,0.3,0,0,1
4,21,14,0,2.3,2.1,1.8,0,0,1
4,110,6,0,0.8,0.9,1.4,0,0,1
4,111,3,0.3,0.1,0,1.3,0,0,1
4,112,6,0.6,0.3,0,2.5,0,0,1
4,122,7,0.3,0.4,0.6,2,0,0,1
4,123,4,0.2,0.2,0.3,1.2,0,0,1
5,15,4,0,0.3,0.7,0.7,0,0,1
5,17,1,0,0,0.2,0.3,0,0,1
5,21,6,0,0.3,1.1,1.9,0,0,1
5,25,6,0,0.3,1.1,1.9,0,0,1
5,110,2,0.2,0.1,0,0.8,0,0,1
6,16,1,0,0,0.2,0.3,0,0,1
6,66,1,0,0,0.2,0.4,0,0,1
7,14,4,0,0.3,0.7,0.7,0,0,1
7,24,2,0,0.1,0.4,0.6,0,0,1
7,26,1,0,0,0,0.5,0,0,1
7,56,13,0.7,1.2,2.2,2.1,0,0,1
7,63,6,0.3,0.5,1,1,0,0,1
7,64,6.5,0.4,0.6,1.1,1,0,0,1
7,87,4,0,0,0.6,1.8,0,0,1
7,105,2,0.2,0.1,0,0.8,0,0,1
7,106,1,0.1,0.1,0,0.4,0,0,1
7,117,9,0.4,0.5,0.8,2.6,0,0,1
8,1,4,0.2,0.1,0.3,1.2,0,0,1
8,2,5,0.3,0.1,0.4,1.5,0,0,1
8,3,3,0.2,0.1,0.2,0.9,0,0,1
8,24,6,0,0.3,1.1,1.9,0,0,1
8,27,1,0,0,0,0.5,0,0,1
8,62,9,0.5,0.8,1.6,1.4,0,0,1
8,63,10.5,0.6,0.9,1.8,1.7,0,0,1
8,64,11,0.6,1,1.9,1.7,0,0,1
8,85,2,0,0,0.3,0.9,0,0,1
8,86,1,0,0,0.1,0.5,0,0,1
9,0,3,0.2,0.1,0.2,0.9,0,0,1
9,1,3,0.2,0.1,0.2,0.9,0,0,1
9,4,8,0.5,0.2,0.6,2.3,0,0,1
9,6,1,0,0,0.2,0.2,0,0,1
9,61,13,0.7,1.2,2.2,2.1,0,0,1
9,62,15,0.8,1.4,2.5,2.4,0,0,1
9,63,3,0.1,0.3,0.5,0.5,0,0,1
9,74,2,0.1,0.1,0.3,0.7,0,0,1
9,75,12.5,0.6,0.3,2.1,4.4,0,0,1
9,76,1,0,0,0.1,0.5,0,0,1
10,7,5,0,0,0.6,1.8,0,0,1
10,14,2,0,0,0.3,0.7,0,0,1
10,21,4,0,0,0.2,1.8,0,0,1
10,60,6,0.4,0.2,0.5,1.8,0,0,1
10,61,33,8,1,6,0,0,0,0
10,62,2,0.3,0,0.3,0.5,0,0,1
10,63,2,0.3,0,0.3,0.5,0,0,1
10,67,3,0.1,0.1,0.5,1.1,0,0,1
10,75,1,0,0,0.2,0.4,0,0,1
10,125,2,0.1,0.1,0.1,0.6,0,0,1
11,51,1,0,0.1,0.1,0.4,0,0,1
11,57,4,0.3,0.2,0.3,1.2,0,0,1
11,60,3.5,0.3,0.1,0.3,1,0,0,1
11,61,2,0.3,0,0.3,0.5,0,0,1
11,62,7,1,0,1,1.8,0,0,1
11,65,3,0.4,0,0.5,0.7,0,0,1
11,66,1,0,0,0.2,0.4,0,0,1
11,67,4,0.2,0.1,0.7,1.4,0,0,1
11,71,1,0,0,0.2,0.4,0,0,1
11,82,1,0,0,0.1,0.5,0,0,1
12,9,4,0,0,0.5,1.4,0,0,1
12,10,2,0,0,0.3,0.7,0,0,1
12,11,8,0,0,0.9,2.9,0,0,1
12,30,3,0,0,0.1,1.4,0,0,1
12,53,11,0.2,1.2,1,3.7,0,0,1
12,54,10,0.2,1.1,0.9,3.4,0,0,1
12,60,6,0.4,0.2,0.5,1.8,0,0,1
12,66,10,0.5,0.2,1.7,3.5,0,0,1
12,68,2,0.1,0.1,0.3,0.7,0,0,1
12,77,1,0,0,0.1,0.5,0,0,1
13,4,1,0,0,0.2,0.3,0,0,1
13,5,1,0,0,0.2,0.3,0,0,1
13,11,3,0,0,0.3,1.1,0,0,1
13,13,1,0,0,0.1,0.4,0,0,1
13,54,4,0.1,0.4,0.4,1.3,0,0,1
13,59,1,0.1,0,0.1,0.3,0,0,1
13,60,1,0.1,0,0.1,0.3,0,0,1
13,61,3,0.4,0,0.5,0.7,0,0,1
13,64,1,0.2,0,0.2,0.2,0,0,1
13,71,4,0.2,0.1,0.7,1.4,0,0,1
13,73,1,0,0,0.2,0.4,0,0,1
13,77,1,0,0,0.1,0.5,0,0,1
13,78,8,0,0,1.2,3.6,0,0,1
13,92,2,0,0,0.3,0.9,0,0,1
14,0,3,0,0,0.6,1,0,0,1
14,4,5,0,0,1,1.7,0,0,1
14,27,6,0,0,0.3,2.7,0,0,1
14,58,2,0.1,0.1,0.2,0.6,0,0,1
14,59,1,0.1,0,0.1,0.3,0,0,1
14,78,1,0,0,0.1,0.5,0,0,1
15,43,9,0,0.5,1.6,2.4,0,0,1
15,52,2,0,0.2,0.2,0.7,0,0,1
15,55,2,0,0.2,0.2,0.7,0,0,1
15,57,2,0.1,0.1,0.2,0.6,0,0,1
16,29,7,0,0,0.3,3.2,0,0,1
16,39,5,0,0.3,0.9,1.3,0,0,1
16,43,12,0,0.7,2.1,3.2,0,0,1
16,44,1,0,0,0.2,0.3,0,0,1
16,55,7,0.2,0.8,0.6,2.3,0,0,1
16,84,3,0,0,0.4,1.4,0,0,1
16,104,1,0.1,0.1,0,0.4,0,0,1
17,44,2,0,0.1,0.4,0.5,0,0,1
17,85,4,0,0,0.6,1.8,0,0,1
18,45,5,0,0.3,0.9,1.3,0,0,1
18,51,2,0,0.2,0.2,0.7,0,0,1
18,52,2,0,0.2,0.2,0.7,0,0,1
19,51,1,0,0.1,0.1,0.4,0,0,1
19,52,3,0.1,0.3,0.3,1,0,0,1
19,86,2,0,0,0.3,0.9,0,0,1
19,98,3,0.3,0.1,0,1.3,0,0,1
20,86,4,0,0.3,0.7,0.7,0,0.1,1
20,87,24,0,1.8,4,4.4,0,0.9,1
20,88,4,0,0.3,0.7,0.7,0,0.1,1
21,59,2,0.1,0.1,0.3,0.5,0,0,1
21,87,1,0,0.1,0.1,0.2,0,0,1
22,27,1,0,0,0.1,0.4,0,0,1
23,0,13,0,1.9,0.5,3.2,0,0,1
23,16,2,0,0,0.2,0.8,0,0,1
23,17,2,0,0,0.2,0.8,0,0,1
23,28,4,0,0,0.4,1.7,0,0,1
24,0,15,0,2.1,0.5,3.8,0,0,1
24,34,5,0,0,0.4,2.2,0,0,1
24,109,3,0,0.2,0.4,0.9,0,0,1
25,9,1,0,0,0.1,0.6,0,0,1
26,3,3,0,0,0.8,0.9,0,0,1
26,5,2,0,0,0.5,0.6,0,0,1
26,9,1,0,0,0.1,0.6,0,0,1
26,39,8,0,0.3,1.8,2.5,0,0,1
26,44,1,0,0.1,0.2,0.3,0,0,1
26,94,4,0,0.3,0.7,0.7,0,0.1,1
26,95,10,0,0.7,1.7,1.9,0,0.4,1
26,96,5,0,0.2,0.7,1.5,0,0,1
26,103,1,0,0.1,0.1,0.3,0,0,1
26,105,1,0,0.1,0.1,0.3,0,0,1
27,39,4,0,0.2,0.9,1.2,0,0,1
27,45,4,0,0.2,0.9,1.2,0,0,1
27,46,2,0.1,0,0.1,0.8,0,0,1
28,15,1,0,0,0.1,0.6,0,0,1
28,21,1,0,0,0.1,0.4,0,0,1
28,43,8,0,0.3,1.8,2.5,0,0,1
28,45,1,0,0.1,0.2,0.3,0,0,1
28,88,5,0,0.4,0.8,0.9,0,0.2,1
29,7,1,0,0,0.1,0.6,0,0,1
29,46,6,0.2,0,0.5,2.4,0,0,1
29,82,1,0,0,0.1,0.6,0,0,1
29,88,2,0,0.2,0.3,0.4,0,0.1,1
30,1,2,0,0,0.2,1.2,0,0,1
30,4,1.5,0,0,0.2,0.9,0,0,1
30,34,2,0,0,0.2,0.8,0,0,1
30,41,2,0.1,0,0.1,0.8,0,0,1
30,63,15,0,0.6,3.3,3.9,0,0,1
30,76,4,0,0,0.6,2.2,0.1,0,1
31,19,3,0,0,0.3,1.3,0,0,1
31,36,1,0,0,0.1,0.4,0,0,1
31,42,3,0.1,0,0.3,1.2,0,0,1
31,43,2,0.1,0,0.1,0.8,0,0,1
31,46,5,0,0,0.8,1.4,0,0,1
31,63,1,0,0,0.2,0.3,0,0,1
31,70,5,0.2,0.2,0.9,1.3,0,0,1
31,71,3,0.1,0.2,0.5,0.8,0,0,1
31,72,2,0.1,0.1,0.3,0.5,0,0,1
31,73,1,0,0,0.2,0.3,0,0,1
31,76,2,0,0,0.3,1.1,0,0,1
31,80,1,0,0,0.1,0.6,0,0,1
32,37,1,0,0,0.1,0.4,0,0,1
32,46,4,0,0,0.7,1.1,0,0,1
32,47,2,0,0,0.3,0.6,0,0,1
32,63,3,0,0.1,0.7,0.8,0,0,1
32,70,5,0.2,0.2,0.9,1.3,0,0,1
33,46,2,0,0,0.3,0.6,0,0,1
34,64,2,0,0.1,0.4,0.5,0,0,1
34,84,2,0,0,0.3,1.1,0,0,1
35,53,4,0,0,0.7,1.1,0,0,1
36,15,11,0,0,3,5.1,0,0,1
36,45,1,0,0,0.1,0.4,0,0,1
36,47,3,0,0,0.5,0.8,0,0,1
36,49,3,0,0,0.5,0.8,0,0,1
36,54,1.5,0,0,0.3,0.4,0,0,1
36,55,4,0,0,0.7,1.1,0,0,1
36,62,1,0,0,0.2,0.3,0,0,1
36,84,1,0,0,0.1,0.6,0,0,1
36,89,4,0,0,0.6,2.2,0.1,0,1
36,90,3,0,0,0.4,1.7,0.1,0,1
36,91,1,0,0,0.1,0.6,0,0,1
36,99,3,0,0.2,0.4,0.9,0,0,1
37,9,1,0,0,0.2,0.5,0,0,1
37,35,1,0,0,0.1,0.4,0,0,1
37,45,2,0.1,0,0.1,0.8,0,0,1
37,69,5,0.2,0.2,0.9,1.3,0,0,1
37,99,2,0,0.1,0.3,0.6,0,0,1
38,15,1,0,0,0.2,0.5,0,0,1
38,35,2,0,0,0.2,0.8,0,0,1
38,55,1,0,0,0.1,0.3,0,0,1
38,78,2,0,0,0.3,1.1,0,0,1
38,94,2,0,0,0.3,1.1,0,0,1
38,97,4,0,0.2,0.5,1.2,0,0,1
38,98,4,0,0.2,0.5,1.2,0,0,1
38,101,6,0,0.3,0.8,1.8,0,0,1
39,0,4,0,0,0.4,2.4,0,0,1
39,15,2,0,0,0.5,1,0,0,1
39,39,4,0.2,0,0.3,1.6,0,0,1
39,44,3,0.1,0,0.3,1.2,0,0,1
39,61,1,0,0,0.2,0.3,0,0,1
39,92,1,0,0,0.1,0.6,0,0,1
39,93,2,0,0,0.3,1.1,0,0,1
39,95,3,0,0,0.4,1.7,0.1,0,1
39,99,2,0,0.1,0.3,0.6,0,0,1
39,101,3,0,0.2,0.4,0.9,0,0,1
40,35,2,0,0.1,0.3,0.4,0,0,1
40,36,4,0.1,0.2,0.6,0.9,0,0,1
40,44,2,0,0.1,0.2,0.7,0,0.1,1
40,45,2,0,0.1,0.2,0.7,0,0.1,1
40,93,5,0,0.4,0.5,1.8,0,0,1
40,97,1,0,0,0.2,0.3,0,0,1
41,14,7,0,0.1,0.9,2.2,0,0,1
41,47,2,0,0,0.1,0.8,0,0,1
41,64,2,0.1,0,0.5,0.5,0,0,1
41,65,12,0.4,0,3.2,3.2,0,0,1
41,90,2,0,0.2,0.2,0.7,0,0,1
41,93,1,0,0.1,0.1,0.3,0,0,1
41,127,4,0,0.1,0.9,1,0,0,1
42,26,4,0.1,0.5,1.1,0.6,0,0,1
42,27,9,0.2,1,2.5,1.5,0,0,1
42,42,5,0.1,0.1,0.5,1.7,0,0.2,1
42,43,2,0,0.1,0.2,0.7,0,0.1,1
43,23,1,0,0,0.1,0.3,0,0,1
43,24,19,0,0.6,2.4,5.3,0,0,1
43,25,5,0,0.2,0.6,1.4,0,0,1
43,26,13,0.3,1.5,3.7,2.1,0,0,1
43,27,4,0.1,0.5,1.1,0.6,0,0,1
43,28,4,0.1,0.5,1.1,0.6,0,0,1
43,29,4,0.1,0.5,1.1,0.6,0,0,1
43,37,7,0.3,0.3,1,1.5,0,0,1
43,41,2,0,0.1,0.2,0.7,0,0.1,1
43,42,10,0.2,0.3,1,3.3,0,0.5,1
43,43,1,0,0,0.1,0.4,0,0,1
43,60,1,0,0,0.3,0.3,0,0,1
44,23,2,0,0.1,0.2,0.6,0,0,1
44,26,5,0.1,0.6,1.4,0.8,0,0,1
44,31,6,0,0.2,0.9,1.3,0,0,1
44,42,9,0.2,0.2,0.9,3,0,0.4,1
44,43,9,0.2,0.2,0.9,3,0,0.4,1
44,60,3,0.1,0,0.8,0.8,0,0,1
44,62,1,0,0,0.3,0.3,0,0,1
44,91,6,0,0.4,0.7,2.1,0,0,1
45,23,4,0,0.5,0.7,0.9,0,0,1
45,24,1,0,0.1,0.2,0.2,0,0,1
45,31,6,0,0.2,0.9,1.3,0,0,1
45,32,2,0,0.1,0.3,0.4,0,0,1
45,42,2,0.1,0.1,0.3,0.4,0,0,1
45,43,2,0.1,0.1,0.3,0.4,0,0,1
45,46,4,0,0,0.2,1.6,0,0,1
45,49,3,0,0,0.1,1.2,0,0,1
45,60,4,0.1,0,1.1,1.1,0,0,1
45,73,2,0.1,0,0.5,0.5,0,0,1
46,27,2,0,0.3,0.3,0.6,0,0,1
46,29,2,0,0.3,0.3,0.6,0,0,1
46,30,4,0,0.5,0.6,1.3,0,0,1
46,31,8,0,0.2,1.3,1.7,0,0,1
46,36,1,0,0,0.2,0.2,0,0,1
46,37,4,0.1,0.2,0.6,0.9,0,0,1
46,40,5,0.2,0.2,0.7,1.1,0,0,1
46,47,3,0,0,0.1,1.2,0,0,1
46,48,1,0,0,0,0.4,0,0,1
46,50,1,0,0,0,0.4,0,0,1
46,90,2,0,0.2,0.2,0.7,0,0,1
47,4,4,0,0.1,0.5,1.2,0,0,1
47,5,3,0,0.1,0.4,0.9,0,0,1
47,21,14,0,1.9,2.3,3.3,0,0,1
47,22,2,0,0.3,0.3,0.5,0,0,1
47,24,2,0,0.3,0.3,0.5,0,0,1
47,28,4,0,0.5,0.6,1.3,0,0,1
47,53,2,0,0,0.1,0.8,0,0,1
47,89,1,0,0.1,0.1,0.3,0,0,1
47,90,7,0,0.5,0.8,2.5,0,0,1
48,24,4,0,0.5,0.7,0.9,0,0,1
48,25,3,0,0.4,0.5,0.7,0,0,1
48,32,8,0,0.2,1.3,1.7,0,0,1
48,37,2,0.1,0.1,0.3,0.4,0,0,1
48,89,2,0,0.2,0.2,0.7,0,0,1
48,90,2,0,0.2,0.2,0.7,0,0,1
48,92,8.5,0,0,1.3,3.3,0,0,1
49,18,2,0,0.1,0.2,0.6,0,0,1
49,19,3,0,0.1,0.4,0.8,0,0,1
49,25,28,0,4,8,0,0,0,0
49,26,8,0,1.1,1.1,2.5,0,0,1
49,27,10,0,1.3,1.4,3.2,0,0,1
49,28,14,0,1.9,1.9,4.5,0,0,1
49,91,3,0,0,0.4,1.2,0,0,1
49,92,9,0,0,1.3,3.5,0,0,1
50,4,4,0,0.1,0.5,1.2,0,0,1
50,19,3,0.1,0.3,0.5,0.5,0,0,1
50,20,6,0.1,0.6,1.1,1,0,0,1
50,21,1,0,0.2,0.2,0.1,0,0,1
50,22,15,0.3,1.9,3.4,1.7,0,0,1
50,23,17,0.3,2.2,3.9,1.9,0,0,1
50,24,4,0.1,0.5,0.9,0.5,0,0,1
50,25,11,0.2,1.5,2.5,1.2,0,0,1
50,27,9,0.3,0.2,2.2,0.9,0,0.2,1
50,28,17,0.6,0.3,4.2,1.8,0,0.3,1
50,35,1,0,0.1,0.3,0.1,0,0,1
50,39,2,0,0.1,0.6,0.3,0,0,1
50,88,1,0,0,0.2,0.3,0,0,1
51,7,9,0.2,0.2,0.5,3.6,0,0,1
51,16,3,0.1,0.3,0.5,0.5,0,0,1
51,18,3,0.1,0.3,0.5,0.5,0,0,1
51,22,1,0,0.2,0.2,0.1,0,0,1
51,23,3,0.1,0.4,0.7,0.3,0,0,1
51,24,6,0.1,0.8,1.4,0.6,0,0,1
51,25,1,0,0.2,0.2,0.1,0,0,1
51,27,19,0.7,0.3,4.7,2,0,0.3,1
51,28,1,0,0,0.3,0.1,0,0,1
51,32,2,0,0.1,0.6,0.3,0,0,1
51,33,1,0,0.1,0.3,0.1,0,0,1
51,34,17,0.2,0.8,5.4,2.2,0,0,1
51,39,17,0,0.9,5.2,2.6,0,0,1
51,40,3,0,0.1,0.9,0.5,0,0,1
51,42,2,0,0.1,0.4,0.6,0,0,1
51,87,1,0,0,0.2,0.3,0,0,1
51,96,3,0,0.1,0.6,0.8,0,0,1
52,0,5,0,0.1,0.6,1.6,0,0,1
52,1,2,0,0,0.3,0.6,0,0,1
52,4,2,0,0,0.3,0.6,0,0,1
52,7,35.5,0.7,0.8,2.2,14.2,0,0,1
52,21,1,0,0.2,0.2,0.1,0,0,1
52,22,14,0.3,1.8,3.2,1.5,0,0,1
52,23,4,0.1,0.5,0.9,0.5,0,0,1
52,24,5.5,0.1,0.7,1.3,0.6,0,0,1
52,27,3,0.1,0.1,0.7,0.3,0,0.1,1
52,28,10,0.3,0.2,2.5,1,0,0.2,1
52,30,5.5,0.2,0.1,1.3,0.6,0,0.1,1
52,31,11,0.1,0.6,3.5,1.4,0,0,1
52,32,5,0.1,0.2,1.6,0.6,0,0,1
52,33,8,0.1,0.4,2.5,1,0,0,1
52,34,1,0,0.1,0.3,0.1,0,0,1
52,35,3,0,0.1,1,0.4,0,0,1
52,38,4,0,0.2,1.3,0.6,0,0,1
52,39,8,0,0.4,2.5,1.2,0,0,1
52,41,3,0,0.1,0.7,0.9,0,0,1
52,68,2,0.1,0,0.5,0.5,0,0,1
52,93,7,0,0.3,1.1,2.1,0.3,0,1
53,1,1,0,0,0.2,0.3,0,0,1
53,8,3,0,0.1,0.2,1.2,0,0,1
53,21,5,0.1,0.6,1.1,0.6,0,0,1
53,22,2,0,0.3,0.5,0.2,0,0,1
53,24,4,0.1,0.5,0.9,0.5,0,0,1
53,27,2,0.1,0,0.5,0.2,0,0,1
53,29,20,0.7,0.4,4.9,2.1,0,0.4,1
53,30,8,0.3,0.1,2,0.8,0,0.1,1
53,31,6,0,0.3,1.9,0.8,0,0,1
53,32,11,0.1,0.6,3.5,1.4,0,0,1
53,33,16,0.1,0.8,5.1,2.1,0,0,1
53,34,3,0,0.1,1,0.4,0,0,1
53,40,4,0,0.2,1.3,0.6,0,0,1
53,41,18,0,0.5,4.1,5.7,0,0,1
53,42,4,0,0.1,0.9,1.3,0,0,1
53,45,1,0,0.1,0.2,0.3,0,0,1
53,61,2,0,0,0.2,0.7,0,0,1
53,68,3,0.1,0,0.8,0.8,0,0,1
53,86,2,0,0.1,0.3,0.6,0.1,0,1
53,96,6,0,0.2,1.3,1.6,0,0,1
54,20,2,0,0.2,0.4,0.3,0,0,1
54,21,6,0.1,0.8,1.4,0.6,0,0,1
54,28,4.5,0.1,0.1,1.1,0.5,0,0.1,1
54,29,10,0.3,0.2,2.5,1,0,0.2,1
54,30,5,0.2,0.1,1.2,0.5,0,0.1,1
54,31,12,0.1,0.6,3.8,1.6,0,0,1
54,32,4,0,0.2,1.3,0.5,0,0,1
54,40,1,0,0,0.3,0.2,0,0,1
54,41,3,0,0.1,0.7,0.9,0,0,1
54,64,1,0,0,0.1,0.4,0,0,1
54,87,4,0,0.2,0.6,1.2,0.2,0,1
55,19,5,0.1,0.5,1,0.6,0,0,1
55,20,16,0.4,1.7,3.2,1.8,0,0,1
55,21,13,0.3,1.3,2.2,2.2,0,0,1
55,22,4,0,0.4,0.7,0.7,0,0,1
55,23,2,0,0.2,0.4,0.3,0,0,1
55,24,2,0,0.2,0.4,0.3,0,0,1
55,25,3,0.1,0.3,0.5,0.5,0,0,1
55,26,5,0,0.3,1.3,0.7,0,0,1
55,27,8.5,0,0.4,2.2,1.3,0,0,1
55,28,14,0,0.7,3.6,2.1,0,0,1
55,32,1,0,0.1,0.2,0.1,0,0,1
55,38,7,0.2,0.3,1,1.6,0.3,0,1
55,40,15,0.3,0.6,2.2,3.5,0.7,0,1
55,63,1,0,0,0.1,0.4,0,0,1
55,64,1,0,0,0.1,0.4,0,0,1
55,87,2,0,0.1,0.3,0.6,0.1,0,1
56,19,8,0.2,0.8,1.6,0.9,0,0,1
56,20,28,0.7,3,5.5,3.2,0,0,1
56,23,5,0.1,0.5,0.9,0.8,0,0,1
56,26,2,0,0.1,0.5,0.3,0,0,1
56,28,3.5,0,0.2,0.9,0.5,0,0,1
56,29,13,0,0.7,3.4,1.9,0,0,1
56,31,1,0,0.1,0.2,0.1,0,0,1
56,32,14,0,1.3,2.6,1.8,0,0,1
56,34,12,0,1.1,2.3,1.5,0,0,1
56,37,1.5,0,0.1,0.2,0.3,0.1,0,1
56,38,1,0,0,0.2,0.2,0.1,0,1
56,40,9,0.2,0.4,1.3,2.1,0.4,0,1
56,41,1,0,0.1,0.2,0.3,0,0,1
56,60,4,0.1,0,0.4,1.4,0,0,1
56,63,7,0.2,0,0.7,2.4,0,0,1
57,15,2,0,0.1,0.3,0.7,0,0,1
57,18,2,0.1,0.2,0.4,0.2,0,0,1
57,20,15,0.4,1.6,2.9,1.7,0,0,1
57,21,2,0,0.2,0.4,0.3,0,0,1
57,22,2,0,0.2,0.4,0.3,0,0,1
57,27,4,0,0.2,1,0.6,0,0,1
57,29,5.5,0,0.3,1.4,0.8,0,0,1
57,40,8,0.2,0.3,1.2,1.9,0.3,0,1
57,47,4,0,0.2,1.3,0.6,0,0,1
57,48,2,0,0.1,0.6,0.3,0,0,1
57,51,3,0,0,0.1,1.2,0,0,1
57,64,2,0,0,0.2,0.7,0,0,1
57,65,3,0.1,0,0.3,1,0,0,1
57,87,4,0,0.2,0.6,1.2,0.2,0,1
58,14,2,0,0.1,0.3,0.7,0,0,1
58,15,26,0,1.6,3.9,8.7,0,0,1
58,19,7,0.2,0.7,1.4,0.8,0,0,1
58,20,7,0.2,0.7,1.4,0.8,0,0,1
58,21,5,0.1,0.5,0.9,0.8,0,0,1
58,22,10,0.2,1,1.7,1.7,0,0,1
58,23,6,0.1,0.6,1.1,1,0,0,1
58,24,3,0.1,0.3,0.5,0.5,0,0,1
58,26,3,0,0.2,0.8,0.4,0,0,1
58,28,2,0,0.1,0.5,0.3,0,0,1
58,32,2,0,0.2,0.4,0.2,0,0,1
58,37,6,0.1,0.2,0.9,1.4,0.3,0,1
58,42,2,0,0.1,0.4,0.6,0,0,1
58,47,10,0,0.5,3.3,1.4,0,0,1
58,50,1,0,0.1,0.3,0.1,0,0,1
58,51,1,0,0,0,0.4,0,0,1
58,55,5,0,0,0.2,2,0,0,1
58,64,3,0.1,0,0.3,1,0,0,1
58,95,1,0,0,0.2,0.3,0,0,1
59,1,2,0,0,0.3,0.6,0,0,1
59,12,2,0,0.1,0.3,0.7,0,0,1
59,13,1,0,0.1,0.1,0.3,0,0,1
59,16,5,0.1,0.5,1,0.6,0,0,1
59,18,2,0.1,0.2,0.4,0.2,0,0,1
59,19,10,0.2,1.1,2,1.1,0,0,1
59,20,17,0.4,1.8,3.3,2,0,0,1
59,21,15,0.3,1.5,2.6,2.5,0,0,1
59,22,11,0.2,1.1,1.9,1.9,0,0,1
59,23,6,0.1,0.6,1.1,1,0,0,1
59,25,5,0.1,0.5,0.9,0.8,0,0,1
59,26,1,0,0.1,0.3,0.1,0,0,1
59,27,15,0,0.8,3.9,2.2,0,0,1
59,28,36,0,4,8,9,0,0,0
59,29,4,0,0.2,1,0.6,0,0,1
59,32,2,0,0.2,0.4,0.2,0,0,1
59,43,1,0,0.1,0.2,0.3,0,0,1
59,47,3,0,0.2,1,0.4,0,0,1
59,48,1,0,0.1,0.3,0.1,0,0,1
59,64,5,0.1,0,0.5,1.7,0,0,1
59,65,3,0.1,0,0.3,1,0,0,1
59,95,4,0,0.2,0.6,1.2,0.2,0,1
59,107,1,0,0,0.2,0.3,0,0,1
59,124,10,0,0.2,2.2,2.7,0,0,1
60,0,2,0,0.2,0.2,0.4,0,0,1
60,1,1,0,0.1,0.1,0.2,0,0,1
60,5,4,0,0.4,0.4,0.9,0,0,1
60,8,2,0,0.1,0.5,0.2,0,0,1
60,11,5,0,0.5,1.1,0.3,0,0,1
60,12,7,0,0.7,1.5,0.4,0,0,1
60,13,2,0,0.2,0.4,0.1,0,0,1
60,15,3,0,0.3,0.6,0.2,0,0,1
60,16,8,0.5,1.1,1,1.2,0.1,0,1
60,17,7.5,0.4,1,1,1.1,0.2,0,1
60,18,10,0.6,1.4,1.3,1.4,0.2,0,1
60,19,26,1,1,2,8,0,0,0
60,20,30,0,5,5,5,0,0,0
60,21,9,0.2,1,2.4,1.3,0,0.1,1
60,22,8,0.2,0.9,2.2,1.1,0,0.1,1
60,23,4,0.1,0.5,1.1,0.5,0,0,1
60,25,3,0.1,0.3,0.8,0.4,0,0,1
60,28,1,0,0.1,0.2,0.2,0,0,1
60,36,13,0,0.3,2.6,3.8,0,0,1
60,39,1,0,0,0.2,0.3,0,0,1
60,43,5,0,0.4,1.1,0.9,0,0,1
60,44,1,0,0.1,0.2,0.2,0,0,1
60,45,4,0,0.3,0.9,0.7,0,0,1
60,46,3,0.2,0.4,0.5,1.2,0,0,1
60,47,1,0.1,0.1,0.2,0.4,0,0,1
60,48,2,0.1,0.2,0.4,0.8,0,0,1
60,64,2,0,0.1,0.1,0.8,0,0,1
60,90,1,0,0,0.1,0.5,0,0,1
60,106,4,0,0.2,1.6,1.1,0,0,1
60,107,2,0,0.1,0.8,0.6,0,0,1
61,0,5,0,0.5,0.5,1.1,0,0,1
61,10,11,0,0.8,2.5,1,0,0,1
61,11,16.5,0.1,1.6,3.4,1,0,0,1
61,12,11,0.1,1,2.3,0.7,0,0,1
61,13,12,0.1,1.1,2.5,0.8,0,0,1
61,16,11,0.7,1.5,1.4,1.6,0.2,0,1
61,17,28.5,3,7,6,1,1,0,0
61,18,10,0.6,1.4,1.3,1.4,0.2,0,1
61,19,18,1.1,2.5,2.3,2.7,0.3,0,1
61,20,22,1,5,6,0,0,0,0
61,21,14,0.3,1.6,3.8,1.9,0,0.1,1
61,22,2,0.1,0.2,0.5,0.3,0,0,1
61,27,2,0.1,0.1,0.3,0.5,0,0,1
61,28,2,0.1,0.1,0.3,0.5,0,0,1
61,31,2,0.1,0.1,0.3,0.5,0,0,1
61,35,5,0.2,0.3,0.8,1.1,0,0,1
61,36,11,0,0.3,2.1,3.2,0,0,1
61,37,1,0,0,0.2,0.3,0,0,1
61,40,2,0,0,0.4,0.6,0,0,1
61,41,1,0,0.1,0.2,0.2,0,0,1
61,43,3,0,0.3,0.6,0.5,0,0,1
61,46,4,0.2,0.5,0.7,1.7,0,0,1
61,67,3,0.1,0,0.3,0.8,0,0,1
61,68,2,0.1,0,0.2,0.5,0,0,1
61,107,4,0,0.2,1.6,1.1,0,0,1
61,108,1,0,0,0.4,0.3,0,0,1
61,109,1,0,0,0.4,0.3,0,0,1
61,123,2,0.1,0.2,0.4,0.3,0,0,1
62,3,2,0,0.2,0.2,0.4,0,0,1
62,10,15,0,1,3.5,1.4,0,0,1
62,11,9,0,0.8,1.9,0.6,0,0,1
62,12,10.5,0,1,2.2,0.7,0,0,1
62,13,5,0,0.5,1.1,0.3,0,0,1
62,14,3,0,0.3,0.6,0.2,0,0,1
62,16,2,0.1,0.3,0.3,0.3,0,0,1
62,17,8,0.5,1.1,1,1.2,0.1,0,1
62,18,31,5,0,8,2,0,0,0
62,19,18,1.1,2.5,2.3,2.7,0.3,0,1
62,20,18,0,5,5,1,0,0,0
62,21,10,0.2,1.2,2.7,1.4,0,0.1,1
62,22,4,0.1,0.5,1.1,0.5,0,0,1
62,23,2,0.1,0.2,0.5,0.3,0,0,1
62,25,20,0.4,2.3,5.4,2.8,0,0.2,1
62,26,6,0.3,0.4,0.9,1.3,0,0,1
62,36,5,0,0.1,1,1.5,0,0,1
62,44,2,0,0.2,0.4,0.4,0,0,1
62,45,2,0,0.2,0.4,0.4,0,0,1
62,46,3,0.2,0.4,0.5,1.2,0,0,1
62,56,1,0,0,0.1,0.4,0,0,1
62,100,9,0,0,1.4,3.8,0,0,1
62,106,2,0,0.1,0.8,0.6,0,0,1
62,107,3,0,0.2,1.2,0.8,0,0,1
62,108,2,0,0.1,0.8,0.6,0,0,1
62,123,13,0.3,1.6,2.5,1.9,0,0,1
63,11,4.5,0,0.4,1,0.3,0,0,1
63,12,5,0,0.5,1.1,0.3,0,0,1
63,13,10,0,1,2.1,0.6,0,0,1
63,14,19,0.1,1.8,4,1.2,0,0,1
63,15,10,0,1,2.1,0.6,0,0,1
63,17,9,0.5,1.2,1.2,1.3,0.2,0,1
63,18,50.5,4,5,17,7,0,0,0
63,19,36,4,2,13,0,0,0,0
63,20,29,5,5,6,1,0,0,0
63,21,9,0.2,1,2.4,1.3,0,0.1,1
63,23,38,3,4,2,8,0,0,0
63,24,3,0.1,0.3,0.8,0.4,0,0,1
63,25,5,0.1,0.6,1.3,0.7,0,0,1
63,36,4,0,0.1,0.8,1.1,0,0,1
63,41,2,0,0.2,0.4,0.4,0,0,1
63,42,1,0,0.1,0.2,0.2,0,0,1
63,72,1,0,0,0.1,0.3,0,0,1
63,87,5,0,0.2,0.4,2.5,0,0,1
63,100,1,0,0,0.2,0.4,0,0,1
63,101,5,0,0,0.8,2.1,0,0,1
64,11,4,0,0.4,0.8,0.3,0,0,1
64,12,7,0,0.7,1.5,0.4,0,0,1
64,13,6,0,0.6,1.2,0.4,0,0,1
64,14,19,0.1,1.8,4,1.2,0,0,1
64,15,20,0.1,1.9,4.1,1.3,0,0,1
64,17,77.5,0,22,12,0,0,21,0
64,18,72,2,9,13,14,0,0,0
64,19,67,12,22,1,4,0,0,0
64,20,38,5,11,3,1,0,0,0
64,21,5,0.1,0.6,1.3,0.7,0,0,1
64,22,1,0,0.1,0.3,0.1,0,0,1
64,23,19,0.5,2.2,5.1,2.6,0,0.1,1
64,24,11,0.2,1.3,3,1.5,0,0.1,1
64,25,1,0,0.1,0.3,0.1,0,0,1
64,27,6,0.3,0.4,0.9,1.3,0,0,1
64,28,4,0.2,0.2,0.6,0.9,0,0,1
64,29,2,0.1,0.1,0.3,0.5,0,0,1
64,36,3,0,0,0.6,0.9,0,0,1
64,37,1,0,0,0.2,0.3,0,0,1
64,87,4,0,0.2,0.3,2,0,0,1
65,9,6,0,0.4,1.4,0.6,0,0,1
65,10,4,0,0.3,0.9,0.4,0,0,1
65,11,7,0.1,0.6,1.7,0.6,0.1,0,1
65,12,1,0,0.1,0.2,0.1,0,0,1
65,13,6,0.1,0.5,1.4,0.5,0.1,0,1
65,14,2,0,0.2,0.5,0.2,0,0,1
65,15,4,0,0.3,1,0.3,0.1,0,1
65,16,10,0.7,1.1,1.9,0.9,0.1,0.6,1
65,17,122,6,1,17,49,0,4,0
65,18,198.5,8,8,29,83,0,3,0
65,19,38,3,1,19,5,0,0,0
65,20,11,0.8,1.2,2.1,1,0.1,0.6,1
65,21,16.5,0.8,1.8,3.1,2,0,0,1
65,23,6,0.3,0.7,1.1,0.7,0,0,1
65,24,21,1,2.3,4,2.5,0,0,1
65,27,1,0,0.1,0.2,0.2,0,0,1
65,29,3,0,0.4,0.6,0.6,0,0,1
65,33,3,0.1,0.2,0.5,0.6,0,0,1
65,37,3,0.1,0.5,0.1,1,0,0,1
65,38,2,0.1,0.3,0.1,0.6,0,0,1
65,50,2,0.1,0.2,0.4,0.8,0,0,1
65,51,14,0,0.4,3.9,3.8,0,0,1
65,52,6,0,0.2,1.7,1.6,0,0,1
65,53,2,0,0.1,0.6,0.5,0,0,1
65,54,2,0,0.1,0.6,0.5,0,0,1
65,87,8.5,0,0.3,0.6,4.4,0,0,1
65,121,1,0,0.2,0.1,0.2,0,0,1
65,122,2,0,0.3,0.2,0.4,0,0,1
65,123,2,0,0.3,0.2,0.4,0,0,1
65,124,10,0,1.5,1.1,2,0,0,1
65,125,5,0,0.8,0.5,1,0,0,1
66,11,2,0,0.2,0.5,0.2,0,0,1
66,12,2,0,0.2,0.5,0.2,0,0,1
66,13,9,0.1,0.8,2.1,0.8,0.1,0,1
66,14,2,0,0.2,0.5,0.2,0,0,1
66,16,6,0.4,0.6,1.2,0.6,0,0.3,1
66,17,99,3,1,16,32,0,0,0
66,18,77.5,1,2,8,33,0,0,0
66,19,49.5,12,1,3,10,0,10,0
66,20,30,2,5,6,1,0,0,0
66,21,10,0.4,1.1,1.9,1.2,0,0,1
66,24,5,0.2,0.5,1,0.6,0,0,1
66,25,1,0.1,0.1,0.2,0.1,0,0,1
66,38,18.5,0.7,3.2,0.7,5.8,0,0,1
66,39,1,0,0.2,0.1,0.3,0,0,1
66,52,4,0,0.1,1.1,1.1,0,0,1
66,53,7,0,0.2,2,1.9,0,0,1
66,54,5,0,0.1,1.4,1.4,0,0,1
66,91,1,0,0,0.1,0.5,0,0,1
66,121,14,0,2.1,1.6,2.7,0,0,1
66,122,17,0,2.6,1.9,3.3,0,0,1
66,124,5,0,0.8,0.5,1,0,0,1
67,12,1,0,0.1,0.2,0.1,0,0,1
67,13,3,0,0.3,0.7,0.3,0,0,1
67,15,2,0,0.2,0.5,0.2,0,0,1
67,16,18,1.3,1.9,3.5,1.7,0.1,1,1
67,17,39.5,0,3,17,2,0,17,0
67,18,24,0,0,16,1,0,0,0
67,19,43,2,17,4,1,0,17,0
67,20,19,1.3,2.1,3.7,1.8,0.1,1.1,1
67,21,32,0,4,6,2,0,0,0
67,22,17,0.8,1.8,3.2,2.1,0,0,1
67,25,2,0.1,0.2,0.4,0.2,0,0,1
67,26,1,0,0.1,0.2,0.2,0,0,1
67,32,7,0.3,0.4,1.1,1.5,0,0,1
67,51,2,0,0.1,0.6,0.5,0,0,1
67,53,5,0,0.1,1.4,1.4,0,0,1
67,54,16,0,0.5,4.4,4.4,0,0,1
67,91,6,0,0.2,0.4,3.1,0,0,1
67,121,9,0,1.4,1,1.7,0,0,1
67,122,6,0,0.9,0.7,1.2,0,0,1
68,10,3,0,0.2,0.7,0.3,0,0,1
68,17,17,1.2,1.8,3.3,1.6,0.1,1,1
68,18,30,1,0,14,2,0,0,0
68,19,5,0.4,0.5,1,0.5,0,0.3,1
68,20,66,3,3,21,1,0,19,0
68,21,12,0.6,1.3,2.3,1.4,0,0,1
68,22,11,0.5,1.2,2.1,1.3,0,0,1
68,23,5,0.2,0.5,1,0.6,0,0,1
68,25,20,0.9,2.2,3.8,2.4,0,0,1
68,26,20,0,2.2,4.2,3.9,0,0,1
68,27,1,0,0.1,0.2,0.2,0,0,1
68,29,15,0,1.7,3.2,2.9,0,0,1
68,30,1,0,0.1,0.2,0.2,0,0,1
68,31,1,0,0.1,0.2,0.2,0,0,1
68,38,2,0.1,0.3,0.1,0.6,0,0,1
68,42,3,0,0.3,0.6,0.5,0,0,1
68,45,14,0,1.2,3.1,2.4,0,0,1
68,53,5,0,0.1,1.4,1.4,0,0,1
68,55,1,0,0,0.3,0.3,0,0,1
68,56,3,0,0.1,0.1,1.3,0,0,1
68,78,8,0,0.4,0.8,2.4,0,0,1
68,79,1,0,0.1,0.1,0.3,0,0,1
68,82,1,0,0.1,0.1,0.3,0,0,1
68,106,3,0,0.2,1.2,0.8,0,0,1
68,120,4,0.1,0.5,0.8,0.6,0,0,1
69,10,2,0,0.1,0.5,0.2,0,0,1
69,11,5,0.1,0.4,1.2,0.4,0.1,0,1
69,12,14,0.2,1.2,3.3,1.2,0.2,0,1
69,13,6,0.1,0.5,1.4,0.5,0.1,0,1
69,14,2,0,0.2,0.5,0.2,0,0,1
69,15,3,0,0.3,0.7,0.3,0,0,1
69,16,15,1.1,1.6,2.9,1.4,0.1,0.9,1
69,17,14,1,1.5,2.7,1.3,0.1,0.8,1
69,18,25.5,1.8,2.7,5,2.4,0.2,1.4,1
69,19,16,1.1,1.7,3.2,1.5,0.1,0.9,1
69,20,2,0.1,0.2,0.4,0.2,0,0.1,1
69,21,14,0.7,1.5,2.6,1.7,0,0,1
69,23,30,0,1,10,0,0,10,0
69,25,8,0.4,0.8,1.5,1,0,0,1
69,26,14.5,0,1.6,3.1,2.8,0,0,1
69,29,11,0,1.2,2.3,2.2,0,0,1
69,30,4,0,0.5,0.8,0.8,0,0,1
69,31,5,0.2,0.3,0.8,1.1,0,0,1
69,39,2,0.1,0.3,0.1,0.6,0,0,1
69,45,8,0,0.7,1.7,1.4,0,0,1
69,46,2,0.1,0.2,0.4,0.8,0,0,1
69,56,10,0,0.4,0.4,4.2,0,0,1
69,57,10,0,0.4,0.4,4.2,0,0,1
69,80,3,0,0.2,0.3,0.9,0,0,1
69,85,1,0,0.1,0.1,0.3,0,0,1
69,93,1,0,0,0.1,0.5,0,0,1
69,94,1,0,0,0.1,0.5,0,0,1
69,119,2,0.1,0.2,0.4,0.3,0,0,1
69,120,20,0.5,2.5,3.9,2.9,0,0,1
69,124,1,0,0.2,0.1,0.2,0,0,1
70,7,3,0,0.3,0.4,0.5,0,0,1
70,11,3,0,0.3,0.4,0.5,0,0,1
70,12,5,0,0.6,0.7,0.8,0,0,1
70,13,8,0,1,1,1.3,0,0,1
70,14,5,0,0.6,0.7,0.8,0,0,1
70,15,2,0,0.2,0.3,0.3,0,0,1
70,16,3,0.1,0.4,0.2,0.6,0,0,1
70,17,1,0,0.1,0.1,0.2,0,0,1
70,19,10,0.4,1.4,0.7,1.8,0,0,1
70,27,1,0,0.1,0.1,0.2,0,0,1
70,28,2,0,0.1,0.3,0.4,0,0,1
70,30,7,0.2,0.3,1,1.4,0,0,1
70,31,7,0.2,0.3,1,1.4,0,0,1
70,32,5,0.1,0.2,0.7,1,0,0,1
70,36,4,0,0.1,1.3,0.3,0,0,1
70,37,28.5,0,5,4,3,0,0,0
70,38,1,0,0,0.3,0.1,0,0,1
70,39,4,0,0.1,1.3,0.3,0,0,1
70,40,2,0,0.1,0.6,0.1,0,0,1
70,45,8,0.2,0.9,1,1.2,0,0,1
70,53,2,0,0.2,0.1,0.7,0,0,1
70,54,2,0,0.2,0.1,0.7,0,0,1
70,56,21,1,1,1,8,0,0,0
70,57,2,0,0.3,0.2,0.7,0,0,1
70,80,5,0,0.3,0.5,1.5,0,0,1
70,86,2,0,0.1,0.2,0.6,0,0,1
70,96,2,0,0,0.3,0.9,0,0,1
70,102,2,0,0,0.3,0.9,0,0,1
70,104,2,0,0,0.3,0.9,0,0,1
70,105,4,0,0,0.6,1.7,0,0,1
70,106,2,0,0.4,0.3,0.3,0,0,1
70,118,3,0,0.1,0.7,0.6,0,0.2,1
70,119,8,0.1,0.2,1.7,1.7,0,0.6,1
70,120,22,0.2,0.5,4.7,4.7,0,1.7,1
70,121,4,0,0.1,0.9,0.8,0,0.3,1
71,10,2,0,0.2,0.3,0.3,0,0,1
71,11,7,0,0.9,0.9,1.1,0,0,1
71,12,3,0,0.3,0.4,0.5,0,0,1
71,13,3,0,0.3,0.4,0.5,0,0,1
71,14,4,0,0.5,0.5,0.7,0,0,1
71,16,3,0.1,0.4,0.2,0.6,0,0,1
71,19,2,0.1,0.3,0.1,0.4,0,0,1
71,20,5,0.2,0.7,0.3,0.9,0,0,1
71,22,2,0.1,0.3,0.3,0.3,0,0,1
71,23,1,0,0.1,0.2,0.2,0,0,1
71,24,9.5,0.4,1.3,1.4,1.7,0,0,1
71,26,2,0,0.1,0.3,0.4,0,0,1
71,31,2,0,0.1,0.3,0.4,0,0,1
71,37,8,0,0.3,2.5,0.6,0,0,1
71,41,15,0.4,1.7,1.9,2.2,0,0,1
71,44,3,0.1,0.3,0.4,0.4,0,0,1
71,45,2,0,0.2,0.3,0.3,0,0,1
71,57,3,0.1,0.4,0.3,1.1,0,0,1
71,58,1,0,0.1,0.1,0.4,0,0,1
71,86,2,0,0.1,0.2,0.6,0,0,1
71,118,21.5,0.2,0.5,4.6,4.5,0,1.7,1
71,119,10,0.1,0.3,2.1,2.1,0,0.8,1
72,9,2,0,0.2,0.3,0.3,0,0,1
72,11,2,0,0.2,0.3,0.3,0,0,1
72,14,10,0,1.2,1.3,1.6,0,0,1
72,15,6,0,0.7,0.8,1,0,0,1
72,21,6,0.2,0.8,0.9,1.1,0,0,1
72,22,14,0.5,1.9,2.1,2.5,0,0,1
72,23,11.5,0.5,1.6,1.7,2,0,0,1
72,24,11,0.4,1.5,1.7,1.9,0,0,1
72,25,1,0,0.1,0.2,0.2,0,0,1
72,33,3,0.1,0.1,0.4,0.6,0,0,1
72,42,6,0.1,0.7,0.8,0.9,0,0,1
72,50,1,0,0.1,0,0.4,0,0,1
72,55,3,0.1,0.3,0.1,1,0,0,1
72,58,2,0,0.3,0.2,0.7,0,0,1
72,76,2,0,0.1,0.2,0.6,0,0,1
72,105,1,0,0,0.2,0.4,0,0,1
72,106,1,0,0.2,0.1,0.2,0,0,1
72,118,30,0,1,5,11,0,0,0
72,119,10,0.1,0.3,2.1,2.1,0,0.8,1
73,13,2,0,0.2,0.3,0.3,0,0,1
73,14,9,0,1.1,1.2,1.4,0,0,1
73,16,4,0.1,0.6,0.3,0.7,0,0,1
73,22,11,0.4,1.5,1.7,1.9,0,0,1
73,23,5,0.2,0.7,0.7,0.9,0,0,1
73,24,4,0.2,0.5,0.6,0.7,0,0,1
73,28,3,0.1,0.1,0.4,0.6,0,0,1
73,32,2,0,0.1,0.3,0.4,0,0,1
73,36,2,0,0.1,0.6,0.1,0,0,1
73,37,24.5,0,1,6,4,0,0,0
73,38,9,0,0.3,2.8,0.7,0,0,1
73,39,3,0,0.1,1,0.2,0,0,1
73,42,7,0.2,0.8,0.9,1,0,0,1
73,43,14,0.3,1.6,1.8,2.1,0,0,1
73,53,5,0.1,0.4,0.2,1.8,0,0,1
73,54,7,0.2,0.6,0.3,2.4,0,0,1
73,58,3,0.1,0.4,0.3,1.1,0,0,1
73,59,5,0.1,0.7,0.5,1.8,0,0,1
73,82,2,0,0.1,0.2,0.6,0,0,1
73,93,17.5,0,0.9,1.7,5.3,0,0,1
73,118,2,0,0.1,0.4,0.4,0,0.2,1
73,119,6,0,0.1,1.3,1.3,0,0.5,1
74,13,8,0,1,1,1.3,0,0,1
74,14,2,0,0.2,0.3,0.3,0,0,1
74,22,4,0.2,0.5,0.6,0.7,0,0,1
74,28,7,0.2,0.3,1,1.4,0,0,1
74,35,3,0.1,0.1,0.4,0.6,0,0,1
74,36,13,0,0.4,4.1,1,0,0,1
74,37,16,0,0.5,5,1.3,0,0,1
74,38,2,0,0.1,0.6,0.1,0,0,1
74,41,1,0,0.1,0.1,0.2,0,0,1
74,42,2,0,0.2,0.3,0.3,0,0,1
74,43,22,0.5,2.5,2.8,3.3,0,0,1
74,48,2,0,0.2,0.1,0.7,0,0,1
74,52,2,0,0.2,0.1,0.7,0,0,1
74,53,2,0,0.2,0.1,0.7,0,0,1
74,55,2,0,0.2,0.1,0.7,0,0,1
74,58,8,0.2,1.1,0.9,2.8,0,0,1
74,71,7,0.2,0,0.7,1.9,0,0,1
74,116,1,0,0.1,0.2,0.2,0,0.1,1
74,122,2,0,0.1,0.4,0.4,0,0.2,1
75,10,3,0,0.3,0.4,0.5,0,0,1
75,12,6,0.1,0.6,1.4,0.4,0.3,0,1
75,13,5,0,0.5,1.2,0.4,0.2,0,1
75,14,18,0.2,1.8,4.2,1.3,0.9,0,1
75,15,4,0.1,0.4,0.9,0.3,0.2,0,1
75,16,3,0,0.3,0.6,0.5,0,0,1
75,24,12,0.4,1.1,2.4,2,0,0,1
75,25,6,0.2,0.5,1.2,1,0,0,1
75,31,2,0,0.1,0.7,0.1,0,0,1
75,37,14,0.5,0.5,1.6,3.6,0,0,1
75,42,6,0,0.3,1.1,1.6,0,0,1
75,43,10,0,0.5,1.8,2.7,0,0,1
75,50,8,0.2,0.7,0.3,2.8,0,0,1
75,53,1,0,0.1,0,0.4,0,0,1
75,63,16.5,0,0.4,4.5,3.2,0,0,1
75,64,3,0,0.1,0.8,0.6,0,0,1
75,71,2,0.1,0,0.2,0.5,0,0,1
75,75,6,0.2,0,0.6,1.6,0,0,1
75,76,10,0,0.5,1,3,0,0,1
75,115,2,0,0.4,0.3,0.3,0,0,1
76,2,4,0,0.3,0.3,1.3,0,0,1
76,7,6,0,0.7,0.8,1,0,0,1
76,9,2,0,0.2,0.3,0.3,0,0,1
76,11,2,0,0.2,0.5,0.1,0.1,0,1
76,12,2,0,0.2,0.5,0.1,0.1,0,1
76,13,1,0,0.1,0.2,0.1,0.1,0,1
76,14,19.5,0.2,1.9,4.6,1.4,1,0,1
76,15,4,0.1,0.4,0.9,0.3,0.2,0,1
76,17,1,0,0.1,0.2,0.2,0,0,1
76,23,5,0.2,0.5,1,0.8,0,0,1
76,24,5,0.2,0.5,1,0.8,0,0,1
76,25,10,0.4,0.9,2,1.6,0,0,1
76,26,2,0,0.1,0.6,0.3,0,0,1
76,27,18,0.2,0.9,5.3,2.7,0,0,1
76,29,6,0,0.3,1.8,0.9,0,0,1
76,30,2,0,0.1,0.6,0.3,0,0,1
76,33,14,0,0.5,5.4,0.5,0,0,1
76,34,1,0,0.1,0.4,0,0,0,1
76,40,1,0,0,0.1,0.3,0,0,1
76,41,6,0,0.3,1.1,1.6,0,0,1
76,42,10,0,0.5,1.8,2.7,0,0,1
76,43,4,0,0.2,0.7,1.1,0,0,1
76,62,14,0,0.4,3.8,2.7,0,0,1
76,63,5,0,0.1,1.4,1,0,0,1
76,81,2,0,0.1,0.2,0.6,0,0,1
76,115,6,0,1.1,0.8,1.1,0,0,1
77,8,2,0,0.2,0.3,0.3,0,0,1
77,11,3,0,0.3,0.7,0.2,0.2,0,1
77,13,4.5,0.1,0.4,1.1,0.3,0.2,0,1
77,15,2,0,0.2,0.5,0.1,0.1,0,1
77,25,6,0.2,0.5,1.2,1,0,0,1
77,26,21.5,0.2,1.1,6.3,3.2,0,0,1
77,27,6,0,0.3,1.8,0.9,0,0,1
77,28,1,0,0,0.3,0.2,0,0,1
77,29,4,0,0.2,1.2,0.6,0,0,1
77,30,5,0,0.2,1.5,0.8,0,0,1
77,31,3,0,0.1,1.2,0.1,0,0,1
77,32,5,0,0.2,1.9,0.2,0,0,1
77,33,6,0,0.2,2.3,0.2,0,0,1
77,34,1,0,0.1,0.4,0,0,0,1
77,35,2,0,0.1,0.7,0.1,0,0,1
77,41,5,0,0.2,0.9,1.4,0,0,1
77,47,5,0.1,0.4,0.2,1.8,0,0,1
77,61,2,0,0.1,0.5,0.4,0,0,1
77,62,9,0,0.2,2.4,1.8,0,0,1
77,65,5,0,0.1,1.4,1,0,0,1
77,71,10,0.3,0,0.9,2.7,0,0,1
77,112,4,0,0.7,0.6,0.7,0,0,1
77,113,8,0,1.4,1.2,1.4,0,0,1
77,115,6,0,1.1,0.8,1.1,0,0,1
78,11,3,0,0.3,0.7,0.2,0.2,0,1
78,12,1,0,0.1,0.2,0.1,0.1,0,1
78,13,2,0,0.2,0.5,0.1,0.1,0,1
78,14,2,0,0.2,0.5,0.1,0.1,0,1
78,21,4,0.1,0.4,0.8,0.7,0,0,1
78,26,8,0,0.4,2.4,1.2,0,0,1
78,27,10.5,0.1,0.5,3.1,1.6,0,0,1
78,28,14,0.1,0.7,4.2,2.1,0,0,1
78,29,13,0.1,0.6,3.8,2,0,0,1
78,30,6,0,0.3,1.8,0.9,0,0,1
78,31,14,0,0.5,5.4,0.5,0,0,1
78,32,2,0,0.1,0.7,0.1,0,0,1
78,33,1,0,0.1,0.4,0,0,0,1
78,34,4,0,0.2,1.5,0.1,0,0,1
78,39,5,0.2,0.2,0.5,1.3,0,0,1
78,40,7,0.2,0.3,0.8,1.8,0,0,1
78,42,15.5,0,0.8,2.7,4.2,0,0,1
78,43,1,0,0,0.2,0.3,0,0,1
78,45,2,0,0.1,0.4,0.5,0,0,1
78,48,1,0,0.1,0,0.4,0,0,1
78,58,1,0,0.1,0.1,0.4,0,0,1
78,59,6,0.2,0.8,0.6,2.1,0,0,1
78,61,12,0,0.3,3.3,2.3,0,0,1
78,64,7,0,0.2,1.9,1.3,0,0,1
78,65,4,0,0.1,1.1,0.8,0,0,1
78,82,1,0,0.1,0.1,0.3,0,0,1
78,112,6,0,1.1,0.8,1.1,0,0,1
78,113,1,0,0.2,0.1,0.2,0,0,1
78,115,1,0,0.2,0.1,0.2,0,0,1
79,11,1,0,0.1,0.2,0.1,0.1,0,1
79,12,1,0,0.1,0.2,0.1,0.1,0,1
79,17,13,0,1.1,2.8,2,0,0,1
79,18,22,1,3,2,6,0,0,0
79,19,17,0,1.5,3.7,2.6,0,0,1
79,20,12,0,1.1,2.6,1.8,0,0,1
79,21,1,0,0.1,0.2,0.2,0,0,1
79,24,2,0.1,0.2,0.4,0.3,0,0,1
79,25,4,0.1,0.4,0.8,0.7,0,0,1
79,26,20,0.2,1,5.9,3,0,0,1
79,29,2,0,0.1,0.6,0.3,0,0,1
79,43,3,0,0.2,0.5,0.8,0,0,1
79,47,1,0,0.1,0,0.4,0,0,1
79,48,1,0,0.1,0,0.4,0,0,1
79,49,1,0,0.1,0,0.4,0,0,1
79,59,2,0,0.3,0.2,0.7,0,0,1
79,60,4,0.1,0.6,0.4,1.4,0,0,1
79,69,2,0.1,0,0.2,0.5,0,0,1
79,82,2,0,0.1,0.2,0.6,0,0,1
79,111,8,0,1.4,1.2,1.4,0,0,1
79,112,4,0,0.7,0.6,0.7,0,0,1
79,115,7,0,1.3,1,1.2,0,0,1
80,12,2,0,0.1,0.6,0.2,0,0,1
80,17,12,0,1.5,0.8,3.5,0,0,1
80,18,10,0,1.3,0.6,2.9,0,0,1
80,19,1,0,0.1,0.1,0.3,0,0,1
80,20,3,0,0.4,0.2,0.9,0,0,1
80,24,2,0,0.2,0.4,0.3,0,0,1
80,25,2,0,0.2,0.4,0.3,0,0,1
80,26,1,0,0.1,0.2,0.1,0,0,1
80,28,2,0,0.1,0.3,0.3,0,0,1
80,36,2,0,0,0.8,0.4,0,0,1
80,42,3,0,0,0.9,0.3,0,0,1
80,60,3,0.1,0.2,0.5,0.7,0,0,1
80,69,2,0,0,0.4,0.7,0,0,1
80,86,5,0,0,0.7,1.9,0,0,1
80,97,1,0,0.1,0.1,0.2,0,0,1
80,111,1,0,0.1,0.1,0.3,0,0,1
80,113,2,0,0.1,0.3,0.5,0,0.1,1
81,0,13.5,0,0.5,2.6,2.4,0,0,1
81,22,5,0.1,0.5,1,0.8,0,0,1
81,25,9,0.1,0.9,1.8,1.4,0,0,1
81,32,1,0,0.1,0.2,0.3,0,0,1
81,33,6,0,0.7,0.8,1.8,0,0,1
81,34,15,0,1.9,1.9,4.6,0,0,1
81,41,6,0,0,1.7,0.7,0,0,1
81,45,2,0,0,0.6,0.2,0,0,1
81,52,1,0,0,0.2,0.2,0,0,1
81,59,4,0.1,0.3,0.6,0.9,0,0,1
81,60,7,0.1,0.6,1.1,1.6,0,0,1
81,61,5,0,0.3,0.7,1.7,0,0,1
81,68,3,0,0,0.5,1.1,0,0,1
81,84,4,0.1,0.3,0.6,1,0,0,1
81,85,6,0.1,0.4,1,1.6,0,0,1
81,90,3,0,0,0.4,1.1,0,0,1
81,97,6,0,0.3,0.8,1.4,0,0,1
81,98,2,0,0.1,0.3,0.4,0,0,1
81,113,4,0,0.2,0.5,1.1,0,0.1,1
81,119,1,0,0,0,0.5,0,0,1
81,120,1,0,0,0,0.5,0,0,1
82,0,2,0,0.1,0.4,0.3,0,0,1
82,21,5,0.1,0.5,1,0.8,0,0,1
82,22,17,0.1,1.7,3.4,2.8,0,0,1
82,23,11,0.1,1.1,2.2,1.8,0,0,1
82,25,5,0.1,0.5,1,0.8,0,0,1
82,26,4,0,0.2,0.7,0.6,0,0,1
82,27,2,0,0.1,0.3,0.3,0,0,1
82,28,3,0,0.2,0.5,0.4,0,0,1
82,32,9.5,0,1.2,1.2,2.9,0,0,1
82,33,1,0,0.1,0.2,0.3,0,0,1
82,34,2,0,0.2,0.3,0.6,0,0,1
82,47,4,0,0.1,0.6,0.7,0,0,1
82,48,20,0,0.3,3.2,3.6,0,0,1
82,51,1,0,0,0.2,0.2,0,0,1
82,58,10,0.2,0.8,1.6,2.3,0,0,1
82,59,9.5,0.2,0.7,1.5,2.2,0,0,1
82,61,1,0,0.1,0.1,0.3,0,0,1
82,71,1,0,0,0.2,0.3,0,0,1
82,72,10,0,0,1.7,3.5,0,0,1
82,81,7,0.1,0.5,1.1,1.9,0,0,1
82,82,2,0.1,0.1,0.3,0.5,0,0,1
82,83,20,0.5,1.3,3.1,5.3,0,0,1
82,90,5,0,0,0.7,1.9,0,0,1
82,97,1,0,0.1,0.1,0.2,0,0,1
82,119,4,0,0.1,0,2.1,0,0,1
83,0,7,0,0.3,1.3,1.3,0,0,1
83,15,1,0,0.1,0.3,0.1,0,0,1
83,21,18,0.2,1.9,3.5,2.9,0,0,1
83,22,4,0,0.4,0.8,0.7,0,0,1
83,23,14.5,0.1,1.5,2.8,2.4,0,0,1
83,24,2,0,0.2,0.4,0.3,0,0,1
83,25,12,0.1,1.2,2.4,2,0,0,1
83,26,21,0,1.3,3.5,2.9,0,0,1
83,27,6,0,0.4,1,0.8,0,0,1
83,29,2,0,0.1,0.3,0.3,0,0,1
83,32,5,0,0.6,0.7,1.5,0,0,1
83,38,7,0,0,2.7,1.6,0,0,1
83,39,1,0,0,0.4,0.2,0,0,1
83,40,1,0,0,0.4,0.2,0,0,1
83,42,10,0,0,2.9,1.1,0,0,1
83,43,2.5,0,0,0.7,0.3,0,0,1
83,47,14,0,0.2,2.3,2.5,0,0,1
83,48,6,0,0.1,0.9,1.1,0,0,1
83,57,6,0.1,0.5,0.9,1.4,0,0,1
83,58,10,0.2,0.8,1.6,2.3,0,0,1
83,72,1,0,0,0.2,0.3,0,0,1
83,85,3,0,0.2,0.5,0.8,0,0,1
83,89,1,0,0,0.1,0.4,0,0,1
83,120,4,0,0.1,0,2.1,0,0,1
84,0,5,0,0.2,0.9,0.9,0,0,1
84,22,2,0,0.2,0.4,0.3,0,0,1
84,23,2,0,0.2,0.4,0.3,0,0,1
84,24,1,0,0.1,0.2,0.2,0,0,1
84,25,5,0.1,0.5,1,0.8,0,0,1
84,26,14,0,0.9,2.3,1.9,0,0,1
84,27,3,0,0.2,0.5,0.4,0,0,1
84,29,3.5,0,0.2,0.6,0.5,0,0,1
84,30,4,0,0.2,0.7,0.6,0,0,1
84,36,5,0,0,2,1.1,0,0,1
84,37,2,0,0,0.8,0.4,0,0,1
84,41,3,0,0,0.9,0.3,0,0,1
84,44,1,0,0,0.3,0.1,0,0,1
84,46,8,0,0.2,1.3,1.4,0,0,1
84,59,2,0,0.2,0.3,0.5,0,0,1
84,67,2,0,0,0.4,0.7,0,0,1
84,90,1,0,0,0.1,0.4,0,0,1
84,91,2,0,0,0.3,0.7,0,0,1
84,110,1,0,0.1,0.1,0.3,0,0,1
84,114,4,0,0.2,0.5,1.1,0,0.1,1
84,115,5,0,0.2,0.7,1.4,0,0.2,1
84,118,2,0,0.1,0,1,0,0,1
84,120,2,0,0.1,0,1,0,0,1
85,23,2,0,0.3,0.1,0.6,0,0,1
85,24,2,0,0.3,0.1,0.6,0,0,1
85,25,1,0,0.1,0.1,0.3,0,0,1
85,28,12,0.3,0.4,2.3,2.1,0,0,1
85,29,9,0.2,0.3,1.7,1.6,0,0,1
85,30,2,0,0.1,0.4,0.3,0,0,1
85,31,6,0.1,0.5,0.9,0.9,0,0,1
85,35,6.5,0.1,0.5,1,1,0,0,1
85,41,3,0.1,0.1,0.5,0.7,0,0,1
85,42,2,0,0.1,0.3,0.5,0,0,1
85,44,4,0.1,0.2,0.6,1,0,0,1
85,66,2,0,0,0.4,0.7,0,0,1
85,67,2,0,0,0.4,0.7,0,0,1
85,70,7,0,0,1.2,2.5,0,0,1
85,90,8,0,0,1.1,3,0,0,1
85,107,2,0,0.1,0.3,0.5,0,0.1,1
85,109,1,0,0.1,0.1,0.3,0,0,1
86,26,8,0.2,0.3,1.5,1.4,0,0,1
86,27,2,0,0.1,0.4,0.3,0,0,1
86,28,19,0.4,0.7,3.6,3.4,0,0,1
86,29,33,0,1,10,1,0,0,0
86,35,2,0,0.2,0.3,0.3,0,0,1
86,40,1,0,0,0.3,0.2,0,0,1
86,42,2,0,0.1,0.3,0.5,0,0,1
86,43,4,0.1,0.2,0.6,1,0,0,1
86,44,6,0.1,0.3,0.9,1.5,0,0,1
86,60,1,0,0.1,0.1,0.3,0,0,1
86,113,15,0,0.7,2,4.2,0,0.5,1
86,117,9,0.8,0.2,2.3,1.5,0.3,0,1
86,118,10,0.8,0.3,2.6,1.7,0.3,0,1
87,28,3,0.1,0.1,0.6,0.5,0,0,1
87,29,5.5,0.1,0.2,1,1,0,0,1
87,30,11,0.2,0.4,2.1,2,0,0,1
87,35,2,0,0.2,0.3,0.3,0,0,1
87,42,10,0.2,0.5,1.5,2.5,0,0,1
87,43,2,0,0.1,0.3,0.5,0,0,1
87,44,6,0.1,0.3,0.9,1.5,0,0,1
87,45,4,0.1,0.2,0.6,1,0,0,1
87,46,2,0,0,0.3,0.4,0,0,1
87,60,1,0,0.1,0.1,0.3,0,0,1
87,63,5,0,0.3,0.7,1.7,0,0,1
87,64,1,0,0.1,0.1,0.3,0,0,1
87,67,3,0,0,0.5,1.1,0,0,1
87,89,1,0,0,0.1,0.4,0,0,1
87,111,3,0,0.2,0.4,0.8,0,0.1,1
87,112,11,0,0.5,1.4,3.1,0,0.4,1
87,113,5,0,0.2,0.7,1.4,0,0.2,1
87,117,7,0.6,0.2,1.8,1.2,0.2,0,1
87,118,8,0.7,0.2,2.1,1.4,0.2,0,1
88,30,30,0,0,5,9,0,0,0
88,31,5,0.1,0.4,0.8,0.7,0,0,1
88,32,5,0.1,0.4,0.8,0.7,0,0,1
88,34,6,0.1,0.5,0.9,0.9,0,0,1
88,36,1,0,0,0.3,0.2,0,0,1
88,41,2,0,0.1,0.3,0.5,0,0,1
88,43,5,0.1,0.2,0.8,1.3,0,0,1
88,45,13.5,0.3,0.6,2.1,3.4,0,0,1
88,62,7.5,0,0.5,1,2.6,0,0,1
88,63,6,0,0.4,0.8,2.1,0,0,1
88,67,7,0,0,1.2,2.5,0,0,1
88,90,1,0,0,0.1,0.4,0,0,1
88,93,3,0,0,0.4,1.1,0,0,1
88,95,4,0,0,0.6,1.5,0,0,1
88,112,5,0,0.2,0.7,1.4,0,0.2,1
88,115,2,0,0.1,0.3,0.5,0,0.1,1
88,117,1,0.1,0,0.3,0.2,0,0,1
89,1,4,0.1,0.1,1.2,0.4,0,0,1
89,30,18,0.4,0.6,3.4,3.2,0,0,1
89,31,14,0.2,1.1,2.2,2.1,0,0,1
89,32,6,0.1,0.5,0.9,0.9,0,0,1
89,33,6,0.1,0.5,0.9,0.9,0,0,1
89,35,6,0.1,0.5,0.9,0.9,0,0,1
89,36,16,0,0.4,4.6,3.2,0,0,1
89,37,6,0,0.2,1.7,1.2,0,0,1
89,38,4,0,0.1,1.2,0.8,0,0,1
89,40,7,0,0.2,2,1.4,0,0,1
89,41,9,0.2,0.4,1.4,2.3,0,0,1
89,43,18,0.3,0.9,2.8,4.5,0,0,1
89,45,13,0.3,0.6,2,3.3,0,0,1
89,62,2,0,0.1,0.3,0.7,0,0,1
89,83,3,0,0.2,0.5,0.8,0,0,1
89,94,1,0,0,0.1,0.4,0,0,1
90,0,2,0,0.4,0.4,0.2,0,0.1,1
90,30,17,0.3,0.8,2.6,2.4,0.3,0,1
90,31,18,0,1,4,6,0,0,0
90,32,12,0.2,0.5,1.9,1.7,0.2,0,1
90,33,20,0.3,1,3.1,2.8,0.3,0,1
90,37,6,0.1,0.2,0.7,1.4,0,0,1
90,38,7,0.1,0.2,0.8,1.7,0,0,1
90,43,2,0,0.2,0.4,0.2,0,0,1
90,44,2,0,0.2,0.4,0.2,0,0,1
90,61,2,0,0.2,0.3,0.5,0,0,1
90,62,1,0,0.1,0.2,0.2,0,0,1
90,82,4,0.1,0.1,0.5,1.4,0,0.3,1
90,84,1.5,0,0,0.2,0.6,0,0.1,1
90,90,1,0,0.1,0.2,0.2,0,0,1
90,91,4,0.1,0.3,0.5,1,0,0,1
90,95,4,0.1,0.3,0.5,1,0,0,1
90,99,1,0,0,0.2,0.5,0,0,1
90,106,6,0,0.3,0.8,1.4,0,0,1
91,12,2,0,0.2,0.5,0.3,0,0,1
91,30,4,0.1,0.2,0.6,0.5,0.1,0,1
91,33,5,0.1,0.2,0.8,0.7,0.1,0,1
91,37,5,0.1,0.1,0.6,1.2,0,0,1
91,41,4,0,0.3,0.8,0.5,0,0,1
91,42,2,0,0.2,0.4,0.2,0,0,1
91,43,1,0,0.1,0.2,0.1,0,0,1
91,44,13,0,1.1,2.4,1.6,0,0,1
91,45,5,0,0.4,0.9,0.6,0,0,1
91,56,6,0,0.9,1.6,0.6,0,0,1
91,57,3,0,0.4,0.8,0.3,0,0,1
91,61,5,0,0.6,0.8,1.2,0,0,1
91,63,6,0,0.7,1,1.4,0,0,1
91,64,1,0,0.1,0.2,0.2,0,0,1
91,68,9,0.2,1,1.9,1,0,0,1
91,70,1,0.1,0.1,0.2,0.1,0,0,1
91,71,4,0.1,0.4,0.9,0.4,0,0,1
91,72,2,0.1,0.2,0.4,0.2,0,0,1
91,82,3,0,0.1,0.4,1.1,0,0.2,1
91,83,4,0.1,0.1,0.5,1.4,0,0.3,1
91,90,9,0,0.9,1.5,2,0,0,1
91,94,2,0.1,0.1,0.2,0.5,0,0,1
91,95,7,0.2,0.5,1,1.6,0,0,1
91,99,2,0,0.1,0.4,0.9,0,0,1
91,109,2,0,0.1,0.3,0.4,0,0,1
91,117,8,0,0.3,0,4.1,0,0,1
92,0,3,0,0.7,0.5,0.3,0,0.2,1
92,11,2,0,0.2,0.5,0.3,0,0,1
92,34,2,0,0.1,0.3,0.3,0.1,0,1
92,43,4,0,0.3,0.8,0.5,0,0,1
92,45,2,0,0.2,0.4,0.2,0,0,1
92,55,8,0,0.8,1.2,1,0,0,1
92,56,5,0,0.8,1.4,0.4,0,0,1
92,57,3,0,0.4,0.8,0.3,0,0,1
92,61,7,0,0.8,1.1,1.7,0,0,1
92,62,1,0,0.1,0.2,0.2,0,0,1
92,68,1,0.1,0.1,0.2,0.1,0,0,1
92,82,2,0,0.1,0.3,0.7,0,0.2,1
92,83,15,0.3,0.3,1.8,5.5,0,1.2,1
92,94,4,0.1,0.3,0.5,1,0,0,1
92,100,6,0,0.3,1.1,2.9,0,0,1
92,108,2,0,0.1,0.3,0.4,0,0,1
92,115,5,0,0.3,0.7,1.1,0,0,1
92,117,8,0,0.3,0,4.1,0,0,1
93,0,13,0.2,2.8,2.3,1.1,0,0.8,1
93,1,2,0.1,0.3,0.3,0.4,0,0,1
93,11,3,0,0.2,0.8,0.5,0,0,1
93,36,2,0,0.1,0.2,0.5,0,0,1
93,40,15,0.2,0.4,1.7,3.7,0,0,1
93,41,3,0,0.2,0.6,0.4,0,0,1
93,42,1,0,0.1,0.2,0.1,0,0,1
93,43,6,0,0.5,1.1,0.7,0,0,1
93,44,2,0,0.2,0.4,0.2,0,0,1
93,46,26,0,2,7,2,0,0,0
93,47,2,0.1,0.4,0.4,0,0,0,1
93,53,3,0,0.3,0.4,0.4,0,0,1
93,54,1,0,0.1,0.2,0.1,0,0,1
93,55,1,0,0.1,0.2,0.1,0,0,1
93,56,3,0,0.4,0.8,0.3,0,0,1
93,61,2,0,0.2,0.3,0.5,0,0,1
93,67,2,0.1,0.2,0.4,0.2,0,0,1
93,68,2,0.1,0.2,0.4,0.2,0,0,1
93,70,3,0.1,0.3,0.7,0.3,0,0,1
93,82,3,0,0.1,0.4,1.1,0,0.2,1
93,83,2,0,0.1,0.3,0.7,0,0.2,1
93,90,2,0,0.2,0.3,0.5,0,0,1
93,93,5,0.2,0.3,0.7,1.1,0,0,1
93,96,1,0,0,0.2,0.5,0,0,1
93,100,29,0,0,6,7,0,0,0
93,105,1,0,0,0.2,0.5,0,0,1
93,108,5,0,0.3,0.7,1.1,0,0,1
94,11,4,0,0.3,1,0.6,0,0,1
94,13,2,0,0.2,0.5,0.3,0,0,1
94,35,1,0,0.1,0.2,0.1,0,0,1
94,37,13,0.2,0.4,1.5,3.1,0,0,1
94,38,22,0.3,0.6,2.5,5.4,0,0,1
94,42,1,0,0.1,0.2,0.1,0,0,1
94,44,7,0,0.6,1.3,0.8,0,0,1
94,45,4,0,0.3,0.8,0.5,0,0,1
94,46,9,0.3,1.8,2,0,0,0,1
94,47,20,0.6,3.9,4.5,0,0,0,1
94,54,3,0,0.3,0.4,0.4,0,0,1
94,55,24.5,0,2.4,3.7,3,0,0,1
94,56,12,0,1.8,3.3,1.1,0,0,1
94,57,1,0,0.1,0.3,0.1,0,0,1
94,69,8,0.2,0.9,1.7,0.9,0,0,1
94,70,3,0.1,0.3,0.7,0.3,0,0,1
94,80,2,0,0.1,0.3,0.7,0,0.2,1
94,94,4,0.1,0.3,0.5,1,0,0,1
94,99,2,0,0.1,0.4,0.9,0,0,1
94,105,2,0,0.1,0.4,0.9,0,0,1
94,115,2,0,0.1,0.3,0.4,0,0,1
94,117,1,0,0,0,0.5,0,0,1
95,1,8,0,0.9,0.7,1.9,0,0,1
95,10,4,0,0.3,1,0.6,0,0,1
95,11,3,0,0.3,0.6,0.4,0,0,1
95,13,3,0,0.3,0.6,0.4,0,0,1
95,38,2,0,0.1,0.3,0.4,0,0,1
95,39,8,0,0.5,1.3,1.6,0,0,1
95,43,6,0.1,0.6,1.3,0.6,0,0,1
95,44,10,0.2,1,2.2,1,0,0,1
95,45,28,0,4,6,3,0,0,0
95,47,13,0,2,2.5,1.3,0.1,0,1
95,48,17,0.1,2.6,3.3,1.7,0.1,0,1
95,49,5,0,0.8,1,0.5,0,0,1
95,52,6,0,0.8,1,0.5,0,0,1
95,54,2,0,0.3,0.3,0.2,0,0,1
95,57,11,0,0.6,2.1,2,0,0,1
95,58,12,0,0.6,2.3,2.2,0,0,1
95,63,9,0,1.3,1.4,2,0,0.3,1
95,65,1.5,0,0.2,0.2,0.4,0,0.1,1
95,66,4,0.1,0.3,0.8,0.5,0,0,1
95,68,1,0,0.1,0.2,0.1,0,0,1
95,80,2,0,0.1,0.3,0.7,0,0.2,1
95,89,4,0,0.4,0.6,0.9,0,0,1
95,90,9,0,0.9,1.5,2,0,0,1
95,104,3,0,0.1,0.6,1.4,0,0,1
95,115,8,0,0.5,1.1,1.8,0,0,1
96,1,15,0,1.6,1.2,3.7,0,0,1
96,2,4,0,0.4,0.3,1,0,0,1
96,10,7,0,0.5,1.8,1.1,0,0,1
96,11,13,0,1.3,2.7,1.8,0,0,1
96,12,12,0,1.1,2.5,1.7,0,0,1
96,13,2,0,0.2,0.4,0.3,0,0,1
96,36,5,0,0.3,0.8,1,0,0,1
96,37,2,0,0.1,0.3,0.4,0,0,1
96,38,6,0,0.4,0.9,1.2,0,0,1
96,39,3,0,0.2,0.5,0.6,0,0,1
96,40,12,0,0.7,1.9,2.5,0,0,1
96,43,6,0.1,0.6,1.3,0.6,0,0,1
96,44,23,0.5,2.3,4.9,2.3,0,0,1
96,45,6,0.1,0.6,1.3,0.6,0,0,1
96,47,4,0,0.6,0.8,0.4,0,0,1
96,48,14,0,2.2,2.7,1.4,0.1,0,1
96,49,1,0,0.2,0.2,0.1,0,0,1
96,50,4,0,0.6,0.8,0.4,0,0,1
96,51,6,0,0.8,1,0.5,0,0,1
96,52,20,0,2.6,3.4,1.5,0,0,1
96,53,2,0,0.3,0.3,0.2,0,0,1
96,54,6,0,0.8,1,0.5,0,0,1
96,55,6,0,0.8,1,0.5,0,0,1
96,56,6,0,0.3,1.2,1.1,0,0,1
96,57,5,0,0.3,0.9,0.9,0,0,1
96,58,18.5,0,1,3.5,3.4,0,0,1
96,59,4,0,0.2,0.8,0.7,0,0,1
96,62,5,0,0.7,0.8,1.1,0,0.2,1
96,63,15,0,2.2,2.3,3.3,0,0.6,1
96,66,10,0.1,0.7,2.1,1.3,0,0,1
96,67,10,0.1,0.7,2.1,1.3,0,0,1
96,76,3,0,0.1,0.4,1.1,0,0.2,1
96,87,1,0,0.1,0.2,0.2,0,0,1
96,90,2,0,0.2,0.3,0.5,0,0,1
96,95,2,0,0.2,0.3,0.5,0,0,1
96,106,2,0,0.1,0.3,0.4,0,0,1
97,0,2,0.1,0.3,0.3,0.4,0,0,1
97,1,6,0,0.6,0.5,1.5,0,0,1
97,2,3,0,0.3,0.3,0.7,0,0,1
97,3,1,0,0.1,0.1,0.2,0,0,1
97,12,19,0,1.9,3.9,2.7,0,0,1
97,14,2,0,0.2,0.4,0.3,0,0,1
97,37,3,0,0.2,0.5,0.6,0,0,1
97,38,2,0,0.1,0.3,0.4,0,0,1
97,39,3,0,0.2,0.5,0.6,0,0,1
97,40,2,0,0.1,0.3,0.4,0,0,1
97,41,3,0.1,0.3,0.6,0.3,0,0,1
97,43,3,0.1,0.3,0.6,0.3,0,0,1
97,44,3,0.1,0.3,0.6,0.3,0,0,1
97,45,4,0.1,0.4,0.8,0.4,0,0,1
97,46,23,0.1,3.6,4.4,2.3,0.1,0,1
97,47,8,0,1.3,1.5,0.8,0,0,1
97,48,8,0,1.3,1.5,0.8,0,0,1
97,49,28.5,0,1,11,0,0,0,0
97,50,17,0.1,2.6,3.3,1.7,0.1,0,1
97,56,12,0,0.6,2.3,2.2,0,0,1
97,57,11,0,0.6,2.1,2,0,0,1
97,58,10,0,0.6,1.9,1.8,0,0,1
97,64,15,0,2.2,2.3,3.3,0,0.6,1
97,65,7,0,1,1.1,1.5,0,0.3,1
97,66,15,0.2,1,3.1,1.9,0,0,1
97,78,2,0,0.1,0.3,0.7,0,0.2,1
97,85,3,0,0.1,0.4,1.1,0,0.2,1
97,103,1,0,0,0.2,0.5,0,0,1
97,106,2,0,0.1,0.3,0.4,0,0,1
97,107,4,0,0.2,0.6,0.9,0,0,1
98,9,4,0,0.3,1,0.6,0,0,1
98,11,3,0,0.3,0.6,0.4,0,0,1
98,12,8,0,0.8,1.7,1.1,0,0,1
98,21,3,0,0.1,0.5,0.4,0.1,0,1
98,37,3,0,0.2,0.5,0.6,0,0,1
98,39,18,0,1.1,2.8,3.7,0,0,1
98,40,12,0,0.7,1.9,2.5,0,0,1
98,41,2,0.1,0.2,0.4,0.2,0,0,1
98,42,25,0.5,2.5,5.4,2.5,0,0,1
98,43,12,0.2,1.2,2.6,1.2,0,0,1
98,44,33,0,2,8,2,0,0,0
98,45,31,0,3,7,2,0,0,0
98,46,22,1,7,0,3,0,0,0
98,48,14,0,2.2,2.7,1.4,0.1,0,1
98,49,21,0,3,9,0,0,0,0
98,50,24,0.1,3.7,4.6,2.4,0.1,0,1
98,51,5,0,0.7,0.8,0.4,0,0,1
98,56,24,0,2,5,4,0,0,0
98,57,18,0,1,3.4,3.3,0,0,1
98,58,13,0,0.7,2.5,2.4,0,0,1
98,64,36,1,2,5,11,0,0,0
98,65,22,0,3.2,3.4,4.8,0,0.8,1
98,66,12,0.2,0.8,2.5,1.5,0,0,1
98,68,5,0.1,0.4,1,0.6,0,0,1
98,89,1,0,0.1,0.2,0.2,0,0,1
98,106,4,0,0.2,0.6,0.9,0,0,1
99,8,3,0,0.2,0.8,0.5,0,0,1
99,9,26,0,1,5,7,0,0,0
99,11,2,0,0.2,0.4,0.3,0,0,1
99,12,17,0,1.7,3.5,2.4,0,0,1
99,13,28,0,0,4,8,0,0,0
99,14,8,0,0.8,1.7,1.1,0,0,1
99,39,33,0,2,7,2,0,0,0
99,40,2,0,0.1,0.3,0.4,0,0,1
99,41,9,0.2,0.9,1.9,0.9,0,0,1
99,43,4,0.1,0.4,0.8,0.4,0,0,1
99,44,11,0.2,1.1,2.4,1.1,0,0,1
99,45,13,0.3,1.3,2.8,1.3,0,0,1
99,46,29,0,2,3,7,0,0,0
99,47,26,0.1,4.1,5,2.6,0.1,0,1
99,48,11,0,1.7,2.1,1.1,0.1,0,1
99,49,4,0,0.6,0.8,0.4,0,0,1
99,56,4,0,0.2,0.8,0.7,0,0,1
99,57,17,0,0.9,3.3,3.1,0,0,1
99,59,2,0,0.1,0.4,0.4,0,0,1
99,60,4,0,0.2,0.8,0.7,0,0,1
99,63,7,0,1,1.1,1.5,0,0.3,1
99,64,10,0,1.5,1.5,2.2,0,0.4,1
99,65,13,0,1.9,2,2.8,0,0.5,1
99,66,15,0.2,1,3.1,1.9,0,0,1
99,75,2,0.1,0.2,0.4,0.2,0,0,1
99,77,3,0,0.1,0.4,1.1,0,0.2,1
99,96,2,0,0.1,0.4,0.9,0,0,1
100,7,4,0.1,0.4,0.8,0.5,0,0,1
100,8,11,0.2,1.1,2.1,1.5,0,0,1
100,9,4,0.1,0.4,0.8,0.5,0,0,1
100,10,1,0,0.1,0.2,0.1,0,0,1
100,15,5,0,0.5,1.1,0.6,0.1,0,1
100,22,20,0,2.3,3.4,3.4,0,0,1
100,23,3,0,0.4,0.5,0.5,0,0,1
100,40,14,0,3,3,5,0,0,0
100,41,14,0.1,1.5,2.2,2.6,0,0,1
100,42,5,0.1,0.5,0.8,0.9,0,0,1
100,43,15,0.1,1.6,2.4,2.8,0,0,1
100,44,7,0.1,0.7,1.1,1.3,0,0,1
100,45,31.5,0,0,15,0,0,13,0
100,46,13,0.9,1.4,1.9,1.8,0,0,1
100,47,43.5,4,0,7,13,0,0,0
100,48,22,1,2,3,7,0,0,0
100,50,13,0.9,1.4,1.9,1.8,0,0,1
100,51,4,0.2,0.4,1,0.2,0,0,1
100,52,5,0.2,0.6,1.2,0.2,0,0,1
100,53,4,0.2,0.4,1,0.2,0,0,1
100,59,1,0,0.1,0.2,0.2,0,0,1
100,60,4,0.1,0.3,0.7,0.8,0,0,1
100,64,7,0.3,0.5,1.2,1.3,0,0,1
100,65,9,0.3,0.6,1.6,1.7,0,0,1
100,66,7,0,0.5,1.9,0.7,0,0.3,1
100,92,2,0,0.1,0.5,0.2,0,0,1
100,106,1,0,0.1,0.1,0.4,0,0,1
100,107,3,0,0.3,0.5,1,0,0,1
100,108,1,0,0.1,0.1,0.4,0,0,1
100,111,4,0,0,0.4,1.2,0,0,1
101,14,2,0,0.2,0.4,0.2,0.1,0,1
101,15,2,0,0.2,0.4,0.2,0.1,0,1
101,16,10,0,0.2,3.3,0.2,0,0,1
101,17,37,0,0.7,12.1,0.7,0,0,1
101,23,2,0,0.2,0.4,0.3,0,0,1
101,40,7,0.1,0.7,1.7,0.3,0,0,1
101,41,5,0.1,0.5,0.8,0.9,0,0,1
101,42,9,0.1,1,1.4,1.6,0,0,1
101,43,6,0,0.6,1,1.1,0,0,1
101,44,4,0,0.4,0.7,0.7,0,0,1
101,46,6,0.4,0.7,0.9,0.8,0,0,1
101,47,63.5,1,1,16,12,0,14,0
101,48,63.5,4,2,7,23,0,0,0
101,49,13,0.9,1.4,1.9,1.8,0,0,1
101,50,4,0.3,0.4,0.6,0.5,0,0,1
101,51,10,0.4,1.1,2.4,0.5,0,0,1
101,52,2,0.1,0.2,0.5,0.1,0,0,1
101,60,3,0.1,0.2,0.5,0.6,0,0,1
101,64,1,0,0.1,0.2,0.2,0,0,1
101,65,10,0.4,0.7,1.7,1.9,0,0,1
101,91,1,0,0,0.3,0.1,0,0,1
101,106,3,0,0.3,0.5,1,0,0,1
101,107,2,0,0.2,0.3,0.7,0,0,1
102,9,1,0,0.1,0.2,0.1,0,0,1
102,22,4,0,0.4,0.7,0.7,0,0,1
102,23,4,0,0.4,0.7,0.7,0,0,1
102,36,1,0,0.1,0.3,0,0,0,1
102,38,4,0,0.4,1,0.2,0,0,1
102,39,22,0.2,2.4,5.4,0.9,0,0,1
102,40,11,0.1,1.2,2.7,0.5,0,0,1
102,41,7,0.1,0.7,1.1,1.3,0,0,1
102,42,11,0.1,1.2,1.7,2,0,0,1
102,43,16,0.1,1.7,2.6,2.9,0,0,1
102,44,2,0,0.2,0.3,0.4,0,0,1
102,46,5,0.4,0.5,0.7,0.7,0,0,1
102,47,3,0.2,0.3,0.5,0.4,0,0,1
102,48,14,1,1.5,2.1,1.9,0,0,1
102,49,25,2,5,3,3,0,0,0
102,50,22.5,1.6,2.4,3.4,3,0,0,1
102,65,8,0.3,0.5,1.4,1.5,0,0,1
102,76,4,0,0,1,1.4,0,0,1
102,109,4,0,0.4,0.6,1.4,0,0,1
103,9,15,0.2,1.4,2.9,2.1,0,0,1
103,10,3,0,0.3,0.6,0.4,0,0,1
103,19,2,0,0,0.7,0,0,0,1
103,23,3,0,0.4,0.5,0.5,0,0,1
103,38,25,0.2,2.7,6.2,1,0,0,1
103,39,9,0.1,1,2.2,0.4,0,0,1
103,40,12,0.1,1.3,3,0.5,0,0,1
103,41,13,0.1,1.4,2.1,2.4,0,0,1
103,42,17,0.2,1.8,2.7,3.1,0,0,1
103,47,9,0.6,1,1.3,1.2,0,0,1
103,48,6,0.4,0.7,0.9,0.8,0,0,1
103,49,3,0.2,0.3,0.5,0.4,0,0,1
103,50,17,1.2,1.8,2.5,2.3,0,0,1
103,51,18,0.6,2,4.4,0.9,0,0,1
103,52,21,0,3,5,4,0,0,0
103,53,4,0.2,0.4,1,0.2,0,0,1
103,55,3,0.1,0.3,0.7,0.2,0,0,1
103,58,1,0,0.1,0.2,0.2,0,0,1
103,61,4,0.1,0.3,0.7,0.8,0,0,1
103,79,2,0,0,0.5,0.7,0,0,1
103,80,8,0,0,1.9,2.9,0,0,1
103,81,1,0,0,0.2,0.4,0,0,1
103,110,4,0,0.4,0.6,1.4,0,0,1
103,111,10,0,0,1,3.1,0,0,1
104,8,12,0.2,1.2,2.3,1.6,0,0,1
104,9,41,2,0,8,10,0,0,0
104,10,21.5,0.3,2.1,4.1,3,0,0,1
104,11,20,0,2,4.3,2.4,0.4,0,1
104,12,1,0,0.1,0.2,0.1,0.1,0,1
104,23,11,0,1.2,1.9,1.9,0,0,1
104,24,6,0,0.7,1,1,0,0,1
104,27,3,0.1,0.1,0.5,0.3,0,0,1
104,39,5,0.1,0.5,1.2,0.2,0,0,1
104,40,5,0.1,0.5,1.2,0.2,0,0,1
104,46,4.5,0.3,0.5,0.7,0.6,0,0,1
104,47,8,0.6,0.8,1.2,1.1,0,0,1
104,48,28,0,2,3,7,0,0,0
104,49,23,0,0,3,8,0,0,0
104,51,9,0.3,1,2.2,0.5,0,0,1
104,52,1,0,0.1,0.2,0.1,0,0,1
104,53,8,0.3,0.9,1.9,0.4,0,0,1
104,54,8,0.3,0.9,1.9,0.4,0,0,1
104,55,6,0.2,0.6,1.5,0.3,0,0,1
104,57,2,0.1,0.1,0.3,0.4,0,0,1
104,58,8,0.3,0.5,1.4,1.5,0,0,1
104,69,1,0,0.1,0.2,0.1,0,0,1
104,70,6,0,0.4,1.6,0.7,0,0.3,1
104,71,7,0,0.5,1.9,0.7,0,0.3,1
104,72,2,0,0.2,0.5,0.2,0,0.1,1
104,80,5,0,0,1.2,1.8,0,0,1
104,88,4,0.1,0.1,1,0.4,0,0,1
104,101,4,0.1,0,0.7,1,0.1,0,1
104,102,3,0.1,0,0.5,0.8,0.1,0,1
104,104,1,0,0,0.2,0.3,0,0,1
104,105,15,0.3,0,2.7,4,0.3,0,1
104,108,2,0,0.2,0.3,0.7,0,0,1
105,6,7,0.2,1.1,1,1,0,0,1
105,8,24,0.5,3.8,3.6,3.3,0,0,1
105,9,13,0.3,2.1,1.9,1.8,0,0,1
105,10,19,0.4,3.1,2.8,2.6,0,0,1
105,11,4,0,0.4,0.8,0.5,0.1,0,1
105,12,6.5,0,0.7,1.4,0.8,0.1,0,1
105,23,1,0,0.1,0.2,0.3,0,0,1
105,24,2,0.1,0.1,0.4,0.6,0,0,1
105,25,2,0.1,0.1,0.4,0.6,0,0,1
105,26,18,0.3,0.9,2.9,2,0,0,1
105,27,4,0.1,0.2,0.6,0.5,0,0,1
105,46,3,0,0.1,0.7,0.3,0,0,1
105,47,6,0.1,0.2,1.3,0.6,0,0,1
105,48,4,0,0.1,0.9,0.4,0,0,1
105,49,6,0.1,0.2,1.3,0.6,0,0,1
105,50,12,0.1,0.5,2.6,1.1,0,0,1
105,52,10.5,0.3,1.3,2,0.7,0,0,1
105,54,4,0.1,0.5,0.7,0.3,0,0,1
105,55,2.5,0.1,0.3,0.5,0.1,0,0,1
105,56,2,0.1,0.3,0.3,0.2,0,0,1
105,57,2,0.1,0.3,0.3,0.2,0,0,1
105,58,10,0.5,1.3,1.7,1,0,0,1
105,63,9,0.1,1.2,1.9,0.5,0,0,1
105,64,8,0.1,1.1,1.7,0.4,0,0,1
105,68,12,0.4,0.5,2.4,2.4,0,0,1
105,69,13,0.4,0.5,2.7,2.6,0,0,1
105,70,20.5,0.6,0.8,4.2,4.1,0,0,1
105,71,7,0,0.5,1.9,0.7,0,0.3,1
105,72,22.5,0,1.6,6,2.5,0,1.1,1
105,80,3,0,0,0.7,1.1,0,0,1
105,84,6,0,0.1,1.4,0.5,0.1,0.3,1
105,98,5.5,0.1,0,1,1.5,0.1,0,1
105,99,1,0,0,0.2,0.3,0,0,1
105,102,12,0.4,0.5,1.9,2.8,0,1.3,1
105,105,20.5,0.7,0.9,3.2,4.7,0,2.3,1
105,109,2,0,0,0.2,0.6,0,0,1
106,6,5,0.1,0.8,0.7,0.7,0,0,1
106,8,7,0.2,1.1,1,1,0,0,1
106,9,13,0.3,2.1,1.9,1.8,0,0,1
106,10,1,0,0.2,0.2,0.1,0,0,1
106,15,5,0,0.5,1.1,0.6,0.1,0,1
106,19,1,0,0,0.4,0,0,0,1
106,23,2,0.1,0.1,0.4,0.6,0,0,1
106,26,4,0.1,0.2,0.6,0.5,0,0,1
106,46,17,0.1,0.7,3.7,1.6,0,0,1
106,47,17,0.1,0.7,3.7,1.6,0,0,1
106,49,1,0,0.1,0.2,0.1,0,0,1
106,50,15,0.2,0.6,3.2,1.4,0,0,1
106,51,8,0.3,1,1.5,0.5,0,0,1
106,52,15,0.5,1.8,2.9,1,0,0,1
106,54,1,0,0.1,0.2,0.1,0,0,1
106,55,3,0.1,0.3,0.6,0.2,0,0,1
106,56,7,0.3,0.9,1.2,0.7,0,0,1
106,57,19,0.9,2.5,3.2,1.9,0,0,1
106,58,10,0.5,1.3,1.7,1,0,0,1
106,61,7.5,0.1,1,1.6,0.4,0,0,1
106,62,6,0.1,0.8,1.3,0.3,0,0,1
106,63,25,0.4,3.3,5.4,1.3,0,0,1
106,64,9,0.1,1.2,1.9,0.5,0,0,1
106,68,13,0.4,0.5,2.7,2.6,0,0,1
106,69,2,0,0.1,0.4,0.4,0,0,1
106,70,11,0.3,0.4,2.3,2.2,0,0,1
106,71,20,0,1,2,8,0,0,0
106,72,13,0,0.9,3.5,1.4,0,0.6,1
106,82,4,0,0,1,0.3,0.1,0.2,1
106,83,7,0,0.1,1.7,0.6,0.1,0.4,1
106,84,12,0,0.2,2.9,1,0.2,0.7,1
106,85,3,0,0,0.7,0.3,0.1,0.2,1
106,88,4,0.1,0.1,1,0.4,0,0,1
106,98,2,0,0,0.4,0.5,0.1,0,1
106,102,3,0.1,0.1,0.5,0.7,0,0.3,1
106,103,7,0.2,0.3,1.1,1.6,0,0.8,1
106,104,7,0.2,0.3,1.1,1.6,0,0.8,1
106,105,1,0,0.1,0.2,0.2,0,0.1,1
106,106,4,0,0,0.4,1.2,0,0,1
106,111,1,0,0,0.1,0.3,0,0,1
107,8,5,0.1,0.8,0.7,0.7,0,0,1
107,20,2,0,0,0.7,0,0,0,1
107,22,1,0,0.1,0.2,0.3,0,0,1
107,34,6,0.1,0.3,0.9,0.7,0,0,1
107,46,8,0.1,0.3,1.7,0.8,0,0,1
107,50,4,0,0.1,0.9,0.4,0,0,1
107,51,4,0.1,0.5,0.7,0.3,0,0,1
107,52,7,0.2,0.9,1.3,0.5,0,0,1
107,53,15,0,0,2,9,0,0,0
107,54,29,0,6,6,1,0,0,0
107,55,22,0.7,2.7,4.2,1.5,0,0,1
107,56,27.5,0,11,1,0,0,0,0
107,57,8,0.4,1,1.4,0.8,0,0,1
107,58,25,2,4,4,1,0,0,0
107,59,6,0.3,0.8,1,0.6,0,0,1
107,60,2,0.1,0.3,0.3,0.2,0,0,1
107,61,9.5,0.1,1.2,2.1,0.5,0,0,1
107,62,5,0.1,0.6,1.1,0.3,0,0,1
107,63,8,0.1,1.1,1.7,0.4,0,0,1
107,66,1,0,0.1,0.2,0.2,0,0,1
107,68,4,0.1,0.2,0.8,0.8,0,0,1
107,71,7,0,0.5,1.9,0.7,0,0.3,1
107,75,2,0,0.2,0.5,0.2,0,0.1,1
107,83,11,0,0.1,2.7,0.9,0.2,0.6,1
107,84,2,0,0,0.5,0.2,0,0.1,1
107,85,14,0,0.2,3.4,1.2,0.2,0.8,1
107,86,1,0,0,0.3,0.1,0,0,1
107,87,8,0.2,0.2,2.1,0.7,0,0,1
107,88,1,0,0,0.3,0.1,0,0,1
107,101,2,0.1,0.1,0.3,0.4,0,0.2,1
107,102,1,0,0.1,0.2,0.2,0,0.1,1
107,103,6,0.2,0.3,0.9,1.4,0,0.7,1
107,105,1,0,0.1,0.2,0.2,0,0.1,1
107,109,11,0,0,1,3.5,0,0,1
108,1,1,0,0.1,0.2,0.1,0,0,1
108,22,2,0.1,0.1,0.4,0.6,0,0,1
108,34,3,0.1,0.1,0.5,0.3,0,0,1
108,46,4,0,0.1,0.9,0.4,0,0,1
108,51,4,0.1,0.5,0.7,0.3,0,0,1
108,52,8,0.3,1,1.5,0.5,0,0,1
108,54,19,0.6,2.3,3.6,1.3,0,0,1
108,55,54.5,1,3,18,0,0,14,0
108,56,51,1,3,9,10,0,0,0
108,57,27,1,6,4,3,0,0,0
108,58,26,2,2,6,3,0,0,0
108,59,3,0.1,0.4,0.5,0.3,0,0,1
108,60,18,0.8,2.4,3.1,1.8,0,0,1
108,61,22,0.3,2.9,4.7,1.2,0,0,1
108,62,2,0,0.3,0.4,0.1,0,0,1
108,68,13,0.4,0.5,2.7,2.6,0,0,1
108,79,2,0,0,0.5,0.7,0,0,1
108,82,1,0,0,0.3,0.1,0,0.1,1
108,84,5,0,0.1,1.2,0.4,0.1,0.3,1
108,85,4,0,0,1,0.3,0.1,0.2,1
108,88,9,0.2,0.3,2.3,0.8,0,0,1
108,103,7,0.2,0.3,1.1,1.6,0,0.8,1
108,104,23,0.8,1,3.6,5.3,0,2.5,1
109,1,12,0,0.6,2.5,1.1,0.3,0,1
109,2,8,0,0.4,1.7,0.7,0.2,0,1
109,11,2,0,0.2,0.4,0.2,0.1,0,1
109,13,3,0,0.3,0.6,0.4,0.1,0,1
109,22,1,0,0.1,0.2,0.3,0,0,1
109,23,23,1.3,1.4,4.1,7.4,0,0,1
109,52,12,0.4,1.4,2.3,0.8,0,0,1
109,53,8,0.3,1,1.5,0.5,0,0,1
109,54,3,0.1,0.3,0.6,0.2,0,0,1
109,55,17,0.6,2.1,3.2,1.1,0,0,1
109,56,44.5,3,1,4,11,0,0,0
109,57,17,0.8,2.2,2.9,1.7,0,0,1
109,58,2,0.1,0.3,0.3,0.2,0,0,1
109,59,17,0.8,2.2,2.9,1.7,0,0,1
109,60,6,0.3,0.8,1,0.6,0,0,1
109,61,14,0.2,1.8,3,0.8,0,0,1
109,62,5,0.1,0.6,1.1,0.3,0,0,1
109,68,8,0.3,0.3,1.6,1.6,0,0,1
109,69,1,0,0.1,0.2,0.2,0,0,1
109,70,5,0.2,0.2,1,1,0,0,1
109,72,4,0,0.3,1.1,0.4,0,0.2,1
109,73,2,0,0.2,0.5,0.2,0,0.1,1
109,75,2,0,0.2,0.5,0.2,0,0.1,1
109,81,1,0,0,0.3,0.1,0,0.1,1
109,91,5,0.1,0.2,1.3,0.4,0,0,1
109,97,10,0.2,0,1.8,2.6,0.2,0,1
109,100,4,0.1,0,0.7,1,0.1,0,1
110,1,2,0,0.2,0.3,0.3,0,0,1
110,2,7,0,0.8,0.8,1.1,0,0,1
110,23,11,0.2,0.5,1.8,1.2,0,0,1
110,24,4,0.1,0.2,0.6,0.5,0,0,1
110,45,2,0,0.1,0.6,0.2,0,0,1
110,53,15,0,1.8,3.5,0.6,0,0,1
110,54,12,0,1.5,2.8,0.4,0,0,1
110,55,102,2,5,17,33,0,0,0
110,56,144,3,4,31,42,0,14,0
110,57,60,1,1,21,13,0,0,0
110,58,1,0.1,0.1,0.2,0.2,0,0,1
110,59,1,0.1,0.1,0.2,0.2,0,0,1
110,62,2,0,0.2,0.2,0.5,0,0,1
110,68,18,0.2,1.2,2.9,2.8,0,0,1
110,70,2,0,0.2,0.3,0.3,0,0,1
110,73,1,0,0,0.2,0.3,0,0,1
110,78,5,0.1,0.4,0.7,1.2,0,0,1
110,90,4,0.1,0.3,0.8,0.7,0,0,1
110,91,2,0,0.1,0.4,0.4,0,0,1
110,104,2,0,0.1,0.5,0.4,0,0,1
110,107,6,0,0.6,1.3,1.4,0,0,1
110,108,3,0,0.3,0.7,0.7,0,0,1
110,109,1,0,0.1,0.2,0.3,0,0,1
111,2,4,0,0.4,0.5,0.6,0,0,1
111,54,15,0,1.8,3.5,0.6,0,0,1
111,55,107,0,2,20,39,0,0,0
111,56,136,2,21,23,17,1,22,0
111,57,3,0.1,0.4,0.6,0.6,0,0,1
111,59,1,0.1,0.1,0.2,0.2,0,0,1
111,60,2,0.1,0.2,0.4,0.4,0,0,1
111,61,10,0,1.2,1,2.4,0,0,1
111,62,3,0,0.4,0.3,0.7,0,0,1
111,63,1,0,0.1,0.1,0.3,0,0,1
111,65,1,0,0.1,0.1,0.3,0,0,1
111,68,4,0.1,0.3,0.6,0.6,0,0,1
111,69,6,0.1,0.4,1,0.9,0,0,1
111,70,10,0.1,0.7,1.6,1.6,0,0,1
111,78,4,0.1,0.3,0.5,1,0,0,1
111,90,2,0,0.1,0.4,0.4,0,0,1
111,104,2,0,0.1,0.5,0.4,0,0,1
111,107,13,0.2,1.2,2.8,3,0,0,1
111,108,9,0.1,0.9,1.9,2.1,0,0,1
111,109,4,0,0.4,0.9,0.9,0,0,1
112,11,2,0,0.4,0.4,0.3,0,0,1
112,12,8,0,1.7,1.7,1,0,0,1
112,13,11,0,2.3,2.3,1.4,0,0,1
112,14,7,0,1.5,1.5,0.8,0,0,1
112,54,2,0,0.2,0.5,0.1,0,0,1
112,55,56,0,1,12,16,0,0,0
112,56,18,0.7,2.3,3.6,3.3,0,0,1
112,58,3,0.1,0.4,0.6,0.6,0,0,1
112,59,3,0.1,0.4,0.6,0.6,0,0,1
112,60,2,0.1,0.2,0.4,0.4,0,0,1
112,61,23,0,2.8,2.3,5.4,0,0,1
112,62,8,0,1,0.8,1.8,0,0,1
112,63,4,0,0.5,0.4,0.9,0,0,1
112,68,9,0.1,0.6,1.5,1.4,0,0,1
112,69,2,0,0.2,0.3,0.3,0,0,1
112,78,2,0,0.2,0.3,0.5,0,0,1
112,84,6,0.2,0.5,0.8,1.4,0,0,1
112,104,1,0,0,0.3,0.2,0,0,1
112,107,3,0,0.3,0.7,0.7,0,0,1
112,108,6,0,0.6,1.3,1.4,0,0,1
112,112,2,0,0.2,0.4,0.5,0,0,1
113,10,3,0.1,0.3,0.4,0.6,0,0,1
113,11,10,0,2.1,2.2,1.2,0,0,1
113,12,30,0,4,3,10,0,0,0
113,13,52.5,1,3,4,21,0,0,0
113,14,2,0,0.4,0.4,0.3,0,0,1
113,44,1,0,0,0.3,0.1,0,0,1
113,51,4,0,0.5,0.9,0.2,0,0,1
113,52,7,0,0.9,1.6,0.2,0,0,1
113,53,4,0,0.5,0.9,0.2,0,0,1
113,54,2,0,0.2,0.5,0.1,0,0,1
113,55,34,3,0,4,9,0,0,0
113,56,2,0.1,0.2,0.4,0.4,0,0,1
113,57,2,0.1,0.2,0.4,0.4,0,0,1
113,58,4.5,0.2,0.6,0.9,0.8,0,0,1
113,60,8,0.3,1,1.6,1.5,0,0,1
113,61,3,0,0.4,0.3,0.7,0,0,1
113,62,10,0,1.2,1,2.4,0,0,1
113,63,1,0,0.1,0.1,0.3,0,0,1
113,64,2,0,0.2,0.2,0.5,0,0,1
113,66,13,0.1,0.9,2.1,2,0,0,1
113,67,11,0.1,0.8,1.8,1.7,0,0,1
113,68,1,0,0.1,0.2,0.1,0,0,1
113,70,1,0,0.1,0.2,0.1,0,0,1
113,71,5,0,0.2,1,1.3,0,0,1
113,85,3,0.1,0.3,0.4,0.7,0,0,1
113,86,5,0,0.4,1,0.9,0,0,1
113,102,5,0,0.2,1.3,1.1,0,0,1
113,103,5,0,0.2,1.3,1.1,0,0,1
113,106,9,0.1,0.9,1.9,2.1,0,0,1
113,107,12,0.1,1.2,2.6,2.8,0,0,1
113,108,5,0.1,0.5,1.1,1.1,0,0,1
114,5,2,0,0.2,0.3,0.3,0,0,1
114,12,2,0,0.4,0.4,0.3,0,0,1
114,13,6,0,1.3,1.3,0.7,0,0,1
114,14,14,0,2.9,3,1.7,0,0,1
114,15,4,0,0.8,0.9,0.5,0,0,1
114,47,1,0,0,0.3,0.1,0,0,1
114,49,1,0,0,0.3,0.1,0,0,1
114,51,2,0,0.2,0.5,0.1,0,0,1
114,52,2,0,0.2,0.5,0.1,0,0,1
114,54,9.5,0,1.2,2.2,0.3,0,0,1
114,55,7,0,0.9,1.6,0.2,0,0,1
114,57,22,0,0,7,5,0,0,0
114,58,4,0.2,0.5,0.8,0.7,0,0,1
114,61,15,0,1.8,1.5,3.5,0,0,1
114,62,6,0,0.7,0.6,1.4,0,0,1
114,63,1,0,0.1,0.1,0.3,0,0,1
114,69,14,0.1,1,2.2,2.2,0,0,1
114,70,10,0.1,0.7,1.6,1.6,0,0,1
114,77,3,0.1,0.3,0.4,0.7,0,0,1
114,84,4,0.1,0.3,0.5,1,0,0,1
114,86,2,0,0.1,0.4,0.4,0,0,1
114,100,1,0,0,0.3,0.2,0,0,1
114,101,2,0,0.1,0.5,0.4,0,0,1
114,102,1,0,0,0.3,0.2,0,0,1
114,103,6,0,0.2,1.6,1.3,0,0,1
114,104,1,0,0,0.3,0.2,0,0,1
114,107,3,0,0.3,0.7,0.7,0,0,1
115,6,1,0,0.1,0.2,0.2,0,0,1
115,13,6,0.1,0.6,0.8,1.3,0,0,1
115,14,22,0.4,2.3,2.7,4.7,0,0,1
115,15,4,0.1,0.4,0.5,0.8,0,0,1
115,53,12,0,1,1.5,2.7,0,1.3,1
115,54,9,0,0.8,1.1,2,0,1,1
115,55,2,0,0.2,0.3,0.4,0,0.2,1
115,57,1,0.1,0,0.2,0.2,0,0,1
115,59,2,0.1,0.1,0.3,0.4,0,0.1,1
115,61,3,0.1,0.2,0.4,0.4,0,0.1,1
115,64,2,0.1,0.1,0.3,0.3,0,0,1
115,86,1,0,0.1,0.2,0.2,0,0,1
115,103,4,0,0.3,0.8,0.8,0,0.2,1
115,107,1,0,0.1,0.2,0.3,0,0,1
116,5,17,0.3,0.3,4.6,2.6,0,0.6,1
116,6,12.5,0.2,1.3,1.6,2.7,0,0,1
116,7,2,0,0.2,0.3,0.4,0,0,1
116,15,3,0.1,0.3,0.4,0.6,0,0,1
116,49,1,0,0,0.3,0.1,0,0,1
116,53,7,0,0.6,0.9,1.5,0,0.8,1
116,54,5,0,0.4,0.7,1.1,0,0.6,1
116,56,7,0.4,0.3,1,1.5,0,0.2,1
116,57,2,0.1,0.1,0.3,0.4,0,0.1,1
116,58,3,0.2,0.1,0.5,0.6,0,0.1,1
116,61,7,0.2,0.6,1,0.9,0,0.2,1
116,64,1,0,0.1,0.2,0.1,0,0,1
116,71,1,0,0,0.2,0.3,0,0,1
116,77,2,0,0.2,0.3,0.5,0,0,1
116,82,10,0,0.8,1.5,2.3,0,0,1
116,84,2,0,0.1,0.3,0.5,0,0,1
116,85,6,0,0.4,0.9,1.4,0,0,1
116,86,3,0.1,0.2,0.6,0.5,0,0,1
116,95,1,0,0.1,0.2,0.2,0,0,1
116,105,4,0,0.3,0.8,0.8,0,0.2,1
117,4,3,0,0.1,0.8,0.5,0,0.1,1
117,5,27,1,2,3,6,0,0,0
117,7,2,0,0.2,0.3,0.4,0,0,1
117,16,9,0.1,0.4,1.5,1,0,0,1
117,48,6,0,0,1.8,0.7,0,0,1
117,49,7,0,0,2.1,0.9,0,0,1
117,53,2,0,0.2,0.3,0.4,0,0.2,1
117,54,5,0,0.4,0.7,1.1,0,0.6,1
117,55,9,0,0.8,1.1,2,0,1,1
117,56,4,0.2,0.2,0.6,0.8,0,0.1,1
117,57,15,0.9,0.6,2.2,3.1,0,0.5,1
117,58,5,0.3,0.2,0.7,1.1,0,0.2,1
117,59,12,0.7,0.5,1.7,2.5,0,0.4,1
117,63,4,0.1,0.3,0.6,0.5,0,0.1,1
117,64,39.5,0,1,2,12,0,0,0
117,65,13,0.4,1,1.8,1.8,0,0.3,1
117,67,21,0.9,1.7,3.9,3.1,0,0,1
117,68,4,0.2,0.3,0.7,0.6,0,0,1
117,71,1,0,0,0.2,0.3,0,0,1
117,72,2,0,0.1,0.4,0.5,0,0,1
117,80,6,0.2,0.5,0.8,1.4,0,0,1
117,81,2.5,0,0.2,0.4,0.5,0,0,1
117,86,9.5,0.1,0.7,1.9,1.7,0,0,1
117,88,2,0,0.1,0.4,0.4,0,0,1
117,102,5,0,0.4,1,1,0,0.2,1
117,107,2,0,0.2,0.4,0.5,0,0,1
118,3,13,0.2,0.2,3.6,2,0,0.4,1
118,4,68,0,1,31,0,0,17,0
118,5,5,0.1,0.1,1.3,0.8,0,0.2,1
118,44,8,0,0.2,2.4,1,0,0,1
118,45,11.5,0,0.3,3.4,1.4,0,0,1
118,46,13,0,0,3.9,1.6,0,0,1
118,47,9,0,0,2.7,1.1,0,0,1
118,49,2,0,0,0.6,0.2,0,0,1
118,54,5,0,0.4,0.7,1.1,0,0.6,1
118,55,15.5,0,1.3,1.9,3.5,0,1.7,1
118,56,33,0,0,16,1,0,12,0
118,57,43.5,3,2,1,12,0,0,0
118,58,16,1,0.7,2.3,3.3,0,0.5,1
118,59,17,1,6,4,0,0,0,0
118,60,2,0.1,0.1,0.3,0.4,0,0.1,1
118,62,9,0.3,0.7,1.2,1.2,0,0.2,1
118,63,1,0,0.1,0.2,0.1,0,0,1
118,64,12,0.4,1,1.6,1.6,0,0.3,1
118,65,6,0.2,0.5,0.8,0.8,0,0.1,1
118,66,19,0.8,1.6,3.5,2.8,0,0,1
118,67,4,0.2,0.3,0.7,0.6,0,0,1
118,73,2.5,0,0.1,0.5,0.7,0,0,1
118,80,1,0,0.1,0.1,0.3,0,0,1
118,85,15,0,1.1,2.3,3.4,0,0,1
118,86,2,0,0.1,0.4,0.4,0,0,1
118,87,5,0,0.4,1,0.9,0,0,1
118,88,3,0.1,0.2,0.6,0.5,0,0,1
118,89,3,0.1,0.2,0.6,0.5,0,0,1
118,90,4,0.1,0.3,0.8,0.7,0,0,1
118,101,11,0,1,2.1,2.2,0,0.5,1
118,102,11,0,1,2.1,2.2,0,0.5,1
118,103,13,0,1.2,2.5,2.6,0,0.6,1
118,104,8,0,0.7,1.6,1.6,0,0.4,1
118,107,2,0,0.2,0.4,0.5,0,0,1
118,124,2,0,0.1,0.3,0.4,0,0,1
119,0,1,0,0.1,0.1,0.2,0,0,1
119,1,1,0,0,0.3,0.2,0,0,1
119,3,5,0.1,0.1,1.3,0.8,0,0.2,1
119,4,14.5,0.2,0.3,4,2.2,0,0.5,1
119,10,1,0,0.1,0.2,0.2,0,0,1
119,44,1,0,0,0.3,0.1,0,0,1
119,45,10,0,0.3,3,1.2,0,0,1
119,56,2,0.1,0.1,0.3,0.4,0,0.1,1
119,57,26,1.6,1.1,3.7,5.4,0,0.8,1
119,58,28,1,4,10,1,0,0,0
119,59,22,0,4,8,1,0,0,0
119,61,4,0.1,0.3,0.6,0.5,0,0.1,1
119,62,13,0.4,1,1.8,1.8,0,0.3,1
119,63,14,0.4,1.1,1.9,1.9,0,0.3,1
119,71,6,0,0.2,1.2,1.7,0,0,1
119,74,2,0,0.1,0.4,0.5,0,0,1
119,75,5,0,0.2,1,1.3,0,0,1
119,78,1,0,0.1,0.1,0.3,0,0,1
119,85,4,0,0.3,0.6,0.9,0,0,1
119,86,8,0.1,0.6,1.6,1.4,0,0,1
119,87,14,0.1,1,2.9,2.5,0,0,1
119,88,5,0,0.4,1,0.9,0,0,1
119,89,14,0.1,1,2.9,2.5,0,0,1
119,90,6,0.1,0.4,1.2,1.1,0,0,1
119,94,1,0,0.1,0.2,0.2,0,0,1
119,100,1,0,0,0.3,0.2,0,0,1
119,102,20,0,1.8,3.8,4.1,0,0.9,1
119,103,19,0,2,2,7,0,0,0
119,104,13,0,1.2,2.5,2.6,0,0.6,1
119,107,2,0,0.2,0.4,0.5,0,0,1
119,124,6,0,0.4,0.9,1.1,0,0,1
120,5,2,0,0.1,0.6,0.3,0,0,1
120,11,5,0,0.4,1,1,0,0,1
120,43,1,0,0,0.1,0.3,0,0,1
120,57,30,1,4.6,5.2,2.2,0,0,1
120,58,13,0.4,2,2.3,1,0,0,1
120,59,20,0.6,3.1,3.5,1.5,0,0,1
120,60,17,0.6,2.6,3,1.2,0,0,1
120,61,14,0.2,1.7,2.9,1.5,0,0,1
120,62,22,0.4,2.7,4.5,2.3,0,0,1
120,63,14,0.2,1.7,2.9,1.5,0,0,1
120,64,10,0.2,1.2,2,1.1,0,0,1
120,65,11,0.2,1.3,2.2,1.2,0,0,1
120,70,8,0,0.5,1.7,1.1,0,0,1
120,71,6,0.2,0.3,1.3,0.9,0,0,1
120,75,3,0.1,0.1,0.6,0.5,0,0,1
120,83,6,0,0.2,1.4,0.9,0,0,1
120,84,3,0,0.1,0.7,0.5,0,0,1
120,85,5,0,0.2,1.2,0.7,0,0,1
120,86,27,0.4,1.7,3,4.3,0,0,1
120,89,8,0.1,0.5,0.9,1.3,0,0,1
120,90,1,0,0.1,0.1,0.1,0,0,1
120,102,7,0,0.5,1,1.2,0,0.4,1
120,103,6,0,0.4,0.9,1,0,0.3,1
120,121,1,0,0.1,0.1,0.2,0,0,1
121,4,11,0,0.7,3.1,1.4,0,0,1
121,5,5,0,0.3,1.4,0.7,0,0,1
121,7,5,0,0.4,1,1,0,0,1
121,54,4,0.1,0.4,0.6,0.7,0,0,1
121,57,1,0,0.1,0.2,0.1,0,0,1
121,58,2,0.1,0.3,0.4,0.1,0,0,1
121,59,32,1,5,5,0,0,0,0
121,60,20.5,0.7,3.1,3.6,1.5,0,0,1
121,61,18,0.3,2.2,3.7,1.9,0,0,1
121,63,4,0.1,0.5,0.8,0.4,0,0,1
121,66,3,0,0.2,0.6,0.4,0,0,1
121,69,3,0,0.2,0.6,0.4,0,0,1
121,72,4,0.1,0.2,0.9,0.6,0,0,1
121,73,6,0.2,0.3,1.3,0.9,0,0,1
121,74,14,0.4,0.7,3,2.2,0,0,1
121,77,5,0,0.2,1.2,0.7,0,0,1
121,85,5,0,0.2,1.2,0.7,0,0,1
121,86,7,0.1,0.4,0.8,1.1,0,0,1
121,88,5,0.1,0.3,0.5,0.8,0,0,1
121,89,13,0.2,0.8,1.4,2.1,0,0,1
121,104,9,0,0.6,1.4,1.5,0,0.5,1
121,105,3,0,0.2,0.5,0.5,0,0.2,1
121,118,4,0.3,0.1,0.2,1.4,0,0,1
121,120,2,0.1,0.1,0.1,0.7,0,0,1
122,8,1,0,0.1,0.2,0.2,0,0,1
122,10,1,0,0.1,0.2,0.2,0,0,1
122,11,4,0,0.3,0.8,0.8,0,0,1
122,12,4,0,0.3,0.8,0.8,0,0,1
122,15,1,0,0.1,0.2,0.2,0,0,1
122,48,1,0,0.1,0.1,0.2,0,0,1
122,52,4.5,0.1,0.4,0.7,0.8,0,0,1
122,53,8,0.2,0.7,1.2,1.4,0,0,1
122,56,8,0.3,1.2,1.4,0.6,0,0,1
122,57,6,0.2,0.9,1.1,0.4,0,0,1
122,58,3,0.1,0.5,0.5,0.2,0,0,1
122,59,9,0.3,1.4,1.6,0.6,0,0,1
122,60,7,0.2,1.1,1.2,0.5,0,0,1
122,61,11,0.2,1.3,2.2,1.2,0,0,1
122,63,9,0.2,1.1,1.8,0.9,0,0,1
122,65,8.5,0.1,1,1.8,0.9,0,0,1
122,66,3,0,0.2,0.6,0.4,0,0,1
122,67,8,0,0.5,1.7,1.1,0,0,1
122,68,2,0,0.1,0.4,0.3,0,0,1
122,74,4,0.1,0.2,0.9,0.6,0,0,1
122,75,1,0,0,0.2,0.2,0,0,1
122,77,3,0,0.1,0.7,0.5,0,0,1
122,85,7,0,0.3,1.6,1,0,0,1
122,104,12,0,0.8,1.8,2,0,0.6,1
122,105,12,0,0.8,1.8,2,0,0.6,1
122,108,1,0,0.1,0.1,0.4,0,0,1
122,119,5,0.4,0.1,0.2,1.7,0,0,1
123,11,1,0,0.1,0.2,0.2,0,0,1
123,43,3,0,0,0.4,0.9,0,0,1
123,46,6,0.1,0.5,0.9,1.1,0,0,1
123,51,7,0.2,0.6,1.1,1.2,0,0,1
123,52,1,0,0.1,0.1,0.2,0,0,1
123,54,1,0,0.1,0.1,0.2,0,0,1
123,56,4,0.1,0.6,0.7,0.3,0,0,1
123,59,1,0,0.1,0.2,0.1,0,0,1
123,60,3,0.1,0.5,0.5,0.2,0,0,1
123,61,6,0.1,0.7,1.2,0.7,0,0,1
123,62,7,0.1,0.9,1.4,0.7,0,0,1
123,64,11,0.2,1.3,2.2,1.2,0,0,1
123,65,9,0.2,1.1,1.8,0.9,0,0,1
123,77,2,0,0,0.5,0.3,0,0,1
123,84,4,0,0.1,1,0.6,0,0,1
123,86,1,0,0.1,0.1,0.1,0,0,1
123,104,10.5,0,0.7,1.6,1.8,0,0.5,1
123,112,4,0.1,0.4,0.5,1.5,0,0,1
123,115,2,0.1,0.2,0.2,0.8,0,0,1
123,116,4,0.3,0.1,0.2,1.4,0,0,1
123,119,6,0.4,0.1,0.3,2.1,0,0,1
123,120,3,0.2,0.1,0.1,1.1,0,0,1
124,5,1.5,0,0.1,0.4,0.2,0,0,1
124,14,7,0,0.5,1.5,1.4,0,0,1
124,43,8.5,0,0,1.2,2.5,0,0,1
124,59,3,0.1,0.5,0.5,0.2,0,0,1
124,60,2,0.1,0.3,0.4,0.1,0,0,1
124,61,3,0,0.4,0.6,0.3,0,0,1
124,63,17,0.3,2,3.5,1.8,0,0,1
124,64,2,0,0.3,0.4,0.2,0,0,1
124,65,4,0.1,0.5,0.8,0.4,0,0,1
124,84,6,0,0.2,1.4,0.9,0,0,1
124,87,1,0,0.1,0.1,0.1,0,0,1
124,115,9,0.3,1,1,3.4,0,0,1
124,116,5,0.4,0.1,0.2,1.7,0,0,1
124,119,14,1,0.3,0.6,4.9,0,0,1
124,120,26,1,0,2,11,0,0,0
125,5,6,0,0.4,1.7,0.8,0,0,1
125,7,5,0.1,0.4,1,0.9,0,0.1,1
125,8,1,0,0.1,0.2,0.2,0,0,1
125,9,4,0.1,0.4,0.8,0.7,0,0.1,1
125,10,3,0,0.3,0.6,0.6,0,0,1
125,11,5,0.1,0.5,0.8,0.6,0,0,1
125,12,9,0.2,0.9,1.5,1,0,0,1
125,13,1,0,0.1,0.2,0.1,0,0,1
125,14,7,0.2,0.7,1.1,0.8,0,0,1
125,19,7,0,0.5,2.3,0.1,0,0,1
125,20,2,0,0.2,0.6,0,0,0,1
125,42,2,0,0,0.3,0.6,0,0,1
125,61,10,0.2,1.6,1.7,1.2,0,0,1
125,63,2,0,0.3,0.4,0.2,0,0,1
125,64,15,0.3,2.4,2.6,1.8,0,0,1
125,65,1,0,0.2,0.2,0.1,0,0,1
125,114,1,0,0.1,0.1,0.4,0,0,1
125,117,12,0.4,0.8,1.2,2.4,0,0,1
125,120,6,0.2,0.4,0.6,1.2,0,0,1
126,5,5,0,0.3,1.4,0.7,0,0,1
126,6,9,0.1,0.8,1.8,1.7,0,0.1,1
126,7,11,0.2,1,2.1,2.1,0,0.2,1
126,8,19,0.3,1.8,3.7,3.5,0,0.3,1
126,9,14,0.2,1.3,2.7,2.6,0,0.2,1
126,10,1,0,0.1,0.2,0.2,0,0,1
126,11,2,0.1,0.2,0.3,0.2,0,0,1
126,13,1,0,0.1,0.2,0.1,0,0,1
126,19,18,0,1.3,5.8,0.3,0,0,1
126,20,9.5,0,0.7,3.1,0.1,0,0,1
126,43,2,0,0,0.3,0.6,0,0,1
126,49,4,0.1,0.4,0.6,0.7,0,0,1
126,61,4,0.1,0.6,0.7,0.5,0,0,1
126,64,6,0.1,0.9,1.1,0.7,0,0,1
126,65,11,0.2,1.7,1.9,1.4,0,0,1
126,66,8,0.4,1.4,1,1,0,0,1
126,81,8,0,0.2,2.2,0.7,0,0,1
126,94,10,0.1,0.6,3.1,0.3,0,0,1
126,95,5,0.1,0.3,1.5,0.2,0,0,1
126,115,1,0,0.1,0.1,0.4,0,0,1
126,118,1,0,0.1,0.1,0.2,0,0,1
126,119,1,0,0.1,0.1,0.2,0,0,1
126,120,1,0,0.1,0.1,0.2,0,0,1
127,6,3,0,0.3,0.6,0.6,0,0,1
127,7,3,0,0.3,0.6,0.6,0,0,1
127,8,9,0.1,0.8,1.8,1.7,0,0.1,1
127,9,8,0.1,0.7,1.6,1.5,0,0.1,1
127,10,18,0.3,1.7,3.5,3.3,0,0.3,1
127,11,15,0.4,1.5,2.5,1.6,0,0,1
127,12,32,1,2,6,2,0,0,0
127,13,7,0.2,0.7,1.1,0.8,0,0,1
127,14,10,0.3,1,1.6,1.1,0,0,1
127,15,7,0.2,0.7,1.1,0.8,0,0,1
127,19,5,0,0.3,1.6,0.1,0,0,1
127,20,25,0,1.8,8,0.4,0,0,1
127,21,4,0,0.8,1.3,0,0,0,1
127,50,5,0.1,0.4,0.8,0.9,0,0,1
127,63,4,0.1,0.6,0.7,0.5,0,0,1
127,65,1,0,0.2,0.2,0.1,0,0,1
127,66,11,0.5,1.9,1.4,1.4,0,0,1
127,67,9,0.5,1.6,1.1,1.1,0,0,1
127,68,9,0.5,1.6,1.1,1.1,0,0,1
127,69,17,0.8,3,2.1,2.1,0,0,1
127,80,5,0,0.2,1.2,0.7,0,0,1
127,81,18,0,0.4,5,1.5,0,0,1
127,94,19,0.3,1.1,5.9,0.5,0,0,1
127,104,2,0,0.5,0.3,0.2,0,0,1
127,105,2.5,0,0.6,0.4,0.3,0,0,1
127,108,4,0.1,0.3,0.1,1.5,0,0,1
127,116,2,0.1,0.1,0.2,0.4,0,0,1
