x,y,Ind,Ind_0_3,Ind_11_17,Ind_18_24,Ind_25_39,Ind_40_54,Ind_4_5,Ind_55_64,Ind_65_79,Ind_6_10,Ind_80p,Ind_inc,Ind_snv,Men,Men_pauv
0,60,18,1.3,1.7,0.7,3.1,2.9,0.5,3.1,2.2,1.4,0.9,0.2,307233.5,7.8,2.5
0,61,7,0.5,0.7,0.3,1.2,1.1,0.2,1.2,0.9,0.5,0.3,0.1,119479.7,3,1
0,62,8,0.6,0.7,0.3,1.4,1.3,0.2,1.4,1,0.6,0.4,0.1,136548.2,3.5,1.1
0,63,39,2,4,3,5,7,1,4,7,2,4,0,631314.5,16,4
0,64,37,6,0,4,10,3,4,2,3,3,2,0,708482,14,3
0,65,5,0.1,0.7,0,1,1.4,0.6,0.4,0,0.6,0.2,0,111255.1,1.7,0.4
0,79,2,0,0.3,0,0.4,0.6,0.2,0.2,0,0.2,0.1,0,44502,0.7,0.2
0,80,2,0.1,0.1,0.2,0.2,0.4,0,0.3,0.5,0.1,0,0.1,52023.1,0.8,0
0,92,2,0.1,0.1,0.2,0.2,0.4,0,0.3,0.5,0.1,0,0.1,52023.1,0.8,0
1,62,13,1,1.2,0.5,2.2,2.1,0.3,2.3,1.6,1,0.6,0.2,221890.8,5.7,1.8
1,63,42,4,0.5,4,8,5,1,6,8,3.5,2,0,710111.3,19,4
1,64,22,1.6,2.1,0.8,3.8,3.6,0.6,3.8,2.7,1.6,1.1,0.3,375507.6,9.6,3
1,65,1,0,0.2,0,0.2,0.3,0.1,0.1,0,0.1,0,0,22251,0.3,0.1
1,66,5,0.1,0.7,0,1,1.4,0.6,0.4,0,0.6,0.2,0,111255.1,1.7,0.4
1,67,5,0.1,0.7,0,1,1.4,0.6,0.4,0,0.6,0.2,0,111255.1,1.7,0.4
1,82,2,0.1,0.1,0.2,0.2,0.4,0,0.3,0.5,0.1,0,0.1,52023.1,0.8,0
2,63,1,0.1,0.1,0,0.2,0.2,0,0.2,0.1,0.1,0,0,17068.5,0.4,0.1
2,83,5,0.2,0.2,0.5,0.5,1,0,0.9,1.2,0.3,0,0.2,130057.9,1.9,0
3,0,6,1.1,0.7,0.3,2,1.1,0.5,0,0,0.3,0,0,125801.5,1.8,0.2
3,61,4,0.3,0.4,0.1,0.7,0.6,0.1,0.7,0.5,0.3,0.2,0.1,68274.1,1.7,0.5
4,0,17,0.2,2.2,1.2,2.2,4.2,0.1,2.8,1.6,0.7,0.8,1,393277.5,6.6,0.6
4,1,5,0.1,0.6,0.4,0.7,1.2,0,0.8,0.5,0.2,0.2,0.3,115669.8,1.9,0.2
4,2,6,0.1,0.8,0.4,0.8,1.5,0,1,0.6,0.2,0.3,0.3,138803.8,2.3,0.2
5,0,58,3,6,6,14,10,3,4,7,2,2,1,1180214.1,23,1
5,1,42,1,2,2,7,5,2,13,7,0,3,0,865624.8,25,1
5,2,46,2,7,4,6,11,0,12,2,1,1,0,969475.2,18,0
6,0,24,0.3,3.1,1.7,3.1,5.9,0.1,4,2.3,1,1.1,1.4,555215.3,9.3,0.8
6,1,72,1,10,2,7,21,0,15,5,6,2,3,1476489,27,3
6,2,43.5,2,3.5,3,8,11,0,7,4,3,2,0,971816.9,17,1
6,57,2,0,0.1,0.1,0.3,0.4,0.2,0.3,0.4,0,0.2,0,32993.2,0.8,0.2
6,58,8,0,0.4,0.4,1.3,1.5,0.6,1.1,1.7,0.2,0.8,0,131972.7,3.2,0.8
6,59,3,0,0.2,0.2,0.5,0.5,0.2,0.4,0.6,0.1,0.3,0,49489.8,1.2,0.3
7,0,2,0,0.3,0.1,0.3,0.5,0,0.3,0.2,0.1,0.1,0.1,46267.9,0.8,0.1
7,1,59,4,7.5,1,11,11,1,9,7,3.5,4,0,1195046.7,26,2
7,2,32.5,6,1,4,8,7,2,2,2,0.5,0,0,711862.7,11,1
7,29,42,4,4,3,14,5,3,1,3,3,2,0,969586.3,13,0
7,30,8,0.4,0.6,0.7,1.3,1.7,0,1.6,1,0.4,0.3,0,173288.3,3.4,0.1
7,57,2,0,0.1,0.1,0.3,0.4,0.2,0.3,0.4,0,0.2,0,32993.2,0.8,0.2
7,58,18,0,0.9,1,2.8,3.3,1.4,2.4,3.8,0.5,1.9,0,296938.5,7.1,1.9
8,1,7,0.1,0.9,0.5,0.9,1.7,0,1.2,0.7,0.3,0.3,0.4,161937.8,2.7,0.2
8,2,20,0.2,2.6,1.4,2.6,5,0.1,3.3,1.9,0.8,0.9,1.2,462679.4,7.8,0.7
8,3,4,0,0.5,0.3,0.5,1,0,0.7,0.4,0.2,0.2,0.2,92535.9,1.6,0.1
8,29,50,3,7.5,0,7,8,2,3,12,2.5,5,0,1124832.7,17,1
8,30,11,0.6,0.8,1,1.8,2.3,0,2.1,1.4,0.6,0.4,0,238271.4,4.7,0.2
8,71,6,0.2,0.2,0.4,0.9,1.1,0,1.2,1,0.3,0.6,0.1,135056.5,2.8,0.1
9,29,69,5,5,2,12,21,0,4,7,8,4,1,1500665.7,24,3
9,30,19,1,1.4,1.7,3,4.1,0,3.7,2.4,1,0.7,0,411559.7,8.1,0.3
9,47,3,0.1,0.2,0.2,0.4,0.8,0.1,0.4,0.5,0.2,0.1,0,66172.7,1.3,0.2
9,48,17,0.6,1,0.8,2,4.8,0.5,2.3,2.8,1.3,0.7,0.2,374978.7,7.1,1
9,57,5,0,0.3,0.3,0.8,0.9,0.4,0.7,1,0.1,0.5,0,82482.9,2,0.5
9,71,13,0.4,0.4,0.9,1.9,2.5,0,2.7,2.1,0.6,1.3,0.2,292622.3,6.1,0.2
9,72,10,0.3,0.3,0.6,1.5,1.9,0,2.1,1.6,0.5,1,0.2,225094.1,4.7,0.2
9,73,2,0.1,0.1,0.1,0.3,0.4,0,0.4,0.3,0.1,0.2,0,45018.8,0.9,0
9,123,6,0.3,0.5,0.3,1,1.2,0.1,0.8,0.8,0.5,0.3,0.2,103198.4,2.5,0.7
9,124,7,0.4,0.6,0.4,1.1,1.4,0.1,0.9,0.9,0.6,0.4,0.2,120398.1,2.9,0.8
10,28,1,0,0.1,0,0.1,0.3,0,0.1,0.2,0.1,0.1,0,20851.5,0.4,0.1
10,29,40,3,3,3,11,10,1,5,2,2,0,0,921534.1,18,3
10,30,44,2,6,2,3,14,0,5,8,1,2,1,913496.9,16,1
10,46,10,0.4,0.6,0.5,1.2,2.8,0.3,1.3,1.6,0.8,0.4,0.1,220575.7,4.2,0.6
10,47,17,0.6,1,0.8,2,4.8,0.5,2.3,2.8,1.3,0.7,0.2,374978.7,7.1,1
10,48,5,0.2,0.3,0.2,0.6,1.4,0.1,0.7,0.8,0.4,0.2,0.1,110287.9,2.1,0.3
10,71,14,0.4,0.5,0.9,2,2.7,0,2.9,2.3,0.7,1.4,0.2,315131.7,6.5,0.2
10,72,24,0,0,0,2,7,1,5,6,1,2,0,595300,13,2
10,73,3,0.1,0.1,0.2,0.4,0.6,0,0.6,0.5,0.1,0.3,0.1,67528.2,1.4,0
10,78,1,0,0,0.1,0.1,0.2,0,0.2,0.2,0.1,0.1,0,22509.4,0.5,0
10,122,18,0.9,1.5,1.1,2.9,3.6,0.3,2.4,2.4,1.5,0.9,0.5,309595.1,7.5,2
10,123,21,0,3,0,4,5,0,5,3,0,1,0,382945.5,13,3
11,28,7.5,0.2,0.7,0.2,0.9,1.9,0,0.6,1.3,0.8,0.6,0.3,156386.5,3.2,0.8
11,29,39,0.8,3.7,0.8,4.9,9.9,0,3.3,6.6,4.1,3.3,1.6,813209.8,16.4,4.1
11,30,60,2,8,5,10,17,0,5,5,7,0,1,1244525.4,21,0
11,31,1,0,0.1,0.1,0.2,0.2,0,0.2,0.1,0.1,0,0,21661,0.4,0
11,46,6,0.2,0.3,0.3,0.7,1.7,0.2,0.8,1,0.5,0.2,0.1,132345.4,2.5,0.3
11,47,93,8,11.5,10,15,22,4,3,2,12.5,3,2,1668098.1,28,9
11,71,7,0.2,0.2,0.5,1,1.4,0,1.5,1.1,0.3,0.7,0.1,157565.9,3.3,0.1
11,72,32,2,2,1,5,6,0,4,6,1,4,1,705451.9,15,3
11,82,1,0,0.2,0,0.1,0.2,0.1,0.1,0.1,0.1,0.1,0,18580.5,0.4,0.1
11,83,38,1,2,4,7,9,3,5,4,2,0,1,718748.3,15,2
11,84,10,0.1,1.6,0.1,1.4,2,0.5,1.5,1.4,0.6,0.7,0.1,185805.4,3.9,0.7
11,85,5,0,0.4,0.6,0,2.3,0,0.7,0,0.2,0.2,0.6,81739.9,2.1,0.6
11,86,4,0,0.3,0.5,0,1.8,0,0.6,0,0.1,0.2,0.5,65391.9,1.7,0.5
11,107,23,0.4,2.8,1.4,2.9,3.7,0.6,4.5,2.9,2,1.6,0.2,435247.2,9,1.4
11,108,2,0,0.2,0.1,0.3,0.3,0.1,0.4,0.3,0.2,0.1,0,37847.6,0.8,0.1
11,121,13,0.7,1.1,0.8,2.1,2.6,0.2,1.7,1.7,1,0.7,0.4,223596.5,5.4,1.5
11,122,49,3,2,3,13,6,2,11,0,7,2,0,799632.6,20,2
11,123,1,0,0.1,0.1,0.2,0.2,0,0.1,0.1,0.1,0.1,0,17199.7,0.4,0.1
12,0,17,0.5,1.4,0.5,2.8,4.2,1.1,3.2,1.4,0.9,0.5,0.5,409498.3,7,0.9
12,1,10.5,0.3,0.8,0.3,1.7,2.6,0.7,2,0.9,0.6,0.3,0.3,252925.4,4.3,0.6
12,2,9,0.2,0.7,0.3,1.5,2.2,0.6,1.7,0.7,0.5,0.3,0.3,216793.2,3.7,0.5
12,30,17,0.9,1.2,1.5,2.7,3.7,0,3.4,2.1,0.9,0.6,0,368237.6,7.3,0.3
12,46,13,0.5,0.8,0.6,1.5,3.7,0.4,1.8,2.1,1,0.5,0.1,286748.4,5.4,0.8
12,47,30,1,5,2,3,9,1,3,2,2,2,0,677341.5,12,2
12,72,3,0.1,0.1,0.2,0.4,0.6,0,0.6,0.5,0.1,0.3,0.1,67528.2,1.4,0
12,78,3,0.1,0.1,0.2,0.4,0.6,0,0.6,0.5,0.1,0.3,0.1,67528.2,1.4,0
12,82,31,2,0,2,4,5,0,6,9,2,1,0,601884.5,14,4
12,83,56,2,5,3,11,13,1,7,4,6,3,1,1079390.3,22,7
12,84,24,0.3,3.9,0.3,3.2,4.9,1.3,3.6,3.3,1.3,1.6,0.3,445932.8,9.4,1.6
12,107,13,0.2,1.6,0.8,1.6,2.1,0.4,2.5,1.6,1.2,0.9,0.1,246009.3,5.1,0.8
12,108,54,1,10,4,10,12,2,6,5,3,1,0,1063700.9,18,0
12,109,16,0.3,2,1,2,2.6,0.4,3.1,2,1.4,1.1,0.1,302780.7,6.2,1
12,120,1,0,0.1,0.1,0.2,0.2,0,0.1,0.1,0.1,0.1,0,17199.7,0.4,0.1
12,121,17,0.9,1.4,1,2.8,3.4,0.3,2.2,2.2,1.4,0.9,0.5,292395.4,7.1,1.9
12,122,9.5,0.5,0.8,0.6,1.5,1.9,0.1,1.2,1.3,0.8,0.5,0.3,163397.4,4,1.1
12,123,2,0.1,0.2,0.1,0.3,0.4,0,0.3,0.3,0.2,0.1,0,34399.5,0.8,0.2
12,124,2,0.1,0.2,0.1,0.3,0.4,0,0.3,0.3,0.2,0.1,0,34399.5,0.8,0.2
13,0,48,1,5,1,6,14,3,5,8,4,0,1,928837.7,19,0
13,1,49.5,0,7,2,5,16,2,5,8,1.5,3,0,1198058.4,21,1
13,2,27,4,2,1,5,4,1,1,7,0,2,0,498346.1,11,2
13,45,2,0.1,0.1,0.1,0.2,0.6,0.1,0.3,0.3,0.1,0.1,0,44115.1,0.8,0.1
13,46,20,0.8,1.2,1,2.3,5.6,0.6,2.7,3.3,1.5,0.8,0.2,441151.5,8.3,1.2
13,47,10,0.4,0.6,0.5,1.2,2.8,0.3,1.3,1.6,0.8,0.4,0.1,220575.7,4.2,0.6
13,82,8,0.1,1.3,0.1,1.1,1.6,0.4,1.2,1.1,0.4,0.6,0.1,148644.3,3.1,0.5
13,83,31,0.4,5,0.4,4.2,6.3,1.7,4.6,4.2,1.7,2.1,0.4,575996.6,12.1,2.1
13,107,29,0.5,3.6,1.8,3.6,4.6,0.8,5.6,3.6,2.6,2,0.3,548790,11.3,1.8
13,108,12,0.2,1.5,0.7,1.5,1.9,0.3,2.3,1.5,1.1,0.9,0.1,227085.5,4.7,0.7
13,109,2,0,0.2,0.1,0.3,0.3,0.1,0.4,0.3,0.2,0.1,0,37847.6,0.8,0.1
13,120,8,0.4,0.7,0.5,1.3,1.6,0.1,1.1,1.1,0.6,0.4,0.2,137597.8,3.3,0.9
13,122,3,0.2,0.2,0.2,0.5,0.6,0,0.4,0.4,0.2,0.2,0.1,51599.2,1.2,0.3
13,123,11,0.6,0.9,0.7,1.8,2.2,0.2,1.4,1.4,0.9,0.6,0.3,189197,4.6,1.2
14,0,34,2.5,4.1,1.3,7.6,5.1,1.3,3.5,2.9,3.2,1.6,0.9,623366.1,12.1,1.3
14,1,29,2.2,3.5,1.1,6.5,4.3,1.1,3,2.4,2.7,1.4,0.8,531694.6,10.3,1.1
14,2,27,0,1,1,4,4,0,6,6,2,3,0,621951,15,0
14,46,49,1,10,2,3,15,0,4,2,8,3,1,810631.2,15,4
14,47,27,1,0,1,7,8,0,3,3,1,3,0,593208.7,14,0
14,48,22,0.9,2.8,0,1.4,4.1,0.5,4.1,4.1,1.8,1.4,0.9,355233.6,7.8,2.3
14,49,2,0.1,0.2,0,0.1,0.4,0,0.4,0.4,0.2,0.1,0.1,32294,0.7,0.2
14,107,13,0.2,1.6,0.8,1.6,2.1,0.4,2.5,1.6,1.2,0.9,0.1,246009.3,5.1,0.8
14,122,11,0.6,0.5,0.5,2.7,1,0.3,1.8,2.1,0.5,0.8,0.2,243688.9,4.5,0.5
15,2,10,0.8,1.2,0.4,2.2,1.5,0.4,1,0.8,0.9,0.5,0.3,183343,3.6,0.4
15,3,40,4,6,1,3,7,0,11,3,5,0,0,813018.7,14,1
15,4,20,1.5,2.4,0.7,4.5,3,0.7,2.1,1.7,1.9,0.9,0.6,366685.9,7.1,0.7
15,46,4,0.2,0.5,0,0.2,0.7,0.1,0.7,0.8,0.3,0.3,0.2,64587.9,1.4,0.4
15,47,5,0.2,0.6,0,0.3,0.9,0.1,1,1,0.4,0.3,0.2,80734.9,1.8,0.5
15,48,4,0.2,0.5,0,0.2,0.7,0.1,0.7,0.8,0.3,0.3,0.2,64587.9,1.4,0.4
16,4,14,1.1,1.7,0.5,3.1,2.1,0.5,1.4,1.2,1.3,0.7,0.4,256680.2,5,0.5
16,5,6,0.2,0.5,0.2,0.9,1.1,0.2,0.9,1.3,0.2,0.5,0,151900.8,2.7,0.4
16,43,11,0.4,1.4,0,0.7,2.1,0.2,2.1,2.1,0.9,0.7,0.4,177616.8,3.9,1.1
16,103,3,0,0.4,0.2,0.4,0.5,0.1,0.6,0.4,0.2,0.2,0,56771.4,1.2,0.2
16,117,2,0.1,0.1,0,0.3,0.5,0,0.7,0.1,0,0.2,0,46713.8,1,0.1
17,4,41,4,4,2,7,9,0,4,9,0,0,2,1059544.9,15,0
17,5,27,0,3,1,3,6,0,4,8,1,1,0,575148.8,11,2
17,6,14,0.5,1,0.5,2.1,2.6,0.5,2.1,3.1,0.5,1.1,0,354435.1,6.2,1
17,7,92,2,11,6,14,22,3,14,7,9,3,1,1638676.3,36,12
17,8,4,0.1,0.3,0.2,0.6,0.7,0.1,0.6,0.9,0.2,0.3,0,101267.2,1.8,0.3
17,17,4,0.2,0.3,0.1,0.6,0.5,0,1,0.3,0.2,0.7,0.1,74101.3,1.7,0.4
17,18,8,0.5,0.5,0.2,1.2,1,0,1.9,0.5,0.5,1.5,0.2,148202.6,3.4,0.7
17,116,2,0.1,0.1,0,0.3,0.5,0,0.7,0.1,0,0.2,0,46713.8,1,0.1
17,117,5,0.2,0.2,0,0.8,1.2,0.1,1.7,0.3,0.1,0.4,0,116784.5,2.5,0.3
18,5,36,4,2,2,10,5,3,3,5,2,0,0,689775.9,12,2
18,6,71,1,1,4,14,9,4,8,10,4,15,1,1560331.9,33,2
18,7,22,0,3,0,0,9,0,0,7,1,2,0,571282.5,11,0
18,8,3,0.1,0.2,0.1,0.4,0.6,0.1,0.5,0.7,0.1,0.2,0,75950.4,1.3,0.2
18,18,21,1.3,1.3,0.6,3.2,2.5,0,5.1,1.3,1.3,3.8,0.6,389031.9,8.9,1.9
18,19,31,2,3,1,5,8,1,3,4,3,1,0,681109.3,11,0
18,20,10,0.5,0.8,0.3,2.1,2.1,0,1.9,1.3,0.8,0.1,0.1,223281.4,3.7,0
18,116,8,0.4,0.3,0,1.2,1.9,0.2,2.6,0.5,0.2,0.7,0,186855.2,4,0.5
18,117,10,0.5,0.3,0,1.5,2.4,0.2,3.3,0.7,0.2,0.9,0,233569,5.1,0.7
18,118,13,0.6,0.4,0,2,3.1,0.3,4.3,0.9,0.3,1.1,0,303639.7,6.6,0.9
18,119,5.5,0.2,0.2,0,0.9,1.3,0.1,1.8,0.4,0.1,0.5,0,128462.9,2.8,0.4
19,5,10,0.4,1.1,0.2,1.8,2.7,0,0.9,1.1,0.7,0.9,0.2,252370.7,4,0.2
19,6,74,5,6,5,11,16,2,12,7,2,8,0,1555686.7,34,5
19,7,79,7,11,3,12,12,1,8,10,5,8,2,1294414.9,27,7
19,8,77,6,4,6,15,8,2,12,8,7,7,2,1503952.1,35,4
19,9,48,4,4,1,10,4,4,12,3,2,4,0,1022206.7,18,2
19,18,10,1.1,0.7,0.3,2.9,3.2,0,0.7,0.7,0,0,0.4,193982.8,4.3,0.4
19,19,16,1.7,1.1,0.6,4.6,5.1,0,1.1,1.2,0,0,0.6,310372.5,6.9,0.6
19,20,8,0.4,0.6,0.3,1.7,1.7,0,1.5,1,0.6,0.1,0.1,178625.1,2.9,0
19,116,4,0.2,0.5,0.3,0.3,1.2,0.1,0.3,0.5,0.3,0.3,0,75257.6,1.6,0.3
19,118,9,0.5,1.2,0.6,0.8,2.7,0.1,0.8,1.1,0.6,0.6,0,169329.6,3.5,0.8
19,119,19,1,2.6,1.3,1.6,5.8,0.3,1.6,2.2,1.3,1.3,0,357473.5,7.4,1.6
20,6,31,3,2,2,5,4,0,7,5,2,1,0,609527.2,13,2
20,7,83,5,4,4,13,18,2,10,10,13,4,0,1859685.5,33,2
20,8,70,3,5,1,13,12,1,11,13,4,4,3,1641033.3,29,2
20,9,10,0.4,1.1,0.2,1.8,2.7,0,0.9,1.1,0.7,0.9,0.2,252370.7,4,0.2
20,18,1,0.1,0.1,0,0.3,0.3,0,0.1,0.1,0,0,0,19398.3,0.4,0
20,19,1,0.1,0.1,0,0.3,0.3,0,0.1,0.1,0,0,0,19398.3,0.4,0
20,91,9,0,0.7,1,0,4.2,0,1.4,0,0.3,0.4,1,147131.8,3.8,1
21,5,10,0.4,1.1,0.2,1.8,2.7,0,0.9,1.1,0.7,0.9,0.2,252370.7,4,0.2
21,6,61,6,6,4,11,15,1,5,1,7,1,4,1124782.3,20,3
21,7,77,3,9,2,6,16,2,9,22,5,3,0,1700225,30,2
21,8,10,0.4,1.1,0.2,1.8,2.7,0,0.9,1.1,0.7,0.9,0.2,252370.7,4,0.2
21,91,8,0,0.6,0.9,0,3.7,0,1.3,0,0.3,0.3,0.9,130783.8,3.4,0.9
22,7,5,0.2,0.6,0.1,0.9,1.3,0,0.4,0.6,0.3,0.5,0.1,126185.4,2,0.1
22,33,16,0.8,1.3,0.5,3.3,3.3,0,3,2,1.3,0.2,0.3,357250.2,5.8,0
22,111,1,0,0.1,0,0.1,0.3,0,0.1,0.1,0.2,0.1,0,16049,0.4,0.1
22,112,8,0,0.7,0.2,1.1,1.9,0.2,1.1,0.9,1.6,0.3,0,128392.1,3.2,0.7
23,31,12,0.6,0.9,0.4,2.5,2.5,0,2.3,1.5,0.9,0.2,0.2,267937.7,4.4,0
23,32,58,2,5,4,6,14,3,13,6,2,1,2,1220765.8,24,2
23,33,17,0.8,1.4,0.5,3.5,3.5,0,3.2,2.2,1.3,0.3,0.3,379578.3,6.2,0
23,112,9,0,0.8,0.2,1.2,2.2,0.2,1.2,1,1.8,0.4,0,144441.1,3.6,0.8
23,113,25,0,2.2,0.6,3.3,6.1,0.6,3.3,2.8,5,1.1,0,401225.3,10,2.2
23,114,2,0,0.2,0,0.3,0.5,0,0.3,0.2,0.4,0.1,0,32098,0.8,0.2
23,115,23,1.2,3.1,1.6,1.9,7,0.4,1.9,2.7,1.6,1.6,0,432731.1,9,1.9
23,116,4,0.2,0.5,0.3,0.3,1.2,0.1,0.3,0.5,0.3,0.3,0,75257.6,1.6,0.3
24,28,1,0,0.2,0,0.2,0.2,0.1,0.1,0.1,0.1,0,0,19252.9,0.4,0
24,29,3,0.1,0.5,0.2,0.5,0.6,0.2,0.4,0.2,0.2,0.1,0,57758.7,1.1,0.1
24,30,14,0,0.9,0.9,2.3,1.3,0,2.7,2.3,1.3,1.4,0.9,256854.6,6.3,1.4
24,31,16,0,1,1,2.6,1.6,0,3.1,2.6,1.5,1.6,1,293548.1,7.2,1.5
24,113,8,0.2,0.9,0.2,0.9,2,0.3,0.9,2,0.3,0.3,0,139146.8,3.4,0.7
24,115,19,0.4,2.1,0.4,2.1,4.7,0.8,2.1,4.7,0.8,0.9,0,330473.6,8,1.7
24,116,17,0.4,1.9,0.4,1.9,4.1,0.7,1.9,4.1,0.8,0.8,0,295686.9,7.2,1.5
25,27,16,0.4,2.5,0.8,2.5,3.4,0.9,2.2,1.2,1.2,0.8,0.1,308046.2,5.7,0.6
25,28,46,2,1,0,9,9,2,6,8,2,6,1,937174.5,26,3
25,29,46,0,3,5,5,11,0,8,4,1,8,1,954248.4,22,3
25,30,35,1,5,1,4,7,1,6,2,3,5,0,636496,15,2
25,31,1,0,0.1,0.1,0.1,0.1,0,0.2,0.1,0.1,0.1,0.1,18346.8,0.5,0.1
25,65,1,0,0.1,0,0.1,0.2,0,0.2,0.3,0,0.1,0,23303.4,0.6,0.1
26,26,2,0,0.3,0.1,0.3,0.4,0.1,0.3,0.2,0.2,0.1,0,38505.8,0.7,0.1
26,27,46,2,2,4,4,11,2,2,14,4,0,1,889606.6,19,1
26,28,96,4,8,5,14,28,2,9,11,9,5,1,1711742.3,42,8
26,29,26,0,3,1,2,7,0,3,8,0,2,0,550432.6,13,0
26,30,51,3,4,0,6,11,2,7,12,2,3,1,994674,20,3
26,31,58,3,4,2,18,10,3,5,4,9,0,0,1106982.1,21,2
26,62,7,0.8,0.7,0.4,1.3,1.2,0,0.7,1.3,0.4,0.1,0.1,148256.4,2.5,0.3
26,64,17,1.9,1.7,0.9,3.3,3.1,0,1.7,3.1,0.9,0.2,0.2,360051.3,6.1,0.7
26,65,9,0,0.4,0,0.7,1.4,0,2.2,2.9,0.3,1.1,0,209730.4,5,0.7
27,24,7,0.2,1.1,0.3,1.1,1.5,0.4,1,0.5,0.5,0.3,0.1,134770.2,2.5,0.3
27,25,4,0.1,0.6,0.2,0.6,0.9,0.2,0.6,0.3,0.3,0.2,0,77011.6,1.4,0.2
27,26,35,0.8,5.6,1.8,5.4,7.3,1.9,4.9,2.7,2.7,1.6,0.3,673851.1,12.5,1.4
27,27,78,3,11,5.5,11,23,1,8,8,7.5,0,0,1439116.3,28,5
27,28,42,3,1,3,6,11,0,2,9,4,2,1,735823.2,19,3
27,63,9,1,0.9,0.5,1.8,1.6,0,0.9,1.6,0.5,0.1,0.1,190615.4,3.2,0.4
27,64,20,2.2,1.9,1.1,3.9,3.6,0,2,3.6,1.1,0.3,0.3,423589.8,7.2,0.8
27,65,13,0,0.5,0,1,2.1,0,3.1,4.2,0.5,1.6,0,302943.9,7.3,1
28,27,15,0.3,2.4,0.8,2.3,3.1,0.8,2.1,1.2,1.2,0.7,0.1,288793.3,5.3,0.6
28,28,15,0.3,2.4,0.8,2.3,3.1,0.8,2.1,1.2,1.2,0.7,0.1,288793.3,5.3,0.6
28,29,21,0.5,3.3,1.1,3.3,4.4,1.1,2.9,1.6,1.6,1,0.2,404310.6,7.5,0.8
28,64,19,2.1,1.8,1.1,3.7,3.4,0,1.8,3.4,1.1,0.3,0.3,402410.3,6.9,0.8
28,65,2,0,0.1,0,0.2,0.3,0,0.5,0.6,0.1,0.2,0,46606.8,1.1,0.2
28,111,1,0,0.1,0,0.1,0.3,0,0.1,0.3,0,0.1,0,17393.3,0.4,0.1
30,111,10,0.7,0.9,0.9,1.6,2.3,0,1.4,1.1,0.2,0.9,0,223589.9,3.9,1
30,112,7,0.5,0.6,0.6,1.1,1.6,0,1,0.7,0.2,0.7,0,156513,2.8,0.7
31,81,7,0.4,0.4,0.5,0.9,1.3,0.2,1,1.1,0.4,0.5,0.3,179014.6,2.8,0.3
31,82,15,0.9,0.8,1,1.9,2.9,0.3,2.1,2.4,1,1.1,0.6,383602.7,6.1,0.6
31,83,11,0.7,0.6,0.7,1.4,2.1,0.2,1.5,1.8,0.7,0.8,0.5,281308.6,4.4,0.5
31,110,4,0.3,0.3,0.4,0.6,0.9,0,0.6,0.4,0.1,0.4,0,89436,1.6,0.4
31,111,30,0,3,0,4,11,1,5,4,1,1,0,586703.1,13,0
31,112,24,1.7,2.1,2.2,3.9,5.5,0,3.3,2.5,0.6,2.2,0,536615.9,9.4,2.5
32,62,1,0.1,0.1,0,0.4,0.2,0,0.1,0,0.1,0,0,22728.6,0.4,0.1
32,81,16,1,0.9,1,2,3.1,0.3,2.2,2.6,1,1.2,0.7,409176.2,6.5,0.7
32,82,33,3,4,3,8,4,1,1,6,1,2,0,576618,15,4
32,83,3,0.2,0.1,0.2,0.4,0.6,0.1,0.4,0.5,0.2,0.2,0.1,76720.5,1.2,0.1
32,110,10,0.7,0.9,0.9,1.6,2.3,0,1.4,1.1,0.2,0.9,0,223589.9,3.9,1
32,111,36,0,2,2,3,4,0,16,7,0,2,0,619333.9,17,5
32,112,22.5,1.6,2,2.1,3.6,5.2,0,3.1,2.3,0.5,2.1,0,503077.4,8.8,2.3
33,19,4,0.2,0.3,0.2,0.8,1.1,0.1,0.3,0.4,0.4,0.1,0.1,84773.9,1.4,0.3
33,20,4,0.1,0.6,0.2,0.6,0.9,0.2,0.6,0.3,0.3,0.2,0,77011.6,1.4,0.2
33,23,6,0.1,1,0.3,0.9,1.3,0.3,0.8,0.5,0.5,0.3,0,115517.3,2.1,0.2
33,61,12,1.1,1.8,0,4.6,2.1,0.7,0.7,0,0.7,0,0.3,272742.8,4.2,0.7
33,62,13,1.1,1.9,0,5,2.3,0.7,0.8,0,0.8,0,0.4,295471.4,4.6,0.8
33,63,6,0.5,0.9,0,2.3,1.1,0.3,0.4,0,0.3,0,0.2,136371.4,2.1,0.4
33,66,2,0.2,0.3,0,0.8,0.3,0.1,0.1,0,0.1,0,0.1,45457.1,0.7,0.1
33,81,2,0.1,0.1,0.1,0.3,0.4,0,0.3,0.3,0.1,0.2,0.1,51147,0.8,0.1
33,82,14,0.9,0.8,0.9,1.8,2.7,0.3,1.9,2.2,0.9,1,0.6,358029.2,5.7,0.6
33,83,2,0.1,0.1,0.1,0.3,0.4,0,0.3,0.3,0.1,0.2,0.1,51147,0.8,0.1
33,111,8,0.6,0.7,0.7,1.3,1.9,0,1.1,0.8,0.2,0.7,0,178872,3.1,0.8
33,112,27,1,5,1,2,10,0,1,4,0,3,0,394349.9,12,5
33,113,1,0.1,0.1,0.1,0.2,0.2,0,0.1,0.1,0,0.1,0,22359,0.4,0.1
34,12,8,0.4,0.6,0.4,1.7,2.1,0.2,0.6,0.8,0.8,0.2,0.2,169547.7,2.9,0.6
34,13,28,0,1,1,3,8,1,1,8,1,2,2,576411.7,14,2
34,18,1,0,0.1,0.1,0.2,0.3,0,0.1,0.1,0.1,0,0,23584.9,0.4,0
34,19,26,0.8,2.3,1.1,5.4,6.3,0.4,3.5,2.5,2.3,0.8,0.6,613207,11,0.2
34,20,2,0.1,0.2,0.1,0.3,0.6,0.1,0.2,0.2,0.1,0.1,0,42581,0.7,0
34,21,12,0.7,1.3,0.4,1.6,3.3,0.3,1.4,1.4,0.9,0.5,0.2,255486.1,4.4,0.2
34,22,5,0.3,0.5,0.2,0.7,1.4,0.1,0.6,0.6,0.3,0.2,0.1,106452.6,1.8,0.1
34,23,17,1,1.8,0.6,2.3,4.7,0.4,2,2,1.2,0.7,0.3,361938.7,6.2,0.3
34,24,2,0.1,0.2,0.1,0.3,0.6,0.1,0.2,0.2,0.1,0.1,0,42581,0.7,0
34,60,1,0,0.1,0,0.2,0.2,0,0.1,0.2,0.1,0.1,0,29901.2,0.5,0.1
34,61,25,0.8,1.6,0,4.2,5,0,1.7,4.2,4.2,3.3,0,747528.9,11.7,1.7
34,62,1,0,0.1,0,0.2,0.2,0,0.1,0.2,0.1,0.1,0,29901.2,0.5,0.1
34,63,3,0.1,0.2,0,0.5,0.6,0,0.2,0.5,0.5,0.4,0,89703.5,1.4,0.2
34,112,14,0,0.6,0.9,1.8,2.4,1.2,2.4,3.5,0,0.6,0.6,301442.8,6.6,0.6
34,113,5,0,0.2,0.3,0.6,0.9,0.4,0.9,1.3,0,0.2,0.2,107658.2,2.3,0.2
34,125,3,0.3,0.2,0.2,0.5,0.5,0,0.3,0.5,0.2,0.2,0.1,60245.8,1.4,0.2
35,12,51,3,4,3,14,8,4,4,2,4,3,2,939334.4,16,3
35,13,63,1,5,2,10,11,2,10,7,10,5,0,1390539.8,25,2
35,14,21,1.1,1.6,1.1,4.3,5.4,0.5,1.6,2.2,2.2,0.5,0.5,445062.7,7.5,1.6
35,15,2,0,0.2,0.1,0.4,0.5,0,0.3,0.2,0.2,0.1,0,47169.8,0.8,0
35,18,29,3,2,1,9,5,0,1,2,3,3,0,472571.7,11,2
35,19,41,2,5,2,11,9,1.5,5,2,1.5,1,1,672910.7,16,7
35,22,16,1,1.7,0.6,2.1,4.4,0.4,1.8,1.9,1.1,0.7,0.3,340648.2,5.8,0.3
35,23,42,4,3,4,10,10,0,3,6,2,0,0,796166.1,16,3
35,24,5,0.3,0.5,0.2,0.7,1.4,0.1,0.6,0.6,0.3,0.2,0.1,106452.6,1.8,0.1
35,113,2.5,0,0.1,0.2,0.3,0.4,0.2,0.4,0.7,0,0.1,0.1,53829.1,1.2,0.1
36,12,39.5,2,5,1,9,8,1,9,2,1.5,0,1,852385.5,14,1
36,13,1,0,0.1,0.1,0.2,0.3,0,0.1,0.1,0.1,0,0,21193.5,0.4,0.1
36,15,7,0.2,0.6,0.3,1.5,1.7,0.1,0.9,0.7,0.6,0.2,0.2,165094.2,3,0.1
36,16,2,0,0.2,0.1,0.4,0.5,0,0.3,0.2,0.2,0.1,0,47169.8,0.8,0
36,17,1,0,0.1,0.1,0.2,0.3,0,0.1,0.1,0.1,0,0,23584.9,0.4,0
36,18,20,0.6,1.8,0.8,4.2,4.8,0.3,2.7,1.9,1.8,0.6,0.5,471697.7,8.5,0.2
36,19,10,0.3,0.9,0.4,2.1,2.4,0.2,1.4,0.9,0.9,0.3,0.2,235848.8,4.2,0.1
36,22,4,0.2,0.4,0.1,0.5,1.1,0.1,0.5,0.5,0.3,0.2,0.1,85162,1.5,0.1
36,23,81,3,5,6,14,18,3,15,8,6,2,1,1559444.3,37,4
36,24,47.5,3,9.5,1,6,15,1,2,3,5,1,1,855339.5,15,2
36,25,4,0.2,0.4,0.1,0.5,1.1,0.1,0.5,0.5,0.3,0.2,0.1,85162,1.5,0.1
37,12,5,0.3,0.4,0.3,1,1.3,0.1,0.4,0.5,0.5,0.1,0.1,105967.3,1.8,0.4
37,15,20,0.6,1.8,0.8,4.2,4.8,0.3,2.7,1.9,1.8,0.6,0.5,471697.7,8.5,0.2
37,16,17,0.5,1.5,0.7,3.5,4.1,0.3,2.3,1.6,1.5,0.6,0.4,400943,7.2,0.1
37,23,50,0,3,4,6,8,2,11,6,4,5,1,926970.3,20,4
37,24,38,2.4,4,1.3,5,10.4,1,4.4,4.4,2.7,1.7,0.7,809039.4,13.8,0.7
38,15,13,0.4,1.2,0.5,2.7,3.1,0.2,1.8,1.3,1.1,0.4,0.3,306603.5,5.5,0.1
38,16,54,5,5,3,14,9,1,2,7,3,5,0,1102530.9,25,4
38,17,6,0.2,0.5,0.2,1.3,1.4,0.1,0.8,0.6,0.5,0.2,0.2,141509.3,2.5,0
38,23,1,0.1,0.1,0,0.1,0.3,0,0.1,0.1,0.1,0.1,0,21290.5,0.4,0
38,24,7,0.4,0.8,0.3,0.9,1.9,0.2,0.8,0.8,0.5,0.3,0.1,149033.6,2.5,0.1
39,15,16,1.1,1.9,1.9,3.8,2.4,0.3,2.7,0,1.1,0.8,0,314653.3,4.9,1.1
39,16,50,1,5,2,2,17,0,6,8,2,5,2,943675.5,23,4
39,17,56,0,12,3,5,20,0,7,1,4,4,0,949711.5,21,4
39,83,14,0.9,0.8,0.9,1.8,2.7,0.3,1.9,2.2,0.9,1,0.6,358029.2,5.7,0.6
40,15,28,1.9,3.3,3.3,6.6,4.3,0.5,4.8,0,1.9,1.4,0,550643.3,8.5,1.9
40,16,47,3,7,3,6,15,0,3,3,3,2,2,985358.4,15,3
40,17,35,3,2,2,8,4,0,6,6,3,1,0,769790.5,13,1
40,18,15,1,1.8,1.8,3.6,2.3,0.2,2.5,0,1,0.8,0,294987.5,4.6,1
40,83,3,0.2,0.1,0.2,0.4,0.6,0.1,0.4,0.5,0.2,0.2,0.1,76720.5,1.2,0.1
40,98,4,0.2,0.2,0.3,0.5,0.8,0.1,0.5,0.6,0.3,0.3,0.2,102294,1.6,0.2
41,99,3,0.2,0.1,0.2,0.4,0.6,0.1,0.4,0.5,0.2,0.2,0.1,76720.5,1.2,0.1
41,115,2,0,0.1,0,0.2,0.3,0.1,0.4,0.6,0.1,0.2,0,35008.6,1,0.2
42,115,8,0.1,0.5,0.1,0.9,1.2,0.3,1.5,2.2,0.5,0.7,0,140034.2,3.8,1
42,116,2,0,0.1,0,0.2,0.3,0.1,0.4,0.6,0.1,0.2,0,35008.6,1,0.2
42,118,2,0,0.1,0,0.2,0.3,0.1,0.4,0.6,0.1,0.2,0,35008.6,1,0.2
43,114,2,0,0.1,0.1,0.3,0.3,0.2,0.3,0.5,0,0.1,0.1,43063.3,0.9,0.1
43,115,17,0.3,1.1,0.3,1.8,2.6,0.5,3.1,4.7,1,1.6,0,297572.7,8.1,2.1
43,116,13,0.2,0.8,0.2,1.4,2,0.4,2.4,3.6,0.8,1.2,0,227555.6,6.2,1.6
43,117,6,0.1,0.4,0.1,0.6,0.9,0.2,1.1,1.7,0.4,0.5,0,105025.7,2.9,0.7
43,118,14,0.2,0.9,0.2,1.5,2.1,0.4,2.6,3.9,0.9,1.3,0,245059.9,6.7,1.7
43,119,1,0,0.1,0,0.1,0.1,0,0.2,0.3,0.1,0.1,0,17504.3,0.5,0.1
44,114,2,0.1,0.3,0.1,0.2,0.4,0,0.3,0.4,0.1,0.1,0,35522.7,0.9,0.1
44,115,37,2,2,3,6,5,1,3,9,4,2,0,609191.2,14,3
44,116,21.5,0.9,2.7,0.5,2.2,4.4,0.2,3.6,4.4,1.3,1.3,0,381869,9.3,1.3
44,117,6,0.3,0.7,0.1,0.6,1.2,0.1,1,1.2,0.4,0.4,0,106568.1,2.6,0.4
44,118,9,0.4,1.1,0.2,0.9,1.8,0.1,1.5,1.8,0.6,0.6,0,159852.1,3.9,0.6
44,119,2,0.1,0.3,0.1,0.2,0.4,0,0.3,0.4,0.1,0.1,0,35522.7,0.9,0.1
45,115,1,0,0.1,0,0.1,0.2,0,0.2,0.2,0.1,0.1,0,17761.3,0.4,0.1
45,116,7,0.3,0.9,0.2,0.7,1.4,0.1,1.2,1.4,0.4,0.4,0,124329.4,3,0.4
46,108,4,0.2,0.5,0.2,0.8,0.8,0.2,0.5,0.2,0.5,0.1,0,81120,1.3,0.1
47,101,6,0.3,0.7,0.3,1.2,1.2,0.3,0.7,0.4,0.7,0.2,0,121680,1.9,0.2
48,101,3,0.2,0.3,0.2,0.6,0.6,0.2,0.3,0.2,0.3,0.1,0,60840,0.9,0.1
48,102,6,0.3,0.7,0.3,1.2,1.2,0.3,0.7,0.4,0.7,0.2,0,121680,1.9,0.2
49,101,5,0.3,0.6,0.3,1,1,0.3,0.6,0.3,0.5,0.1,0,101400,1.6,0.1
49,102,2,0.1,0.2,0.1,0.4,0.4,0.1,0.3,0.1,0.2,0.1,0,40560,0.6,0.1
52,35,1,0.1,0.1,0,0.3,0.1,0,0.3,0.1,0,0,0,23527.3,0.4,0
52,37,2,0.2,0.1,0,0.6,0.2,0,0.6,0.3,0,0,0,47054.6,0.9,0
52,67,4,0.4,0,0.1,1,0.1,0.3,1,0.3,0.4,0.3,0.1,108268.5,1.5,0
52,68,1,0.1,0,0,0.2,0,0.1,0.3,0.1,0.1,0.1,0,27067.1,0.4,0
52,69,9,0.9,0,0.3,2.2,0.3,0.6,2.2,0.6,1,0.6,0.3,243604.2,3.4,0
52,96,6,0,0.4,0.2,0.8,1.2,0,1.4,1.2,0,0.8,0,122009.1,3,0.8
52,97,7,0,0.5,0.2,0.9,1.4,0,1.6,1.4,0,1,0,142344,3.5,0.9
52,127,5,0,0.7,0.3,0.3,0.9,0.2,0.7,1.5,0.1,0.3,0,87222.7,2.3,0.4
53,34,4,0.3,0.2,0,1.1,0.5,0,1.2,0.5,0,0.1,0.1,94109.2,1.8,0
53,35,12,0.9,0.7,0,3.2,1.4,0,3.7,1.6,0,0.2,0.3,282327.7,5.3,0
53,36,10,0.8,0.6,0,2.7,1.1,0,3.1,1.3,0,0.2,0.2,235273.1,4.4,0
53,37,3,0.2,0.2,0,0.8,0.3,0,0.9,0.4,0,0.1,0.1,70581.9,1.3,0
53,66,5,0.5,0,0.2,1.2,0.2,0.3,1.2,0.3,0.5,0.4,0.2,135335.7,1.9,0
53,67,2,0.2,0,0.1,0.5,0.1,0.1,0.5,0.1,0.2,0.1,0.1,54134.3,0.8,0
53,68,1,0.1,0,0,0.2,0,0.1,0.3,0.1,0.1,0.1,0,27067.1,0.4,0
53,96,4,0,0.3,0.1,0.5,0.8,0,1,0.8,0,0.5,0,81339.4,2,0.5
53,97,27,1,3,3,5,5,0,4,3,0,2,1,606467,11,3
53,127,2,0,0.3,0.1,0.1,0.4,0.1,0.3,0.6,0,0.1,0,34889.1,0.9,0.2
54,34,47,0.9,4.3,1.7,6.1,12.2,0,9.6,4.3,3.5,4.4,0,1182122.2,20,1.7
54,35,53,1,8,2,15,9,3,5,4,5,1,0,1062202.5,19,1
54,36,1,0.1,0.2,0,0.2,0.3,0,0.1,0.1,0,0,0,20805.8,0.4,0.1
54,82,25,3,1.9,0.4,6.4,4.5,1.3,1.9,1.9,2.8,0.7,0.2,466406.7,9,1.3
54,83,25,3,1.9,0.4,6.4,4.5,1.3,1.9,1.9,2.8,0.7,0.2,466406.7,9,1.3
54,98,8,0,0.5,0.3,1,1.6,0,1.9,1.6,0,1.1,0,162678.8,4,1.1
54,115,1,0.1,0,0,0.2,0.2,0,0.2,0.3,0,0,0,15269.3,0.5,0.1
55,34,7,0.1,0.6,0.3,0.9,1.8,0,1.4,0.7,0.5,0.7,0,176060.7,3,0.3
55,35,41,2.7,6.8,2.1,7.5,10.3,2,4.8,2.1,2,0,0.7,853036.9,15.7,2.7
55,57,3,0.1,0.4,0.4,0.7,0.7,0.1,0.2,0.2,0.1,0.1,0,57469.7,1.2,0.2
55,82,10,1.2,0.8,0.2,2.5,1.8,0.5,0.8,0.8,1.1,0.2,0.1,186562.7,3.6,0.5
55,83,19,2.3,1.4,0.3,4.9,3.4,1,1.4,1.5,2.1,0.5,0.2,354469.1,6.8,1
55,84,23,2.7,1.8,0.4,5.9,4.1,1.2,1.8,1.8,2.5,0.6,0.2,429094.1,8.3,1.2
55,85,1,0,0.2,0,0.2,0.2,0,0.1,0.2,0,0.1,0,21585.2,0.4,0.1
55,125,9,0.6,0.2,0.8,1.6,0.8,0,1.6,2.2,0.2,0.8,0.2,201870.4,4.4,0.2
56,27,2,0.2,0.1,0,0.6,0.2,0,0.6,0.3,0,0,0,47054.6,0.9,0
56,28,4,0.3,0.2,0,1.1,0.5,0,1.2,0.5,0,0.1,0.1,94109.2,1.8,0
56,35,2,0.1,0.3,0.1,0.4,0.5,0.1,0.3,0.1,0.1,0,0,41611.6,0.8,0.1
56,54,6,0.3,0.7,0.8,1.3,1.4,0.2,0.4,0.4,0.2,0.2,0.1,114939.4,2.3,0.4
56,55,31,2,3,2,5,8,2,2,2,0,5,0,640863,13,1
56,57,3,0.1,0.4,0.4,0.7,0.7,0.1,0.2,0.2,0.1,0.1,0,57469.7,1.2,0.2
56,58,4,0.2,0.5,0.5,0.9,1,0.1,0.3,0.2,0.2,0.1,0,76626.3,1.5,0.3
56,82,5,0.6,0.4,0.1,1.3,0.9,0.3,0.4,0.4,0.5,0.1,0,93281.3,1.8,0.3
56,83,9,1.1,0.7,0.1,2.3,1.6,0.5,0.7,0.7,1,0.2,0.1,167906.4,3.2,0.5
56,84,48,3,3,1,12,6,6,8,6,2,1,0,884482,17,3
56,85,26,0,3.9,0.8,5.5,4.7,0,2.4,3.9,0.8,3.2,0.8,561215.4,11,2.4
56,123,1,0,0.1,0,0.1,0.2,0,0.1,0.2,0.1,0.2,0,16779.4,0.5,0.1
56,124,7,0,1,0.2,0.4,1.7,0,0.8,1.5,0.4,1,0,117456.1,3.5,0.8
56,125,17,1.1,0.4,1.5,3,1.5,0,3,4.2,0.4,1.5,0.4,381310.8,8.3,0.4
56,126,11,0.7,0.2,1,2,1,0,2,2.7,0.2,1,0.2,246730.5,5.4,0.2
57,28,4,0.3,0.2,0,1.1,0.5,0,1.2,0.5,0,0.1,0.1,94109.2,1.8,0
57,35,9,0.6,1.5,0.4,1.6,2.3,0.4,1.1,0.5,0.4,0,0.2,187252,3.4,0.6
57,36,7,0.5,1.2,0.3,1.3,1.8,0.3,0.8,0.4,0.3,0,0.1,145640.4,2.7,0.5
57,54,16,0.7,2,2,3.4,3.9,0.4,1.2,1,0.7,0.6,0.1,306505.2,6.2,1.1
57,55,8,0.4,1,1,1.7,1.9,0.2,0.6,0.5,0.3,0.3,0.1,153252.6,3.1,0.6
57,56,12,0.5,1.5,1.5,2.6,2.9,0.3,0.9,0.8,0.5,0.4,0.1,229878.9,4.6,0.9
57,57,25,0,1,2,0,6,0,6,8,0,1,1,559791.1,11,1
57,58,14,0.6,1.7,1.8,3,3.4,0.4,1,0.9,0.6,0.5,0.1,268192,5.4,1
57,84,1,0.1,0.1,0,0.3,0.2,0,0.1,0.1,0.1,0,0,18656.3,0.4,0.1
57,86,3,0,0.4,0.1,0.6,0.5,0,0.3,0.5,0.1,0.4,0.1,64755.6,1.3,0.3
57,105,9,0.5,1,0.5,1.8,1.8,0.5,1.1,0.5,1,0.3,0,182520,2.8,0.3
57,118,2,0.1,0.1,0,0.4,0.4,0.1,0.3,0.6,0,0,0,30538.6,0.9,0.2
57,119,9,0.7,0.3,0,1.6,1.9,0.3,1.3,2.9,0,0,0,137423.5,4.2,1
57,120,7,0,1,0.2,0.4,1.7,0,0.8,1.5,0.4,1,0,117456.1,3.5,0.8
57,121,4,0,0.6,0.1,0.2,1,0,0.5,0.8,0.2,0.6,0,67117.8,2,0.5
57,123,5,0,0.7,0.2,0.3,1.2,0,0.6,1,0.3,0.7,0,83897.2,2.5,0.6
57,125,1,0.1,0,0.1,0.2,0.1,0,0.2,0.2,0,0.1,0,22430,0.5,0
58,54,7,0.3,0.9,0.9,1.5,1.7,0.2,0.5,0.4,0.3,0.2,0.1,134096,2.7,0.5
58,55,24.5,1.1,3.1,3.1,5.3,5.9,0.7,1.7,1.5,1,0.9,0.2,469336.1,9.4,1.8
58,56,38,4,4,2,10,3,0,6,5,3,1,0,700321.2,17,3
58,57,13,0.6,1.6,1.6,2.8,3.2,0.4,0.9,0.8,0.5,0.5,0.1,249035.5,5,0.9
58,58,1,0.1,0.1,0.1,0.2,0.3,0,0.1,0.1,0,0,0,19156.6,0.4,0.1
58,73,1,0.1,0,0,0.2,0,0.1,0.3,0.1,0.1,0.1,0,27067.1,0.4,0
58,87,3,0,0.4,0.1,0.6,0.5,0,0.3,0.5,0.1,0.4,0.1,64755.6,1.3,0.3
58,119,15,1.1,0.5,0,2.7,3.2,0.5,2.2,4.8,0,0,0,229039.2,7,1.6
58,120,10,0,1.5,0.3,0.6,2.3,0,1.2,2,0.6,1.5,0,167794.4,5,1.2
59,36,6,0.3,0.7,0.2,1.4,1,0.2,0.9,0.8,0.4,0.1,0,131858.2,2.4,0.1
59,37,42,1,5,2,11,5,0,7,3,5,3,0,639064.8,17,4
59,38,11,0.5,1.3,0.4,2.7,1.8,0.4,1.7,1.5,0.6,0.1,0,241740,4.4,0.1
59,39,5,0.2,0.6,0.2,1.2,0.8,0.2,0.8,0.7,0.3,0,0,109881.8,2,0
59,119,1,0.1,0,0,0.2,0.2,0,0.2,0.3,0,0,0,15269.3,0.5,0.1
60,36,3,0.1,0.4,0.1,0.7,0.5,0.1,0.5,0.4,0.2,0,0,65929.1,1.2,0
60,37,46,4,4,3,10,5,2,5,8,3,1,1,970549.5,18,2
60,38,30,4,5,0,11,3,1,1,3,2,0,0,494433.6,11,2
60,39,12,0.6,1.4,0.5,2.9,2,0.4,1.8,1.6,0.7,0.1,0,263716.3,4.8,0.1
61,36,2,0.1,0.2,0.1,0.5,0.3,0.1,0.3,0.3,0.1,0,0,43952.7,0.8,0
61,37,30,1.4,3.5,1.2,7.2,4.9,1.2,4.6,4,1.7,0.3,0,659290.9,12.1,0.3
61,38,9,0.4,1,0.4,2.2,1.5,0.3,1.4,1.2,0.5,0.1,0,197787.3,3.6,0.1
62,36,7,0.3,0.8,0.3,1.7,1.1,0.3,1.1,0.9,0.4,0.1,0,153834.5,2.8,0.1
62,37,16,0.8,1.8,0.6,3.8,2.6,0.6,2.5,2.2,0.9,0.2,0,351621.8,6.5,0.2
62,39,3,0.1,0.4,0.1,0.7,0.5,0.1,0.5,0.4,0.2,0,0,65929.1,1.2,0
63,7,4,0.3,0.2,0,1.1,0.5,0,1.2,0.5,0,0.1,0.1,94109.2,1.8,0
63,8,6,0.5,0.3,0,1.6,0.7,0,1.9,0.8,0,0.1,0.1,141163.9,2.7,0
63,73,6,0.6,0,0.2,1.5,0.2,0.4,1.5,0.4,0.6,0.4,0.2,162402.8,2.3,0
63,95,1,0,0.1,0,0.1,0.2,0,0.3,0.2,0,0.1,0,20334.9,0.5,0.1
63,96,4,0,0.3,0.1,0.5,0.8,0,1,0.8,0,0.5,0,81339.4,2,0.5
64,5,8,0.7,0.7,0.4,1.9,1.1,0.4,0.7,0.9,0.7,0.5,0,167016.7,2.9,0.2
64,6,8,0.7,0.7,0.4,1.9,1.1,0.4,0.7,0.9,0.7,0.5,0,167016.7,2.9,0.2
64,7,28,2,3,0,8,4,1,3,5,1,1,0,704730,13,1
64,8,21,2,1.8,0.9,5,3,0.9,1.8,2.5,1.8,1.3,0,438418.8,7.6,0.7
64,36,3,0.3,0.3,0,0.4,0.6,0,0.3,0.8,0.1,0.2,0,51879,1.2,0.2
64,96,6,0.3,1.1,0.2,0.7,1,0,0.5,1.2,0.1,0.8,0.1,98010.6,2.5,0.5
64,97,12,0.7,2.2,0.4,1.3,2,0,1.1,2.4,0.2,1.5,0.2,196021.1,5,1.1
65,4,4,0.4,0.3,0.2,0.9,0.6,0.2,0.3,0.5,0.3,0.3,0,83508.3,1.4,0.1
65,5,19,1.8,1.7,0.8,4.5,2.7,0.8,1.7,2.2,1.6,1.2,0,396664.6,6.8,0.6
65,6,17,1.6,1.5,0.7,4,2.4,0.7,1.5,2,1.5,1.1,0,354910.5,6.1,0.5
65,7,62,5,8,1,16,9,2,11,6,3,1,0,1412817.7,24,1
65,8,24,2,2,0,6,3,0,1,8,2,0,0,503475,11,3
65,33,1,0.1,0.1,0.1,0.1,0.2,0,0.2,0.1,0,0.1,0,22665.5,0.4,0.1
65,97,3,0.2,0.5,0.1,0.3,0.5,0,0.3,0.6,0,0.4,0.1,49005.3,1.3,0.3
65,119,2,0.1,0.2,0,0.4,0.4,0,0.3,0.5,0,0.1,0,35359.7,0.9,0.2
66,6,31,2.9,2.7,1.4,7.3,4.4,1.3,2.7,3.7,2.7,1.9,0,647189.7,11.2,1
66,7,38,1,2,5,5,9,0,11,3,1,0,1,767901.5,14,2
66,8,24,2.2,2.1,1.1,5.7,3.4,1,2.1,2.8,2.1,1.5,0,501050.1,8.6,0.7
66,9,6,0.6,0.5,0.3,1.4,0.8,0.3,0.5,0.7,0.5,0.4,0,125262.5,2.2,0.2
66,33,2,0.1,0.2,0.1,0.2,0.5,0,0.4,0.3,0,0.2,0,45331,0.9,0.1
66,37,29,0,3,2,3,7,0,3,8,2,1,0,609410.3,12,1
66,38,22,0,0,3,2,2,0,3,10,2,0,0,494487.9,11,0
66,39,4,0.3,0.3,0.1,0.5,0.8,0.1,0.4,1,0.2,0.2,0.1,69172,1.6,0.2
66,77,5,0.5,0.5,0.4,1.4,0.6,0,0.1,0.7,0.8,0,0,73177.7,1.7,0.7
66,78,7,0.8,0.7,0.6,1.9,0.8,0,0.2,1,1,0,0,102448.8,2.3,1
66,79,9,1,0.9,0.7,2.5,1,0,0.2,1.3,1.4,0,0,131719.9,3,1.2
66,80,21,2.3,2,1.7,3.7,4.5,0.3,2.3,2,0.5,1.1,0.6,410525.9,7.7,0.6
66,116,4,0.2,0.4,0.1,0.8,0.8,0.1,0.5,0.9,0.1,0.1,0,70719.4,1.8,0.4
66,117,10,0.4,1,0.2,2.1,2.1,0.2,1.3,2.3,0.2,0.2,0,176798.5,4.4,1
66,118,9,0.4,0.9,0.2,1.9,1.9,0.2,1.1,2,0.2,0.2,0,159118.6,3.9,0.9
66,119,9,0.4,0.9,0.2,1.9,1.9,0.2,1.1,2,0.2,0.2,0,159118.6,3.9,0.9
66,120,9,0.5,0.7,0,1.5,1.3,0.4,1.3,2.2,0,0.9,0.2,175446.2,4.8,0.6
66,121,1,0.1,0.1,0,0.2,0.1,0,0.1,0.3,0,0.1,0,19494,0.5,0.1
66,122,1,0.1,0.1,0,0.2,0.1,0,0.1,0.3,0,0.1,0,19494,0.5,0.1
66,123,1,0.1,0.1,0,0.2,0.1,0,0.1,0.3,0,0.1,0,19494,0.5,0.1
66,126,4,0.2,0.3,0,0.6,0.6,0.2,0.6,1,0,0.4,0.1,77976.1,2.1,0.2
67,7,6,0.6,0.5,0.3,1.4,0.8,0.3,0.5,0.7,0.5,0.4,0,125262.5,2.2,0.2
67,8,4,0.4,0.3,0.2,0.9,0.6,0.2,0.3,0.5,0.3,0.3,0,83508.3,1.4,0.1
67,33,1,0.1,0.1,0.1,0.1,0.2,0,0.2,0.1,0,0.1,0,22665.5,0.4,0.1
67,34,5,0.2,0.6,0.3,0.6,1.2,0,0.9,0.7,0.1,0.4,0,113327.4,2.2,0.4
67,35,40,0,4,3,3,12,2,8,2,2,2,2,906727.8,16,2
67,36,91.5,4,9.5,8,16,16,1,10,11,13,3,0,1501396.9,34,5
67,37,64,4,6,4,13,12,3,8,5,3,6,0,1213928.3,31,7
67,38,179,7.5,19,16,27,40,5,29,8,14.5,5,8,2794369,66,15
67,39,14,1.2,1.2,0.3,1.7,2.9,0.2,1.2,3.6,0.7,0.7,0.3,242101.9,5.6,0.7
67,79,3,0.3,0.3,0.3,0.8,0.3,0,0.1,0.4,0.5,0,0,43906.6,1,0.4
67,80,39,0,7,1,8,12,1,3,1,5,1,0,663258.8,14,2
67,81,34,5,0,3,8,5,3,5,3,2,0,0,573821,12,2
67,82,7,0.7,0.7,0.6,1.2,1.5,0.1,0.7,0.7,0.2,0.4,0.2,136842,2.6,0.2
67,83,11,1.2,1,0.9,1.9,2.4,0.2,1.2,1,0.3,0.6,0.3,215037.4,4,0.3
67,119,9,0.4,0.9,0.2,1.9,1.9,0.2,1.1,2,0.2,0.2,0,159118.6,3.9,0.9
67,120,11,0.7,0.9,0,1.8,1.6,0.4,1.6,2.7,0,1.1,0.2,214434.3,5.8,0.7
67,122,1,0.1,0.1,0,0.2,0.1,0,0.1,0.3,0,0.1,0,19494,0.5,0.1
67,124,1,0.1,0.1,0,0.2,0.1,0,0.1,0.3,0,0.1,0,19494,0.5,0.1
67,126,9,0.5,0.7,0,1.5,1.3,0.4,1.3,2.2,0,0.9,0.2,175446.2,4.8,0.6
68,4,2,0.2,0.2,0.1,0.4,0.3,0.1,0.2,0.2,0.2,0.1,0,41754.2,0.7,0.1
68,35,2,0.2,0.2,0,0.3,0.4,0,0.2,0.5,0.1,0.1,0,34586,0.8,0.1
68,36,21,1.8,1.8,0.4,2.5,4.3,0.4,1.8,5.4,1.1,1.1,0.4,363152.9,8.3,1.1
68,37,103,7,14,13,16,16,4,15,8,6,4,0,1550827.6,44,17
68,38,10,0.8,0.8,0.2,1.2,2.1,0.2,0.9,2.6,0.5,0.5,0.2,172930,4,0.5
68,39,4,0.3,0.3,0.1,0.5,0.8,0.1,0.4,1,0.2,0.2,0.1,69172,1.6,0.2
68,69,10,1.1,1,0.8,2.8,1.1,0,0.3,1.4,1.5,0,0,146355.5,3.3,1.4
68,80,4,0.4,0.4,0.3,0.7,0.9,0.1,0.4,0.4,0.1,0.2,0.1,78195.4,1.5,0.1
68,81,7,0.7,0.7,0.6,1.2,1.5,0.1,0.7,0.7,0.2,0.4,0.2,136842,2.6,0.2
68,82,22,2.4,2.1,1.8,3.8,4.7,0.3,2.4,2.1,0.6,1.2,0.6,430074.7,8,0.6
68,83,2,0.2,0.2,0.2,0.3,0.4,0,0.2,0.2,0.1,0.1,0.1,39097.7,0.7,0.1
68,120,6,0.4,0.5,0,1,0.8,0.2,0.9,1.5,0,0.6,0.1,116964.1,3.2,0.4
69,29,3,0.1,0.4,0.1,0.4,0.7,0,0.5,0.4,0.1,0.3,0,67996.5,1.3,0.2
69,36,4,0.1,0.5,0.2,0.2,1.5,0,0.7,0.5,0,0.1,0.2,92634,1.7,0.2
69,37,124,12,18,5,25,18,1,19,13,6,6,1,1981955.6,52,13
69,38,12,0.2,1.4,0.5,0.7,4.5,0,2.1,1.7,0,0.2,0.7,277902.1,5.2,0.7
69,39,9,0.2,1.1,0.3,0.5,3.4,0,1.6,1.2,0,0.2,0.5,208426.6,3.9,0.5
69,41,4,0.2,0.3,0.2,0.8,1.4,0.2,0.3,0.1,0.4,0,0.1,88878.1,1.3,0
69,69,2,0.2,0.2,0.2,0.5,0.2,0,0.1,0.3,0.3,0,0,29271.1,0.7,0.3
69,102,7,0.5,0.8,0.4,2,1,0.1,0.4,0.9,0.7,0.1,0.1,125215.9,2.6,0.4
70,37,13,0.2,1.5,0.5,0.8,4.8,0,2.3,1.8,0,0.3,0.8,301060.6,5.6,0.8
70,38,88,4,10,10,12,23,1,14,6,5,2,1,1699311.8,35,5
70,39,109,8,11,9,22,19,6,18,4,11,1,0,2033872.7,37,4
70,40,26,1.6,1.9,1.3,5,8.8,1.2,2.2,0.6,2.5,0,0.9,577707.4,8.5,0.3
70,101,5,0.3,0.6,0.3,1.4,0.7,0.1,0.3,0.6,0.5,0.1,0.1,89439.9,1.8,0.3
70,102,8,0.6,1,0.4,2.3,1.1,0.1,0.4,1,0.9,0.1,0.1,143103.9,2.9,0.4
70,103,10,0.7,1.2,0.5,2.8,1.4,0.2,0.5,1.2,1.1,0.2,0.2,178879.9,3.7,0.5
71,37,6,0.1,0.7,0.2,0.4,2.2,0,1.1,0.8,0,0.1,0.4,138951,2.6,0.4
71,38,62,3,3,2,6,16,1,14,7,2,8,0,1129721.7,29,9
71,39,61.5,1,2.5,1,6,9,0,14,21,2,5,0,1384824.3,31,1
71,40,27,1.6,2,1.3,5.2,9.1,1.3,2.3,0.6,2.6,0,1,599927,8.8,0.3
71,102,1,0.1,0.1,0.1,0.3,0.1,0,0.1,0.1,0.1,0,0,17888,0.4,0.1
71,103,20,1.4,2.5,1.1,5.6,2.8,0.3,1.1,2.5,2.1,0.3,0.3,357759.8,7.4,1.1
72,31,16,0.8,1.9,0.8,1.9,3.7,0,2.9,2.3,0.4,1.3,0,362647.8,7.1,1.2
72,32,28,1.3,3.4,1.3,3.4,6.4,0,5.1,4,0.7,2.4,0,634633.6,12.5,2
72,33,6,0.3,0.7,0.3,0.7,1.4,0,1.1,0.9,0.1,0.5,0,135992.9,2.7,0.4
72,38,5,0.1,0.6,0.2,0.3,1.8,0,0.9,0.7,0,0.1,0.3,115792.5,2.2,0.3
72,39,23,1,0,0,3,3,0,8,7,1,0,0,538799.6,11,1
72,40,26,1.6,1.9,1.3,5,8.8,1.2,2.2,0.6,2.5,0,0.9,577707.4,8.5,0.3
72,103,22,2,0,2,5,5,0,4,3,1,0,0,456775.9,11,3
72,104,6,0.4,0.7,0.3,1.7,0.9,0.1,0.3,0.8,0.6,0.1,0.1,107327.9,2.2,0.3
73,30,5,0.2,0.6,0.3,0.6,1.2,0,0.9,0.7,0.1,0.4,0,113327.4,2.2,0.4
73,31,10,0.5,1.2,0.5,1.2,2.3,0,1.8,1.5,0.2,0.8,0,226654.8,4.5,0.7
73,32,27,0,4,1,6,5,1,1,7,1,1,0,635553.4,13,2
73,33,6,0.3,0.7,0.3,0.7,1.4,0,1.1,0.9,0.1,0.5,0,135992.9,2.7,0.4
73,39,2,0,0.2,0.1,0.1,0.8,0,0.4,0.3,0,0,0.1,46317,0.9,0.1
73,40,82,7,14,5,21,16,8,0,3,7,0,1,1599437.4,21,2
73,103,19.5,1,2,1,6,2,0,1,1,0.5,5,0,333218.2,13,2
73,104,39.5,2,5.5,1,13.5,4,0,3,3,6.5,1,0,660814.4,14,5
73,126,5,0.3,0.4,0,0.8,0.7,0.2,0.7,1.3,0,0.5,0.1,97470.1,2.7,0.3
74,83,2,0,0.3,0.1,0.2,0.4,0.1,0.4,0.2,0.1,0.2,0,38403.2,0.7,0.1
74,101,15,0.9,1.6,1.1,2.7,3.3,0.7,1.6,1.8,0.5,0.6,0.2,288550.3,5.6,0.7
74,102,16,1,1.7,1.1,2.9,3.5,0.8,1.7,1.9,0.6,0.6,0.2,307787,6,0.8
74,103,40,1,5,1,9,7,0,4,6,4,3,0,711034.9,21,4
74,104,28,1,2,2,9,4,1,2,2,2,2,1,544838.5,11,0
74,105,8,0.5,0.9,0.6,1.4,1.7,0.4,0.9,0.9,0.3,0.3,0.1,153893.5,3,0.4
74,125,3,0.3,0.4,0.2,0.5,0.4,0.1,0.4,0.5,0.1,0.1,0,51721.6,1.2,0.3
74,126,11,0.9,1.3,0.7,1.8,1.6,0.2,1.6,1.8,0.5,0.5,0.1,189645.9,4.2,1
74,127,27,2.3,3.2,1.7,4.3,4,0.6,4,4.5,1.1,1.1,0.2,465494.5,10.4,2.5
75,101,3,0.2,0.3,0.2,0.5,0.7,0.2,0.3,0.4,0.1,0.1,0,57710.1,1.1,0.1
75,103,35,1,3,3,6,8,0,7,1,4,2,0,587808.8,17,6
75,104,25,0,0,3,1,3,0,8,6,0,4,0,472268.4,15,4
75,105,2,0.1,0.2,0.2,0.4,0.4,0.1,0.2,0.2,0.1,0.1,0,38473.4,0.7,0.1
75,125,13,1.1,1.5,0.8,2.1,1.9,0.3,1.9,2.2,0.5,0.6,0.1,224127,5,1.2
75,126,45,2,4,1,7,3,2,5,13,3,5,0,846004.3,23,4
75,127,18,1.5,2.1,1.1,2.9,2.6,0.4,2.7,3,0.8,0.8,0.1,310329.7,6.9,1.6
76,13,3,0.3,0.3,0.1,0.7,0.4,0.1,0.3,0.3,0.3,0.2,0,62631.3,1.1,0.1
76,103,17,1,1.8,1.2,3.1,3.7,0.8,1.9,2.1,0.6,0.6,0.2,327023.7,6.3,0.8
76,104,10,0.6,1.1,0.7,1.8,2.2,0.5,1.1,1.2,0.3,0.4,0.1,192366.9,3.7,0.5
76,119,3,0.1,0.3,0.1,0.6,0.6,0,0.4,0.7,0.1,0.1,0,53039.5,1.3,0.3
76,125,8,0.7,0.9,0.5,1.3,1.2,0.2,1.2,1.3,0.3,0.3,0.1,137924.3,3.1,0.7
76,126,45,1,6,1,7,11,2,5,8,4,0,0,753342.8,19,5
77,100,4,0.2,0.4,0.3,0.7,0.9,0.2,0.4,0.5,0.1,0.2,0.1,76946.7,1.5,0.2
77,103,3,0.2,0.3,0.2,0.5,0.7,0.2,0.3,0.4,0.1,0.1,0,57710.1,1.1,0.1
77,123,1,0,0.1,0.1,0.1,0.3,0,0.1,0.2,0,0.1,0,16418.2,0.5,0.2
77,124,22,0.7,2.1,1.4,2.1,7.1,0,2.9,3.6,0.7,1.4,0,361199.5,9.9,5
77,125,10,0.8,1.2,0.6,1.6,1.5,0.2,1.5,1.7,0.4,0.4,0.1,172405.4,3.8,0.9
77,126,1,0.1,0.1,0.1,0.2,0.1,0,0.2,0.2,0,0,0,17240.5,0.4,0.1
77,127,22,1.9,2.6,1.4,3.5,3.2,0.5,3.2,3.7,0.9,0.9,0.2,379291.8,8.5,2
78,120,1,0,0.1,0.1,0.1,0.3,0,0.1,0.2,0,0.1,0,16418.2,0.5,0.2
78,125,7,0.6,0.8,0.4,1.1,1,0.2,1,1.2,0.3,0.3,0.1,120683.8,2.7,0.6
78,127,3,0.3,0.4,0.2,0.5,0.4,0.1,0.4,0.5,0.1,0.1,0,51721.6,1.2,0.3
79,65,13,0.5,0.9,0.2,2.4,3.1,0.5,0.9,1.7,2.1,0.7,0,250695.2,5.2,0.7
79,66,4,0.1,0.3,0.1,0.7,1,0.1,0.3,0.5,0.7,0.2,0,77137,1.6,0.2
79,81,9,0,1.4,0.4,1.1,1.8,0.6,1.8,0.8,0.3,0.8,0,172814.6,3.4,0.6
79,82,8,0,1.2,0.4,1,1.6,0.5,1.6,0.7,0.3,0.7,0,153613,3,0.5
79,127,13,0,0.4,0,1.8,1.8,0.4,3.6,3.6,0,1.4,0,217048.8,6.5,1.8
80,65,22,0.8,1.6,0.4,4,5.2,0.8,1.6,2.8,3.6,1.2,0,424253.4,8.8,1.2
80,66,2,0.1,0.1,0,0.4,0.5,0.1,0.1,0.3,0.3,0.1,0,38568.5,0.8,0.1
80,80,14,0,2.1,0.7,1.7,2.8,1,2.8,1.2,0.5,1.2,0,268822.7,5.2,0.9
80,81,31,0,2,1,3,8,0,6,4,3,4,0,527779.3,15,3
80,82,17,0,2.6,0.9,2,3.5,1.1,3.5,1.4,0.6,1.4,0,326427.6,6.3,1.2
80,94,7,0.4,1.3,0.3,0.8,1.1,0,0.6,1.4,0.1,0.9,0.1,114345.6,2.9,0.6
80,95,3,0.2,0.5,0.1,0.3,0.5,0,0.3,0.6,0,0.4,0.1,49005.3,1.3,0.3
80,96,3,0.2,0.5,0.1,0.3,0.5,0,0.3,0.6,0,0.4,0.1,49005.3,1.3,0.3
80,117,2,0.1,0.2,0,0.4,0.4,0,0.3,0.5,0,0.1,0,35359.7,0.9,0.2
80,122,5,0.2,0.5,0.3,0.5,1.6,0,0.6,0.8,0.2,0.3,0,82090.8,2.3,1.1
80,127,3,0,0.1,0,0.4,0.4,0.1,0.8,0.8,0,0.4,0,50088.2,1.5,0.4
81,2,5,0.5,0.4,0.2,1.2,0.7,0.2,0.5,0.6,0.4,0.3,0,104385.4,1.8,0.2
81,65,45,1,6,1,2,11,1,6,12,3,1,1,926871.2,20,1
81,66,10,0.4,0.7,0.2,1.8,2.4,0.4,0.7,1.3,1.6,0.5,0,192842.5,4,0.5
81,80,8,0,1.2,0.4,1,1.6,0.5,1.6,0.7,0.3,0.7,0,153613,3,0.5
81,81,1,0,0.2,0,0.1,0.2,0.1,0.2,0.1,0,0.1,0,19201.6,0.4,0.1
81,94,11,0.6,2,0.4,1.2,1.8,0,1,2.2,0.2,1.4,0.2,179686,4.6,1
81,95,9,0.5,1.6,0.3,1,1.5,0,0.8,1.8,0.2,1.1,0.2,147015.8,3.8,0.8
81,126,2,0,0.1,0,0.3,0.3,0.1,0.5,0.5,0,0.2,0,33392.1,1,0.3
82,65,4,0.1,0.3,0.1,0.7,1,0.1,0.3,0.5,0.7,0.2,0,77137,1.6,0.2
82,94,1,0.1,0.2,0,0.1,0.2,0,0.1,0.2,0,0.1,0,16335.1,0.4,0.1
82,121,1,0,0.1,0.1,0.1,0.3,0,0.1,0.2,0,0.1,0,16418.2,0.5,0.2
82,126,2,0,0.1,0,0.3,0.3,0.1,0.5,0.5,0,0.2,0,33392.1,1,0.3
83,3,3,0.3,0.3,0.1,0.7,0.4,0.1,0.3,0.3,0.3,0.2,0,62631.3,1.1,0.1
83,43,14,0,1.4,1,0.7,4.6,0,2.4,2.1,0.4,1.4,0,304752.9,6.3,0.7
83,44,16,0,1.6,1.2,0.8,5.2,0,2.8,2.4,0.4,1.6,0,348289,7.2,0.8
83,45,10,0,1,0.7,0.5,3.3,0,1.8,1.5,0.2,1,0,217680.6,4.5,0.5
83,108,5,0.3,0.5,0.4,0.9,1.1,0.2,0.5,0.6,0.2,0.2,0.1,96183.4,1.9,0.2
83,120,1,0,0.1,0.1,0.1,0.3,0,0.1,0.2,0,0.1,0,16418.2,0.5,0.2
84,27,6,0.6,0.4,0.2,1.4,0.9,0.4,0.8,0.6,0.4,0.2,0.1,139837.9,2.1,0.1
84,42,14,0,1.8,0.9,2.1,3.2,0.7,1.8,1.4,1.8,0,0.3,263968.4,5,0.4
84,43,29,0,2,2,4,6,0,4,7,1,3,0,543294.6,13,2
84,44,53,1,10,2,6,15,0,5,8,3,1,2,1019926.2,22,5
84,45,18,0.6,3.1,0.6,3.1,4.4,0.6,1.2,2.5,0.6,1.3,0,385031.1,7.4,1.2
84,81,4,0.4,0.6,0,0.7,0.8,0,0.1,0.9,0.1,0.4,0,84685.5,1.6,0.4
84,108,9,1.2,0.4,0.8,2,0.4,0,1.4,1.2,0.4,1.2,0,145466,3.8,2.2
84,109,4,0.5,0.2,0.4,0.9,0.2,0,0.6,0.5,0.2,0.5,0,64651.6,1.7,1
85,26,26,2.5,1.5,1,6.3,4,1.7,3.5,2.5,1.7,1,0.3,605964,9,0.5
85,27,30,2.9,1.7,1.2,7.2,4.6,2,4,2.9,2,1.2,0.3,699189.3,10.4,0.6
85,44,20,0,2.5,1.3,3.1,4.6,1,2.5,2,2.5,0,0.5,377097.7,7.1,0.5
85,45,8,0.3,1.4,0.3,1.4,1.9,0.3,0.5,1.1,0.3,0.5,0,171124.9,3.3,0.6
85,94,1,0,0.1,0.1,0.1,0.2,0,0.1,0.2,0.1,0.1,0,18396.6,0.4,0
85,118,4,0.2,0.4,0,0.4,1.1,0.1,0.1,0.9,0.6,0.2,0,75000.6,1.4,0.1
85,119,4,0.2,0.4,0,0.4,1.1,0.1,0.1,0.9,0.6,0.2,0,75000.6,1.4,0.1
86,26,9,0.9,0.5,0.3,2.2,1.4,0.6,1.2,0.9,0.6,0.3,0.1,209756.8,3.1,0.2
86,41,5.5,0,0.7,0.3,0.8,1.3,0.3,0.7,0.6,0.7,0,0.1,103701.9,1.9,0.1
86,91,3,0.1,0.3,0.1,0.4,0.6,0.1,0.4,0.6,0.2,0.2,0,55189.9,1.2,0
86,113,1,0.1,0.1,0,0.1,0.3,0,0,0.2,0.1,0.1,0,18750.1,0.4,0
86,118,5,0.3,0.4,0,0.4,1.3,0.2,0.2,1.2,0.7,0.3,0,93750.7,1.8,0.1
87,25,15,1.4,0.9,0.6,3.6,2.3,1,2,1.4,1,0.6,0.2,349594.6,5.2,0.3
87,26,32,5,0,0,9,4,1,3,4,1,3,2,756063.4,14,0
87,102,4,0.5,0.2,0.4,0.9,0.2,0,0.6,0.5,0.2,0.5,0,64651.6,1.7,1
87,103,9,1.2,0.4,0.8,2,0.4,0,1.4,1.2,0.4,1.2,0,145466,3.8,2.2
88,25,11,1.1,0.6,0.4,2.7,1.7,0.7,1.5,1.1,0.7,0.4,0.1,256369.4,3.8,0.2
88,26,5,0.5,0.3,0.2,1.2,0.8,0.3,0.7,0.5,0.3,0.2,0,116531.5,1.7,0.1
88,100,1,0.1,0.1,0.1,0.2,0.1,0,0.2,0.1,0,0.1,0,16162.9,0.4,0.2
88,101,11,1.4,0.5,1,2.4,0.5,0,1.7,1.5,0.5,1.5,0,177791.8,4.6,2.7
88,102,7,0.9,0.3,0.6,1.6,0.3,0,1.1,0.9,0.3,1,0,113140.2,3,1.7
88,118,7,0.4,0.6,0,0.6,1.9,0.2,0.2,1.7,1,0.4,0,131251,2.5,0.2
89,65,7,0.3,0.4,0.5,1.6,1.7,0.1,0.8,1,0.3,0.3,0,140257.9,3.1,0.7
89,66,26,1.3,1.5,2,5.9,6.2,0.3,2.9,3.6,1.3,1,0,520957.9,11.4,2.6
89,67,10.5,0.5,0.6,0.8,2.4,2.5,0.1,1.2,1.5,0.5,0.4,0,210386.8,4.6,1.1
89,101,5,0.3,0.2,0,0.7,1.2,0,1.2,0.3,0.5,0.5,0.1,104242.9,2.2,0.1
89,102,20.5,1.2,1,0,2.9,4.8,0,4.8,1.5,1.9,1.9,0.5,427396,9.2,0.5
89,118,2,0.1,0.2,0,0.2,0.5,0,0.1,0.5,0.3,0.1,0,37500.3,0.7,0.1
90,25,2,0.2,0.1,0.1,0.5,0.3,0.1,0.3,0.2,0.1,0.1,0,46612.6,0.7,0
90,30,5,0.2,0.4,0.2,0.5,1.2,0.1,1,0.9,0.2,0.2,0.1,121674.6,2,0.3
90,31,17,0.8,1.3,0.8,1.7,4,0.2,3.4,3,0.8,0.6,0.4,413693.5,6.7,1
90,32,21,0.9,1.7,0.9,2.1,5,0.2,4.3,3.8,0.9,0.7,0.5,511033.2,8.3,1.2
90,47,3,0.1,0.5,0.1,0.5,0.8,0.1,0.2,0.4,0.1,0.2,0,64171.9,1.2,0.2
90,65,18,0.9,1,1.4,4.1,4.3,0.2,2,2.5,0.9,0.7,0,360663.1,7.9,1.8
90,66,29.5,1,3,0,9,5,0.5,6,2,1,2,0,683869.3,14,1
90,67,4,0.2,0.2,0.3,0.9,1,0,0.5,0.6,0.2,0.1,0,80147.4,1.8,0.4
90,100,4,0.2,0.2,0,0.6,0.9,0,0.9,0.3,0.4,0.4,0.1,83394.3,1.8,0.1
90,101,4,0.2,0.2,0,0.6,0.9,0,0.9,0.3,0.4,0.4,0.1,83394.3,1.8,0.1
90,102,8,0.5,0.4,0,1.1,1.9,0,1.9,0.6,0.7,0.7,0.2,166788.7,3.6,0.2
90,111,4,0.2,0.4,0,0.4,1.1,0.1,0.1,0.9,0.6,0.2,0,75000.6,1.4,0.1
90,120,2,0,0.3,0.1,0.2,0.6,0,0.1,0.4,0.1,0.1,0.1,34837.3,0.8,0.2
90,123,2,0,0.3,0.1,0.2,0.6,0,0.1,0.4,0.1,0.1,0.1,34837.3,0.8,0.2
91,31,45,3,4,1,9,7,2,6,5,3,5,0,817986.2,21,4
91,32,25,1.1,2,1.1,2.5,5.9,0.3,5.1,4.5,1.1,0.8,0.6,608372.8,9.8,1.4
91,64,2,0.1,0.1,0.1,0.5,0.5,0,0.2,0.3,0.1,0.1,0,40073.7,0.9,0.2
91,65,2,0.1,0.1,0.1,0.5,0.5,0,0.2,0.3,0.1,0.1,0,40073.7,0.9,0.2
91,91,12,0.4,1.3,0.4,1.5,2.4,0.4,1.5,2.4,0.8,0.9,0,220759.6,4.7,0.2
91,102,1,0.1,0.1,0,0.1,0.2,0,0.2,0.1,0.1,0.1,0,20848.6,0.4,0
92,30,17,0.8,1.3,0.8,1.7,4,0.2,3.4,3,0.8,0.6,0.4,413693.5,6.7,1
92,31,56,2,5,4,9,10,1,11,10,4,0,0,1267998.5,21,2
92,32,4,0.2,0.3,0.2,0.4,0.9,0.1,0.8,0.7,0.2,0.1,0.1,97339.7,1.6,0.2
92,65,4,0.2,0.2,0.3,0.9,1,0,0.5,0.6,0.2,0.1,0,80147.4,1.8,0.4
92,90,14,0.4,1.5,0.4,1.8,2.8,0.4,1.8,2.9,0.9,1.1,0,257552.9,5.5,0.2
92,91,21,0.6,2.3,0.7,2.6,4.3,0.7,2.6,4.3,1.3,1.6,0,386329.3,8.2,0.3
92,125,1,0,0.1,0,0.1,0.3,0,0.1,0.2,0.1,0.1,0,17418.7,0.4,0.1
93,30,32,1,2,3,2,4,0,11,7,0,1,1,803383.7,14,0
93,31,31,2,2,3,3,9,0,8,1,2,0,1,668539.5,11,2
93,50,13,1.4,1,0.4,5,1.5,0.2,2.3,0.8,0.2,0,0.2,274682.6,5.4,0.4
93,51,40,4.5,3.2,1.3,15.2,4.5,0.6,7,2.5,0.6,0,0.6,845177.4,16.5,1.3
93,52,10,1.1,0.8,0.3,3.8,1.1,0.2,1.7,0.6,0.2,0,0.2,211294.3,4.1,0.3
93,73,6,0.3,0.3,0.5,1.4,1.4,0.1,0.7,0.8,0.3,0.2,0,120221,2.6,0.6
93,90,2,0.1,0.2,0.1,0.2,0.4,0.1,0.2,0.4,0.1,0.2,0,36793.3,0.8,0
93,91,11,0.3,1.2,0.4,1.4,2.2,0.3,1.4,2.2,0.7,0.9,0,202363,4.3,0.2
94,29,4,0.2,0.4,0.1,0.5,1.2,0.1,0.4,0.4,0.4,0.2,0.1,90488.6,1.5,0.3
94,30,30,1,3.5,2,4,6,0,5,5,0.5,1,2,782416,13,0
94,31,38,1,4,1,5,5,1,4,15,1,1,0,880551,15,1
94,45,2,0,0.1,0.1,0.4,0.4,0,0.3,0.4,0.2,0.1,0,49832.5,1,0.1
94,50,4,0,0.2,0.3,0.7,0.7,0.1,0.6,0.7,0.4,0.3,0,99665,1.9,0.1
94,51,16,0,1,1,2.9,2.9,0.5,2.4,2.9,1.4,1,0,398659.9,7.8,0.5
94,52,4,0,0.2,0.3,0.7,0.7,0.1,0.6,0.7,0.4,0.3,0,99665,1.9,0.1
94,91,4,0.4,0.6,0,0.7,0.8,0,0.1,0.9,0.1,0.4,0,84685.5,1.6,0.4
95,29,4,0.2,0.4,0.1,0.5,1.2,0.1,0.4,0.4,0.4,0.2,0.1,90488.6,1.5,0.3
95,30,31,1.6,1.7,1.7,7.2,5,2.2,2.8,5.5,1.1,2.2,0,741162.2,11.1,0
95,31,18,0.9,1,1,4.2,2.9,1.3,1.6,3.2,0.6,1.3,0,430352.2,6.4,0
95,32,2,0.1,0.1,0.1,0.5,0.3,0.1,0.2,0.4,0.1,0.1,0,47816.9,0.7,0
95,50,1,0,0,0.1,0.2,0.2,0,0.1,0.2,0.1,0.1,0,24916.2,0.5,0
95,51,6,0,0.3,0.4,1.1,1.1,0.2,0.9,1.1,0.5,0.4,0,149497.5,2.9,0.2
96,30,5,0.3,0.3,0.3,1.2,0.8,0.3,0.4,0.9,0.2,0.3,0,119542.3,1.8,0
96,111,5,0.1,0.5,0,0.7,1,0.2,0.3,1.2,0.4,0.6,0,97069.9,2,0.4
96,112,2,0,0.2,0,0.3,0.4,0.1,0.1,0.5,0.2,0.2,0,38828,0.8,0.2
96,114,2,0,0.2,0,0.3,0.4,0.1,0.1,0.5,0.2,0.2,0,38828,0.8,0.2
97,112,4,0.1,0.4,0,0.6,0.8,0.1,0.3,0.9,0.3,0.5,0,77655.9,1.6,0.3
97,119,6,0.1,0.6,0,0.9,1.2,0.2,0.4,1.4,0.5,0.7,0,116483.9,2.4,0.5
98,20,3,0.1,0.3,0.1,0.4,0.9,0.1,0.3,0.3,0.3,0.1,0.1,67866.5,1.1,0.2
98,21,2,0.1,0.2,0.1,0.2,0.6,0,0.2,0.2,0.2,0.1,0.1,45244.3,0.7,0.1
98,70,3,0.2,0.3,0.2,0.4,0.6,0,0.4,0.6,0.2,0.1,0,57795.4,1.3,0.1
98,71,2,0.1,0.2,0.1,0.3,0.4,0,0.3,0.4,0.1,0.1,0,38530.3,0.9,0.1
98,72,10,0.5,1.1,0.5,1.4,2,0.1,1.4,2,0.6,0.4,0,192651.5,4.3,0.3
98,92,3,0.3,0.5,0,0.5,0.6,0,0.1,0.6,0.1,0.3,0,63514.1,1.2,0.3
98,95,3,0.3,0.5,0,0.5,0.6,0,0.1,0.6,0.1,0.3,0,63514.1,1.2,0.3
98,96,3,0.3,0.5,0,0.5,0.6,0,0.1,0.6,0.1,0.3,0,63514.1,1.2,0.3
98,118,17,0.3,1.7,0,2.5,3.4,0.6,1.1,4,1.4,2,0,330037.6,6.8,1.4
98,119,24,0.4,2.4,0,3.6,4.8,0.8,1.6,5.6,2,2.8,0,465935.4,9.6,2
99,19,1,0,0.1,0,0.2,0.2,0,0.2,0.2,0,0.1,0,24757.5,0.5,0
99,21,3,0.1,0.3,0.1,0.4,0.9,0.1,0.3,0.3,0.3,0.1,0.1,67866.5,1.1,0.2
99,71,15,0.8,1.7,0.8,2.1,2.9,0.2,2.1,2.9,0.9,0.6,0,288977.2,6.4,0.4
99,72,37,0,7,3,1,13,1,6,3,1,0,2,728383.2,14,2
99,73,10.5,0.6,1.2,0.6,1.5,2,0.1,1.5,2,0.6,0.4,0,202284.1,4.5,0.3
99,79,2,0.1,0.2,0.1,0.3,0.4,0,0.3,0.4,0.1,0.1,0,38530.3,0.9,0.1
99,80,11,0.3,0.9,0.6,2.6,3,0.6,1.4,0.8,0.8,0,0,206889.2,4,0.9
99,81,10,0.3,0.8,0.6,2.4,2.7,0.5,1.3,0.7,0.7,0,0,188081.1,3.7,0.8
99,95,1,0.1,0.2,0,0.2,0.2,0,0,0.2,0,0.1,0,21171.4,0.4,0.1
99,117,9,0,1.1,0.5,0.6,2.7,0,1.9,0.6,0.8,0.8,0,167306,4.1,0.8
99,118,34,1,2,0,8,5,1,2,8,2,4,1,588685.3,15,5
99,119,8,0,1,0.5,0.5,2.4,0,1.7,0.5,0.7,0.7,0,148716.4,3.6,0.7
100,17,5,0.2,0.2,0.1,0.8,0.8,0,1.2,1.1,0.2,0.3,0.1,123787.3,2.3,0.2
100,18,25,0.9,1.1,0.7,4,4.2,0.2,5.8,5.3,0.9,1.5,0.4,618936.5,11.3,1.1
100,19,18,0.6,0.8,0.5,2.9,3,0.2,4.2,3.8,0.6,1.1,0.3,445634.3,8.1,0.8
100,20,1,0.1,0.1,0,0.1,0.3,0,0.1,0.1,0.1,0.1,0,22622.2,0.4,0.1
100,72,16.5,0.8,1.8,0.9,2.4,3.2,0.2,2.4,3.2,1,0.6,0,317875,7.1,0.4
100,73,8,0.4,0.9,0.4,1.1,1.6,0.1,1.1,1.6,0.5,0.3,0,154121.2,3.4,0.2
100,74,1,0.1,0.1,0.1,0.1,0.2,0,0.1,0.2,0.1,0,0,19265.1,0.4,0
100,78,3,0.2,0.3,0.2,0.4,0.6,0,0.4,0.6,0.2,0.1,0,57795.4,1.3,0.1
100,79,6,0.3,0.7,0.3,0.8,1.2,0.1,0.9,1.2,0.3,0.2,0,115590.9,2.6,0.2
100,80,12,0.3,1,0.7,2.9,3.2,0.7,1.5,0.9,0.8,0,0,225697.3,4.4,1
100,81,11,0.3,0.9,0.6,2.6,3,0.6,1.4,0.8,0.8,0,0,206889.2,4,0.9
100,95,5,0.4,0.8,0,0.9,1.1,0,0.1,1.1,0.1,0.5,0,105856.9,2,0.5
100,96,6,0.5,0.9,0,1.1,1.3,0,0.2,1.3,0.2,0.5,0,127028.3,2.4,0.5
100,117,13,0,1.6,0.8,0.8,3.9,0,2.7,0.8,1.2,1.2,0,241664.2,5.9,1.2
101,17,41,8,4,0,14,10,2,0,2,1,0,0,993500.7,12,1
101,18,63,2,5,5,10,19,1,10,4,2,5,0,1399734.4,28,1
101,19,16,0.6,0.7,0.4,2.5,2.7,0.1,3.7,3.4,0.6,1,0.3,396119.4,7.2,0.7
101,20,2,0.1,0.2,0.1,0.2,0.6,0,0.2,0.2,0.2,0.1,0.1,45244.3,0.7,0.1
101,24,5,0.2,0.6,0.1,0.6,1.5,0.1,0.5,0.5,0.6,0.2,0.1,113110.8,1.9,0.3
101,81,25,0.7,2.1,1.4,6,6.7,1.4,3.2,1.8,1.7,0,0,470202.8,9.2,2.1
101,126,2,0,0.3,0.1,0.2,0.6,0,0.1,0.4,0.1,0.1,0.1,34837.3,0.8,0.2
102,16,10,0.3,0.4,0.3,1.6,1.7,0.1,2.3,2.1,0.4,0.6,0.2,247574.6,4.5,0.4
102,17,52.5,0,7.5,4,3,12,0,10,13,1,1,1,1244207.4,20,1
102,18,53,3,0,5,10,9,2,7,10,4,2,1,1327800.5,21,0
102,19,12,0.4,0.5,0.3,1.9,2,0.1,2.8,2.6,0.4,0.8,0.2,297089.5,5.4,0.5
102,20,7,0.3,0.8,0.2,0.8,2.1,0.2,0.6,0.7,0.8,0.3,0.2,158355.1,2.6,0.5
102,25,8,0.4,0.9,0.2,0.9,2.4,0.2,0.7,0.8,0.9,0.4,0.2,180977.3,3,0.6
102,26,1,0.1,0.1,0,0.1,0.3,0,0.1,0.1,0.1,0.1,0,22622.2,0.4,0.1
102,81,2,0.1,0.2,0.1,0.5,0.5,0.1,0.3,0.1,0.1,0,0,37616.2,0.7,0.2
102,98,4,0.4,0.6,0,0.7,0.8,0,0.1,0.9,0.1,0.4,0,84685.5,1.6,0.4
102,107,4,0.2,0.4,0,0.4,1.1,0.1,0.1,0.9,0.6,0.2,0,75000.6,1.4,0.1
102,108,3,0.2,0.2,0,0.3,0.8,0.1,0.1,0.7,0.4,0.2,0,56250.4,1.1,0.1
102,124,1,0,0.1,0,0.1,0.3,0,0.1,0.2,0.1,0.1,0,17418.7,0.4,0.1
103,16,8,0.3,0.4,0.2,1.3,1.3,0.1,1.8,1.7,0.3,0.5,0.1,198059.7,3.6,0.4
103,17,46,1,0,5,6,8,0,10,7,1,8,0,1085646.4,23,1
103,18,16,0.6,0.7,0.4,2.5,2.7,0.1,3.7,3.4,0.6,1,0.3,396119.4,7.2,0.7
103,19,2,0.1,0.1,0.1,0.3,0.3,0,0.5,0.4,0.1,0.1,0,49514.9,0.9,0.1
103,25,3,0.1,0.3,0.1,0.4,0.9,0.1,0.3,0.3,0.3,0.1,0.1,67866.5,1.1,0.2
103,119,3,0,0.3,0.2,0.2,0.9,0,0.6,0.2,0.3,0.3,0,55768.7,1.4,0.3
104,17,30,0,3,0,4,4,1,7,6,1,3,1,604361,14,2
104,18,3,0,0.1,0.3,0.4,0.6,0,0.6,0.7,0.2,0.1,0,73689.9,1.3,0
104,25,29,3.1,1.2,0,8.7,5.6,0,4.3,3.1,0.6,1.2,1.2,793595,11.7,0.6
104,31,3,0.2,0.6,0.1,0.5,1,0.1,0.2,0,0.1,0,0.2,67141.3,0.9,0
104,104,2,0.1,0.2,0.2,0.4,0.3,0,0.3,0.2,0.1,0.2,0,35371.9,0.9,0.2
104,105,6,0.4,0.5,0.5,1.1,1,0.1,1,0.5,0.3,0.5,0.1,106115.7,2.6,0.6
104,126,6,0.1,0.1,0.2,0.9,1.1,0.3,0.6,1.6,0.1,0.7,0.3,120702.9,2.9,0.6
104,127,4,0.1,0.1,0.1,0.6,0.7,0.2,0.4,1,0.1,0.5,0.2,80468.6,1.9,0.4
105,14,4,0.1,0.2,0,0.4,0.5,0.1,0.5,0.9,0.3,0.9,0.1,99815.6,1.6,0
105,15,4,0.1,0.1,0.4,0.5,0.7,0.1,0.8,1,0.2,0.1,0,98253.3,1.8,0
105,17,4,0.1,0.1,0.4,0.5,0.7,0.1,0.8,1,0.2,0.1,0,98253.3,1.8,0
105,20,1,0,0.1,0.1,0.2,0.2,0,0.1,0.3,0,0,0,20971,0.5,0.1
105,21,8,0.3,0.3,0.7,1.1,1.7,0.3,0.6,2.3,0.3,0.2,0.2,167767.9,3.6,0.5
105,22,112,6,16,12,14,30,5,9,11,7,0,2,2079416.8,38,5
105,23,121,7,13,17,25,26,5,8,5,12,2,1,1958516.5,35,11
105,24,11,0.4,0.4,1,1.5,2.4,0.4,0.8,3.1,0.4,0.3,0.3,230680.9,5,0.7
105,25,46,0,3,1,2,10,1,10,12,1,1,5,1024349.2,19,2
105,47,15,1,1.4,0.6,3.2,4,0.4,2.4,1,0.8,0.2,0,345835,6,0.8
105,48,9,0.6,0.9,0.4,1.9,2.4,0.2,1.4,0.6,0.5,0.1,0,207501,3.6,0.5
105,49,4,0.3,0.4,0.2,0.8,1.1,0.1,0.6,0.3,0.2,0,0,92222.7,1.6,0.2
105,63,5,0.5,0.4,0.1,1,1.1,0.2,0.6,0.3,0.4,0.3,0.1,98043.6,1.9,0.1
105,64,14,1.4,1.1,0.3,2.9,3.2,0.5,1.7,0.8,1.1,0.9,0.1,274521.9,5.2,0.4
105,104,6,0.4,0.5,0.5,1.1,1,0.1,1,0.5,0.3,0.5,0.1,106115.7,2.6,0.6
105,105,20,1.4,1.8,1.9,3.7,3.2,0.2,3.2,1.9,0.9,1.6,0.2,353719.1,8.7,1.8
105,106,11,0.8,1,1,2,1.8,0.1,1.8,1,0.5,0.9,0.1,194545.5,4.8,1
105,107,4,0.3,0.4,0.4,0.7,0.6,0,0.6,0.4,0.2,0.3,0.1,70743.8,1.7,0.4
105,123,3,0.1,0.3,0.3,0.4,0.5,0.1,0.7,0.3,0,0.3,0,64769.2,1.2,0.1
105,124,7,0.3,0.6,0.6,0.9,1.1,0.2,1.7,0.8,0,0.8,0,151128.1,2.8,0.2
105,125,15,0.3,0.4,0.4,2.1,2.9,0.7,1.4,3.9,0.4,1.8,0.7,301757.3,7.1,1.4
105,126,15,0.3,0.4,0.4,2.1,2.9,0.7,1.4,3.9,0.4,1.8,0.7,301757.3,7.1,1.4
105,127,2,0,0.1,0.1,0.3,0.4,0.1,0.2,0.5,0,0.2,0.1,40234.3,1,0.2
106,14,3,0.1,0.1,0,0.3,0.4,0,0.4,0.7,0.2,0.7,0.1,74861.7,1.2,0
106,15,9,0.1,0.2,1,1.2,1.7,0.1,1.8,2.2,0.4,0.3,0,221069.8,4,0.1
106,16,6,0.1,0.1,0.6,0.8,1.1,0.1,1.2,1.5,0.3,0.2,0,147379.9,2.6,0.1
106,17,2,0,0,0.2,0.3,0.4,0,0.4,0.5,0.1,0.1,0,49126.6,0.9,0
106,20,3,0.1,0.1,0.3,0.4,0.7,0.1,0.2,0.8,0.1,0.1,0.1,62913,1.4,0.2
106,21,3,0.1,0.1,0.3,0.4,0.7,0.1,0.2,0.8,0.1,0.1,0.1,62913,1.4,0.2
106,22,81.5,7,10,8,13,20,1,14,4,4.5,0,0,1443742.3,28,7
106,23,151,5,8.5,6,18,28,2,44,29,5.5,3,2,3392121.4,69,4
106,24,22,1,1,0,2,3,0,3,8,1,3,0,484774,11,0
106,25,34,0,2,1,4,4,0,6,11,0,6,0,768035.4,18,1
106,40,14,0.4,0.7,0.4,2.6,4.8,0.4,1.1,1.8,1.1,0,0.7,387449.7,5.5,0.4
106,41,7,0.2,0.4,0.2,1.3,2.4,0.2,0.5,0.9,0.5,0,0.4,193724.8,2.8,0.2
106,47,6,0.4,0.6,0.2,1.3,1.6,0.2,0.9,0.4,0.3,0.1,0,138334,2.4,0.3
106,48,33,2.2,3.1,1.3,7,8.8,0.9,5.3,2.2,1.8,0.4,0,760837,13.2,1.8
106,49,44,3,3,2,8,11,2,5,2,6,2,0,908116.3,16,4
106,50,8,0.2,0,0,1.9,0.7,0,1.7,2.2,1.1,0.2,0,181065,3.5,0.6
106,63,26,2.6,2.1,0.5,5.4,5.9,1,3.1,1.4,2.1,1.7,0.2,509826.5,9.7,0.7
106,64,44.5,1,4.5,2,3,13,1,5,11,2,1,1,877473.1,19,4
106,65,10,0.5,2.2,1.1,1.1,2.2,0,1.6,0,0.3,0.5,0.5,199861.2,4.1,0.5
106,91,1,0,0.1,0,0.2,0.2,0,0.2,0.1,0.1,0.1,0,18130.7,0.4,0.1
106,104,1,0.1,0.1,0.1,0.2,0.1,0,0.2,0.1,0,0.1,0,17686,0.4,0.1
106,105,27,1.9,2.5,2.5,5,4.3,0.3,4.3,2.5,1.2,2.2,0.3,477520.8,11.8,2.5
106,106,5,0.3,0.5,0.5,0.9,0.8,0,0.8,0.5,0.2,0.4,0.1,88429.8,2.2,0.5
106,122,9,0.4,0.8,0.8,1.2,1.4,0.2,2.2,1,0,1,0,194307.6,3.6,0.2
106,123,9,0.4,0.8,0.8,1.2,1.4,0.2,2.2,1,0,1,0,194307.6,3.6,0.2
107,14,3,0.1,0.1,0,0.3,0.4,0,0.4,0.7,0.2,0.7,0.1,74861.7,1.2,0
107,15,2,0,0,0.2,0.3,0.4,0,0.4,0.5,0.1,0.1,0,49126.6,0.9,0
107,17,14,0.2,0.3,1.5,1.9,2.6,0.2,2.7,3.4,0.7,0.5,0,343886.4,6.1,0.2
107,18,13,0.2,0.3,1.4,1.7,2.4,0.2,2.5,3.2,0.6,0.5,0,319323.1,5.7,0.2
107,20,10,0.4,0.4,0.9,1.4,2.1,0.4,0.8,2.8,0.4,0.2,0.2,209709.9,4.6,0.6
107,21,25.5,0,0.5,1,2,2,0,5,10,1,4,0,555595.6,13,0
107,22,22,1,0,0,2,4,0,2,9,0,4,0,630612.4,11,0
107,23,21,0.8,0.8,1.9,2.9,4.5,0.8,1.6,5.9,0.8,0.5,0.5,440390.8,9.6,1.3
107,24,22,0.8,0.8,2,3.1,4.7,0.8,1.7,6.1,0.8,0.6,0.6,461361.8,10,1.4
107,25,245,12,21,41,44,43,10,40,20,6,7,1,3098075.8,139,65
107,26,5,0.5,0.2,0,1.5,1,0,0.8,0.5,0.1,0.2,0.2,136826.7,2,0.1
107,27,13,1.4,0.5,0,3.9,2.5,0,1.9,1.4,0.3,0.5,0.6,355749.5,5.3,0.3
107,37,3,0.1,0.2,0.2,0.4,0.7,0,0.5,0.6,0.1,0,0.2,71136.4,1.2,0.1
107,38,28,1,1.5,2,4,6.5,0,4.5,5.5,1,0.5,1.5,663939.6,11,0.5
107,39,16,0.6,0.8,1.1,2.3,3.7,0,2.6,3.1,0.6,0.3,0.9,379394.1,6.3,0.3
107,40,25,0,1,2,7,7,0,2,4,2,0,0,641344.3,11,0
107,41,10,0.3,0.5,0.3,1.8,3.4,0.3,0.8,1.3,0.8,0,0.5,276749.8,3.9,0.3
107,48,3,0.2,0.3,0.1,0.6,0.8,0.1,0.5,0.2,0.2,0,0,69167,1.2,0.2
107,49,39,2,5,2,1,19,0,4,0,2,0,4,787893.9,13,3
107,62,6,0.6,0.5,0.1,1.2,1.4,0.2,0.7,0.3,0.5,0.4,0.1,117652.3,2.2,0.2
107,63,16,1.6,1.3,0.3,3.3,3.6,0.6,1.9,0.9,1.3,1,0.2,313739.4,6,0.4
107,64,30,0,2,1,4,8,0,1,7,3,3,1,492577.7,17,4
107,65,26,1.4,5.6,2.8,2.8,5.7,0,4.2,0,0.7,1.4,1.4,519639.1,10.5,1.4
107,107,5,0.3,0.5,0.5,0.9,0.8,0,0.8,0.5,0.2,0.4,0.1,88429.8,2.2,0.5
108,11,3,0.1,0.1,0,0.3,0.4,0,0.4,0.7,0.2,0.7,0.1,74861.7,1.2,0
108,12,9,0.3,0.4,0,0.9,1.1,0.1,1.1,2,0.8,2,0.3,224585.1,3.7,0
108,13,59,2,3,0,9,13,0,16,10,5,0,1,1273821.9,26,4
108,14,37,1.3,1.9,0,3.8,4.4,0.6,4.4,8.1,3.1,8.1,1.3,923294.4,15.1,0
108,15,227.5,6,23,15,46,47,4,30,25,15.5,15,1,3525797.5,119,36
108,17,7,0.1,0.2,0.8,0.9,1.3,0.1,1.4,1.7,0.3,0.2,0,171943.2,3.1,0.1
108,18,18,0.2,0.4,2,2.4,3.3,0.2,3.5,4.4,0.9,0.7,0,442139.6,7.9,0.2
108,19,56,4,5,0,10,14,1,2,7,5,5,3,1124295.1,22,3
108,20,25,0,2,2,5,4,0,4,3,3,1,1,555641.6,11,1
108,21,68,1,1,3,11,6,2,13,19,0,12,0,1411732.9,49,6
108,22,86,2,4,7,11,27,3,5,15,6,6,0,1884122.4,41,3
108,24,49,7,3,5,12,7,1,6,4,3,1,0,1022912,20,4
108,25,102,8,5,11,13,28,6,12,12,5,1,1,1694343.1,44,19
108,26,75,5,5,9,10,15,0,15,4,7,4,1,1022702.5,34,19
108,38,9,0.3,0.5,0.6,1.3,2.1,0,1.4,1.8,0.3,0.2,0.5,213409.2,3.5,0.2
108,39,54.5,1.5,7,0,7,9,0,12,9,3,5,1,1280471.6,23,0
108,40,5,0.1,0.3,0.1,0.9,1.7,0.1,0.4,0.7,0.4,0,0.3,138374.9,2,0.1
108,41,2,0,0.1,0,0.4,0.7,0,0.2,0.3,0.2,0,0.1,55350,0.8,0.1
108,49,5,0.3,0.5,0.2,1.1,1.3,0.1,0.8,0.3,0.3,0.1,0,115278.3,2,0.3
108,50,2,0,0,0,0.5,0.2,0,0.4,0.5,0.3,0.1,0,45266.3,0.9,0.2
108,63,28,2.8,2.3,0.5,5.8,6.4,1,3.3,1.5,2.3,1.8,0.3,549043.9,10.4,0.8
108,64,15,1.5,1.2,0.3,3.1,3.4,0.6,1.8,0.8,1.2,1,0.1,294130.7,5.6,0.4
108,65,28,1,0,2,6,6,1,3,6,1,2,0,527528,12,2
108,66,1,0,0.2,0.1,0.1,0.2,0,0.2,0,0,0.1,0.1,19986.1,0.4,0.1
108,87,4,0.2,0.6,0.2,0.8,0.7,0.1,0.4,0.6,0.1,0.3,0,65684.5,1.7,0.6
108,122,2,0.1,0.2,0.2,0.3,0.3,0,0.5,0.2,0,0.2,0,43179.5,0.8,0
109,10,1,0,0.1,0.1,0.1,0.3,0,0.2,0.1,0,0.1,0,22006.3,0.4,0
109,11,25,0,1.7,2.3,4,6.8,0,4,2.3,0,2.8,1.1,550157.2,10.8,1.1
109,12,102,11,13,7,27,21,5,9,3,6,0,0,1917666.8,40,2
109,13,108,5,15,6,20,18,0,27,4,6,5,2,2156188.6,41,5
109,14,63,2,4,1,5,9,3,6,16,2,15,0,1228091.6,28,3
109,15,316.5,26.5,37,42,57,54,13,29,28,15,15,0,4620051.9,139,50
109,16,36,2,3,1,5,5,0,6,6,2,6,0,835693.2,18,1
109,17,52,2,4,6,8,6,2,6,11,2,4,1,769198.5,26,9
109,18,6,0.2,0.4,0,0.9,1.4,0.2,1,1.1,0.3,0.5,0,119892.5,2.7,0.3
109,19,42,1,3,5,8,10,1,6,2,4,1,1,972597.7,18,0
109,20,138,4,2,6,16,15,1,10,18,5,61,0,2858845.7,100,10
109,21,100,2,10,11,23,16,3,12,11,4,7,1,1702167.9,57,15
109,22,115.5,3,13,5,22,21,2,20,17,6.5,5,1,2353757.4,53,4
109,23,24,0,0,1.7,0.9,3.4,0,8.6,6,0.8,2.6,0,627604.2,13.7,2.6
109,24,111,6,9,11,28,24,2,6,11,8,6,0,2232316.2,52,8
109,25,66,5,3,4,9,12,1,9,9,2,11,1,1143234.6,37,6
109,26,11,0.6,0.3,0.6,1.2,2.1,0,3.1,2.5,0,0.6,0,251893.6,5.5,0.3
109,27,4,0.2,0.1,0.2,0.5,0.8,0,1.1,0.9,0,0.2,0,91597.7,2,0.1
109,28,2,0.1,0.1,0.1,0.2,0.4,0,0.6,0.4,0,0.1,0,45798.8,1,0.1
109,39,13,1,2.7,0.3,2,4.6,0.2,0.8,0,0.6,0,0.8,290945.4,4.1,0
109,40,15,0.4,0,0,3.7,1.2,0,3.2,4.1,2,0.4,0,339496.9,6.5,1.2
109,59,3,0.1,0,0,0.7,0.2,0,0.7,0.8,0.4,0.1,0,67899.4,1.3,0.2
109,63,8,0,1.4,0,1.2,2.5,0.3,0.2,1,0.2,0.8,0.4,170279.8,3.8,0.6
109,64,17.5,0,3,0,2.6,5.6,0.7,0.4,2.2,0.4,1.7,0.9,372487.1,8.2,1.3
109,65,19,2,1.3,0.6,3.3,2,0,2,5.9,0.6,1.3,0,391264.6,8.5,2
109,66,7,0.7,0.5,0.3,1.2,0.7,0,0.7,2.2,0.2,0.5,0,144150.1,3.1,0.7
109,91,6,0,0.4,0.7,0.3,1.2,0.1,1.1,1.1,0.2,0.8,0.1,107113,2.9,0.9
110,11,67,3,9,5,6,21,1,9,7,5,0,1,1514810.8,21,0
110,12,44,1,4,3,9,10,0.5,8,6,1.5,0,1,1087072.4,19,0
110,13,131,3,11,7,12,31,3,21,27,4,8,4,2679328.5,60,6
110,14,112,5,4,9,18,16,3,18,18,6,13,2,2131147.2,51,7
110,15,94.5,3,6,3,7,24,1,16,16,4.5,12,2,2116085.8,41,4
110,16,7,0.3,0.5,0,1,1.7,0.2,1.1,1.3,0.3,0.6,0,139874.6,3.1,0.3
110,17,28,0,4,1,3,10,0,4,3,0,3,0,347825.5,17,8
110,19,19,0.7,1.3,0,2.8,4.5,0.5,3.1,3.5,0.9,1.7,0,379659.5,8.5,0.9
110,20,80,5,0,4,14,13,1,12,15,5,11,0,1543127.1,48,6
110,21,132,6,6,9,37,30,4,9,15,4,12,0,2717786.9,84,15
110,22,114.5,9,4,14,28,28,2,10,8,8.5,3,0,2246581.8,72,15
110,23,200,8,9,16,42,37,3,30,23,10,18,4,4511235,114,19
110,24,153,5,6,11,29,29,6,29,14,7,16,1,2859140,83,15
110,25,177.5,5,14.5,13,36,35,1,21,26,10,15,1,3150647.6,103,19
110,26,91,3,7,6,15,19,1,10,14,7,7,2,1511026.9,40,7
110,27,48,0,0,1,3,4,0,16,21,1,2,0,1096771.5,25,2
110,63,9,0,1.6,0,1.3,2.9,0.3,0.2,1.1,0.2,0.9,0.5,191564.8,4.2,0.7
110,64,6,0,1,0,0.9,1.9,0.2,0.2,0.7,0.2,0.6,0.3,127709.8,2.8,0.4
110,65,3,0.3,0.2,0.1,0.5,0.3,0,0.3,1,0.1,0.2,0,61778.6,1.3,0.3
110,91,19,0,1.3,2,1,3.8,0.2,3.6,3.6,0.7,2.6,0.2,339191.1,9.3,2.8
110,92,10,0,0.7,1,0.5,2,0.1,1.9,1.9,0.4,1.4,0.1,178521.6,4.9,1.5
110,93,2,0,0.1,0.2,0.1,0.4,0,0.4,0.4,0.1,0.3,0,35704.3,1,0.3
111,11,99,4,19,3,13,24,4,12,8,10,0,2,2043815.9,30,3
111,12,108,10,12,4,23,22,3,7,13,11,1,2,2243469.4,39,2
111,13,32,0,3,1,5,2,0,7,8,1,5,0,654222,16,2
111,14,18,0,1.2,1.6,2.9,4.9,0,2.9,1.6,0,2.1,0.8,396113.2,7.8,0.8
111,15,14,0.5,1,0,2.1,3.3,0.3,2.3,2.6,0.7,1.2,0,279749.1,6.3,0.7
111,16,9.5,0.4,0.7,0,1.4,2.2,0.2,1.5,1.8,0.5,0.8,0,189829.8,4.2,0.5
111,19,18,0.7,1.2,0,2.7,4.2,0.4,2.9,3.4,0.9,1.6,0,359677.4,8,0.9
111,20,73.5,7,3.5,11,15,12,3,7,6,7,0,2,1051429.3,31,11
111,21,252,15,21,27,42,43,6,29,36,10,20,3,5289338.8,130,17
111,22,153,5,8,15,31,27,1,28,13,6,15,4,2553625.3,97,24
111,23,200.5,7,20.5,17,41,38,7,19,20,16,15,0,3857734.7,101,22
111,24,108,2,7,5,16,18,0,16,22,4,15,3,2195541.3,68,6
111,25,33,2,2,3,5,10,0,4,2,1,3,1,452252.6,21,11
111,26,66,3,11,4,3,25,0,7,5,3,4,1,1380348.8,26,3
111,27,91.5,2,4.5,2,7,12,1,8,33,2,19,1,2038258.9,50,3
111,28,38,2,0,0,6,2,1,5,15,4,2,1,894404.2,17,0
111,85,2,0.1,0.3,0.1,0.4,0.4,0,0.2,0.3,0.1,0.1,0,32842.2,0.9,0.3
111,90,15,0,1,1.6,0.7,3,0.2,2.8,2.8,0.6,2.1,0.2,267782.4,7.3,2.2
111,91,63,4,7,6,15,7,2,7,7,3,2,3,1039793.1,25,5
111,92,9,0,0.6,1,0.5,1.8,0.1,1.7,1.7,0.3,1.2,0.1,160669.5,4.4,1.4
112,16,5,0.2,0.3,0,0.8,1.2,0.1,0.8,0.9,0.3,0.4,0,99910.4,2.2,0.2
112,20,4,0,0,0.3,0.2,0.6,0,1.4,1,0.1,0.4,0,104600.7,2.3,0.4
112,21,157,9,4,9,31,27,7,24,22,11,12,1,2870745.9,76,18
112,22,284.5,13,37,30,52,62,6,36,18,23.5,4,3,3976955.3,129,52
112,23,340,23,25.5,36.5,56,68,7,48,35,20,21,0,5244527.5,163,53
112,24,60,1,1,4,16,7,0,6,13,0,12,0,1294407.1,41,1
112,25,129.5,5,10.5,9,20,26,8,12,16,18,5,0,1575166.6,66,30
112,26,198,15,15,13,35,33,1,29,24,25,8,0,2486524.2,98,54
112,27,147,7,7,4,22,19,4,21,39,6,18,0,2944371.6,68,4
112,28,169.5,13.5,26,10,42,29,5.5,14,13,14.5,2,0,3069629.3,58,10
112,29,1,0,0,0.1,0.1,0.2,0,0.3,0.2,0,0.1,0,22899.4,0.5,0
112,90,4,0,0.3,0.4,0.2,0.8,0,0.7,0.7,0.2,0.6,0.1,71408.7,2,0.6
112,91,91,4,12,9,17,16,3,7,6,13,4,0,1201167,34,15
112,92,29,1,4,3,4,3,1,6,2,3,2,0,395562.4,11,5
112,95,2,0,0.2,0.1,0.4,0.3,0.1,0.3,0.3,0.2,0.1,0,36261.3,0.8,0.1
112,96,3,0,0.3,0.1,0.6,0.5,0.1,0.5,0.4,0.3,0.1,0.1,54392,1.2,0.2
113,16,2,0.1,0.1,0,0.3,0.5,0,0.3,0.4,0.1,0.2,0,39964.2,0.9,0.1
113,21,101,7,12,5,27,19,5,3,11,8,4,0,2041540.5,42,4
113,22,225.5,15,27.5,24,39,35,7,20,25,21,10,2,3618832.2,94,32
113,23,109,4,13,3,21,19,1,22,18,3,5,0,2126626.4,53,9
113,24,94,4,7,8,32,20,8.5,2,8,3.5,0,1,2117309,37,0
113,25,252,12,19,19.5,44,63,6,41,26,11.5,7,3,4075894.8,144,33
113,26,7,0.4,0.2,0.4,0.8,1.4,0,1.9,1.5,0,0.4,0,160295.9,3.5,0.2
113,27,31,1,4,4,4,4,0,4,6,1,1,2,695616.5,12,1
113,28,11,0.6,0.3,0.6,1.2,2.1,0,3.1,2.5,0,0.6,0,251893.6,5.5,0.3
113,32,35,2.7,7.2,0.7,5.5,12.3,0.7,2.1,0,1.7,0,2.1,783314.7,11,0
113,90,8,0,0.5,0.9,0.4,1.6,0.1,1.5,1.5,0.3,1.1,0.1,142817.3,3.9,1.2
113,91,44,3,5,1,7,10,5,4,2,4,3,0,736757.8,13,2
113,92,5,0,0.3,0.5,0.3,1,0.1,0.9,0.9,0.2,0.7,0.1,89260.8,2.4,0.8
113,94,2,0,0.1,0.2,0.1,0.4,0,0.4,0.4,0.1,0.3,0,35704.3,1,0.3
113,95,21,0.3,1.8,0.9,4.1,3.2,0.9,3.5,3,1.8,0.9,0.6,380744.1,8.6,1.5
113,96,18,0.3,1.5,0.8,3.5,2.8,0.8,3,2.5,1.5,0.8,0.5,326352.1,7.4,1.3
113,97,12,0.2,1,0.5,2.4,1.9,0.5,2,1.7,1,0.5,0.3,217568.1,4.9,0.8
113,98,14,0.2,1.2,0.6,2.7,2.2,0.6,2.3,2,1.2,0.6,0.4,253829.4,5.7,1
113,113,6,0.3,0.9,0.5,1.2,1.2,0,0.7,0.5,0.3,0.4,0,120748.7,2.5,0.3
113,114,6,0.3,0.9,0.5,1.2,1.2,0,0.7,0.5,0.3,0.4,0,120748.7,2.5,0.3
113,115,3,0.1,0.5,0.3,0.6,0.6,0,0.3,0.3,0.1,0.2,0,60374.3,1.3,0.1
113,127,2,0.1,0.2,0.2,0.3,0.3,0,0.5,0.2,0,0.2,0,43179.5,0.8,0
114,8,10,0.7,0.4,0.7,2,2.2,0.1,1.3,1.3,1.2,0,0.1,264680.2,3.7,0.4
114,9,1,0.1,0.1,0.1,0.2,0.2,0,0.1,0.1,0.1,0,0,26468,0.4,0
114,21,97,8,9,7,25,15,0,10,9,6,8,0,1666825.2,41,2
114,22,68,3,5,2,5,16,1,12,12,2,9,1,1567494.5,32,1
114,23,38,0,1,2,6,2,0,10,14,1,2,0,1136104.1,18,0
114,24,17,1,1.2,1.5,3.4,4.8,0.9,1.3,0.9,1,0.5,0.5,377503.7,6.9,0.7
114,25,32,1,4,3,5,8,0,5,4,2,0,0,482165.8,15,5
114,26,11,1.4,1.1,0.5,3.3,2.2,0.8,0.6,0.6,0.5,0,0,234694.7,3.6,0
114,90,2,0.1,0.3,0.1,0.4,0.4,0,0.2,0.3,0.1,0.1,0,32842.2,0.9,0.3
114,96,1,0.1,0.1,0,0.2,0.2,0,0.1,0.2,0,0.1,0,16421.1,0.4,0.2
114,97,46.5,4,7,1,11,5,1,4,5,3.5,5,0,734935.9,17,3
114,98,20,1.1,2.9,0.7,3.9,3.6,0.4,2.1,3.2,0.7,1.4,0,328422.4,8.6,3.2
114,116,2,0,0.1,0.1,0.3,0.4,0,0.5,0.3,0.1,0.1,0.1,47016.2,0.8,0
114,117,7,0,0.4,0.4,1,1.4,0.1,1.8,1,0.3,0.3,0.3,164556.7,2.9,0.1
114,118,4,0,0.2,0.2,0.6,0.8,0.1,1,0.6,0.1,0.2,0.2,94032.4,1.6,0.1
115,6,2,0.2,0.1,0.1,0.4,0.4,0,0.3,0.3,0.2,0,0,52936,0.7,0.1
115,7,3,0.2,0.1,0.2,0.6,0.7,0,0.4,0.4,0.4,0,0,79404.1,1.1,0.1
115,8,18,1.3,0.6,1.2,3.7,3.9,0.2,2.4,2.4,2.1,0,0.2,476424.4,6.7,0.6
115,9,9,0.7,0.3,0.6,1.8,1.9,0.1,1.2,1.2,1.1,0,0.1,238212.2,3.3,0.3
115,20,3,0.2,0.2,0.3,0.6,0.8,0.1,0.2,0.2,0.2,0.1,0.1,66618.3,1.2,0.1
115,21,13,0.8,0.9,1.1,2.6,3.7,0.7,1,0.7,0.8,0.3,0.4,288679.3,5.2,0.6
115,22,107.5,1,9.5,13,7,29,3,20,14,5,5,1,2508564.8,38,3
115,23,61.5,1,6,2.5,4,5,1,15,21,1,3,2,1454705.4,27,2
115,24,26,1.6,1.8,2.3,5.2,7.3,1.4,2,1.4,1.6,0.7,0.7,577358.6,10.5,1.1
115,25,79,4,10.5,1,23,20,4,5,1,8.5,0,2,1651539.5,25,1
115,97,16,0.9,2.3,0.6,3.1,2.8,0.3,1.7,2.6,0.6,1.1,0,262737.9,6.9,2.6
115,99,3,0.2,0.4,0.1,0.6,0.5,0.1,0.3,0.5,0.1,0.2,0,49263.4,1.3,0.5
115,100,1,0,0.2,0.1,0.2,0.2,0,0.1,0.1,0,0.1,0,20124.8,0.4,0
115,110,4,0,0.2,0.2,0.6,0.8,0.1,1,0.6,0.1,0.2,0.2,94032.4,1.6,0.1
115,111,3,0,0.2,0.2,0.4,0.6,0.1,0.8,0.4,0.1,0.1,0.1,70524.3,1.2,0.1
115,118,10,0,0.5,0.5,1.5,2,0.2,2.6,1.5,0.4,0.4,0.4,235081,4.1,0.2
116,7,22,1,0,0,4,4,0,3,9,1,0,0,569446.8,11,0
116,8,39,0,5,1,6,8,1,4,8,3,2,1,784894.7,16,1
116,9,78,6,9,2,11,19,4,7,10,4,3,3,1683955,26,3
116,10,11,0.2,0.8,0.3,2.4,3.5,0.3,1.6,0.8,1.1,0,0,224715.3,4.3,0.3
116,20,19,1.2,1.3,1.7,3.8,5.3,1,1.5,1,1.2,0.5,0.5,421915.9,7.7,0.8
116,21,29,2,1,3,7,5,0,6,2,2,1,0,608891.6,13,0
116,22,133,9,15,5,33,30,7,14,4,13,0,3,3093582.7,42,2
116,23,33,2,2,1,5,6,1,8,4,2,1,1,712552,13,2
116,24,20,1.2,1.4,1.8,4,5.6,1.1,1.6,1.1,1.2,0.5,0.5,444122,8.1,0.9
116,25,18,2.2,1.8,0.9,5.4,3.6,1.4,0.9,0.9,0.9,0,0,384045.8,5.9,0
116,60,2,0,0.1,0,0.3,0.6,0.1,0.1,0.4,0.1,0.2,0.1,45588.1,0.9,0.2
116,99,8,0.4,1.1,0.3,1.6,1.4,0.1,0.9,1.3,0.3,0.6,0,131369,3.4,1.3
116,100,1,0,0.2,0.1,0.2,0.2,0,0.1,0.1,0,0.1,0,20124.8,0.4,0
116,109,5,0.2,0.8,0.4,1,1,0,0.6,0.5,0.2,0.3,0,100623.9,2.1,0.2
116,119,2,0,0.1,0.1,0.3,0.4,0,0.5,0.3,0.1,0.1,0.1,47016.2,0.8,0
117,7,23,1.6,0.8,1.5,4.7,5,0.3,3,3,2.8,0,0.3,608764.6,8.5,0.8
117,8,14.5,1,0.5,1,3,3.1,0.2,1.9,1.9,1.7,0,0.2,383786.4,5.4,0.5
117,9,46,1,4,1,11,7,1,4,11,3,3,0,1027519.4,21,0
117,10,10,0.2,0.7,0.3,2.2,3.2,0.2,1.5,0.7,1,0,0,204286.7,3.9,0.2
117,11,6,0.1,0.4,0.2,1.3,1.9,0.2,0.9,0.4,0.6,0,0,122572,2.3,0.1
117,19,4,0.1,0.2,0,1.1,1.1,0,0.8,0.5,0.2,0,0,99949.7,2.2,0
117,20,36,1,2,0,5,10,0,1,7,2,8,0,754369.3,21,3
117,22,12,0.7,0.9,1.1,2.4,3.4,0.6,1,0.6,0.7,0.3,0.3,266473.2,4.8,0.5
117,23,4,0.2,0.3,0.4,0.8,1.1,0.2,0.3,0.2,0.3,0.1,0.1,88824.4,1.6,0.2
117,108,1,0,0.2,0.1,0.2,0.2,0,0.1,0.1,0,0.1,0,20124.8,0.4,0
117,119,4,0,0.2,0.2,0.6,0.8,0.1,1,0.6,0.1,0.2,0.2,94032.4,1.6,0.1
118,7,2,0.2,0.1,0.1,0.4,0.4,0,0.3,0.3,0.2,0,0,52936,0.7,0.1
118,8,1,0.1,0.1,0.1,0.2,0.2,0,0.1,0.1,0.1,0,0,26468,0.4,0
118,10,10,0.2,0.7,0.3,2.2,3.2,0.2,1.5,0.7,1,0,0,204286.7,3.9,0.2
118,19,21,0.8,0.9,0,5.9,5.9,0,4.2,2.5,0.8,0,0,524735.8,11.8,0
118,20,37,0,2,3,1,7,0,13,6,1,3,1,934859.2,17,1
118,73,4,0,0.2,0,0.6,1.1,0.2,0.2,0.8,0.2,0.5,0.2,91176.2,1.8,0.3
118,74,7,0,0.3,0,1.2,2,0.3,0.3,1.4,0.3,0.9,0.3,159558.4,3.2,0.6
119,18,5,0.1,0.4,0.1,0.9,0.6,0.1,1.6,0.6,0.1,0.4,0.1,117981.6,2.6,0.2
119,19,20,0.5,1.7,0.2,3.8,2.5,0.2,6.3,2.5,0.5,1.5,0.3,471926.3,10.2,0.8
119,20,11,1.4,1.1,0.5,3.3,2.2,0.8,0.6,0.6,0.5,0,0,234694.7,3.6,0
119,54,3,0.1,0,0,0.7,0.2,0,0.7,0.8,0.4,0.1,0,67899.4,1.3,0.2
119,74,3,0,0.1,0,0.5,0.9,0.1,0.1,0.6,0.1,0.4,0.2,68382.2,1.4,0.2
119,108,3,0.1,0.5,0.3,0.6,0.6,0,0.3,0.3,0.1,0.2,0,60374.3,1.3,0.1
120,11,4,0.1,0.3,0.1,0.9,1.2,0.1,0.6,0.3,0.4,0,0,81714.7,1.6,0.1
120,108,11,0.5,1.7,1,2.2,2.2,0,1.2,1,0.5,0.7,0,221372.6,4.6,0.5
120,109,2,0.1,0.3,0.2,0.4,0.4,0,0.2,0.2,0.1,0.1,0,40249.6,0.8,0.1
120,110,11,0.4,0,0.4,2,0,0.4,2,2.9,0,2.9,0,237447.2,6.1,1.2
120,111,2,0.1,0,0.1,0.3,0,0.1,0.4,0.5,0,0.5,0,43172.2,1.1,0.2
120,118,3,0,0.2,0.2,0.4,0.6,0.1,0.8,0.4,0.1,0.1,0.1,70524.3,1.2,0.1
120,119,3,0,0.2,0.2,0.4,0.6,0.1,0.8,0.4,0.1,0.1,0.1,70524.3,1.2,0.1
121,15,1,0,0.1,0,0.2,0.1,0,0.3,0.2,0,0.1,0,23596.3,0.5,0
121,16,9,0.2,0.8,0.1,1.7,1.1,0.1,2.8,1.2,0.2,0.7,0.1,212366.8,4.6,0.3
121,106,1,0,0.2,0.1,0.2,0.2,0,0.1,0.1,0,0.1,0,20124.8,0.4,0
121,110,4,0.2,0,0.2,0.7,0,0.2,0.7,1,0,1,0,86344.4,2.2,0.4
121,111,41,3,0,2,8,4,1,8,6,2,6,1,593671.2,20,8
121,112,19,1,0,0,2,2,0,5,2,0,6,1,448956.8,11,2
122,15,2,0,0.2,0,0.4,0.3,0,0.6,0.3,0,0.2,0,47192.6,1,0.1
122,16,32,1,1,3,4,9,0,0,7,3,2,2,714735.2,15,2
122,17,31,0,0,1,4,6,0,11,8,0,0,1,921162.5,14,0
122,18,19,0.5,1.7,0.2,3.6,2.4,0.2,5.9,2.4,0.5,1.4,0.2,448330,9.7,0.7
122,35,1,0,0.1,0.1,0.1,0.3,0,0.1,0.1,0.1,0.1,0,24406.4,0.4,0
122,36,5,0.1,0.7,0.7,0.7,1.2,0.1,0.5,0.2,0.2,0.5,0.1,122031.8,1.8,0.1
122,37,5,0.1,0.7,0.7,0.7,1.2,0.1,0.5,0.2,0.2,0.5,0.1,122031.8,1.8,0.1
122,48,3,0.1,0,0,0.7,0.2,0,0.7,0.8,0.4,0.1,0,67899.4,1.3,0.2
122,65,2,0,0.1,0,0.3,0.6,0.1,0.1,0.4,0.1,0.2,0.1,45588.1,0.9,0.2
122,76,2,0,0.1,0,0.3,0.6,0.1,0.1,0.4,0.1,0.2,0.1,45588.1,0.9,0.2
122,103,3,0.1,0.5,0.3,0.6,0.6,0,0.3,0.3,0.1,0.2,0,60374.3,1.3,0.1
122,104,2,0.1,0.3,0.2,0.4,0.4,0,0.2,0.2,0.1,0.1,0,40249.6,0.8,0.1
122,110,3,0.1,0,0.1,0.5,0,0.1,0.6,0.8,0,0.8,0,64758.3,1.7,0.3
122,111,2,0.1,0,0.1,0.3,0,0.1,0.4,0.5,0,0.5,0,43172.2,1.1,0.2
122,112,1,0,0,0,0.2,0,0,0.2,0.3,0,0.3,0,21586.1,0.6,0.1
122,113,4,0.2,0,0.2,0.7,0,0.2,0.7,1,0,1,0,86344.4,2.2,0.4
123,15,2,0,0.2,0,0.4,0.3,0,0.6,0.3,0,0.2,0,47192.6,1,0.1
123,16,15,0.3,1.3,0.2,2.8,1.9,0.2,4.7,1.9,0.4,1.1,0.2,353944.7,7.7,0.6
123,17,7,0.1,0.6,0.1,1.3,0.9,0.1,2.2,0.9,0.2,0.5,0.1,165174.2,3.6,0.3
123,36,31,0.6,4.3,4.3,4.3,7.9,0.6,3,1.2,1.2,3,0.6,756597.3,10.9,0.6
123,37,27,1,1,3,4,6,0,4,6,0,0,2,600411.6,11,0
123,38,9,0.2,1.2,1.2,1.2,2.3,0.2,0.9,0.4,0.3,0.9,0.2,219657.3,3.2,0.2
123,41,3,0.1,0,0,0.7,0.2,0,0.7,0.8,0.4,0.1,0,67899.4,1.3,0.2
123,64,4,0,0.2,0,0.6,1.1,0.2,0.2,0.8,0.2,0.5,0.2,91176.2,1.8,0.3
123,115,12,0,0.7,0.7,1.8,2.4,0.2,3.1,1.8,0.4,0.4,0.5,282097.2,4.9,0.2
124,36,12,0.4,0.7,0.4,1.9,2.2,0,2.1,1.9,0.7,1.1,0.6,265559.2,5.8,0.2
124,37,14,0.4,0.9,0.4,2.2,2.6,0,2.4,2.2,0.9,1.3,0.7,309819.1,6.8,0.2
124,38,1,0,0.1,0,0.1,0.2,0,0.2,0.2,0.1,0.1,0,22129.9,0.5,0
125,18,5,0.4,0.4,0.2,0.8,1,0,1.1,0.5,0.4,0.2,0,94201.7,2.2,0.4
125,36,19,0.6,1.2,0.6,3,3.5,0,3.2,3,1.2,1.8,0.9,420468.8,9.2,0.3
125,37,12,0.4,0.7,0.4,1.9,2.2,0,2.1,1.9,0.7,1.1,0.6,265559.2,5.8,0.2
125,76,3,0.1,0.1,0.1,0.9,0.7,0.1,0.2,0.2,0.4,0.2,0,61508.4,1.3,0.1
126,17,5,0.4,0.4,0.2,0.8,1,0,1.1,0.5,0.4,0.2,0,94201.7,2.2,0.4
126,18,9,0.6,0.8,0.3,1.5,1.8,0,2,1,0.7,0.3,0,169563.1,3.9,0.7
126,37,1,0,0.1,0,0.1,0.2,0,0.2,0.2,0.1,0.1,0,22129.9,0.5,0
126,64,3,0,0.2,0.2,0.1,0.9,0,0.7,0.5,0.1,0.1,0.2,65527.7,1.3,0.2
126,79,2,0.1,0.1,0,0.6,0.5,0,0.2,0.1,0.3,0.1,0,41005.6,0.9,0.1
126,81,3,0.3,0.3,0.1,1,0,0,0.5,0.4,0.3,0.1,0,59029.8,1.2,0.4
126,96,2,0.1,0.4,0.1,0.4,0.3,0,0.3,0.1,0.1,0.2,0,31071.4,0.8,0.3
127,18,34,1,4,3,3,9,1,5,5,1,1,1,667458.2,14,3
127,19,10,0.7,0.9,0.4,1.6,2,0,2.2,1.1,0.7,0.4,0,188403.4,4.4,0.7
127,60,3,0,0.2,0.2,0.1,0.9,0,0.7,0.5,0.1,0.1,0.2,65527.7,1.3,0.2
127,64,1,0,0.1,0.1,0,0.3,0,0.2,0.2,0,0,0.1,21842.6,0.4,0.1
127,79,1,0,0.1,0,0.3,0.2,0,0.1,0.1,0.1,0.1,0,20502.8,0.4,0
127,80,27,1,1,0,7,3,0,9,3,3,0,0,620288.8,12,1
127,81,22,1.9,2.6,0.7,7.1,0,0,3.9,3.2,1.9,0.7,0,432885.2,9.1,2.6
127,96,18,0.8,3.8,0.4,3.4,2.9,0.4,2.9,1.3,0.4,1.7,0,279642.7,7.1,2.9
127,97,6,0.3,1.3,0.1,1.1,1,0.1,1,0.4,0.1,0.6,0,93214.2,2.4,1
