x,y,elevation
0,0,827
0,1,786
0,2,889
0,3,971
0,4,913
0,5,873
0,6,798
0,7,782
0,8,829
0,9,823
0,10,766
0,11,745
0,12,860
0,13,945
0,14,995
0,15,1000
0,16,1104
0,17,1103
0,18,1007
0,19,956
0,20,914
0,21,847
0,22,826
0,23,861
0,24,758
0,25,723
0,26,678
0,27,733
0,28,845
0,29,837
0,30,766
0,31,783
0,32,870
0,33,909
0,34,995
0,35,1087
0,36,1054
0,37,949
0,38,836
0,39,809
0,40,791
0,41,829
0,42,903
0,43,1058
0,44,1088
0,45,1001
0,46,962
0,47,922
0,48,923
0,49,960
0,50,975
0,51,985
0,52,861
0,53,752
0,54,772
0,55,917
0,56,1028
0,57,971
0,58,963
0,59,949
0,60,836
0,61,758
0,62,841
0,63,893
0,64,902
0,65,898
0,66,905
0,67,841
0,68,826
0,69,764
0,70,669
0,71,601
0,72,550
0,73,470
0,74,419
0,75,391
0,76,367
0,77,360
0,78,358
0,79,352
0,80,351
0,81,349
0,82,345
0,83,337
0,84,305
0,85,284
0,86,281
0,87,289
0,88,285
0,89,274
0,90,263
0,91,251
0,92,251
0,93,250
0,94,246
0,95,239
0,96,235
0,97,232
0,98,229
0,99,225
0,100,220
0,101,213
0,102,207
0,103,199
0,104,192
0,105,187
0,106,186
0,107,187
0,108,188
0,109,187
0,110,183
0,111,180
0,112,175
0,113,180
0,114,186
0,115,191
0,116,197
0,117,191
0,118,184
0,119,192
0,120,200
0,121,191
0,122,182
0,123,172
0,124,155
0,125,146
0,126,137
0,127,130
1,0,754
1,1,802
1,2,888
1,3,915
1,4,896
1,5,899
1,6,841
1,7,791
1,8,752
1,9,741
1,10,711
1,11,743
1,12,833
1,13,958
1,14,1055
1,15,1070
1,16,1138
1,17,1155
1,18,1066
1,19,1006
1,20,941
1,21,891
1,22,884
1,23,879
1,24,841
1,25,804
1,26,712
1,27,709
1,28,729
1,29,733
1,30,750
1,31,813
1,32,893
1,33,973
1,34,1012
1,35,967
1,36,1019
1,37,963
1,38,864
1,39,762
1,40,805
1,41,876
1,42,933
1,43,1035
1,44,1132
1,45,1088
1,46,1102
1,47,1011
1,48,899
1,49,840
1,50,806
1,51,806
1,52,744
1,53,730
1,54,778
1,55,926
1,56,959
1,57,877
1,58,931
1,59,868
1,60,732
1,61,822
1,62,983
1,63,993
1,64,933
1,65,846
1,66,854
1,67,841
1,68,830
1,69,763
1,70,642
1,71,560
1,72,494
1,73,441
1,74,408
1,75,386
1,76,367
1,77,359
1,78,354
1,79,346
1,80,337
1,81,333
1,82,330
1,83,324
1,84,303
1,85,298
1,86,303
1,87,318
1,88,309
1,89,298
1,90,282
1,91,255
1,92,242
1,93,238
1,94,235
1,95,228
1,96,223
1,97,219
1,98,215
1,99,212
1,100,208
1,101,203
1,102,199
1,103,195
1,104,191
1,105,188
1,106,184
1,107,182
1,108,183
1,109,183
1,110,179
1,111,178
1,112,174
1,113,179
1,114,184
1,115,188
1,116,192
1,117,191
1,118,179
1,119,184
1,120,183
1,121,172
1,122,175
1,123,177
1,124,159
1,125,146
1,126,137
1,127,130
2,0,706
2,1,789
2,2,803
2,3,785
2,4,823
2,5,926
2,6,936
2,7,832
2,8,737
2,9,682
2,10,703
2,11,780
2,12,876
2,13,983
2,14,1122
2,15,1176
2,16,1183
2,17,1143
2,18,1119
2,19,1100
2,20,1032
2,21,1006
2,22,962
2,23,901
2,24,874
2,25,860
2,26,766
2,27,645
2,28,709
2,29,781
2,30,833
2,31,931
2,32,986
2,33,1008
2,34,959
2,35,861
2,36,895
2,37,838
2,38,769
2,39,767
2,40,818
2,41,892
2,42,985
2,43,1065
2,44,1183
2,45,1204
2,46,1139
2,47,1009
2,48,900
2,49,842
2,50,780
2,51,681
2,52,691
2,53,753
2,54,885
2,55,996
2,56,951
2,57,823
2,58,847
2,59,784
2,60,727
2,61,877
2,62,991
2,63,988
2,64,871
2,65,790
2,66,780
2,67,760
2,68,744
2,69,649
2,70,566
2,71,498
2,72,470
2,73,455
2,74,427
2,75,405
2,76,382
2,77,374
2,78,370
2,79,364
2,80,345
2,81,336
2,82,336
2,83,333
2,84,329
2,85,333
2,86,336
2,87,338
2,88,320
2,89,304
2,90,289
2,91,276
2,92,259
2,93,253
2,94,245
2,95,234
2,96,230
2,97,229
2,98,219
2,99,213
2,100,205
2,101,202
2,102,198
2,103,194
2,104,191
2,105,188
2,106,184
2,107,180
2,108,178
2,109,179
2,110,177
2,111,175
2,112,174
2,113,177
2,114,182
2,115,185
2,116,188
2,117,188
2,118,183
2,119,172
2,120,166
2,121,162
2,122,170
2,123,180
2,124,160
2,125,146
2,126,137
2,127,129
3,0,718
3,1,763
3,2,722
3,3,750
3,4,840
3,5,939
3,6,933
3,7,799
3,8,681
3,9,691
3,10,771
3,11,850
3,12,955
3,13,1038
3,14,1163
3,15,1245
3,16,1179
3,17,1081
3,18,1072
3,19,1056
3,20,980
3,21,1023
3,22,984
3,23,894
3,24,810
3,25,802
3,26,711
3,27,667
3,28,779
3,29,855
3,30,935
3,31,984
3,32,952
3,33,972
3,34,888
3,35,800
3,36,771
3,37,727
3,38,779
3,39,860
3,40,852
3,41,867
3,42,948
3,43,1097
3,44,1318
3,45,1291
3,46,1150
3,47,968
3,48,787
3,49,713
3,50,672
3,51,635
3,52,765
3,53,897
3,54,1005
3,55,961
3,56,863
3,57,813
3,58,745
3,59,695
3,60,782
3,61,909
3,62,931
3,63,950
3,64,924
3,65,838
3,66,742
3,67,662
3,68,599
3,69,564
3,70,536
3,71,504
3,72,551
3,73,538
3,74,491
3,75,427
3,76,380
3,77,362
3,78,353
3,79,348
3,80,338
3,81,332
3,82,334
3,83,343
3,84,354
3,85,369
3,86,377
3,87,360
3,88,332
3,89,308
3,90,302
3,91,296
3,92,278
3,93,275
3,94,265
3,95,253
3,96,249
3,97,246
3,98,239
3,99,232
3,100,215
3,101,207
3,102,202
3,103,200
3,104,199
3,105,193
3,106,186
3,107,181
3,108,176
3,109,173
3,110,175
3,111,173
3,112,174
3,113,175
3,114,180
3,115,183
3,116,185
3,117,184
3,118,185
3,119,168
3,120,155
3,121,158
3,122,170
3,123,179
3,124,161
3,125,145
3,126,135
3,127,128
4,0,634
4,1,639
4,2,695
4,3,802
4,4,834
4,5,897
4,6,896
4,7,780
4,8,685
4,9,718
4,10,772
4,11,840
4,12,920
4,13,1004
4,14,1153
4,15,1218
4,16,1108
4,17,1022
4,18,971
4,19,962
4,20,903
4,21,942
4,22,912
4,23,920
4,24,863
4,25,737
4,26,637
4,27,636
4,28,804
4,29,871
4,30,893
4,31,852
4,32,820
4,33,837
4,34,755
4,35,706
4,36,734
4,37,805
4,38,817
4,39,892
4,40,995
4,41,984
4,42,1048
4,43,1223
4,44,1337
4,45,1210
4,46,1081
4,47,1042
4,48,871
4,49,705
4,50,636
4,51,714
4,52,801
4,53,906
4,54,1004
4,55,966
4,56,756
4,57,722
4,58,687
4,59,692
4,60,793
4,61,910
4,62,945
4,63,955
4,64,993
4,65,861
4,66,762
4,67,665
4,68,637
4,69,594
4,70,546
4,71,554
4,72,613
4,73,602
4,74,510
4,75,432
4,76,382
4,77,357
4,78,341
4,79,333
4,80,326
4,81,323
4,82,322
4,83,332
4,84,344
4,85,337
4,86,337
4,87,342
4,88,318
4,89,301
4,90,297
4,91,301
4,92,296
4,93,289
4,94,276
4,95,263
4,96,270
4,97,261
4,98,251
4,99,243
4,100,233
4,101,231
4,102,223
4,103,219
4,104,219
4,105,216
4,106,211
4,107,195
4,108,178
4,109,172
4,110,169
4,111,170
4,112,173
4,113,173
4,114,179
4,115,181
4,116,181
4,117,177
4,118,166
4,119,156
4,120,156
4,121,154
4,122,164
4,123,170
4,124,158
4,125,143
4,126,134
4,127,128
5,0,571
5,1,569
5,2,645
5,3,732
5,4,734
5,5,795
5,6,791
5,7,738
5,8,669
5,9,648
5,10,659
5,11,734
5,12,827
5,13,895
5,14,1064
5,15,1151
5,16,1075
5,17,987
5,18,921
5,19,885
5,20,851
5,21,859
5,22,845
5,23,865
5,24,912
5,25,793
5,26,654
5,27,609
5,28,736
5,29,796
5,30,818
5,31,780
5,32,715
5,33,717
5,34,721
5,35,738
5,36,827
5,37,908
5,38,895
5,39,917
5,40,1036
5,41,1080
5,42,1096
5,43,1198
5,44,1239
5,45,1191
5,46,1012
5,47,1001
5,48,900
5,49,699
5,50,629
5,51,765
5,52,893
5,53,941
5,54,941
5,55,889
5,56,708
5,57,661
5,58,716
5,59,749
5,60,847
5,61,934
5,62,926
5,63,902
5,64,915
5,65,860
5,66,736
5,67,740
5,68,727
5,69,645
5,70,580
5,71,602
5,72,621
5,73,603
5,74,514
5,75,426
5,76,374
5,77,351
5,78,339
5,79,332
5,80,324
5,81,317
5,82,314
5,83,316
5,84,320
5,85,318
5,86,318
5,87,319
5,88,313
5,89,303
5,90,295
5,91,293
5,92,290
5,93,287
5,94,284
5,95,278
5,96,273
5,97,269
5,98,256
5,99,246
5,100,240
5,101,236
5,102,228
5,103,223
5,104,217
5,105,213
5,106,211
5,107,210
5,108,196
5,109,178
5,110,170
5,111,167
5,112,169
5,113,170
5,114,176
5,115,179
5,116,178
5,117,171
5,118,157
5,119,150
5,120,155
5,121,153
5,122,154
5,123,161
5,124,154
5,125,141
5,126,132
5,127,127
6,0,581
6,1,590
6,2,653
6,3,647
6,4,653
6,5,676
6,6,629
6,7,583
6,8,583
6,9,654
6,10,625
6,11,651
6,12,747
6,13,825
6,14,979
6,15,1056
6,16,1062
6,17,1038
6,18,982
6,19,949
6,20,874
6,21,815
6,22,784
6,23,794
6,24,866
6,25,797
6,26,673
6,27,585
6,28,667
6,29,712
6,30,716
6,31,670
6,32,695
6,33,760
6,34,825
6,35,846
6,36,821
6,37,918
6,38,1003
6,39,1013
6,40,1021
6,41,1024
6,42,1020
6,43,1101
6,44,1166
6,45,1147
6,46,960
6,47,899
6,48,852
6,49,679
6,50,598
6,51,724
6,52,896
6,53,878
6,54,824
6,55,742
6,56,615
6,57,661
6,58,712
6,59,746
6,60,856
6,61,919
6,62,855
6,63,840
6,64,873
6,65,841
6,66,766
6,67,789
6,68,747
6,69,682
6,70,629
6,71,605
6,72,539
6,73,518
6,74,468
6,75,403
6,76,364
6,77,354
6,78,357
6,79,352
6,80,340
6,81,325
6,82,314
6,83,308
6,84,306
6,85,308
6,86,308
6,87,306
6,88,301
6,89,289
6,90,287
6,91,284
6,92,288
6,93,281
6,94,275
6,95,271
6,96,266
6,97,263
6,98,255
6,99,244
6,100,238
6,101,238
6,102,232
6,103,228
6,104,225
6,105,217
6,106,209
6,107,206
6,108,208
6,109,195
6,110,176
6,111,166
6,112,163
6,113,164
6,114,169
6,115,173
6,116,174
6,117,166
6,118,153
6,119,147
6,120,148
6,121,151
6,122,147
6,123,152
6,124,150
6,125,141
6,126,131
6,127,125
7,0,561
7,1,568
7,2,595
7,3,559
7,4,565
7,5,567
7,6,575
7,7,580
7,8,530
7,9,618
7,10,678
7,11,606
7,12,698
7,13,810
7,14,946
7,15,985
7,16,990
7,17,1032
7,18,1065
7,19,1025
7,20,924
7,21,880
7,22,835
7,23,763
7,24,734
7,25,711
7,26,664
7,27,593
7,28,602
7,29,625
7,30,629
7,31,700
7,32,755
7,33,816
7,34,918
7,35,962
7,36,866
7,37,942
7,38,1036
7,39,1086
7,40,999
7,41,928
7,42,913
7,43,975
7,44,1113
7,45,1092
7,46,912
7,47,810
7,48,725
7,49,618
7,50,580
7,51,710
7,52,846
7,53,779
7,54,751
7,55,666
7,56,585
7,57,649
7,58,667
7,59,670
7,60,751
7,61,793
7,62,807
7,63,892
7,64,914
7,65,862
7,66,834
7,67,856
7,68,854
7,69,740
7,70,645
7,71,555
7,72,491
7,73,455
7,74,427
7,75,387
7,76,372
7,77,392
7,78,398
7,79,388
7,80,367
7,81,337
7,82,320
7,83,308
7,84,304
7,85,303
7,86,298
7,87,292
7,88,284
7,89,286
7,90,290
7,91,281
7,92,281
7,93,280
7,94,276
7,95,270
7,96,258
7,97,253
7,98,246
7,99,238
7,100,229
7,101,227
7,102,224
7,103,222
7,104,219
7,105,214
7,106,209
7,107,202
7,108,202
7,109,203
7,110,194
7,111,173
7,112,162
7,113,160
7,114,160
7,115,164
7,116,166
7,117,162
7,118,152
7,119,145
7,120,144
7,121,148
7,122,144
7,123,144
7,124,145
7,125,142
7,126,131
7,127,125
8,0,570
8,1,580
8,2,571
8,3,595
8,4,659
8,5,630
8,6,690
8,7,667
8,8,580
8,9,535
8,10,605
8,11,579
8,12,628
8,13,750
8,14,862
8,15,908
8,16,957
8,17,1053
8,18,1102
8,19,1037
8,20,947
8,21,902
8,22,859
8,23,791
8,24,774
8,25,712
8,26,661
8,27,641
8,28,643
8,29,771
8,30,730
8,31,763
8,32,885
8,33,900
8,34,982
8,35,1080
8,36,975
8,37,1036
8,38,1124
8,39,1074
8,40,940
8,41,854
8,42,801
8,43,844
8,44,944
8,45,999
8,46,905
8,47,747
8,48,690
8,49,570
8,50,684
8,51,782
8,52,716
8,53,668
8,54,638
8,55,600
8,56,643
8,57,734
8,58,775
8,59,798
8,60,712
8,61,720
8,62,819
8,63,913
8,64,994
8,65,947
8,66,936
8,67,937
8,68,837
8,69,692
8,70,592
8,71,529
8,72,461
8,73,432
8,74,411
8,75,390
8,76,415
8,77,468
8,78,448
8,79,385
8,80,354
8,81,335
8,82,322
8,83,320
8,84,365
8,85,357
8,86,328
8,87,311
8,88,300
8,89,305
8,90,321
8,91,302
8,92,290
8,93,266
8,94,257
8,95,270
8,96,271
8,97,269
8,98,257
8,99,250
8,100,242
8,101,237
8,102,227
8,103,221
8,104,219
8,105,216
8,106,215
8,107,214
8,108,207
8,109,192
8,110,187
8,111,181
8,112,166
8,113,159
8,114,156
8,115,154
8,116,154
8,117,155
8,118,150
8,119,145
8,120,142
8,121,144
8,122,144
8,123,140
8,124,139
8,125,138
8,126,129
8,127,123
9,0,598
9,1,654
9,2,661
9,3,656
9,4,713
9,5,701
9,6,765
9,7,788
9,8,728
9,9,602
9,10,557
9,11,539
9,12,604
9,13,693
9,14,815
9,15,918
9,16,1006
9,17,1104
9,18,1122
9,19,1046
9,20,934
9,21,895
9,22,873
9,23,880
9,24,842
9,25,774
9,26,747
9,27,666
9,28,616
9,29,764
9,30,810
9,31,770
9,32,866
9,33,971
9,34,1014
9,35,1079
9,36,1078
9,37,1107
9,38,1123
9,39,1026
9,40,989
9,41,894
9,42,770
9,43,770
9,44,817
9,45,864
9,46,921
9,47,781
9,48,608
9,49,553
9,50,669
9,51,649
9,52,580
9,53,582
9,54,596
9,55,654
9,56,783
9,57,817
9,58,885
9,59,865
9,60,769
9,61,724
9,62,815
9,63,921
9,64,969
9,65,968
9,66,956
9,67,920
9,68,814
9,69,712
9,70,624
9,71,556
9,72,485
9,73,472
9,74,439
9,75,412
9,76,461
9,77,455
9,78,413
9,79,371
9,80,344
9,81,336
9,82,336
9,83,346
9,84,393
9,85,367
9,86,342
9,87,331
9,88,313
9,89,316
9,90,321
9,91,303
9,92,294
9,93,277
9,94,257
9,95,251
9,96,263
9,97,272
9,98,268
9,99,262
9,100,254
9,101,248
9,102,237
9,103,237
9,104,233
9,105,233
9,106,231
9,107,233
9,108,225
9,109,204
9,110,192
9,111,183
9,112,175
9,113,166
9,114,157
9,115,153
9,116,150
9,117,150
9,118,148
9,119,144
9,120,142
9,121,141
9,122,143
9,123,143
9,124,138
9,125,134
9,126,127
9,127,122
10,0,671
10,1,709
10,2,736
10,3,715
10,4,727
10,5,774
10,6,813
10,7,895
10,8,880
10,9,739
10,10,629
10,11,576
10,12,573
10,13,674
10,14,836
10,15,934
10,16,952
10,17,995
10,18,1106
10,19,1108
10,20,1022
10,21,1021
10,22,1002
10,23,1009
10,24,924
10,25,894
10,26,858
10,27,728
10,28,586
10,29,699
10,30,814
10,31,832
10,32,832
10,33,927
10,34,1002
10,35,1079
10,36,1186
10,37,1179
10,38,1106
10,39,982
10,40,902
10,41,850
10,42,778
10,43,732
10,44,681
10,45,700
10,46,809
10,47,738
10,48,565
10,49,606
10,50,680
10,51,564
10,52,667
10,53,689
10,54,711
10,55,752
10,56,808
10,57,863
10,58,927
10,59,867
10,60,772
10,61,748
10,62,787
10,63,866
10,64,899
10,65,927
10,66,946
10,67,890
10,68,785
10,69,744
10,70,709
10,71,637
10,72,526
10,73,488
10,74,452
10,75,434
10,76,449
10,77,410
10,78,384
10,79,368
10,80,363
10,81,372
10,82,371
10,83,386
10,84,400
10,85,388
10,86,361
10,87,335
10,88,324
10,89,323
10,90,318
10,91,312
10,92,295
10,93,283
10,94,268
10,95,253
10,96,246
10,97,259
10,98,266
10,99,267
10,100,258
10,101,249
10,102,244
10,103,245
10,104,241
10,105,237
10,106,235
10,107,233
10,108,223
10,109,218
10,110,214
10,111,205
10,112,197
10,113,185
10,114,164
10,115,152
10,116,149
10,117,148
10,118,147
10,119,144
10,120,141
10,121,140
10,122,139
10,123,140
10,124,140
10,125,136
10,126,127
10,127,122
11,0,660
11,1,700
11,2,743
11,3,792
11,4,747
11,5,795
11,6,849
11,7,948
11,8,961
11,9,846
11,10,784
11,11,688
11,12,557
11,13,622
11,14,739
11,15,788
11,16,760
11,17,867
11,18,1045
11,19,1069
11,20,970
11,21,981
11,22,988
11,23,1059
11,24,990
11,25,940
11,26,870
11,27,702
11,28,544
11,29,636
11,30,707
11,31,767
11,32,876
11,33,943
11,34,981
11,35,1104
11,36,1210
11,37,1192
11,38,1097
11,39,1002
11,40,949
11,41,900
11,42,884
11,43,818
11,44,674
11,45,593
11,46,643
11,47,620
11,48,547
11,49,680
11,50,661
11,51,543
11,52,737
11,53,779
11,54,733
11,55,726
11,56,812
11,57,865
11,58,921
11,59,911
11,60,829
11,61,842
11,62,767
11,63,788
11,64,872
11,65,908
11,66,939
11,67,892
11,68,819
11,69,783
11,70,739
11,71,693
11,72,585
11,73,516
11,74,476
11,75,445
11,76,433
11,77,415
11,78,406
11,79,406
11,80,421
11,81,448
11,82,438
11,83,450
11,84,448
11,85,396
11,86,366
11,87,345
11,88,344
11,89,341
11,90,361
11,91,351
11,92,307
11,93,292
11,94,289
11,95,275
11,96,243
11,97,243
11,98,260
11,99,271
11,100,262
11,101,254
11,102,247
11,103,242
11,104,239
11,105,235
11,106,231
11,107,226
11,108,225
11,109,224
11,110,219
11,111,213
11,112,199
11,113,196
11,114,178
11,115,154
11,116,148
11,117,146
11,118,145
11,119,144
11,120,141
11,121,139
11,122,136
11,123,135
11,124,137
11,125,135
11,126,128
11,127,122
12,0,621
12,1,654
12,2,706
12,3,804
12,4,825
12,5,823
12,6,895
12,7,951
12,8,925
12,9,906
12,10,875
12,11,771
12,12,590
12,13,504
12,14,544
12,15,594
12,16,656
12,17,822
12,18,950
12,19,961
12,20,870
12,21,831
12,22,876
12,23,978
12,24,909
12,25,839
12,26,811
12,27,680
12,28,528
12,29,577
12,30,701
12,31,772
12,32,828
12,33,918
12,34,1029
12,35,1048
12,36,1052
12,37,1096
12,38,1070
12,39,1021
12,40,931
12,41,893
12,42,874
12,43,856
12,44,730
12,45,572
12,46,524
12,47,523
12,48,532
12,49,571
12,50,538
12,51,553
12,52,663
12,53,661
12,54,639
12,55,718
12,56,782
12,57,818
12,58,833
12,59,902
12,60,916
12,61,936
12,62,861
12,63,814
12,64,835
12,65,874
12,66,898
12,67,854
12,68,770
12,69,726
12,70,690
12,71,723
12,72,648
12,73,569
12,74,520
12,75,502
12,76,498
12,77,472
12,78,471
12,79,485
12,80,477
12,81,538
12,82,542
12,83,551
12,84,481
12,85,415
12,86,389
12,87,387
12,88,387
12,89,379
12,90,371
12,91,344
12,92,325
12,93,322
12,94,312
12,95,299
12,96,269
12,97,241
12,98,250
12,99,264
12,100,262
12,101,253
12,102,249
12,103,246
12,104,238
12,105,230
12,106,224
12,107,224
12,108,223
12,109,215
12,110,209
12,111,209
12,112,198
12,113,186
12,114,184
12,115,167
12,116,148
12,117,144
12,118,142
12,119,141
12,120,140
12,121,138
12,122,136
12,123,133
12,124,133
12,125,133
12,126,127
12,127,122
13,0,613
13,1,661
13,2,715
13,3,784
13,4,884
13,5,935
13,6,957
13,7,935
13,8,932
13,9,969
13,10,973
13,11,882
13,12,667
13,13,555
13,14,511
13,15,511
13,16,674
13,17,784
13,18,857
13,19,895
13,20,828
13,21,767
13,22,830
13,23,888
13,24,833
13,25,759
13,26,705
13,27,604
13,28,495
13,29,619
13,30,806
13,31,887
13,32,906
13,33,910
13,34,1015
13,35,1019
13,36,930
13,37,975
13,38,969
13,39,1017
13,40,1037
13,41,961
13,42,833
13,43,756
13,44,667
13,45,588
13,46,513
13,47,512
13,48,532
13,49,508
13,50,578
13,51,627
13,52,638
13,53,647
13,54,633
13,55,641
13,56,692
13,57,736
13,58,826
13,59,873
13,60,960
13,61,1009
13,62,919
13,63,854
13,64,876
13,65,894
13,66,850
13,67,830
13,68,761
13,69,695
13,70,678
13,71,737
13,72,746
13,73,656
13,74,571
13,75,559
13,76,542
13,77,548
13,78,558
13,79,550
13,80,525
13,81,542
13,82,532
13,83,531
13,84,492
13,85,477
13,86,438
13,87,423
13,88,415
13,89,391
13,90,365
13,91,383
13,92,377
13,93,353
13,94,346
13,95,323
13,96,287
13,97,257
13,98,235
13,99,246
13,100,260
13,101,256
13,102,249
13,103,243
13,104,239
13,105,232
13,106,226
13,107,219
13,108,218
13,109,218
13,110,210
13,111,197
13,112,192
13,113,192
13,114,181
13,115,169
13,116,152
13,117,143
13,118,141
13,119,139
13,120,138
13,121,137
13,122,137
13,123,135
13,124,132
13,125,131
13,126,124
13,127,121
14,0,620
14,1,644
14,2,696
14,3,768
14,4,867
14,5,926
14,6,952
14,7,934
14,8,954
14,9,979
14,10,959
14,11,866
14,12,729
14,13,695
14,14,602
14,15,539
14,16,659
14,17,670
14,18,751
14,19,834
14,20,800
14,21,732
14,22,764
14,23,763
14,24,779
14,25,715
14,26,650
14,27,572
14,28,481
14,29,613
14,30,777
14,31,831
14,32,893
14,33,953
14,34,1004
14,35,1031
14,36,914
14,37,839
14,38,835
14,39,902
14,40,1032
14,41,1025
14,42,909
14,43,792
14,44,739
14,45,582
14,46,500
14,47,539
14,48,504
14,49,555
14,50,581
14,51,609
14,52,689
14,53,766
14,54,710
14,55,641
14,56,663
14,57,734
14,58,774
14,59,801
14,60,956
14,61,1028
14,62,942
14,63,875
14,64,917
14,65,938
14,66,839
14,67,814
14,68,770
14,69,722
14,70,694
14,71,752
14,72,790
14,73,747
14,74,639
14,75,610
14,76,605
14,77,630
14,78,604
14,79,563
14,80,526
14,81,527
14,82,511
14,83,487
14,84,497
14,85,522
14,86,483
14,87,464
14,88,426
14,89,400
14,90,394
14,91,406
14,92,391
14,93,410
14,94,427
14,95,377
14,96,304
14,97,269
14,98,232
14,99,221
14,100,250
14,101,256
14,102,256
14,103,244
14,104,232
14,105,227
14,106,223
14,107,219
14,108,213
14,109,212
14,110,216
14,111,207
14,112,189
14,113,185
14,114,184
14,115,171
14,116,153
14,117,143
14,118,139
14,119,138
14,120,136
14,121,136
14,122,136
14,123,136
14,124,132
14,125,128
14,126,123
14,127,120
15,0,652
15,1,674
15,2,715
15,3,766
15,4,786
15,5,867
15,6,939
15,7,907
15,8,920
15,9,975
15,10,938
15,11,888
15,12,803
15,13,727
15,14,617
15,15,526
15,16,534
15,17,539
15,18,663
15,19,731
15,20,686
15,21,660
15,22,655
15,23,627
15,24,662
15,25,636
15,26,607
15,27,576
15,28,463
15,29,585
15,30,696
15,31,746
15,32,871
15,33,959
15,34,936
15,35,923
15,36,963
15,37,861
15,38,756
15,39,767
15,40,878
15,41,968
15,42,921
15,43,845
15,44,803
15,45,612
15,46,490
15,47,486
15,48,529
15,49,600
15,50,676
15,51,696
15,52,656
15,53,723
15,54,765
15,55,733
15,56,687
15,57,690
15,58,740
15,59,803
15,60,905
15,61,935
15,62,938
15,63,875
15,64,851
15,65,871
15,66,809
15,67,758
15,68,735
15,69,741
15,70,718
15,71,726
15,72,745
15,73,745
15,74,677
15,75,673
15,76,708
15,77,708
15,78,656
15,79,611
15,80,537
15,81,510
15,82,483
15,83,456
15,84,461
15,85,500
15,86,479
15,87,475
15,88,448
15,89,459
15,90,438
15,91,421
15,92,443
15,93,476
15,94,454
15,95,407
15,96,322
15,97,281
15,98,244
15,99,215
15,100,219
15,101,248
15,102,260
15,103,252
15,104,234
15,105,229
15,106,218
15,107,211
15,108,206
15,109,203
15,110,201
15,111,212
15,112,202
15,113,182
15,114,175
15,115,172
15,116,154
15,117,145
15,118,140
15,119,136
15,120,135
15,121,134
15,122,134
15,123,134
15,124,131
15,125,128
15,126,123
15,127,120
16,0,696
16,1,724
16,2,730
16,3,721
16,4,724
16,5,782
16,6,881
16,7,843
16,8,824
16,9,941
16,10,996
16,11,948
16,12,837
16,13,761
16,14,672
16,15,568
16,16,540
16,17,508
16,18,574
16,19,617
16,20,502
16,21,518
16,22,522
16,23,485
16,24,548
16,25,504
16,26,431
16,27,524
16,28,494
16,29,499
16,30,663
16,31,785
16,32,897
16,33,901
16,34,842
16,35,803
16,36,847
16,37,865
16,38,849
16,39,703
16,40,738
16,41,869
16,42,838
16,43,703
16,44,645
16,45,575
16,46,483
16,47,595
16,48,656
16,49,649
16,50,688
16,51,786
16,52,721
16,53,741
16,54,785
16,55,823
16,56,759
16,57,702
16,58,745
16,59,818
16,60,853
16,61,824
16,62,875
16,63,864
16,64,813
16,65,771
16,66,750
16,67,722
16,68,728
16,69,743
16,70,702
16,71,665
16,72,706
16,73,654
16,74,668
16,75,738
16,76,702
16,77,693
16,78,734
16,79,698
16,80,638
16,81,575
16,82,523
16,83,479
16,84,438
16,85,433
16,86,440
16,87,468
16,88,507
16,89,531
16,90,499
16,91,520
16,92,537
16,93,474
16,94,430
16,95,387
16,96,338
16,97,287
16,98,259
16,99,232
16,100,207
16,101,224
16,102,254
16,103,252
16,104,237
16,105,231
16,106,226
16,107,221
16,108,208
16,109,193
16,110,187
16,111,197
16,112,206
16,113,199
16,114,178
16,115,165
16,116,154
16,117,153
16,118,151
16,119,141
16,120,134
16,121,132
16,122,132
16,123,132
16,124,131
16,125,127
16,126,122
16,127,119
17,0,760
17,1,775
17,2,748
17,3,722
17,4,701
17,5,745
17,6,840
17,7,788
17,8,765
17,9,873
17,10,955
17,11,952
17,12,856
17,13,744
17,14,662
17,15,605
17,16,543
17,17,489
17,18,494
17,19,515
17,20,505
17,21,491
17,22,498
17,23,470
17,24,459
17,25,440
17,26,418
17,27,452
17,28,447
17,29,477
17,30,639
17,31,730
17,32,809
17,33,812
17,34,769
17,35,728
17,36,749
17,37,785
17,38,811
17,39,685
17,40,703
17,41,838
17,42,803
17,43,695
17,44,542
17,45,491
17,46,509
17,47,584
17,48,625
17,49,669
17,50,721
17,51,797
17,52,783
17,53,768
17,54,859
17,55,847
17,56,761
17,57,736
17,58,741
17,59,813
17,60,848
17,61,791
17,62,860
17,63,877
17,64,815
17,65,743
17,66,715
17,67,721
17,68,742
17,69,741
17,70,681
17,71,607
17,72,698
17,73,627
17,74,650
17,75,744
17,76,669
17,77,638
17,78,714
17,79,767
17,80,680
17,81,584
17,82,535
17,83,502
17,84,453
17,85,415
17,86,429
17,87,471
17,88,505
17,89,546
17,90,560
17,91,605
17,92,536
17,93,455
17,94,409
17,95,378
17,96,328
17,97,297
17,98,275
17,99,241
17,100,205
17,101,213
17,102,245
17,103,249
17,104,238
17,105,225
17,106,222
17,107,221
17,108,224
17,109,204
17,110,183
17,111,184
17,112,193
17,113,193
17,114,179
17,115,162
17,116,154
17,117,157
17,118,157
17,119,148
17,120,140
17,121,132
17,122,131
17,123,130
17,124,128
17,125,126
17,126,121
17,127,119
18,0,810
18,1,761
18,2,738
18,3,710
18,4,670
18,5,697
18,6,758
18,7,726
18,8,719
18,9,804
18,10,823
18,11,827
18,12,792
18,13,747
18,14,660
18,15,561
18,16,536
18,17,556
18,18,563
18,19,607
18,20,644
18,21,584
18,22,610
18,23,553
18,24,493
18,25,505
18,26,486
18,27,465
18,28,414
18,29,467
18,30,571
18,31,599
18,32,665
18,33,709
18,34,677
18,35,647
18,36,701
18,37,764
18,38,758
18,39,647
18,40,645
18,41,718
18,42,730
18,43,662
18,44,542
18,45,473
18,46,574
18,47,645
18,48,655
18,49,689
18,50,729
18,51,807
18,52,885
18,53,860
18,54,932
18,55,932
18,56,881
18,57,810
18,58,802
18,59,836
18,60,826
18,61,782
18,62,887
18,63,889
18,64,802
18,65,717
18,66,705
18,67,726
18,68,696
18,69,719
18,70,680
18,71,579
18,72,642
18,73,613
18,74,634
18,75,749
18,76,675
18,77,608
18,78,647
18,79,723
18,80,684
18,81,584
18,82,523
18,83,487
18,84,447
18,85,417
18,86,415
18,87,461
18,88,474
18,89,517
18,90,581
18,91,617
18,92,543
18,93,502
18,94,477
18,95,413
18,96,339
18,97,310
18,98,280
18,99,238
18,100,199
18,101,207
18,102,233
18,103,241
18,104,242
18,105,223
18,106,214
18,107,217
18,108,224
18,109,207
18,110,190
18,111,175
18,112,177
18,113,181
18,114,178
18,115,161
18,116,152
18,117,155
18,118,155
18,119,147
18,120,146
18,121,134
18,122,129
18,123,128
18,124,127
18,125,126
18,126,123
18,127,119
19,0,809
19,1,772
19,2,776
19,3,727
19,4,672
19,5,648
19,6,675
19,7,667
19,8,675
19,9,717
19,10,720
19,11,711
19,12,704
19,13,707
19,14,642
19,15,592
19,16,702
19,17,771
19,18,767
19,19,754
19,20,697
19,21,646
19,22,675
19,23,620
19,24,566
19,25,638
19,26,622
19,27,522
19,28,394
19,29,434
19,30,466
19,31,413
19,32,522
19,33,624
19,34,601
19,35,617
19,36,668
19,37,749
19,38,807
19,39,710
19,40,596
19,41,572
19,42,597
19,43,614
19,44,550
19,45,459
19,46,538
19,47,629
19,48,729
19,49,785
19,50,754
19,51,761
19,52,882
19,53,886
19,54,884
19,55,996
19,56,963
19,57,883
19,58,817
19,59,772
19,60,757
19,61,748
19,62,839
19,63,838
19,64,725
19,65,708
19,66,748
19,67,705
19,68,636
19,69,662
19,70,676
19,71,573
19,72,585
19,73,595
19,74,623
19,75,749
19,76,677
19,77,590
19,78,593
19,79,635
19,80,666
19,81,630
19,82,573
19,83,497
19,84,450
19,85,419
19,86,396
19,87,410
19,88,448
19,89,490
19,90,569
19,91,648
19,92,627
19,93,617
19,94,573
19,95,481
19,96,380
19,97,330
19,98,287
19,99,240
19,100,198
19,101,200
19,102,222
19,103,231
19,104,242
19,105,232
19,106,213
19,107,203
19,108,208
19,109,204
19,110,198
19,111,182
19,112,166
19,113,166
19,114,168
19,115,161
19,116,155
19,117,150
19,118,148
19,119,144
19,120,142
19,121,137
19,122,130
19,123,126
19,124,126
19,125,125
19,126,123
19,127,120
20,0,815
20,1,806
20,2,788
20,3,733
20,4,680
20,5,653
20,6,627
20,7,619
20,8,621
20,9,627
20,10,627
20,11,624
20,12,630
20,13,626
20,14,614
20,15,678
20,16,759
20,17,867
20,18,933
20,19,883
20,20,769
20,21,747
20,22,740
20,23,708
20,24,652
20,25,709
20,26,736
20,27,655
20,28,548
20,29,462
20,30,433
20,31,390
20,32,457
20,33,529
20,34,583
20,35,626
20,36,641
20,37,734
20,38,802
20,39,723
20,40,658
20,41,600
20,42,544
20,43,493
20,44,512
20,45,447
20,46,502
20,47,624
20,48,730
20,49,695
20,50,665
20,51,704
20,52,762
20,53,781
20,54,777
20,55,870
20,56,836
20,57,859
20,58,862
20,59,849
20,60,765
20,61,695
20,62,747
20,63,707
20,64,668
20,65,742
20,66,751
20,67,682
20,68,604
20,69,588
20,70,622
20,71,587
20,72,521
20,73,563
20,74,563
20,75,700
20,76,678
20,77,610
20,78,549
20,79,557
20,80,661
20,81,720
20,82,662
20,83,557
20,84,465
20,85,434
20,86,396
20,87,394
20,88,443
20,89,472
20,90,518
20,91,622
20,92,717
20,93,680
20,94,573
20,95,473
20,96,375
20,97,314
20,98,268
20,99,230
20,100,198
20,101,192
20,102,210
20,103,221
20,104,231
20,105,233
20,106,217
20,107,195
20,108,186
20,109,189
20,110,197
20,111,198
20,112,177
20,113,161
20,114,155
20,115,157
20,116,160
20,117,160
20,118,149
20,119,143
20,120,138
20,121,135
20,122,131
20,123,127
20,124,125
20,125,123
20,126,121
20,127,120
21,0,867
21,1,820
21,2,776
21,3,747
21,4,698
21,5,664
21,6,636
21,7,624
21,8,621
21,9,609
21,10,604
21,11,613
21,12,599
21,13,608
21,14,647
21,15,689
21,16,787
21,17,921
21,18,962
21,19,905
21,20,867
21,21,809
21,22,786
21,23,742
21,24,710
21,25,784
21,26,817
21,27,724
21,28,643
21,29,563
21,30,481
21,31,397
21,32,499
21,33,593
21,34,635
21,35,687
21,36,708
21,37,758
21,38,844
21,39,880
21,40,815
21,41,714
21,42,635
21,43,557
21,44,490
21,45,433
21,46,486
21,47,598
21,48,681
21,49,632
21,50,646
21,51,702
21,52,673
21,53,708
21,54,682
21,55,702
21,56,743
21,57,769
21,58,774
21,59,776
21,60,750
21,61,672
21,62,654
21,63,679
21,64,727
21,65,773
21,66,734
21,67,638
21,68,617
21,69,582
21,70,573
21,71,584
21,72,498
21,73,513
21,74,570
21,75,686
21,76,641
21,77,588
21,78,539
21,79,536
21,80,664
21,81,715
21,82,657
21,83,557
21,84,454
21,85,426
21,86,399
21,87,382
21,88,412
21,89,445
21,90,471
21,91,531
21,92,592
21,93,600
21,94,545
21,95,461
21,96,367
21,97,320
21,98,276
21,99,237
21,100,206
21,101,186
21,102,197
21,103,211
21,104,221
21,105,226
21,106,216
21,107,204
21,108,182
21,109,179
21,110,179
21,111,183
21,112,178
21,113,165
21,114,154
21,115,150
21,116,153
21,117,158
21,118,155
21,119,149
21,120,145
21,121,142
21,122,136
21,123,129
21,124,124
21,125,123
21,126,121
21,127,119
22,0,883
22,1,817
22,2,772
22,3,750
22,4,703
22,5,679
22,6,664
22,7,673
22,8,671
22,9,657
22,10,653
22,11,673
22,12,629
22,13,655
22,14,705
22,15,780
22,16,851
22,17,924
22,18,908
22,19,820
22,20,801
22,21,762
22,22,746
22,23,738
22,24,755
22,25,815
22,26,824
22,27,709
22,28,581
22,29,481
22,30,401
22,31,411
22,32,569
22,33,580
22,34,616
22,35,738
22,36,847
22,37,855
22,38,899
22,39,1013
22,40,932
22,41,806
22,42,696
22,43,633
22,44,592
22,45,462
22,46,463
22,47,564
22,48,637
22,49,582
22,50,611
22,51,678
22,52,629
22,53,656
22,54,611
22,55,577
22,56,584
22,57,607
22,58,621
22,59,636
22,60,638
22,61,640
22,62,654
22,63,730
22,64,753
22,65,733
22,66,682
22,67,598
22,68,588
22,69,580
22,70,531
22,71,548
22,72,504
22,73,489
22,74,588
22,75,690
22,76,681
22,77,637
22,78,587
22,79,510
22,80,616
22,81,679
22,82,644
22,83,558
22,84,482
22,85,442
22,86,397
22,87,366
22,88,393
22,89,429
22,90,439
22,91,463
22,92,494
22,93,512
22,94,506
22,95,461
22,96,377
22,97,342
22,98,292
22,99,248
22,100,216
22,101,189
22,102,185
22,103,201
22,104,211
22,105,217
22,106,218
22,107,216
22,108,200
22,109,194
22,110,177
22,111,170
22,112,165
22,113,159
22,114,152
22,115,147
22,116,146
22,117,147
22,118,150
22,119,148
22,120,147
22,121,146
22,122,141
22,123,132
22,124,126
22,125,125
22,126,122
22,127,119
23,0,828
23,1,763
23,2,734
23,3,724
23,4,739
23,5,735
23,6,698
23,7,725
23,8,744
23,9,709
23,10,709
23,11,689
23,12,675
23,13,734
23,14,797
23,15,841
23,16,866
23,17,879
23,18,843
23,19,800
23,20,740
23,21,702
23,22,700
23,23,679
23,24,736
23,25,771
23,26,769
23,27,721
23,28,602
23,29,497
23,30,429
23,31,402
23,32,527
23,33,532
23,34,641
23,35,755
23,36,813
23,37,800
23,38,858
23,39,975
23,40,973
23,41,842
23,42,723
23,43,644
23,44,605
23,45,509
23,46,436
23,47,461
23,48,583
23,49,551
23,50,570
23,51,631
23,52,583
23,53,614
23,54,551
23,55,511
23,56,563
23,57,588
23,58,642
23,59,716
23,60,699
23,61,716
23,62,724
23,63,745
23,64,691
23,65,666
23,66,637
23,67,582
23,68,531
23,69,554
23,70,537
23,71,495
23,72,472
23,73,497
23,74,600
23,75,714
23,76,673
23,77,671
23,78,613
23,79,499
23,80,558
23,81,658
23,82,620
23,83,543
23,84,471
23,85,435
23,86,393
23,87,359
23,88,375
23,89,410
23,90,410
23,91,414
23,92,443
23,93,487
23,94,489
23,95,448
23,96,405
23,97,362
23,98,284
23,99,248
23,100,233
23,101,196
23,102,178
23,103,193
23,104,203
23,105,208
23,106,212
23,107,214
23,108,213
23,109,206
23,110,196
23,111,184
23,112,172
23,113,165
23,114,157
23,115,150
23,116,142
23,117,140
23,118,141
23,119,140
23,120,139
23,121,139
23,122,139
23,123,133
23,124,128
23,125,124
23,126,121
23,127,119
24,0,819
24,1,808
24,2,826
24,3,859
24,4,853
24,5,763
24,6,762
24,7,841
24,8,832
24,9,810
24,10,790
24,11,768
24,12,760
24,13,843
24,14,879
24,15,820
24,16,780
24,17,795
24,18,769
24,19,755
24,20,753
24,21,700
24,22,650
24,23,648
24,24,709
24,25,714
24,26,696
24,27,674
24,28,630
24,29,580
24,30,504
24,31,383
24,32,430
24,33,492
24,34,532
24,35,601
24,36,629
24,37,683
24,38,760
24,39,798
24,40,815
24,41,823
24,42,709
24,43,620
24,44,582
24,45,615
24,46,533
24,47,427
24,48,492
24,49,470
24,50,459
24,51,477
24,52,488
24,53,500
24,54,489
24,55,518
24,56,590
24,57,665
24,58,702
24,59,774
24,60,801
24,61,789
24,62,733
24,63,677
24,64,644
24,65,613
24,66,595
24,67,590
24,68,546
24,69,478
24,70,519
24,71,475
24,72,465
24,73,528
24,74,616
24,75,687
24,76,595
24,77,591
24,78,587
24,79,502
24,80,540
24,81,637
24,82,572
24,83,489
24,84,463
24,85,427
24,86,382
24,87,351
24,88,358
24,89,404
24,90,388
24,91,386
24,92,415
24,93,493
24,94,544
24,95,517
24,96,469
24,97,373
24,98,289
24,99,238
24,100,233
24,101,210
24,102,179
24,103,182
24,104,197
24,105,199
24,106,201
24,107,207
24,108,208
24,109,210
24,110,211
24,111,207
24,112,191
24,113,180
24,114,166
24,115,167
24,116,157
24,117,142
24,118,137
24,119,134
24,120,133
24,121,132
24,122,132
24,123,130
24,124,126
24,125,124
24,126,120
24,127,118
25,0,866
25,1,876
25,2,876
25,3,945
25,4,892
25,5,798
25,6,834
25,7,922
25,8,908
25,9,893
25,10,858
25,11,862
25,12,841
25,13,892
25,14,904
25,15,855
25,16,774
25,17,728
25,18,736
25,19,713
25,20,700
25,21,716
25,22,634
25,23,635
25,24,677
25,25,684
25,26,684
25,27,634
25,28,582
25,29,513
25,30,446
25,31,355
25,32,376
25,33,423
25,34,478
25,35,538
25,36,616
25,37,707
25,38,713
25,39,702
25,40,690
25,41,706
25,42,681
25,43,640
25,44,579
25,45,538
25,46,479
25,47,404
25,48,422
25,49,444
25,50,484
25,51,464
25,52,463
25,53,504
25,54,533
25,55,535
25,56,569
25,57,604
25,58,649
25,59,697
25,60,736
25,61,699
25,62,651
25,63,618
25,64,575
25,65,566
25,66,547
25,67,515
25,68,503
25,69,459
25,70,500
25,71,455
25,72,506
25,73,568
25,74,625
25,75,675
25,76,594
25,77,530
25,78,505
25,79,465
25,80,516
25,81,594
25,82,565
25,83,489
25,84,485
25,85,471
25,86,392
25,87,358
25,88,342
25,89,395
25,90,381
25,91,368
25,92,399
25,93,450
25,94,476
25,95,436
25,96,406
25,97,350
25,98,298
25,99,257
25,100,225
25,101,210
25,102,188
25,103,176
25,104,187
25,105,194
25,106,194
25,107,199
25,108,199
25,109,204
25,110,205
25,111,205
25,112,201
25,113,187
25,114,172
25,115,167
25,116,162
25,117,152
25,118,143
25,119,137
25,120,132
25,121,129
25,122,128
25,123,128
25,124,124
25,125,122
25,126,120
25,127,116
26,0,848
26,1,807
26,2,808
26,3,865
26,4,915
26,5,879
26,6,908
26,7,977
26,8,966
26,9,927
26,10,864
26,11,833
26,12,813
26,13,874
26,14,895
26,15,857
26,16,774
26,17,734
26,18,691
26,19,700
26,20,658
26,21,653
26,22,610
26,23,660
26,24,666
26,25,660
26,26,691
26,27,664
26,28,617
26,29,552
26,30,447
26,31,341
26,32,363
26,33,441
26,34,512
26,35,596
26,36,685
26,37,721
26,38,701
26,39,641
26,40,592
26,41,604
26,42,595
26,43,618
26,44,556
26,45,479
26,46,409
26,47,399
26,48,470
26,49,534
26,50,570
26,51,539
26,52,485
26,53,558
26,54,621
26,55,595
26,56,560
26,57,591
26,58,606
26,59,620
26,60,638
26,61,672
26,62,628
26,63,584
26,64,601
26,65,555
26,66,526
26,67,501
26,68,472
26,69,440
26,70,467
26,71,436
26,72,478
26,73,522
26,74,564
26,75,639
26,76,646
26,77,581
26,78,532
26,79,478
26,80,462
26,81,495
26,82,480
26,83,451
26,84,481
26,85,446
26,86,382
26,87,358
26,88,338
26,89,371
26,90,371
26,91,351
26,92,382
26,93,411
26,94,420
26,95,431
26,96,441
26,97,369
26,98,306
26,99,263
26,100,230
26,101,219
26,102,202
26,103,178
26,104,176
26,105,186
26,106,187
26,107,192
26,108,189
26,109,197
26,110,198
26,111,199
26,112,197
26,113,190
26,114,176
26,115,165
26,116,160
26,117,157
26,118,150
26,119,143
26,120,135
26,121,132
26,122,128
26,123,126
26,124,123
26,125,121
26,126,117
26,127,115
27,0,837
27,1,764
27,2,758
27,3,832
27,4,867
27,5,907
27,6,974
27,7,1026
27,8,1009
27,9,940
27,10,864
27,11,807
27,12,755
27,13,767
27,14,809
27,15,834
27,16,734
27,17,713
27,18,675
27,19,650
27,20,618
27,21,598
27,22,600
27,23,679
27,24,690
27,25,642
27,26,658
27,27,666
27,28,570
27,29,495
27,30,399
27,31,333
27,32,383
27,33,457
27,34,528
27,35,646
27,36,718
27,37,655
27,38,670
27,39,599
27,40,551
27,41,514
27,42,510
27,43,495
27,44,409
27,45,388
27,46,389
27,47,415
27,48,495
27,49,535
27,50,589
27,51,567
27,52,501
27,53,531
27,54,599
27,55,617
27,56,587
27,57,599
27,58,594
27,59,556
27,60,584
27,61,623
27,62,605
27,63,594
27,64,630
27,65,629
27,66,613
27,67,592
27,68,542
27,69,448
27,70,413
27,71,407
27,72,450
27,73,476
27,74,541
27,75,627
27,76,668
27,77,664
27,78,589
27,79,541
27,80,455
27,81,415
27,82,418
27,83,408
27,84,451
27,85,405
27,86,362
27,87,370
27,88,339
27,89,329
27,90,328
27,91,354
27,92,401
27,93,414
27,94,407
27,95,479
27,96,481
27,97,383
27,98,313
27,99,270
27,100,230
27,101,228
27,102,222
27,103,193
27,104,176
27,105,189
27,106,178
27,107,181
27,108,181
27,109,196
27,110,194
27,111,192
27,112,192
27,113,187
27,114,181
27,115,168
27,116,154
27,117,155
27,118,152
27,119,145
27,120,135
27,121,132
27,122,128
27,123,124
27,124,122
27,125,123
27,126,119
27,127,114
28,0,756
28,1,727
28,2,727
28,3,786
28,4,871
28,5,899
28,6,903
28,7,973
28,8,936
28,9,870
28,10,815
28,11,778
28,12,791
28,13,744
28,14,715
28,15,714
28,16,678
28,17,656
28,18,638
28,19,613
28,20,589
28,21,571
28,22,571
28,23,604
28,24,663
28,25,630
28,26,592
28,27,596
28,28,531
28,29,451
28,30,372
28,31,328
28,32,397
28,33,550
28,34,661
28,35,646
28,36,614
28,37,572
28,38,569
28,39,570
28,40,471
28,41,453
28,42,411
28,43,370
28,44,389
28,45,447
28,46,475
28,47,488
28,48,478
28,49,551
28,50,635
28,51,623
28,52,562
28,53,539
28,54,594
28,55,629
28,56,633
28,57,625
28,58,604
28,59,549
28,60,504
28,61,497
28,62,514
28,63,535
28,64,531
28,65,582
28,66,596
28,67,569
28,68,558
28,69,474
28,70,396
28,71,418
28,72,470
28,73,501
28,74,564
28,75,605
28,76,668
28,77,634
28,78,546
28,79,491
28,80,460
28,81,422
28,82,387
28,83,377
28,84,369
28,85,368
28,86,368
28,87,429
28,88,406
28,89,354
28,90,322
28,91,354
28,92,408
28,93,400
28,94,374
28,95,416
28,96,501
28,97,420
28,98,345
28,99,282
28,100,230
28,101,212
28,102,207
28,103,210
28,104,243
28,105,227
28,106,181
28,107,165
28,108,177
28,109,190
28,110,189
28,111,189
28,112,185
28,113,182
28,114,181
28,115,169
28,116,151
28,117,150
28,118,149
28,119,147
28,120,138
28,121,138
28,122,129
28,123,125
28,124,122
28,125,122
28,126,119
28,127,114
29,0,736
29,1,693
29,2,759
29,3,831
29,4,873
29,5,830
29,6,878
29,7,957
29,8,958
29,9,944
29,10,887
29,11,836
29,12,840
29,13,771
29,14,714
29,15,704
29,16,699
29,17,682
29,18,675
29,19,600
29,20,618
29,21,618
29,22,598
29,23,564
29,24,590
29,25,573
29,26,536
29,27,554
29,28,537
29,29,455
29,30,365
29,31,327
29,32,374
29,33,540
29,34,651
29,35,620
29,36,518
29,37,512
29,38,485
29,39,449
29,40,387
29,41,377
29,42,377
29,43,420
29,44,423
29,45,434
29,46,487
29,47,529
29,48,515
29,49,546
29,50,600
29,51,634
29,52,618
29,53,553
29,54,573
29,55,615
29,56,640
29,57,646
29,58,614
29,59,548
29,60,508
29,61,465
29,62,473
29,63,500
29,64,501
29,65,496
29,66,512
29,67,498
29,68,525
29,69,453
29,70,390
29,71,450
29,72,502
29,73,512
29,74,595
29,75,597
29,76,635
29,77,588
29,78,513
29,79,459
29,80,424
29,81,414
29,82,411
29,83,411
29,84,399
29,85,399
29,86,384
29,87,399
29,88,430
29,89,388
29,90,332
29,91,320
29,92,353
29,93,354
29,94,344
29,95,366
29,96,474
29,97,441
29,98,344
29,99,282
29,100,265
29,101,248
29,102,250
29,103,263
29,104,258
29,105,228
29,106,190
29,107,161
29,108,170
29,109,182
29,110,185
29,111,186
29,112,182
29,113,176
29,114,174
29,115,167
29,116,148
29,117,146
29,118,146
29,119,147
29,120,139
29,121,136
29,122,128
29,123,124
29,124,124
29,125,122
29,126,118
29,127,115
30,0,688
30,1,679
30,2,757
30,3,812
30,4,837
30,5,791
30,6,848
30,7,904
30,8,871
30,9,900
30,10,919
30,11,891
30,12,814
30,13,734
30,14,665
30,15,646
30,16,654
30,17,632
30,18,620
30,19,571
30,20,636
30,21,689
30,22,676
30,23,616
30,24,556
30,25,517
30,26,500
30,27,517
30,28,526
30,29,462
30,30,374
30,31,329
30,32,347
30,33,466
30,34,590
30,35,616
30,36,494
30,37,437
30,38,398
30,39,361
30,40,406
30,41,432
30,42,441
30,43,476
30,44,484
30,45,453
30,46,458
30,47,480
30,48,551
30,49,582
30,50,620
30,51,629
30,52,650
30,53,602
30,54,578
30,55,584
30,56,617
30,57,647
30,58,632
30,59,578
30,60,529
30,61,469
30,62,450
30,63,481
30,64,486
30,65,479
30,66,480
30,67,460
30,68,455
30,69,418
30,70,374
30,71,431
30,72,483
30,73,497
30,74,565
30,75,577
30,76,600
30,77,550
30,78,481
30,79,441
30,80,486
30,81,496
30,82,477
30,83,448
30,84,425
30,85,436
30,86,418
30,87,418
30,88,448
30,89,434
30,90,377
30,91,330
30,92,319
30,93,319
30,94,330
30,95,327
30,96,399
30,97,403
30,98,328
30,99,293
30,100,298
30,101,286
30,102,282
30,103,274
30,104,247
30,105,221
30,106,194
30,107,166
30,108,160
30,109,173
30,110,178
30,111,179
30,112,183
30,113,170
30,114,168
30,115,162
30,116,147
30,117,141
30,118,145
30,119,147
30,120,137
30,121,132
30,122,126
30,123,122
30,124,121
30,125,120
30,126,118
30,127,114
31,0,658
31,1,656
31,2,734
31,3,814
31,4,811
31,5,757
31,6,785
31,7,844
31,8,828
31,9,795
31,10,834
31,11,864
31,12,768
31,13,685
31,14,644
31,15,603
31,16,603
31,17,582
31,18,558
31,19,565
31,20,649
31,21,669
31,22,644
31,23,600
31,24,561
31,25,495
31,26,464
31,27,497
31,28,465
31,29,458
31,30,384
31,31,329
31,32,336
31,33,418
31,34,490
31,35,483
31,36,416
31,37,361
31,38,388
31,39,468
31,40,451
31,41,517
31,42,540
31,43,546
31,44,533
31,45,537
31,46,554
31,47,506
31,48,511
31,49,561
31,50,622
31,51,663
31,52,683
31,53,660
31,54,615
31,55,592
31,56,596
31,57,627
31,58,631
31,59,590
31,60,555
31,61,490
31,62,437
31,63,435
31,64,456
31,65,477
31,66,517
31,67,513
31,68,435
31,69,400
31,70,356
31,71,391
31,72,452
31,73,494
31,74,562
31,75,561
31,76,567
31,77,512
31,78,465
31,79,469
31,80,577
31,81,621
31,82,547
31,83,484
31,84,474
31,85,479
31,86,478
31,87,468
31,88,435
31,89,437
31,90,400
31,91,364
31,92,360
31,93,301
31,94,313
31,95,308
31,96,334
31,97,346
31,98,323
31,99,306
31,100,306
31,101,298
31,102,291
31,103,272
31,104,236
31,105,207
31,106,185
31,107,172
31,108,162
31,109,163
31,110,169
31,111,160
31,112,178
31,113,170
31,114,160
31,115,152
31,116,146
31,117,140
31,118,141
31,119,147
31,120,137
31,121,132
31,122,126
31,123,123
31,124,122
31,125,120
31,126,117
31,127,115
32,0,609
32,1,660
32,2,770
32,3,831
32,4,753
32,5,723
32,6,755
32,7,835
32,8,837
32,9,757
32,10,768
32,11,793
32,12,765
32,13,666
32,14,607
32,15,576
32,16,555
32,17,549
32,18,536
32,19,594
32,20,614
32,21,588
32,22,564
32,23,558
32,24,498
32,25,462
32,26,459
32,27,518
32,28,483
32,29,422
32,30,376
32,31,333
32,32,341
32,33,363
32,34,345
32,35,336
32,36,341
32,37,393
32,38,484
32,39,592
32,40,526
32,41,600
32,42,645
32,43,617
32,44,609
32,45,644
32,46,671
32,47,590
32,48,551
32,49,613
32,50,640
32,51,698
32,52,737
32,53,717
32,54,662
32,55,624
32,56,634
32,57,630
32,58,636
32,59,622
32,60,581
32,61,503
32,62,457
32,63,425
32,64,408
32,65,417
32,66,428
32,67,439
32,68,408
32,69,366
32,70,346
32,71,379
32,72,430
32,73,494
32,74,546
32,75,536
32,76,506
32,77,509
32,78,519
32,79,523
32,80,601
32,81,671
32,82,605
32,83,543
32,84,555
32,85,520
32,86,509
32,87,465
32,88,411
32,89,385
32,90,373
32,91,367
32,92,364
32,93,312
32,94,284
32,95,291
32,96,301
32,97,313
32,98,322
32,99,319
32,100,311
32,101,302
32,102,282
32,103,264
32,104,250
32,105,233
32,106,215
32,107,204
32,108,175
32,109,157
32,110,155
32,111,166
32,112,162
32,113,164
32,114,149
32,115,143
32,116,141
32,117,139
32,118,136
32,119,142
32,120,137
32,121,137
32,122,129
32,123,125
32,124,123
32,125,122
32,126,118
32,127,112
33,0,588
33,1,668
33,2,769
33,3,812
33,4,731
33,5,693
33,6,727
33,7,785
33,8,840
33,9,754
33,10,720
33,11,732
33,12,715
33,13,668
33,14,617
33,15,588
33,16,579
33,17,560
33,18,542
33,19,556
33,20,576
33,21,538
33,22,516
33,23,517
33,24,475
33,25,447
33,26,501
33,27,589
33,28,598
33,29,502
33,30,408
33,31,341
33,32,339
33,33,329
33,34,351
33,35,418
33,36,411
33,37,522
33,38,574
33,39,600
33,40,633
33,41,671
33,42,699
33,43,694
33,44,697
33,45,701
33,46,662
33,47,633
33,48,588
33,49,613
33,50,657
33,51,707
33,52,762
33,53,743
33,54,689
33,55,654
33,56,664
33,57,654
33,58,641
33,59,635
33,60,572
33,61,506
33,62,481
33,63,455
33,64,408
33,65,381
33,66,374
33,67,385
33,68,380
33,69,348
33,70,339
33,71,365
33,72,412
33,73,463
33,74,499
33,75,506
33,76,533
33,77,563
33,78,599
33,79,616
33,80,637
33,81,718
33,82,727
33,83,655
33,84,624
33,85,539
33,86,490
33,87,469
33,88,461
33,89,416
33,90,359
33,91,355
33,92,354
33,93,320
33,94,306
33,95,289
33,96,285
33,97,297
33,98,316
33,99,321
33,100,309
33,101,297
33,102,287
33,103,281
33,104,267
33,105,251
33,106,236
33,107,224
33,108,191
33,109,179
33,110,178
33,111,196
33,112,189
33,113,152
33,114,141
33,115,139
33,116,138
33,117,138
33,118,135
33,119,134
33,120,133
33,121,137
33,122,132
33,123,125
33,124,123
33,125,121
33,126,115
33,127,110
34,0,634
34,1,710
34,2,779
34,3,789
34,4,731
34,5,671
34,6,686
34,7,761
34,8,822
34,9,734
34,10,690
34,11,719
34,12,690
34,13,697
34,14,658
34,15,625
34,16,602
34,17,580
34,18,571
34,19,516
34,20,526
34,21,515
34,22,508
34,23,497
34,24,456
34,25,471
34,26,538
34,27,569
34,28,581
34,29,526
34,30,391
34,31,332
34,32,341
34,33,328
34,34,393
34,35,562
34,36,514
34,37,564
34,38,662
34,39,672
34,40,695
34,41,661
34,42,654
34,43,700
34,44,731
34,45,735
34,46,730
34,47,728
34,48,671
34,49,641
34,50,664
34,51,730
34,52,736
34,53,696
34,54,659
34,55,649
34,56,663
34,57,639
34,58,619
34,59,610
34,60,543
34,61,502
34,62,475
34,63,448
34,64,426
34,65,400
34,66,380
34,67,365
34,68,352
34,69,331
34,70,334
34,71,366
34,72,391
34,73,410
34,74,445
34,75,473
34,76,497
34,77,526
34,78,595
34,79,676
34,80,721
34,81,744
34,82,764
34,83,737
34,84,692
34,85,569
34,86,495
34,87,452
34,88,443
34,89,410
34,90,375
34,91,429
34,92,403
34,93,355
34,94,331
34,95,306
34,96,311
34,97,294
34,98,294
34,99,317
34,100,306
34,101,296
34,102,289
34,103,279
34,104,260
34,105,248
34,106,238
34,107,226
34,108,201
34,109,200
34,110,195
34,111,210
34,112,205
34,113,159
34,114,136
34,115,135
34,116,135
34,117,135
34,118,137
34,119,133
34,120,129
34,121,135
34,122,137
34,123,129
34,124,122
34,125,119
34,126,114
34,127,110
35,0,662
35,1,722
35,2,742
35,3,722
35,4,687
35,5,662
35,6,671
35,7,753
35,8,811
35,9,751
35,10,679
35,11,713
35,12,690
35,13,681
35,14,673
35,15,632
35,16,592
35,17,579
35,18,573
35,19,531
35,20,490
35,21,490
35,22,482
35,23,481
35,24,450
35,25,480
35,26,526
35,27,518
35,28,557
35,29,513
35,30,434
35,31,369
35,32,336
35,33,381
35,34,498
35,35,602
35,36,637
35,37,645
35,38,691
35,39,671
35,40,633
35,41,596
35,42,597
35,43,650
35,44,665
35,45,677
35,46,694
35,47,718
35,48,726
35,49,684
35,50,735
35,51,754
35,52,722
35,53,688
35,54,639
35,55,608
35,56,615
35,57,594
35,58,580
35,59,580
35,60,554
35,61,542
35,62,520
35,63,493
35,64,464
35,65,438
35,66,422
35,67,400
35,68,366
35,69,330
35,70,317
35,71,344
35,72,363
35,73,400
35,74,450
35,75,468
35,76,447
35,77,485
35,78,521
35,79,596
35,80,717
35,81,708
35,82,649
35,83,668
35,84,724
35,85,598
35,86,512
35,87,467
35,88,422
35,89,400
35,90,414
35,91,450
35,92,396
35,93,350
35,94,328
35,95,312
35,96,309
35,97,289
35,98,286
35,99,311
35,100,302
35,101,294
35,102,289
35,103,284
35,104,275
35,105,265
35,106,256
35,107,243
35,108,221
35,109,225
35,110,200
35,111,190
35,112,183
35,113,157
35,114,137
35,115,131
35,116,131
35,117,131
35,118,132
35,119,133
35,120,128
35,121,129
35,122,136
35,123,136
35,124,124
35,125,120
35,126,116
35,127,113
36,0,697
36,1,677
36,2,717
36,3,742
36,4,652
36,5,629
36,6,675
36,7,756
36,8,776
36,9,754
36,10,689
36,11,688
36,12,664
36,13,643
36,14,656
36,15,621
36,16,578
36,17,602
36,18,598
36,19,574
36,20,556
36,21,538
36,22,523
36,23,470
36,24,429
36,25,439
36,26,446
36,27,480
36,28,542
36,29,469
36,30,408
36,31,349
36,32,390
36,33,461
36,34,513
36,35,514
36,36,587
36,37,671
36,38,703
36,39,618
36,40,524
36,41,508
36,42,524
36,43,552
36,44,567
36,45,595
36,46,632
36,47,669
36,48,721
36,49,717
36,50,708
36,51,702
36,52,695
36,53,674
36,54,615
36,55,577
36,56,558
36,57,555
36,58,543
36,59,561
36,60,584
36,61,546
36,62,527
36,63,513
36,64,489
36,65,457
36,66,410
36,67,388
36,68,367
36,69,346
36,70,314
36,71,326
36,72,353
36,73,389
36,74,427
36,75,434
36,76,419
36,77,459
36,78,499
36,79,535
36,80,620
36,81,639
36,82,555
36,83,586
36,84,666
36,85,662
36,86,566
36,87,491
36,88,436
36,89,450
36,90,466
36,91,442
36,92,382
36,93,342
36,94,312
36,95,302
36,96,304
36,97,292
36,98,278
36,99,301
36,100,297
36,101,289
36,102,286
36,103,284
36,104,280
36,105,275
36,106,271
36,107,262
36,108,244
36,109,232
36,110,217
36,111,197
36,112,165
36,113,151
36,114,141
36,115,134
36,116,132
36,117,130
36,118,127
36,119,125
36,120,124
36,121,124
36,122,126
36,123,131
36,124,131
36,125,128
36,126,125
36,127,117
37,0,697
37,1,653
37,2,697
37,3,752
37,4,694
37,5,633
37,6,694
37,7,766
37,8,748
37,9,702
37,10,673
37,11,668
37,12,676
37,13,633
37,14,661
37,15,655
37,16,627
37,17,681
37,18,670
37,19,642
37,20,606
37,21,590
37,22,571
37,23,540
37,24,502
37,25,472
37,26,420
37,27,452
37,28,494
37,29,440
37,30,389
37,31,349
37,32,407
37,33,473
37,34,524
37,35,593
37,36,667
37,37,638
37,38,575
37,39,509
37,40,490
37,41,546
37,42,597
37,43,569
37,44,566
37,45,615
37,46,664
37,47,709
37,48,696
37,49,666
37,50,649
37,51,639
37,52,622
37,53,620
37,54,612
37,55,570
37,56,523
37,57,520
37,58,529
37,59,570
37,60,558
37,61,507
37,62,488
37,63,467
37,64,468
37,65,436
37,66,387
37,67,362
37,68,347
37,69,329
37,70,305
37,71,319
37,72,350
37,73,363
37,74,373
37,75,391
37,76,419
37,77,485
37,78,551
37,79,530
37,80,551
37,81,587
37,82,517
37,83,499
37,84,549
37,85,597
37,86,593
37,87,523
37,88,437
37,89,462
37,90,466
37,91,435
37,92,377
37,93,331
37,94,307
37,95,294
37,96,300
37,97,276
37,98,262
37,99,295
37,100,296
37,101,287
37,102,281
37,103,278
37,104,276
37,105,270
37,106,259
37,107,254
37,108,249
37,109,244
37,110,234
37,111,217
37,112,184
37,113,171
37,114,157
37,115,141
37,116,133
37,117,132
37,118,129
37,119,127
37,120,123
37,121,121
37,122,120
37,123,122
37,124,128
37,125,130
37,126,129
37,127,120
38,0,656
38,1,643
38,2,679
38,3,740
38,4,703
38,5,621
38,6,650
38,7,756
38,8,758
38,9,689
38,10,656
38,11,631
38,12,671
38,13,617
38,14,663
38,15,674
38,16,647
38,17,691
38,18,696
38,19,656
38,20,612
38,21,573
38,22,549
38,23,538
38,24,556
38,25,562
38,26,482
38,27,398
38,28,415
38,29,371
38,30,353
38,31,332
38,32,372
38,33,478
38,34,604
38,35,681
38,36,629
38,37,516
38,38,472
38,39,476
38,40,535
38,41,605
38,42,666
38,43,645
38,44,596
38,45,624
38,46,681
38,47,715
38,48,652
38,49,603
38,50,591
38,51,585
38,52,568
38,53,595
38,54,588
38,55,545
38,56,499
38,57,518
38,58,542
38,59,571
38,60,523
38,61,478
38,62,457
38,63,435
38,64,434
38,65,418
38,66,384
38,67,358
38,68,332
38,69,320
38,70,301
38,71,309
38,72,334
38,73,345
38,74,359
38,75,384
38,76,415
38,77,465
38,78,502
38,79,483
38,80,483
38,81,492
38,82,457
38,83,446
38,84,467
38,85,487
38,86,505
38,87,459
38,88,405
38,89,404
38,90,402
38,91,399
38,92,355
38,93,316
38,94,302
38,95,287
38,96,283
38,97,266
38,98,249
38,99,284
38,100,294
38,101,281
38,102,276
38,103,270
38,104,269
38,105,268
38,106,257
38,107,241
38,108,230
38,109,227
38,110,222
38,111,215
38,112,192
38,113,187
38,114,179
38,115,160
38,116,143
38,117,137
38,118,138
38,119,141
38,120,134
38,121,128
38,122,125
38,123,125
38,124,123
38,125,119
38,126,120
38,127,117
39,0,634
39,1,616
39,2,660
39,3,716
39,4,673
39,5,614
39,6,626
39,7,739
39,8,734
39,9,668
39,10,619
39,11,617
39,12,662
39,13,606
39,14,642
39,15,671
39,16,633
39,17,653
39,18,691
39,19,656
39,20,614
39,21,575
39,22,554
39,23,542
39,24,507
39,25,512
39,26,511
39,27,433
39,28,357
39,29,343
39,30,362
39,31,345
39,32,344
39,33,396
39,34,564
39,35,605
39,36,464
39,37,469
39,38,472
39,39,488
39,40,532
39,41,605
39,42,711
39,43,712
39,44,649
39,45,664
39,46,660
39,47,644
39,48,615
39,49,565
39,50,547
39,51,536
39,52,556
39,53,582
39,54,538
39,55,491
39,56,512
39,57,536
39,58,554
39,59,561
39,60,515
39,61,463
39,62,424
39,63,408
39,64,393
39,65,392
39,66,375
39,67,350
39,68,317
39,69,306
39,70,296
39,71,291
39,72,316
39,73,331
39,74,354
39,75,381
39,76,408
39,77,413
39,78,427
39,79,429
39,80,432
39,81,421
39,82,408
39,83,410
39,84,424
39,85,424
39,86,421
39,87,400
39,88,372
39,89,357
39,90,350
39,91,377
39,92,360
39,93,307
39,94,294
39,95,274
39,96,257
39,97,251
39,98,239
39,99,268
39,100,292
39,101,279
39,102,266
39,103,263
39,104,268
39,105,265
39,106,266
39,107,254
39,108,244
39,109,234
39,110,214
39,111,201
39,112,191
39,113,179
39,114,174
39,115,168
39,116,150
39,117,148
39,118,157
39,119,156
39,120,152
39,121,140
39,122,145
39,123,148
39,124,144
39,125,134
39,126,121
39,127,113
40,0,612
40,1,597
40,2,638
40,3,653
40,4,645
40,5,582
40,6,630
40,7,683
40,8,685
40,9,666
40,10,627
40,11,590
40,12,594
40,13,582
40,14,645
40,15,651
40,16,620
40,17,612
40,18,649
40,19,636
40,20,627
40,21,618
40,22,585
40,23,529
40,24,485
40,25,451
40,26,472
40,27,455
40,28,357
40,29,329
40,30,358
40,31,436
40,32,442
40,33,364
40,34,400
40,35,407
40,36,512
40,37,628
40,38,551
40,39,492
40,40,523
40,41,590
40,42,715
40,43,750
40,44,724
40,45,700
40,46,626
40,47,576
40,48,581
40,49,532
40,50,513
40,51,507
40,52,554
40,53,554
40,54,496
40,55,484
40,56,540
40,57,566
40,58,556
40,59,526
40,60,494
40,61,466
40,62,416
40,63,382
40,64,367
40,65,355
40,66,351
40,67,334
40,68,334
40,69,340
40,70,318
40,71,290
40,72,308
40,73,324
40,74,346
40,75,356
40,76,373
40,77,386
40,78,385
40,79,396
40,80,402
40,81,389
40,82,383
40,83,384
40,84,406
40,85,392
40,86,376
40,87,369
40,88,355
40,89,329
40,90,322
40,91,330
40,92,310
40,93,280
40,94,281
40,95,269
40,96,248
40,97,236
40,98,245
40,99,282
40,100,304
40,101,290
40,102,273
40,103,265
40,104,258
40,105,257
40,106,249
40,107,255
40,108,256
40,109,255
40,110,249
40,111,227
40,112,211
40,113,190
40,114,167
40,115,155
40,116,149
40,117,162
40,118,174
40,119,167
40,120,156
40,121,158
40,122,175
40,123,173
40,124,159
40,125,147
40,126,133
40,127,120
41,0,574
41,1,613
41,2,654
41,3,621
41,4,598
41,5,562
41,6,610
41,7,641
41,8,640
41,9,637
41,10,656
41,11,622
41,12,586
41,13,563
41,14,619
41,15,603
41,16,600
41,17,588
41,18,607
41,19,602
41,20,576
41,21,600
41,22,599
41,23,594
41,24,538
41,25,467
41,26,420
41,27,394
41,28,360
41,29,333
41,30,330
41,31,394
41,32,500
41,33,458
41,34,417
41,35,421
41,36,538
41,37,635
41,38,576
41,39,506
41,40,532
41,41,594
41,42,714
41,43,760
41,44,696
41,45,642
41,46,584
41,47,542
41,48,531
41,49,519
41,50,487
41,51,510
41,52,551
41,53,527
41,54,474
41,55,487
41,56,533
41,57,567
41,58,549
41,59,498
41,60,469
41,61,456
41,62,409
41,63,375
41,64,363
41,65,361
41,66,357
41,67,340
41,68,374
41,69,339
41,70,314
41,71,284
41,72,301
41,73,318
41,74,318
41,75,326
41,76,345
41,77,360
41,78,376
41,79,380
41,80,381
41,81,378
41,82,372
41,83,369
41,84,393
41,85,383
41,86,366
41,87,355
41,88,339
41,89,318
41,90,308
41,91,299
41,92,281
41,93,266
41,94,258
41,95,260
41,96,243
41,97,232
41,98,250
41,99,286
41,100,319
41,101,311
41,102,274
41,103,267
41,104,257
41,105,252
41,106,248
41,107,242
41,108,252
41,109,266
41,110,263
41,111,242
41,112,216
41,113,194
41,114,175
41,115,161
41,116,156
41,117,171
41,118,181
41,119,173
41,120,162
41,121,175
41,122,185
41,123,175
41,124,160
41,125,150
41,126,138
41,127,124
42,0,563
42,1,617
42,2,613
42,3,583
42,4,549
42,5,543
42,6,592
42,7,622
42,8,604
42,9,639
42,10,684
42,11,683
42,12,656
42,13,575
42,14,542
42,15,548
42,16,580
42,17,567
42,18,565
42,19,569
42,20,536
42,21,552
42,22,576
42,23,587
42,24,525
42,25,440
42,26,373
42,27,337
42,28,328
42,29,324
42,30,325
42,31,346
42,32,449
42,33,524
42,34,533
42,35,528
42,36,524
42,37,553
42,38,575
42,39,541
42,40,565
42,41,603
42,42,701
42,43,746
42,44,681
42,45,626
42,46,565
42,47,521
42,48,494
42,49,484
42,50,474
42,51,513
42,52,533
42,53,504
42,54,459
42,55,480
42,56,533
42,57,557
42,58,563
42,59,509
42,60,454
42,61,424
42,62,396
42,63,388
42,64,408
42,65,406
42,66,400
42,67,366
42,68,358
42,69,323
42,70,297
42,71,275
42,72,289
42,73,302
42,74,305
42,75,327
42,76,368
42,77,393
42,78,409
42,79,379
42,80,363
42,81,363
42,82,358
42,83,362
42,84,382
42,85,376
42,86,364
42,87,351
42,88,334
42,89,324
42,90,319
42,91,305
42,92,289
42,93,261
42,94,244
42,95,257
42,96,242
42,97,230
42,98,251
42,99,275
42,100,296
42,101,292
42,102,265
42,103,256
42,104,261
42,105,252
42,106,241
42,107,238
42,108,247
42,109,268
42,110,262
42,111,241
42,112,218
42,113,197
42,114,177
42,115,163
42,116,161
42,117,172
42,118,178
42,119,175
42,120,173
42,121,186
42,122,201
42,123,185
42,124,163
42,125,149
42,126,136
42,127,123
43,0,533
43,1,581
43,2,549
43,3,528
43,4,503
43,5,535
43,6,585
43,7,588
43,8,589
43,9,638
43,10,648
43,11,633
43,12,608
43,13,566
43,14,511
43,15,527
43,16,585
43,17,577
43,18,541
43,19,529
43,20,515
43,21,499
43,22,496
43,23,536
43,24,459
43,25,378
43,26,331
43,27,325
43,28,324
43,29,324
43,30,325
43,31,336
43,32,385
43,33,477
43,34,577
43,35,595
43,36,546
43,37,520
43,38,536
43,39,551
43,40,602
43,41,641
43,42,709
43,43,742
43,44,676
43,45,623
43,46,578
43,47,520
43,48,483
43,49,459
43,50,461
43,51,493
43,52,501
43,53,485
43,54,444
43,55,457
43,56,503
43,57,531
43,58,541
43,59,507
43,60,451
43,61,428
43,62,423
43,63,422
43,64,438
43,65,435
43,66,404
43,67,366
43,68,333
43,69,329
43,70,303
43,71,270
43,72,280
43,73,298
43,74,305
43,75,334
43,76,393
43,77,440
43,78,438
43,79,398
43,80,379
43,81,356
43,82,347
43,83,354
43,84,364
43,85,359
43,86,353
43,87,347
43,88,338
43,89,330
43,90,321
43,91,305
43,92,291
43,93,266
43,94,237
43,95,249
43,96,241
43,97,239
43,98,253
43,99,274
43,100,285
43,101,271
43,102,256
43,103,253
43,104,261
43,105,253
43,106,238
43,107,228
43,108,230
43,109,248
43,110,248
43,111,230
43,112,211
43,113,196
43,114,178
43,115,165
43,116,165
43,117,173
43,118,180
43,119,180
43,120,175
43,121,182
43,122,193
43,123,194
43,124,176
43,125,162
43,126,146
43,127,131
44,0,508
44,1,542
44,2,504
44,3,506
44,4,491
44,5,549
44,6,566
44,7,562
44,8,573
44,9,607
44,10,600
44,11,580
44,12,552
44,13,513
44,14,467
44,15,494
44,16,559
44,17,586
44,18,608
44,19,590
44,20,576
44,21,540
44,22,443
44,23,424
44,24,392
44,25,330
44,26,324
44,27,324
44,28,327
44,29,331
44,30,349
44,31,373
44,32,393
44,33,460
44,34,565
44,35,628
44,36,572
44,37,591
44,38,571
44,39,547
44,40,574
44,41,621
44,42,696
44,43,719
44,44,698
44,45,657
44,46,582
44,47,531
44,48,510
44,49,474
44,50,444
44,51,453
44,52,483
44,53,455
44,54,426
44,55,454
44,56,493
44,57,511
44,58,493
44,59,471
44,60,453
44,61,447
44,62,448
44,63,454
44,64,436
44,65,405
44,66,378
44,67,354
44,68,338
44,69,343
44,70,310
44,71,269
44,72,278
44,73,300
44,74,307
44,75,326
44,76,366
44,77,421
44,78,395
44,79,396
44,80,419
44,81,356
44,82,338
44,83,332
44,84,344
44,85,342
44,86,334
44,87,329
44,88,325
44,89,315
44,90,310
44,91,299
44,92,283
44,93,273
44,94,245
44,95,230
44,96,240
44,97,274
44,98,280
44,99,282
44,100,285
44,101,274
44,102,259
44,103,244
44,104,257
44,105,256
44,106,241
44,107,225
44,108,214
44,109,232
44,110,238
44,111,217
44,112,201
44,113,190
44,114,176
44,115,167
44,116,168
44,117,174
44,118,183
44,119,180
44,120,167
44,121,171
44,122,174
44,123,186
44,124,221
44,125,184
44,126,151
44,127,137
45,0,499
45,1,504
45,2,477
45,3,507
45,4,480
45,5,514
45,6,549
45,7,539
45,8,566
45,9,574
45,10,575
45,11,556
45,12,551
45,13,539
45,14,481
45,15,482
45,16,538
45,17,565
45,18,609
45,19,569
45,20,529
45,21,496
45,22,457
45,23,390
45,24,357
45,25,326
45,26,324
45,27,324
45,28,341
45,29,357
45,30,382
45,31,408
45,32,412
45,33,477
45,34,574
45,35,676
45,36,611
45,37,621
45,38,618
45,39,571
45,40,580
45,41,620
45,42,697
45,43,765
45,44,734
45,45,648
45,46,578
45,47,539
45,48,509
45,49,468
45,50,434
45,51,425
45,52,463
45,53,424
45,54,419
45,55,447
45,56,479
45,57,494
45,58,479
45,59,449
45,60,426
45,61,424
45,62,438
45,63,430
45,64,423
45,65,423
45,66,396
45,67,383
45,68,344
45,69,317
45,70,298
45,71,267
45,72,268
45,73,289
45,74,302
45,75,317
45,76,347
45,77,380
45,78,358
45,79,338
45,80,358
45,81,331
45,82,321
45,83,327
45,84,331
45,85,331
45,86,327
45,87,317
45,88,312
45,89,304
45,90,298
45,91,293
45,92,288
45,93,269
45,94,243
45,95,219
45,96,254
45,97,296
45,98,290
45,99,280
45,100,288
45,101,286
45,102,267
45,103,241
45,104,248
45,105,254
45,106,252
45,107,245
45,108,218
45,109,218
45,110,218
45,111,209
45,112,198
45,113,186
45,114,175
45,115,168
45,116,167
45,117,174
45,118,180
45,119,175
45,120,162
45,121,161
45,122,164
45,123,169
45,124,184
45,125,159
45,126,140
45,127,125
46,0,463
46,1,474
46,2,477
46,3,506
46,4,450
46,5,490
46,6,531
46,7,507
46,8,535
46,9,550
46,10,548
46,11,539
46,12,519
46,13,557
46,14,542
46,15,486
46,16,481
46,17,536
46,18,567
46,19,537
46,20,487
46,21,455
46,22,435
46,23,421
46,24,341
46,25,324
46,26,324
46,27,327
46,28,373
46,29,396
46,30,400
46,31,424
46,32,458
46,33,473
46,34,547
46,35,612
46,36,600
46,37,611
46,38,606
46,39,541
46,40,557
46,41,593
46,42,656
46,43,719
46,44,649
46,45,584
46,46,552
46,47,526
46,48,494
46,49,469
46,50,448
46,51,416
46,52,432
46,53,413
46,54,418
46,55,427
46,56,463
46,57,475
46,58,445
46,59,421
46,60,407
46,61,393
46,62,408
46,63,403
46,64,413
46,65,424
46,66,404
46,67,408
46,68,369
46,69,333
46,70,306
46,71,269
46,72,260
46,73,279
46,74,298
46,75,313
46,76,322
46,77,330
46,78,325
46,79,313
46,80,313
46,81,311
46,82,314
46,83,324
46,84,323
46,85,323
46,86,319
46,87,309
46,88,297
46,89,292
46,90,286
46,91,284
46,92,292
46,93,268
46,94,236
46,95,215
46,96,243
46,97,268
46,98,271
46,99,268
46,100,284
46,101,278
46,102,256
46,103,239
46,104,237
46,105,245
46,106,249
46,107,244
46,108,226
46,109,216
46,110,201
46,111,194
46,112,196
46,113,185
46,114,174
46,115,166
46,116,165
46,117,172
46,118,175
46,119,169
46,120,161
46,121,155
46,122,155
46,123,154
46,124,150
46,125,143
46,126,130
46,127,116
47,0,464
47,1,476
47,2,461
47,3,488
47,4,427
47,5,487
47,6,513
47,7,484
47,8,499
47,9,528
47,10,540
47,11,523
47,12,506
47,13,521
47,14,548
47,15,518
47,16,462
47,17,466
47,18,506
47,19,489
47,20,465
47,21,449
47,22,402
47,23,367
47,24,334
47,25,324
47,26,324
47,27,339
47,28,406
47,29,455
47,30,467
47,31,501
47,32,537
47,33,478
47,34,493
47,35,471
47,36,467
47,37,500
47,38,511
47,39,511
47,40,535
47,41,564
47,42,613
47,43,622
47,44,602
47,45,545
47,46,501
47,47,486
47,48,496
47,49,487
47,50,463
47,51,424
47,52,396
47,53,409
47,54,432
47,55,423
47,56,444
47,57,460
47,58,442
47,59,415
47,60,381
47,61,370
47,62,385
47,63,380
47,64,384
47,65,392
47,66,375
47,67,366
47,68,356
47,69,338
47,70,315
47,71,282
47,72,255
47,73,275
47,74,294
47,75,306
47,76,307
47,77,308
47,78,307
47,79,303
47,80,300
47,81,299
47,82,308
47,83,321
47,84,317
47,85,316
47,86,313
47,87,306
47,88,291
47,89,282
47,90,277
47,91,271
47,92,267
47,93,250
47,94,235
47,95,229
47,96,227
47,97,243
47,98,256
47,99,265
47,100,286
47,101,275
47,102,248
47,103,240
47,104,228
47,105,237
47,106,246
47,107,251
47,108,248
47,109,236
47,110,210
47,111,183
47,112,180
47,113,179
47,114,171
47,115,164
47,116,163
47,117,172
47,118,171
47,119,163
47,120,158
47,121,154
47,122,149
47,123,144
47,124,137
47,125,129
47,126,119
47,127,110
48,0,448
48,1,449
48,2,430
48,3,477
48,4,435
48,5,435
48,6,482
48,7,471
48,8,468
48,9,529
48,10,585
48,11,590
48,12,559
48,13,511
48,14,488
48,15,460
48,16,444
48,17,436
48,18,471
48,19,457
48,20,418
48,21,419
48,22,417
48,23,373
48,24,325
48,25,324
48,26,325
48,27,344
48,28,385
48,29,418
48,30,451
48,31,491
48,32,511
48,33,435
48,34,402
48,35,416
48,36,498
48,37,588
48,38,565
48,39,537
48,40,564
48,41,582
48,42,565
48,43,541
48,44,543
48,45,542
48,46,509
48,47,461
48,48,441
48,49,467
48,50,454
48,51,415
48,52,384
48,53,398
48,54,433
48,55,445
48,56,450
48,57,468
48,58,450
48,59,416
48,60,398
48,61,366
48,62,355
48,63,371
48,64,344
48,65,350
48,66,338
48,67,332
48,68,324
48,69,324
48,70,311
48,71,282
48,72,251
48,73,261
48,74,277
48,75,293
48,76,298
48,77,303
48,78,301
48,79,297
48,80,291
48,81,292
48,82,302
48,83,312
48,84,312
48,85,307
48,86,309
48,87,301
48,88,288
48,89,276
48,90,271
48,91,271
48,92,257
48,93,250
48,94,247
48,95,245
48,96,213
48,97,222
48,98,236
48,99,254
48,100,272
48,101,267
48,102,244
48,103,251
48,104,231
48,105,229
48,106,246
48,107,250
48,108,256
48,109,250
48,110,221
48,111,187
48,112,166
48,113,169
48,114,169
48,115,163
48,116,161
48,117,168
48,118,168
48,119,158
48,120,155
48,121,156
48,122,147
48,123,146
48,124,145
48,125,138
48,126,128
48,127,111
49,0,409
49,1,408
49,2,427
49,3,468
49,4,435
49,5,396
49,6,439
49,7,454
49,8,453
49,9,523
49,10,566
49,11,579
49,12,581
49,13,566
49,14,532
49,15,473
49,16,413
49,17,395
49,18,406
49,19,418
49,20,412
49,21,381
49,22,369
49,23,345
49,24,325
49,25,337
49,26,357
49,27,373
49,28,401
49,29,393
49,30,407
49,31,430
49,32,425
49,33,389
49,34,382
49,35,465
49,36,592
49,37,645
49,38,592
49,39,562
49,40,594
49,41,595
49,42,560
49,43,520
49,44,503
49,45,527
49,46,503
49,47,465
49,48,430
49,49,436
49,50,425
49,51,382
49,52,387
49,53,418
49,54,449
49,55,467
49,56,478
49,57,489
49,58,452
49,59,422
49,60,407
49,61,376
49,62,343
49,63,332
49,64,329
49,65,325
49,66,311
49,67,307
49,68,302
49,69,303
49,70,300
49,71,282
49,72,258
49,73,252
49,74,263
49,75,276
49,76,296
49,77,304
49,78,302
49,79,298
49,80,290
49,81,287
49,82,297
49,83,303
49,84,304
49,85,302
49,86,301
49,87,304
49,88,288
49,89,272
49,90,263
49,91,264
49,92,258
49,93,254
49,94,250
49,95,237
49,96,207
49,97,213
49,98,229
49,99,238
49,100,259
49,101,258
49,102,239
49,103,245
49,104,234
49,105,224
49,106,239
49,107,255
49,108,259
49,109,249
49,110,220
49,111,186
49,112,162
49,113,163
49,114,168
49,115,162
49,116,159
49,117,165
49,118,169
49,119,161
49,120,151
49,121,155
49,122,152
49,123,141
49,124,142
49,125,133
49,126,119
49,127,107
50,0,385
50,1,381
50,2,409
50,3,438
50,4,432
50,5,387
50,6,421
50,7,452
50,8,438
50,9,495
50,10,514
50,11,537
50,12,575
50,13,569
50,14,538
50,15,491
50,16,465
50,17,444
50,18,404
50,19,379
50,20,388
50,21,370
50,22,363
50,23,347
50,24,331
50,25,381
50,26,420
50,27,406
50,28,372
50,29,367
50,30,367
50,31,361
50,32,356
50,33,350
50,34,405
50,35,515
50,36,594
50,37,606
50,38,595
50,39,607
50,40,600
50,41,584
50,42,569
50,43,538
50,44,483
50,45,495
50,46,503
50,47,468
50,48,431
50,49,404
50,50,387
50,51,372
50,52,409
50,53,454
50,54,522
50,55,542
50,56,523
50,57,489
50,58,437
50,59,404
50,60,399
50,61,382
50,62,352
50,63,367
50,64,373
50,65,331
50,66,313
50,67,293
50,68,282
50,69,282
50,70,286
50,71,286
50,72,271
50,73,249
50,74,253
50,75,268
50,76,285
50,77,301
50,78,303
50,79,301
50,80,289
50,81,283
50,82,292
50,83,301
50,84,298
50,85,295
50,86,294
50,87,296
50,88,290
50,89,274
50,90,260
50,91,255
50,92,251
50,93,247
50,94,244
50,95,236
50,96,218
50,97,213
50,98,218
50,99,224
50,100,266
50,101,264
50,102,238
50,103,240
50,104,234
50,105,221
50,106,233
50,107,254
50,108,252
50,109,236
50,110,207
50,111,181
50,112,161
50,113,158
50,114,166
50,115,162
50,116,157
50,117,163
50,118,169
50,119,165
50,120,148
50,121,146
50,122,153
50,123,146
50,124,131
50,125,123
50,126,111
50,127,104
51,0,347
51,1,358
51,2,356
51,3,407
51,4,402
51,5,378
51,6,424
51,7,464
51,8,428
51,9,450
51,10,481
51,11,531
51,12,564
51,13,541
51,14,538
51,15,524
51,16,529
51,17,521
51,18,490
51,19,447
51,20,367
51,21,353
51,22,373
51,23,385
51,24,331
51,25,359
51,26,373
51,27,374
51,28,326
51,29,320
51,30,313
51,31,314
51,32,349
51,33,385
51,34,434
51,35,495
51,36,533
51,37,557
51,38,591
51,39,604
51,40,582
51,41,542
51,42,525
51,43,504
51,44,452
51,45,437
51,46,465
51,47,471
51,48,433
51,49,400
51,50,369
51,51,382
51,52,427
51,53,474
51,54,543
51,55,561
51,56,508
51,57,460
51,58,423
51,59,402
51,60,407
51,61,375
51,62,384
51,63,438
51,64,406
51,65,353
51,66,349
51,67,336
51,68,307
51,69,297
51,70,274
51,71,275
51,72,273
51,73,255
51,74,249
51,75,258
51,76,271
51,77,290
51,78,298
51,79,301
51,80,296
51,81,285
51,82,280
51,83,294
51,84,295
51,85,290
51,86,292
51,87,282
51,88,282
51,89,281
51,90,272
51,91,257
51,92,248
51,93,244
51,94,250
51,95,247
51,96,226
51,97,248
51,98,252
51,99,223
51,100,257
51,101,264
51,102,237
51,103,230
51,104,233
51,105,221
51,106,228
51,107,240
51,108,245
51,109,228
51,110,205
51,111,177
51,112,159
51,113,154
51,114,163
51,115,160
51,116,153
51,117,160
51,118,168
51,119,169
51,120,154
51,121,142
51,122,139
51,123,148
51,124,135
51,125,118
51,126,107
51,127,103
52,0,320
52,1,319
52,2,323
52,3,363
52,4,381
52,5,374
52,6,408
52,7,457
52,8,425
52,9,415
52,10,466
52,11,530
52,12,578
52,13,561
52,14,538
52,15,507
52,16,495
52,17,514
52,18,548
52,19,495
52,20,428
52,21,381
52,22,355
52,23,405
52,24,358
52,25,324
52,26,287
52,27,266
52,28,261
52,29,280
52,30,325
52,31,370
52,32,391
52,33,394
52,34,416
52,35,477
52,36,516
52,37,501
52,38,538
52,39,557
52,40,579
52,41,543
52,42,497
52,43,465
52,44,460
52,45,439
52,46,438
52,47,469
52,48,436
52,49,383
52,50,362
52,51,387
52,52,420
52,53,446
52,54,486
52,55,515
52,56,467
52,57,446
52,58,440
52,59,447
52,60,428
52,61,428
52,62,439
52,63,444
52,64,404
52,65,405
52,66,414
52,67,384
52,68,331
52,69,302
52,70,274
52,71,260
52,72,261
52,73,254
52,74,248
52,75,248
52,76,259
52,77,271
52,78,285
52,79,297
52,80,296
52,81,296
52,82,279
52,83,280
52,84,283
52,85,289
52,86,298
52,87,279
52,88,270
52,89,284
52,90,286
52,91,275
52,92,268
52,93,259
52,94,260
52,95,252
52,96,245
52,97,271
52,98,275
52,99,257
52,100,217
52,101,225
52,102,223
52,103,220
52,104,230
52,105,221
52,106,210
52,107,229
52,108,236
52,109,214
52,110,193
52,111,173
52,112,161
52,113,151
52,114,158
52,115,155
52,116,154
52,117,165
52,118,175
52,119,182
52,120,178
52,121,155
52,122,134
52,123,139
52,124,132
52,125,111
52,126,104
52,127,102
53,0,323
53,1,307
53,2,302
53,3,316
53,4,348
53,5,365
53,6,366
53,7,435
53,8,420
53,9,415
53,10,465
53,11,507
53,12,545
53,13,570
53,14,571
53,15,549
53,16,492
53,17,462
53,18,497
53,19,525
53,20,466
53,21,405
53,22,337
53,23,371
53,24,366
53,25,335
53,26,293
53,27,254
53,28,242
53,29,265
53,30,327
53,31,391
53,32,406
53,33,385
53,34,391
53,35,418
53,36,451
53,37,469
53,38,500
53,39,535
53,40,558
53,41,561
53,42,534
53,43,487
53,44,453
53,45,433
53,46,425
53,47,467
53,48,429
53,49,374
53,50,394
53,51,444
53,52,440
53,53,451
53,54,483
53,55,487
53,56,451
53,57,441
53,58,463
53,59,456
53,60,469
53,61,469
53,62,479
53,63,482
53,64,440
53,65,415
53,66,403
53,67,385
53,68,327
53,69,301
53,70,283
53,71,257
53,72,251
53,73,249
53,74,248
53,75,248
53,76,248
53,77,257
53,78,280
53,79,290
53,80,287
53,81,297
53,82,291
53,83,270
53,84,270
53,85,277
53,86,287
53,87,282
53,88,268
53,89,281
53,90,286
53,91,283
53,92,274
53,93,272
53,94,265
53,95,251
53,96,256
53,97,265
53,98,269
53,99,261
53,100,226
53,101,201
53,102,201
53,103,211
53,104,223
53,105,222
53,106,206
53,107,228
53,108,225
53,109,198
53,110,179
53,111,169
53,112,160
53,113,149
53,114,153
53,115,150
53,116,158
53,117,169
53,118,180
53,119,191
53,120,194
53,121,162
53,122,138
53,123,126
53,124,121
53,125,104
53,126,102
53,127,102
54,0,322
54,1,320
54,2,305
54,3,293
54,4,326
54,5,370
54,6,355
54,7,412
54,8,396
54,9,457
54,10,504
54,11,500
54,12,517
54,13,546
54,14,545
54,15,555
54,16,523
54,17,475
54,18,439
54,19,453
54,20,445
54,21,413
54,22,340
54,23,322
54,24,338
54,25,312
54,26,280
54,27,255
54,28,239
54,29,258
54,30,300
54,31,325
54,32,340
54,33,356
54,34,382
54,35,424
54,36,495
54,37,481
54,38,476
54,39,484
54,40,522
54,41,591
54,42,600
54,43,528
54,44,476
54,45,443
54,46,405
54,47,393
54,48,382
54,49,356
54,50,407
54,51,476
54,52,498
54,53,494
54,54,480
54,55,464
54,56,444
54,57,422
54,58,432
54,59,450
54,60,483
54,61,493
54,62,507
54,63,490
54,64,433
54,65,418
54,66,387
54,67,354
54,68,318
54,69,305
54,70,290
54,71,269
54,72,254
54,73,251
54,74,250
54,75,248
54,76,248
54,77,254
54,78,269
54,79,275
54,80,274
54,81,287
54,82,297
54,83,283
54,84,264
54,85,260
54,86,273
54,87,283
54,88,267
54,89,270
54,90,277
54,91,282
54,92,273
54,93,266
54,94,263
54,95,263
54,96,263
54,97,259
54,98,266
54,99,271
54,100,242
54,101,195
54,102,185
54,103,207
54,104,215
54,105,223
54,106,202
54,107,203
54,108,208
54,109,188
54,110,172
54,111,165
54,112,163
54,113,149
54,114,146
54,115,149
54,116,165
54,117,177
54,118,182
54,119,185
54,120,181
54,121,164
54,122,140
54,123,122
54,124,110
54,125,103
54,126,101
54,127,102
55,0,337
55,1,325
55,2,308
55,3,314
55,4,305
55,5,341
55,6,329
55,7,354
55,8,381
55,9,481
55,10,496
55,11,474
55,12,482
55,13,520
55,14,511
55,15,523
55,16,495
55,17,491
55,18,450
55,19,398
55,20,390
55,21,381
55,22,349
55,23,301
55,24,281
55,25,287
55,26,255
55,27,235
55,28,232
55,29,249
55,30,279
55,31,303
55,32,317
55,33,336
55,34,364
55,35,403
55,36,451
55,37,445
55,38,430
55,39,461
55,40,558
55,41,628
55,42,608
55,43,538
55,44,514
55,45,474
55,46,420
55,47,381
55,48,348
55,49,362
55,50,412
55,51,441
55,52,474
55,53,466
55,54,434
55,55,418
55,56,429
55,57,408
55,58,427
55,59,492
55,60,528
55,61,520
55,62,499
55,63,452
55,64,399
55,65,388
55,66,362
55,67,335
55,68,310
55,69,296
55,70,287
55,71,278
55,72,260
55,73,258
55,74,258
55,75,250
55,76,248
55,77,249
55,78,251
55,79,255
55,80,262
55,81,276
55,82,295
55,83,300
55,84,287
55,85,266
55,86,258
55,87,272
55,88,268
55,89,260
55,90,268
55,91,280
55,92,273
55,93,264
55,94,252
55,95,258
55,96,266
55,97,264
55,98,256
55,99,257
55,100,236
55,101,189
55,102,174
55,103,202
55,104,207
55,105,226
55,106,211
55,107,183
55,108,195
55,109,183
55,110,169
55,111,160
55,112,165
55,113,151
55,114,142
55,115,152
55,116,171
55,117,180
55,118,178
55,119,175
55,120,171
55,121,164
55,122,145
55,123,124
55,124,107
55,125,102
55,126,101
55,127,102
56,0,332
56,1,316
56,2,330
56,3,337
56,4,307
56,5,294
56,6,303
56,7,358
56,8,399
56,9,444
56,10,449
56,11,443
56,12,454
56,13,476
56,14,482
56,15,496
56,16,444
56,17,441
56,18,413
56,19,384
56,20,340
56,21,330
56,22,321
56,23,292
56,24,262
56,25,246
56,26,233
56,27,232
56,28,239
56,29,249
56,30,261
56,31,272
56,32,303
56,33,327
56,34,330
56,35,358
56,36,393
56,37,391
56,38,421
56,39,486
56,40,611
56,41,640
56,42,586
56,43,545
56,44,507
56,45,463
56,46,423
56,47,394
56,48,354
56,49,347
56,50,386
56,51,391
56,52,408
56,53,401
56,54,396
56,55,388
56,56,402
56,57,409
56,58,440
56,59,503
56,60,552
56,61,523
56,62,468
56,63,425
56,64,382
56,65,348
56,66,322
56,67,309
56,68,295
56,69,284
56,70,275
56,71,265
56,72,257
56,73,273
56,74,295
56,75,311
56,76,280
56,77,267
56,78,251
56,79,248
56,80,252
56,81,264
56,82,280
56,83,296
56,84,292
56,85,273
56,86,251
56,87,255
56,88,259
56,89,251
56,90,263
56,91,274
56,92,262
56,93,255
56,94,241
56,95,243
56,96,252
56,97,257
56,98,247
56,99,236
56,100,205
56,101,171
56,102,168
56,103,200
56,104,205
56,105,219
56,106,209
56,107,185
56,108,173
56,109,175
56,110,169
56,111,158
56,112,164
56,113,156
56,114,142
56,115,149
56,116,167
56,117,170
56,118,167
56,119,166
56,120,162
56,121,156
56,122,151
56,123,135
56,124,106
56,125,100
56,126,101
56,127,101
57,0,338
57,1,337
57,2,340
57,3,330
57,4,308
57,5,284
57,6,290
57,7,336
57,8,368
57,9,395
57,10,408
57,11,399
57,12,403
57,13,412
57,14,415
57,15,407
57,16,385
57,17,365
57,18,353
57,19,340
57,20,327
57,21,309
57,22,293
57,23,279
57,24,261
57,25,237
57,26,231
57,27,237
57,28,245
57,29,258
57,30,272
57,31,284
57,32,317
57,33,360
57,34,359
57,35,354
57,36,367
57,37,403
57,38,437
57,39,479
57,40,592
57,41,637
57,42,569
57,43,528
57,44,506
57,45,480
57,46,443
57,47,412
57,48,378
57,49,341
57,50,345
57,51,359
57,52,383
57,53,367
57,54,375
57,55,379
57,56,414
57,57,435
57,58,443
57,59,482
57,60,515
57,61,500
57,62,478
57,63,455
57,64,390
57,65,340
57,66,325
57,67,311
57,68,293
57,69,282
57,70,280
57,71,273
57,72,275
57,73,305
57,74,326
57,75,339
57,76,311
57,77,295
57,78,261
57,79,246
57,80,248
57,81,255
57,82,269
57,83,288
57,84,294
57,85,277
57,86,258
57,87,244
57,88,246
57,89,246
57,90,259
57,91,262
57,92,254
57,93,257
57,94,241
57,95,234
57,96,239
57,97,242
57,98,240
57,99,236
57,100,209
57,101,171
57,102,161
57,103,191
57,104,209
57,105,201
57,106,197
57,107,192
57,108,164
57,109,165
57,110,171
57,111,160
57,112,153
57,113,151
57,114,140
57,115,145
57,116,163
57,117,165
57,118,162
57,119,163
57,120,160
57,121,152
57,122,147
57,123,137
57,124,108
57,125,100
57,126,100
57,127,101
58,0,372
58,1,370
58,2,366
58,3,342
58,4,333
58,5,309
58,6,277
58,7,282
58,8,318
58,9,348
58,10,367
58,11,362
58,12,364
58,13,367
58,14,366
58,15,354
58,16,353
58,17,336
58,18,319
58,19,311
58,20,314
58,21,302
58,22,290
58,23,273
58,24,257
58,25,234
58,26,230
58,27,235
58,28,249
58,29,276
58,30,294
58,31,309
58,32,337
58,33,356
58,34,387
58,35,403
58,36,406
58,37,438
58,38,466
58,39,489
58,40,565
58,41,611
58,42,567
58,43,530
58,44,521
58,45,489
58,46,444
58,47,402
58,48,395
58,49,366
58,50,336
58,51,336
58,52,355
58,53,343
58,54,363
58,55,399
58,56,434
58,57,475
58,58,496
58,59,501
58,60,505
58,61,480
58,62,440
58,63,404
58,64,363
58,65,355
58,66,360
58,67,345
58,68,311
58,69,305
58,70,319
58,71,304
58,72,304
58,73,334
58,74,327
58,75,307
58,76,289
58,77,274
58,78,254
58,79,235
58,80,238
58,81,248
58,82,256
58,83,278
58,84,289
58,85,286
58,86,279
58,87,250
58,88,233
58,89,237
58,90,249
58,91,255
58,92,249
58,93,259
58,94,246
58,95,230
58,96,226
58,97,224
58,98,230
58,99,227
58,100,212
58,101,185
58,102,159
58,103,175
58,104,208
58,105,187
58,106,177
58,107,186
58,108,162
58,109,156
58,110,165
58,111,167
58,112,155
58,113,150
58,114,140
58,115,141
58,116,161
58,117,163
58,118,154
58,119,158
58,120,157
58,121,160
58,122,147
58,123,134
58,124,113
58,125,100
58,126,101
58,127,101
59,0,424
59,1,439
59,2,413
59,3,361
59,4,332
59,5,323
59,6,295
59,7,268
59,8,285
59,9,309
59,10,330
59,11,339
59,12,336
59,13,338
59,14,346
59,15,334
59,16,339
59,17,318
59,18,307
59,19,295
59,20,307
59,21,299
59,22,286
59,23,279
59,24,258
59,25,230
59,26,228
59,27,235
59,28,256
59,29,290
59,30,307
59,31,323
59,32,342
59,33,342
59,34,372
59,35,427
59,36,466
59,37,495
59,38,505
59,39,493
59,40,536
59,41,585
59,42,587
59,43,550
59,44,527
59,45,513
59,46,457
59,47,417
59,48,378
59,49,387
59,50,358
59,51,321
59,52,331
59,53,356
59,54,400
59,55,487
59,56,497
59,57,539
59,58,563
59,59,534
59,60,521
59,61,473
59,62,449
59,63,414
59,64,394
59,65,398
59,66,380
59,67,347
59,68,319
59,69,334
59,70,354
59,71,327
59,72,337
59,73,356
59,74,335
59,75,310
59,76,283
59,77,270
59,78,255
59,79,225
59,80,228
59,81,239
59,82,243
59,83,272
59,84,280
59,85,280
59,86,284
59,87,274
59,88,242
59,89,229
59,90,238
59,91,246
59,92,244
59,93,256
59,94,248
59,95,238
59,96,228
59,97,223
59,98,211
59,99,208
59,100,211
59,101,210
59,102,179
59,103,165
59,104,192
59,105,187
59,106,171
59,107,178
59,108,161
59,109,150
59,110,158
59,111,163
59,112,167
59,113,162
59,114,143
59,115,135
59,116,154
59,117,166
59,118,155
59,119,150
59,120,151
59,121,162
59,122,154
59,123,134
59,124,111
59,125,101
59,126,100
59,127,102
60,0,476
60,1,473
60,2,415
60,3,354
60,4,329
60,5,306
60,6,288
60,7,269
60,8,258
60,9,277
60,10,299
60,11,320
60,12,333
60,13,315
60,14,314
60,15,319
60,16,332
60,17,312
60,18,290
60,19,277
60,20,294
60,21,300
60,22,280
60,23,272
60,24,252
60,25,229
60,26,229
60,27,243
60,28,263
60,29,273
60,30,287
60,31,296
60,32,307
60,33,332
60,34,376
60,35,428
60,36,520
60,37,552
60,38,515
60,39,472
60,40,498
60,41,532
60,42,538
60,43,520
60,44,477
60,45,468
60,46,466
60,47,441
60,48,389
60,49,356
60,50,341
60,51,317
60,52,352
60,53,417
60,54,434
60,55,476
60,56,502
60,57,513
60,58,538
60,59,506
60,60,499
60,61,483
60,62,473
60,63,442
60,64,464
60,65,448
60,66,386
60,67,355
60,68,373
60,69,376
60,70,375
60,71,343
60,72,360
60,73,374
60,74,350
60,75,324
60,76,298
60,77,282
60,78,266
60,79,227
60,80,214
60,81,232
60,82,248
60,83,267
60,84,271
60,85,272
60,86,279
60,87,275
60,88,261
60,89,236
60,90,227
60,91,232
60,92,238
60,93,248
60,94,252
60,95,245
60,96,238
60,97,231
60,98,212
60,99,194
60,100,192
60,101,211
60,102,212
60,103,176
60,104,162
60,105,178
60,106,167
60,107,156
60,108,162
60,109,144
60,110,151
60,111,152
60,112,161
60,113,156
60,114,148
60,115,131
60,116,142
60,117,155
60,118,160
60,119,147
60,120,141
60,121,153
60,122,149
60,123,128
60,124,107
60,125,101
60,126,99
60,127,100
61,0,462
61,1,434
61,2,396
61,3,357
61,4,350
61,5,349
61,6,319
61,7,291
61,8,265
61,9,257
61,10,278
61,11,297
61,12,321
61,13,329
61,14,306
61,15,302
61,16,311
61,17,304
61,18,282
61,19,269
61,20,287
61,21,299
61,22,290
61,23,270
61,24,242
61,25,225
61,26,229
61,27,249
61,28,265
61,29,265
61,30,277
61,31,289
61,32,314
61,33,338
61,34,374
61,35,435
61,36,549
61,37,581
61,38,534
61,39,465
61,40,496
61,41,522
61,42,518
61,43,488
61,44,459
61,45,432
61,46,415
61,47,402
61,48,384
61,49,359
61,50,325
61,51,319
61,52,363
61,53,388
61,54,415
61,55,439
61,56,457
61,57,477
61,58,497
61,59,464
61,60,467
61,61,484
61,62,496
61,63,466
61,64,468
61,65,435
61,66,397
61,67,384
61,68,409
61,69,391
61,70,364
61,71,343
61,72,352
61,73,387
61,74,387
61,75,351
61,76,314
61,77,290
61,78,266
61,79,223
61,80,211
61,81,234
61,82,249
61,83,262
61,84,270
61,85,265
61,86,274
61,87,271
61,88,264
61,89,240
61,90,222
61,91,223
61,92,237
61,93,240
61,94,245
61,95,242
61,96,244
61,97,237
61,98,224
61,99,214
61,100,195
61,101,189
61,102,192
61,103,185
61,104,165
61,105,163
61,106,160
61,107,152
61,108,155
61,109,144
61,110,143
61,111,142
61,112,150
61,113,146
61,114,150
61,115,131
61,116,133
61,117,145
61,118,158
61,119,156
61,120,140
61,121,143
61,122,150
61,123,134
61,124,113
61,125,101
61,126,99
61,127,101
62,0,434
62,1,405
62,2,361
62,3,338
62,4,359
62,5,373
62,6,359
62,7,322
62,8,289
62,9,259
62,10,247
62,11,254
62,12,269
62,13,304
62,14,324
62,15,294
62,16,295
62,17,285
62,18,269
62,19,256
62,20,267
62,21,285
62,22,287
62,23,266
62,24,234
62,25,222
62,26,228
62,27,244
62,28,252
62,29,264
62,30,289
62,31,324
62,32,362
62,33,357
62,34,384
62,35,430
62,36,474
62,37,532
62,38,524
62,39,457
62,40,469
62,41,492
62,42,509
62,43,512
62,44,486
62,45,445
62,46,422
62,47,401
62,48,371
62,49,349
62,50,321
62,51,311
62,52,369
62,53,419
62,54,428
62,55,448
62,56,447
62,57,434
62,58,450
62,59,439
62,60,457
62,61,509
62,62,512
62,63,456
62,64,420
62,65,409
62,66,386
62,67,375
62,68,400
62,69,380
62,70,352
62,71,328
62,72,336
62,73,391
62,74,419
62,75,356
62,76,317
62,77,291
62,78,269
62,79,223
62,80,208
62,81,230
62,82,246
62,83,254
62,84,269
62,85,263
62,86,266
62,87,269
62,88,262
62,89,247
62,90,224
62,91,219
62,92,229
62,93,232
62,94,236
62,95,237
62,96,241
62,97,238
62,98,235
62,99,234
62,100,224
62,101,203
62,102,204
62,103,210
62,104,206
62,105,183
62,106,152
62,107,147
62,108,143
62,109,137
62,110,132
62,111,130
62,112,133
62,113,134
62,114,135
62,115,125
62,116,127
62,117,136
62,118,147
62,119,157
62,120,150
62,121,137
62,122,145
62,123,138
62,124,116
62,125,100
62,126,99
62,127,102
63,0,400
63,1,389
63,2,359
63,3,326
63,4,316
63,5,342
63,6,342
63,7,305
63,8,265
63,9,250
63,10,237
63,11,237
63,12,249
63,13,259
63,14,273
63,15,277
63,16,269
63,17,249
63,18,248
63,19,245
63,20,265
63,21,297
63,22,292
63,23,275
63,24,228
63,25,222
63,26,227
63,27,235
63,28,267
63,29,296
63,30,305
63,31,331
63,32,366
63,33,379
63,34,384
63,35,393
63,36,407
63,37,448
63,38,438
63,39,420
63,40,450
63,41,475
63,42,502
63,43,514
63,44,500
63,45,485
63,46,498
63,47,470
63,48,399
63,49,360
63,50,319
63,51,307
63,52,367
63,53,420
63,54,420
63,55,427
63,56,428
63,57,428
63,58,466
63,59,434
63,60,469
63,61,538
63,62,504
63,63,438
63,64,422
63,65,396
63,66,357
63,67,352
63,68,381
63,69,369
63,70,344
63,71,321
63,72,311
63,73,350
63,74,388
63,75,357
63,76,311
63,77,282
63,78,265
63,79,221
63,80,207
63,81,231
63,82,243
63,83,249
63,84,269
63,85,262
63,86,255
63,87,267
63,88,266
63,89,256
63,90,235
63,91,214
63,92,222
63,93,226
63,94,228
63,95,230
63,96,239
63,97,240
63,98,238
63,99,243
63,100,232
63,101,222
63,102,228
63,103,241
63,104,233
63,105,209
63,106,174
63,107,146
63,108,136
63,109,142
63,110,149
63,111,155
63,112,147
63,113,142
63,114,133
63,115,122
63,116,121
63,117,129
63,118,138
63,119,149
63,120,153
63,121,138
63,122,135
63,123,132
63,124,112
63,125,101
63,126,100
63,127,101
64,0,347
64,1,335
64,2,320
64,3,302
64,4,278
64,5,271
64,6,254
64,7,241
64,8,239
64,9,245
64,10,252
64,11,263
64,12,291
64,13,286
64,14,270
64,15,248
64,16,245
64,17,249
64,18,239
64,19,234
64,20,251
64,21,310
64,22,314
64,23,301
64,24,262
64,25,222
64,26,223
64,27,229
64,28,263
64,29,320
64,30,344
64,31,335
64,32,343
64,33,369
64,34,378
64,35,354
64,36,357
64,37,370
64,38,406
64,39,496
64,40,513
64,41,503
64,42,516
64,43,492
64,44,464
64,45,467
64,46,490
64,47,479
64,48,424
64,49,368
64,50,319
64,51,302
64,52,361
64,53,391
64,54,400
64,55,395
64,56,371
64,57,405
64,58,424
64,59,410
64,60,455
64,61,487
64,62,470
64,63,432
64,64,401
64,65,377
64,66,345
64,67,322
64,68,341
64,69,349
64,70,334
64,71,313
64,72,290
64,73,311
64,74,325
64,75,320
64,76,312
64,77,279
64,78,244
64,79,223
64,80,203
64,81,221
64,82,238
64,83,251
64,84,269
64,85,270
64,86,254
64,87,260
64,88,263
64,89,255
64,90,243
64,91,218
64,92,212
64,93,217
64,94,219
64,95,224
64,96,232
64,97,234
64,98,236
64,99,243
64,100,240
64,101,238
64,102,244
64,103,260
64,104,246
64,105,229
64,106,193
64,107,161
64,108,148
64,109,156
64,110,184
64,111,198
64,112,193
64,113,154
64,114,130
64,115,120
64,116,117
64,117,122
64,118,130
64,119,138
64,120,147
64,121,149
64,122,137
64,123,127
64,124,113
64,125,105
64,126,98
64,127,99
65,0,295
65,1,271
65,2,260
65,3,255
65,4,247
65,5,241
65,6,241
65,7,249
65,8,261
65,9,287
65,10,308
65,11,347
65,12,354
65,13,305
65,14,278
65,15,262
65,16,265
65,17,287
65,18,288
65,19,264
65,20,257
65,21,286
65,22,320
65,23,300
65,24,255
65,25,223
65,26,222
65,27,224
65,28,265
65,29,312
65,30,328
65,31,312
65,32,328
65,33,368
65,34,376
65,35,343
65,36,349
65,37,353
65,38,392
65,39,449
65,40,480
65,41,474
65,42,492
65,43,494
65,44,471
65,45,451
65,46,455
65,47,490
65,48,457
65,49,377
65,50,325
65,51,295
65,52,344
65,53,363
65,54,369
65,55,354
65,56,353
65,57,398
65,58,389
65,59,403
65,60,442
65,61,473
65,62,483
65,63,473
65,64,435
65,65,408
65,66,372
65,67,333
65,68,303
65,69,301
65,70,304
65,71,297
65,72,276
65,73,296
65,74,309
65,75,298
65,76,297
65,77,281
65,78,257
65,79,233
65,80,200
65,81,219
65,82,238
65,83,252
65,84,266
65,85,268
65,86,257
65,87,249
65,88,257
65,89,253
65,90,250
65,91,231
65,92,210
65,93,207
65,94,212
65,95,218
65,96,224
65,97,226
65,98,234
65,99,238
65,100,246
65,101,252
65,102,254
65,103,268
65,104,269
65,105,250
65,106,200
65,107,169
65,108,150
65,109,156
65,110,189
65,111,217
65,112,212
65,113,167
65,114,138
65,115,121
65,116,116
65,117,117
65,118,123
65,119,129
65,120,138
65,121,148
65,122,154
65,123,138
65,124,119
65,125,114
65,126,98
65,127,98
66,0,265
66,1,255
66,2,249
66,3,247
66,4,246
66,5,250
66,6,256
66,7,274
66,8,294
66,9,347
66,10,398
66,11,416
66,12,373
66,13,322
66,14,294
66,15,277
66,16,279
66,17,330
66,18,355
66,19,316
66,20,277
66,21,270
66,22,298
66,23,285
66,24,258
66,25,224
66,26,222
66,27,223
66,28,258
66,29,282
66,30,286
66,31,290
66,32,340
66,33,360
66,34,351
66,35,321
66,36,328
66,37,331
66,38,363
66,39,398
66,40,432
66,41,455
66,42,478
66,43,499
66,44,497
66,45,490
66,46,432
66,47,414
66,48,419
66,49,382
66,50,333
66,51,294
66,52,308
66,53,322
66,54,333
66,55,336
66,56,361
66,57,391
66,58,404
66,59,442
66,60,467
66,61,476
66,62,442
66,63,422
66,64,417
66,65,401
66,66,383
66,67,351
66,68,320
66,69,304
66,70,284
66,71,271
66,72,262
66,73,282
66,74,298
66,75,292
66,76,285
66,77,285
66,78,258
66,79,225
66,80,199
66,81,216
66,82,234
66,83,246
66,84,257
66,85,261
66,86,255
66,87,242
66,88,253
66,89,252
66,90,248
66,91,244
66,92,222
66,93,207
66,94,206
66,95,211
66,96,216
66,97,224
66,98,230
66,99,229
66,100,243
66,101,255
66,102,255
66,103,263
66,104,270
66,105,252
66,106,205
66,107,176
66,108,152
66,109,158
66,110,179
66,111,207
66,112,219
66,113,189
66,114,150
66,115,125
66,116,117
66,117,115
66,118,117
66,119,122
66,120,128
66,121,137
66,122,148
66,123,146
66,124,139
66,125,122
66,126,98
66,127,98
67,0,265
67,1,271
67,2,260
67,3,256
67,4,257
67,5,264
67,6,274
67,7,310
67,8,322
67,9,358
67,10,427
67,11,464
67,12,420
67,13,393
67,14,327
67,15,293
67,16,298
67,17,359
67,18,374
67,19,346
67,20,291
67,21,254
67,22,255
67,23,248
67,24,238
67,25,224
67,26,222
67,27,222
67,28,247
67,29,252
67,30,261
67,31,290
67,32,350
67,33,358
67,34,338
67,35,303
67,36,304
67,37,336
67,38,373
67,39,434
67,40,477
67,41,486
67,42,483
67,43,486
67,44,470
67,45,488
67,46,457
67,47,376
67,48,366
67,49,375
67,50,334
67,51,293
67,52,324
67,53,372
67,54,401
67,55,370
67,56,374
67,57,401
67,58,441
67,59,491
67,60,514
67,61,476
67,62,438
67,63,384
67,64,352
67,65,356
67,66,367
67,67,357
67,68,336
67,69,317
67,70,294
67,71,276
67,72,258
67,73,262
67,74,282
67,75,287
67,76,269
67,77,262
67,78,248
67,79,219
67,80,197
67,81,212
67,82,226
67,83,238
67,84,258
67,85,262
67,86,255
67,87,238
67,88,246
67,89,254
67,90,247
67,91,247
67,92,234
67,93,215
67,94,203
67,95,204
67,96,209
67,97,219
67,98,222
67,99,223
67,100,241
67,101,249
67,102,246
67,103,251
67,104,257
67,105,237
67,106,205
67,107,177
67,108,154
67,109,160
67,110,173
67,111,189
67,112,206
67,113,188
67,114,153
67,115,143
67,116,130
67,117,113
67,118,112
67,119,115
67,120,120
67,121,126
67,122,131
67,123,134
67,124,138
67,125,116
67,126,97
67,127,99
68,0,269
68,1,282
68,2,269
68,3,266
68,4,269
68,5,281
68,6,303
68,7,349
68,8,377
68,9,400
68,10,462
68,11,518
68,12,475
68,13,416
68,14,357
68,15,334
68,16,331
68,17,404
68,18,430
68,19,383
68,20,316
68,21,264
68,22,231
68,23,225
68,24,222
68,25,222
68,26,222
68,27,222
68,28,235
68,29,266
68,30,289
68,31,304
68,32,328
68,33,319
68,34,308
68,35,281
68,36,295
68,37,319
68,38,346
68,39,385
68,40,439
68,41,458
68,42,439
68,43,414
68,44,420
68,45,443
68,46,424
68,47,412
68,48,349
68,49,323
68,50,305
68,51,289
68,52,360
68,53,393
68,54,418
68,55,410
68,56,400
68,57,406
68,58,428
68,59,469
68,60,497
68,61,439
68,62,394
68,63,359
68,64,325
68,65,319
68,66,331
68,67,333
68,68,323
68,69,308
68,70,296
68,71,286
68,72,269
68,73,250
68,74,261
68,75,279
68,76,277
68,77,266
68,78,238
68,79,210
68,80,194
68,81,206
68,82,225
68,83,240
68,84,251
68,85,256
68,86,259
68,87,239
68,88,237
68,89,250
68,90,248
68,91,242
68,92,239
68,93,234
68,94,213
68,95,197
68,96,198
68,97,206
68,98,213
68,99,223
68,100,232
68,101,244
68,102,234
68,103,235
68,104,239
68,105,213
68,106,190
68,107,172
68,108,166
68,109,162
68,110,172
68,111,181
68,112,189
68,113,189
68,114,172
68,115,165
68,116,138
68,117,116
68,118,111
68,119,110
68,120,111
68,121,112
68,122,110
68,123,109
68,124,111
68,125,102
68,126,97
68,127,97
69,0,277
69,1,293
69,2,285
69,3,278
69,4,287
69,5,311
69,6,350
69,7,421
69,8,426
69,9,433
69,10,506
69,11,541
69,12,474
69,13,446
69,14,461
69,15,398
69,16,377
69,17,439
69,18,471
69,19,426
69,20,365
69,21,335
69,22,249
69,23,227
69,24,226
69,25,222
69,26,222
69,27,222
69,28,250
69,29,292
69,30,307
69,31,296
69,32,311
69,33,298
69,34,275
69,35,270
69,36,289
69,37,317
69,38,353
69,39,388
69,40,460
69,41,471
69,42,428
69,43,382
69,44,403
69,45,417
69,46,397
69,47,435
69,48,384
69,49,315
69,50,286
69,51,296
69,52,330
69,53,367
69,54,403
69,55,413
69,56,409
69,57,430
69,58,459
69,59,478
69,60,472
69,61,447
69,62,400
69,63,334
69,64,304
69,65,296
69,66,301
69,67,304
69,68,299
69,69,290
69,70,284
69,71,277
69,72,269
69,73,248
69,74,246
69,75,267
69,76,279
69,77,265
69,78,243
69,79,208
69,80,192
69,81,202
69,82,218
69,83,231
69,84,237
69,85,253
69,86,256
69,87,245
69,88,229
69,89,240
69,90,247
69,91,246
69,92,234
69,93,232
69,94,229
69,95,210
69,96,196
69,97,195
69,98,207
69,99,215
69,100,231
69,101,245
69,102,238
69,103,223
69,104,224
69,105,213
69,106,192
69,107,177
69,108,170
69,109,163
69,110,173
69,111,179
69,112,191
69,113,211
69,114,195
69,115,172
69,116,151
69,117,134
69,118,116
69,119,109
69,120,108
69,121,107
69,122,105
69,123,108
69,124,111
69,125,100
69,126,98
69,127,97
70,0,297
70,1,331
70,2,320
70,3,292
70,4,311
70,5,367
70,6,408
70,7,490
70,8,509
70,9,461
70,10,538
70,11,594
70,12,537
70,13,502
70,14,514
70,15,455
70,16,474
70,17,458
70,18,455
70,19,441
70,20,407
70,21,366
70,22,284
70,23,282
70,24,259
70,25,225
70,26,222
70,27,230
70,28,302
70,29,331
70,30,314
70,31,282
70,32,285
70,33,280
70,34,259
70,35,269
70,36,296
70,37,330
70,38,369
70,39,427
70,40,527
70,41,518
70,42,461
70,43,388
70,44,368
70,45,391
70,46,372
70,47,359
70,48,338
70,49,300
70,50,289
70,51,330
70,52,358
70,53,413
70,54,428
70,55,414
70,56,408
70,57,424
70,58,465
70,59,472
70,60,426
70,61,395
70,62,366
70,63,328
70,64,301
70,65,281
70,66,274
70,67,274
70,68,276
70,69,275
70,70,275
70,71,267
70,72,259
70,73,247
70,74,238
70,75,260
70,76,279
70,77,262
70,78,235
70,79,205
70,80,191
70,81,200
70,82,213
70,83,223
70,84,229
70,85,248
70,86,253
70,87,241
70,88,223
70,89,231
70,90,241
70,91,249
70,92,236
70,93,229
70,94,230
70,95,227
70,96,207
70,97,194
70,98,197
70,99,214
70,100,226
70,101,242
70,102,246
70,103,224
70,104,213
70,105,211
70,106,194
70,107,180
70,108,170
70,109,167
70,110,176
70,111,182
70,112,195
70,113,219
70,114,207
70,115,180
70,116,164
70,117,157
70,118,142
70,119,125
70,120,110
70,121,106
70,122,115
70,123,121
70,124,109
70,125,99
70,126,98
70,127,96
71,0,308
71,1,353
71,2,323
71,3,303
71,4,325
71,5,416
71,6,498
71,7,525
71,8,566
71,9,508
71,10,512
71,11,571
71,12,600
71,13,575
71,14,553
71,15,529
71,16,526
71,17,424
71,18,371
71,19,351
71,20,324
71,21,294
71,22,280
71,23,321
71,24,259
71,25,226
71,26,223
71,27,290
71,28,394
71,29,362
71,30,309
71,31,281
71,32,270
71,33,253
71,34,260
71,35,275
71,36,305
71,37,359
71,38,383
71,39,439
71,40,513
71,41,512
71,42,511
71,43,429
71,44,362
71,45,338
71,46,340
71,47,320
71,48,293
71,49,282
71,50,305
71,51,358
71,52,392
71,53,420
71,54,404
71,55,393
71,56,406
71,57,415
71,58,438
71,59,469
71,60,455
71,61,420
71,62,376
71,63,352
71,64,324
71,65,289
71,66,271
71,67,258
71,68,254
71,69,257
71,70,261
71,71,267
71,72,259
71,73,241
71,74,234
71,75,256
71,76,279
71,77,273
71,78,247
71,79,209
71,80,189
71,81,199
71,82,212
71,83,216
71,84,229
71,85,243
71,86,250
71,87,246
71,88,226
71,89,222
71,90,232
71,91,242
71,92,239
71,93,231
71,94,227
71,95,229
71,96,223
71,97,204
71,98,194
71,99,206
71,100,220
71,101,241
71,102,245
71,103,230
71,104,215
71,105,204
71,106,194
71,107,180
71,108,175
71,109,173
71,110,178
71,111,183
71,112,196
71,113,215
71,114,214
71,115,194
71,116,177
71,117,167
71,118,155
71,119,146
71,120,121
71,121,114
71,122,130
71,123,122
71,124,106
71,125,99
71,126,97
71,127,96
72,0,319
72,1,362
72,2,337
72,3,320
72,4,350
72,5,380
72,6,493
72,7,557
72,8,618
72,9,651
72,10,606
72,11,595
72,12,617
72,13,677
72,14,663
72,15,614
72,16,494
72,17,399
72,18,389
72,19,362
72,20,329
72,21,352
72,22,371
72,23,352
72,24,272
72,25,226
72,26,249
72,27,411
72,28,408
72,29,318
72,30,277
72,31,255
72,32,256
72,33,247
72,34,262
72,35,271
72,36,288
72,37,324
72,38,361
72,39,414
72,40,472
72,41,459
72,42,497
72,43,473
72,44,383
72,45,307
72,46,298
72,47,281
72,48,280
72,49,298
72,50,315
72,51,322
72,52,334
72,53,359
72,54,395
72,55,423
72,56,426
72,57,432
72,58,455
72,59,491
72,60,514
72,61,483
72,62,418
72,63,358
72,64,326
72,65,300
72,66,283
72,67,269
72,68,247
72,69,236
72,70,236
72,71,243
72,72,250
72,73,238
72,74,226
72,75,246
72,76,272
72,77,272
72,78,254
72,79,205
72,80,187
72,81,197
72,82,206
72,83,212
72,84,226
72,85,237
72,86,245
72,87,244
72,88,228
72,89,216
72,90,227
72,91,233
72,92,237
72,93,229
72,94,220
72,95,224
72,96,228
72,97,210
72,98,190
72,99,208
72,100,223
72,101,233
72,102,244
72,103,230
72,104,210
72,105,193
72,106,185
72,107,177
72,108,174
72,109,173
72,110,180
72,111,186
72,112,195
72,113,208
72,114,219
72,115,204
72,116,181
72,117,171
72,118,163
72,119,149
72,120,138
72,121,145
72,122,137
72,123,122
72,124,116
72,125,105
72,126,102
72,127,100
73,0,360
73,1,382
73,2,358
73,3,356
73,4,375
73,5,388
73,6,420
73,7,503
73,8,592
73,9,664
73,10,679
73,11,673
73,12,691
73,13,724
73,14,750
73,15,652
73,16,507
73,17,426
73,18,401
73,19,370
73,20,399
73,21,416
73,22,437
73,23,372
73,24,283
73,25,239
73,26,271
73,27,365
73,28,310
73,29,253
73,30,237
73,31,231
73,32,230
73,33,261
73,34,296
73,35,325
73,36,312
73,37,312
73,38,357
73,39,418
73,40,436
73,41,418
73,42,411
73,43,379
73,44,350
73,45,301
73,46,274
73,47,286
73,48,355
73,49,364
73,50,370
73,51,375
73,52,347
73,53,393
73,54,425
73,55,439
73,56,452
73,57,437
73,58,428
73,59,444
73,60,485
73,61,497
73,62,424
73,63,364
73,64,331
73,65,314
73,66,299
73,67,282
73,68,269
73,69,254
73,70,236
73,71,227
73,72,228
73,73,228
73,74,223
73,75,239
73,76,267
73,77,262
73,78,245
73,79,198
73,80,186
73,81,195
73,82,203
73,83,210
73,84,220
73,85,230
73,86,236
73,87,242
73,88,221
73,89,211
73,90,221
73,91,228
73,92,233
73,93,232
73,94,220
73,95,220
73,96,227
73,97,211
73,98,189
73,99,203
73,100,214
73,101,231
73,102,246
73,103,245
73,104,219
73,105,194
73,106,181
73,107,179
73,108,178
73,109,177
73,110,184
73,111,191
73,112,198
73,113,205
73,114,214
73,115,216
73,116,195
73,117,177
73,118,162
73,119,149
73,120,138
73,121,143
73,122,138
73,123,131
73,124,120
73,125,107
73,126,103
73,127,101
74,0,410
74,1,373
74,2,388
74,3,410
74,4,398
74,5,415
74,6,413
74,7,482
74,8,565
74,9,629
74,10,720
74,11,748
74,12,797
74,13,811
74,14,809
74,15,738
74,16,569
74,17,463
74,18,425
74,19,424
74,20,466
74,21,472
74,22,470
74,23,402
74,24,341
74,25,321
74,26,260
74,27,251
74,28,235
74,29,227
74,30,225
74,31,224
74,32,230
74,33,267
74,34,321
74,35,356
74,36,337
74,37,329
74,38,356
74,39,412
74,40,401
74,41,393
74,42,374
74,43,319
74,44,294
74,45,273
74,46,272
74,47,324
74,48,451
74,49,469
74,50,455
74,51,436
74,52,371
74,53,380
74,54,403
74,55,415
74,56,442
74,57,433
74,58,404
74,59,417
74,60,418
74,61,422
74,62,390
74,63,358
74,64,334
74,65,323
74,66,307
74,67,292
74,68,281
74,69,268
74,70,253
74,71,238
74,72,224
74,73,217
74,74,216
74,75,229
74,76,254
74,77,255
74,78,238
74,79,195
74,80,184
74,81,193
74,82,201
74,83,206
74,84,215
74,85,225
74,86,228
74,87,238
74,88,226
74,89,209
74,90,218
74,91,224
74,92,236
74,93,242
74,94,224
74,95,219
74,96,220
74,97,207
74,98,188
74,99,201
74,100,216
74,101,232
74,102,243
74,103,247
74,104,228
74,105,201
74,106,185
74,107,180
74,108,177
74,109,179
74,110,185
74,111,197
74,112,211
74,113,215
74,114,213
74,115,213
74,116,206
74,117,183
74,118,165
74,119,149
74,120,138
74,121,134
74,122,137
74,123,137
74,124,120
74,125,107
74,126,103
74,127,102
75,0,415
75,1,386
75,2,434
75,3,469
75,4,462
75,5,471
75,6,422
75,7,451
75,8,527
75,9,606
75,10,697
75,11,727
75,12,790
75,13,774
75,14,736
75,15,747
75,16,645
75,17,526
75,18,511
75,19,527
75,20,544
75,21,559
75,22,509
75,23,453
75,24,440
75,25,429
75,26,348
75,27,281
75,28,224
75,29,222
75,30,222
75,31,222
75,32,233
75,33,271
75,34,328
75,35,372
75,36,364
75,37,355
75,38,354
75,39,373
75,40,354
75,41,344
75,42,333
75,43,285
75,44,273
75,45,282
75,46,299
75,47,359
75,48,499
75,49,501
75,50,489
75,51,474
75,52,421
75,53,426
75,54,414
75,55,418
75,56,447
75,57,433
75,58,392
75,59,386
75,60,357
75,61,358
75,62,358
75,63,332
75,64,312
75,65,317
75,66,307
75,67,290
75,68,273
75,69,271
75,70,265
75,71,255
75,72,238
75,73,219
75,74,211
75,75,222
75,76,239
75,77,247
75,78,232
75,79,193
75,80,182
75,81,191
75,82,198
75,83,202
75,84,210
75,85,219
75,86,226
75,87,230
75,88,230
75,89,209
75,90,214
75,91,221
75,92,238
75,93,245
75,94,229
75,95,232
75,96,216
75,97,194
75,98,186
75,99,199
75,100,215
75,101,228
75,102,236
75,103,242
75,104,236
75,105,206
75,106,187
75,107,179
75,108,176
75,109,179
75,110,187
75,111,207
75,112,240
75,113,235
75,114,227
75,115,203
75,116,190
75,117,178
75,118,165
75,119,151
75,120,142
75,121,133
75,122,132
75,123,145
75,124,136
75,125,109
75,126,103
75,127,102
76,0,419
76,1,415
76,2,452
76,3,489
76,4,537
76,5,538
76,6,464
76,7,444
76,8,505
76,9,570
76,10,634
76,11,728
76,12,725
76,13,668
76,14,621
76,15,634
76,16,690
76,17,634
76,18,669
76,19,664
76,20,621
76,21,634
76,22,626
76,23,597
76,24,561
76,25,541
76,26,488
76,27,401
76,28,297
76,29,239
76,30,222
76,31,228
76,32,288
76,33,354
76,34,415
76,35,439
76,36,448
76,37,425
76,38,397
76,39,379
76,40,328
76,41,297
76,42,280
76,43,261
76,44,286
76,45,324
76,46,351
76,47,400
76,48,461
76,49,445
76,50,439
76,51,429
76,52,433
76,53,442
76,54,455
76,55,478
76,56,469
76,57,423
76,58,382
76,59,374
76,60,374
76,61,337
76,62,309
76,63,300
76,64,287
76,65,290
76,66,295
76,67,286
76,68,265
76,69,254
76,70,257
76,71,257
76,72,251
76,73,233
76,74,211
76,75,214
76,76,226
76,77,237
76,78,226
76,79,189
76,80,180
76,81,188
76,82,194
76,83,196
76,84,205
76,85,214
76,86,224
76,87,229
76,88,214
76,89,204
76,90,208
76,91,217
76,92,241
76,93,249
76,94,239
76,95,234
76,96,210
76,97,188
76,98,182
76,99,191
76,100,209
76,101,224
76,102,231
76,103,233
76,104,241
76,105,213
76,106,187
76,107,178
76,108,175
76,109,179
76,110,187
76,111,205
76,112,232
76,113,234
76,114,222
76,115,205
76,116,183
76,117,169
76,118,159
76,119,142
76,120,137
76,121,142
76,122,138
76,123,139
76,124,151
76,125,116
76,126,103
76,127,101
77,0,482
77,1,456
77,2,430
77,3,463
77,4,543
77,5,592
77,6,539
77,7,475
77,8,525
77,9,559
77,10,602
77,11,659
77,12,687
77,13,729
77,14,654
77,15,574
77,16,640
77,17,675
77,18,689
77,19,692
77,20,678
77,21,729
77,22,710
77,23,623
77,24,554
77,25,496
77,26,446
77,27,405
77,28,342
77,29,262
77,30,225
77,31,238
77,32,365
77,33,425
77,34,465
77,35,500
77,36,513
77,37,476
77,38,425
77,39,376
77,40,328
77,41,307
77,42,293
77,43,270
77,44,263
77,45,305
77,46,339
77,47,366
77,48,397
77,49,396
77,50,392
77,51,389
77,52,409
77,53,427
77,54,456
77,55,486
77,56,447
77,57,431
77,58,396
77,59,416
77,60,411
77,61,366
77,62,311
77,63,286
77,64,273
77,65,268
77,66,277
77,67,280
77,68,260
77,69,244
77,70,241
77,71,241
77,72,240
77,73,235
77,74,213
77,75,209
77,76,219
77,77,228
77,78,224
77,79,187
77,80,178
77,81,186
77,82,190
77,83,193
77,84,201
77,85,212
77,86,222
77,87,230
77,88,213
77,89,199
77,90,204
77,91,217
77,92,236
77,93,240
77,94,236
77,95,232
77,96,213
77,97,189
77,98,180
77,99,186
77,100,204
77,101,219
77,102,230
77,103,226
77,104,238
77,105,220
77,106,189
77,107,177
77,108,175
77,109,178
77,110,187
77,111,207
77,112,225
77,113,225
77,114,216
77,115,210
77,116,186
77,117,176
77,118,164
77,119,147
77,120,142
77,121,148
77,122,144
77,123,139
77,124,141
77,125,118
77,126,102
77,127,100
78,0,549
78,1,501
78,2,510
78,3,536
78,4,586
78,5,581
78,6,551
78,7,520
78,8,527
78,9,544
78,10,569
78,11,582
78,12,640
78,13,700
78,14,693
78,15,611
78,16,563
78,17,613
78,18,641
78,19,631
78,20,675
78,21,753
78,22,771
78,23,711
78,24,605
78,25,505
78,26,430
78,27,381
78,28,337
78,29,280
78,30,231
78,31,227
78,32,339
78,33,423
78,34,445
78,35,451
78,36,429
78,37,422
78,38,391
78,39,375
78,40,354
78,41,340
78,42,313
78,43,277
78,44,254
78,45,280
78,46,296
78,47,316
78,48,339
78,49,345
78,50,356
78,51,392
78,52,423
78,53,443
78,54,453
78,55,439
78,56,412
78,57,420
78,58,405
78,59,412
78,60,418
78,61,374
78,62,327
78,63,301
78,64,280
78,65,265
78,66,260
78,67,264
78,68,258
78,69,245
78,70,235
78,71,229
78,72,226
78,73,223
78,74,210
78,75,204
78,76,213
78,77,221
78,78,218
78,79,184
78,80,176
78,81,182
78,82,187
78,83,191
78,84,198
78,85,208
78,86,214
78,87,223
78,88,216
78,89,195
78,90,204
78,91,215
78,92,225
78,93,231
78,94,233
78,95,226
78,96,217
78,97,198
78,98,178
78,99,180
78,100,200
78,101,214
78,102,227
78,103,219
78,104,230
78,105,220
78,106,191
78,107,178
78,108,175
78,109,178
78,110,187
78,111,214
78,112,216
78,113,211
78,114,207
78,115,207
78,116,185
78,117,173
78,118,162
78,119,147
78,120,137
78,121,136
78,122,146
78,123,146
78,124,127
78,125,108
78,126,102
78,127,98
79,0,578
79,1,565
79,2,604
79,3,588
79,4,585
79,5,599
79,6,536
79,7,529
79,8,514
79,9,530
79,10,561
79,11,552
79,12,549
79,13,587
79,14,618
79,15,618
79,16,530
79,17,539
79,18,562
79,19,560
79,20,626
79,21,659
79,22,693
79,23,719
79,24,620
79,25,527
79,26,473
79,27,419
79,28,351
79,29,304
79,30,246
79,31,223
79,32,267
79,33,336
79,34,411
79,35,416
79,36,317
79,37,350
79,38,343
79,39,345
79,40,368
79,41,352
79,42,321
79,43,292
79,44,256
79,45,307
79,46,348
79,47,352
79,48,357
79,49,342
79,50,352
79,51,370
79,52,412
79,53,442
79,54,447
79,55,425
79,56,391
79,57,383
79,58,377
79,59,381
79,60,391
79,61,373
79,62,350
79,63,324
79,64,299
79,65,279
79,66,264
79,67,247
79,68,250
79,69,251
79,70,247
79,71,242
79,72,243
79,73,233
79,74,209
79,75,199
79,76,208
79,77,216
79,78,217
79,79,183
79,80,175
79,81,179
79,82,184
79,83,188
79,84,194
79,85,202
79,86,207
79,87,219
79,88,223
79,89,200
79,90,201
79,91,213
79,92,217
79,93,226
79,94,231
79,95,227
79,96,214
79,97,211
79,98,182
79,99,177
79,100,195
79,101,210
79,102,226
79,103,213
79,104,225
79,105,221
79,106,193
79,107,178
79,108,174
79,109,176
79,110,182
79,111,193
79,112,199
79,113,201
79,114,199
79,115,198
79,116,185
79,117,168
79,118,159
79,119,150
79,120,133
79,121,126
79,122,136
79,123,139
79,124,129
79,125,107
79,126,101
79,127,96
80,0,569
80,1,576
80,2,582
80,3,528
80,4,539
80,5,566
80,6,529
80,7,511
80,8,504
80,9,501
80,10,524
80,11,519
80,12,495
80,13,486
80,14,509
80,15,517
80,16,504
80,17,480
80,18,473
80,19,483
80,20,529
80,21,563
80,22,562
80,23,590
80,24,589
80,25,548
80,26,516
80,27,451
80,28,369
80,29,321
80,30,265
80,31,225
80,32,232
80,33,295
80,34,351
80,35,299
80,36,251
80,37,252
80,38,292
80,39,357
80,40,379
80,41,360
80,42,330
80,43,298
80,44,258
80,45,316
80,46,378
80,47,402
80,48,355
80,49,358
80,50,375
80,51,391
80,52,439
80,53,490
80,54,485
80,55,440
80,56,378
80,57,344
80,58,334
80,59,346
80,60,362
80,61,352
80,62,348
80,63,343
80,64,320
80,65,299
80,66,277
80,67,253
80,68,232
80,69,238
80,70,243
80,71,250
80,72,253
80,73,244
80,74,219
80,75,196
80,76,201
80,77,211
80,78,211
80,79,180
80,80,173
80,81,177
80,82,182
80,83,185
80,84,191
80,85,197
80,86,205
80,87,215
80,88,222
80,89,207
80,90,194
80,91,201
80,92,205
80,93,218
80,94,225
80,95,226
80,96,210
80,97,208
80,98,182
80,99,176
80,100,193
80,101,210
80,102,223
80,103,208
80,104,221
80,105,221
80,106,196
80,107,180
80,108,173
80,109,174
80,110,179
80,111,183
80,112,188
80,113,193
80,114,190
80,115,187
80,116,177
80,117,163
80,118,148
80,119,140
80,120,134
80,121,123
80,122,122
80,123,127
80,124,125
80,125,110
80,126,101
80,127,96
81,0,546
81,1,546
81,2,565
81,3,502
81,4,514
81,5,582
81,6,558
81,7,503
81,8,483
81,9,474
81,10,475
81,11,490
81,12,495
81,13,460
81,14,450
81,15,448
81,16,467
81,17,436
81,18,430
81,19,448
81,20,508
81,21,526
81,22,503
81,23,456
81,24,452
81,25,444
81,26,454
81,27,441
81,28,353
81,29,312
81,30,264
81,31,226
81,32,222
81,33,232
81,34,267
81,35,347
81,36,369
81,37,294
81,38,284
81,39,345
81,40,400
81,41,372
81,42,332
81,43,294
81,44,254
81,45,297
81,46,350
81,47,356
81,48,331
81,49,349
81,50,349
81,51,372
81,52,430
81,53,489
81,54,482
81,55,428
81,56,383
81,57,353
81,58,321
81,59,320
81,60,341
81,61,333
81,62,344
81,63,353
81,64,336
81,65,304
81,66,278
81,67,257
81,68,237
81,69,227
81,70,226
81,71,232
81,72,240
81,73,247
81,74,234
81,75,205
81,76,195
81,77,201
81,78,200
81,79,178
81,80,172
81,81,175
81,82,180
81,83,183
81,84,188
81,85,195
81,86,203
81,87,209
81,88,224
81,89,216
81,90,193
81,91,191
81,92,200
81,93,215
81,94,219
81,95,220
81,96,211
81,97,197
81,98,178
81,99,175
81,100,187
81,101,202
81,102,220
81,103,206
81,104,215
81,105,225
81,106,200
81,107,180
81,108,173
81,109,175
81,110,182
81,111,182
81,112,181
81,113,184
81,114,184
81,115,183
81,116,172
81,117,161
81,118,150
81,119,144
81,120,140
81,121,134
81,122,121
81,123,115
81,124,120
81,125,111
81,126,100
81,127,95
82,0,516
82,1,526
82,2,525
82,3,468
82,4,492
82,5,561
82,6,533
82,7,500
82,8,476
82,9,466
82,10,440
82,11,456
82,12,495
82,13,473
82,14,434
82,15,402
82,16,416
82,17,408
82,18,412
82,19,427
82,20,456
82,21,483
82,22,474
82,23,400
82,24,359
82,25,358
82,26,378
82,27,399
82,28,321
82,29,274
82,30,241
82,31,245
82,32,235
82,33,233
82,34,307
82,35,461
82,36,457
82,37,326
82,38,257
82,39,256
82,40,325
82,41,349
82,42,348
82,43,298
82,44,246
82,45,269
82,46,301
82,47,319
82,48,313
82,49,331
82,50,345
82,51,378
82,52,461
82,53,484
82,54,461
82,55,406
82,56,377
82,57,358
82,58,325
82,59,305
82,60,323
82,61,315
82,62,336
82,63,354
82,64,342
82,65,310
82,66,281
82,67,259
82,68,246
82,69,236
82,70,227
82,71,220
82,72,223
82,73,237
82,74,243
82,75,227
82,76,207
82,77,201
82,78,192
82,79,178
82,80,170
82,81,173
82,82,177
82,83,181
82,84,186
82,85,192
82,86,199
82,87,209
82,88,218
82,89,219
82,90,200
82,91,185
82,92,198
82,93,209
82,94,216
82,95,211
82,96,212
82,97,198
82,98,178
82,99,171
82,100,184
82,101,202
82,102,221
82,103,214
82,104,204
82,105,219
82,106,205
82,107,181
82,108,173
82,109,176
82,110,186
82,111,183
82,112,175
82,113,177
82,114,180
82,115,181
82,116,174
82,117,164
82,118,156
82,119,149
82,120,135
82,121,138
82,122,125
82,123,114
82,124,113
82,125,111
82,126,99
82,127,99
83,0,461
83,1,487
83,2,468
83,3,441
83,4,479
83,5,561
83,6,524
83,7,486
83,8,465
83,9,472
83,10,436
83,11,438
83,12,482
83,13,447
83,14,434
83,15,397
83,16,362
83,17,389
83,18,402
83,19,404
83,20,395
83,21,437
83,22,458
83,23,397
83,24,333
83,25,314
83,26,290
83,27,280
83,28,255
83,29,246
83,30,253
83,31,268
83,32,275
83,33,232
83,34,289
83,35,427
83,36,402
83,37,323
83,38,281
83,39,240
83,40,248
83,41,278
83,42,302
83,43,262
83,44,270
83,45,288
83,46,298
83,47,350
83,48,353
83,49,364
83,50,378
83,51,414
83,52,482
83,53,458
83,54,420
83,55,383
83,56,344
83,57,332
83,58,315
83,59,291
83,60,307
83,61,302
83,62,323
83,63,335
83,64,330
83,65,301
83,66,275
83,67,258
83,68,245
83,69,239
83,70,238
83,71,232
83,72,219
83,73,218
83,74,231
83,75,233
83,76,229
83,77,206
83,78,187
83,79,176
83,80,168
83,81,171
83,82,175
83,83,179
83,84,185
83,85,190
83,86,198
83,87,208
83,88,207
83,89,215
83,90,205
83,91,182
83,92,190
83,93,200
83,94,213
83,95,210
83,96,204
83,97,200
83,98,180
83,99,168
83,100,180
83,101,200
83,102,217
83,103,216
83,104,194
83,105,215
83,106,206
83,107,180
83,108,172
83,109,173
83,110,179
83,111,181
83,112,173
83,113,173
83,114,176
83,115,178
83,116,175
83,117,165
83,118,160
83,119,156
83,120,131
83,121,127
83,122,120
83,123,115
83,124,110
83,125,109
83,126,101
83,127,101
84,0,478
84,1,444
84,2,427
84,3,416
84,4,475
84,5,537
84,6,504
84,7,479
84,8,451
84,9,446
84,10,427
84,11,431
84,12,464
84,13,427
84,14,401
84,15,399
84,16,352
84,17,378
84,18,377
84,19,376
84,20,360
84,21,405
84,22,418
84,23,353
84,24,308
84,25,273
84,26,270
84,27,290
84,28,334
84,29,360
84,30,348
84,31,333
84,32,300
84,33,235
84,34,227
84,35,266
84,36,290
84,37,294
84,38,311
84,39,288
84,40,248
84,41,239
84,42,242
84,43,272
84,44,306
84,45,311
84,46,309
84,47,355
84,48,420
84,49,461
84,50,465
84,51,457
84,52,464
84,53,428
84,54,380
84,55,346
84,56,327
84,57,312
84,58,294
84,59,279
84,60,284
84,61,289
84,62,300
84,63,310
84,64,306
84,65,284
84,66,265
84,67,252
84,68,243
84,69,235
84,70,231
84,71,229
84,72,224
84,73,212
84,74,210
84,75,211
84,76,214
84,77,193
84,78,182
84,79,177
84,80,166
84,81,168
84,82,172
84,83,176
84,84,181
84,85,186
84,86,195
84,87,200
84,88,200
84,89,213
84,90,213
84,91,198
84,92,180
84,93,191
84,94,204
84,95,205
84,96,197
84,97,203
84,98,181
84,99,165
84,100,177
84,101,200
84,102,212
84,103,202
84,104,191
84,105,214
84,106,201
84,107,179
84,108,171
84,109,173
84,110,178
84,111,187
84,112,183
84,113,169
84,114,169
84,115,172
84,116,168
84,117,160
84,118,152
84,119,155
84,120,138
84,121,127
84,122,121
84,123,112
84,124,110
84,125,100
84,126,104
84,127,102
85,0,464
85,1,444
85,2,424
85,3,399
85,4,435
85,5,447
85,6,425
85,7,437
85,8,440
85,9,445
85,10,412
85,11,396
85,12,446
85,13,424
85,14,392
85,15,375
85,16,365
85,17,348
85,18,347
85,19,358
85,20,339
85,21,370
85,22,330
85,23,287
85,24,293
85,25,320
85,26,351
85,27,376
85,28,464
85,29,488
85,30,413
85,31,375
85,32,330
85,33,239
85,34,222
85,35,222
85,36,232
85,37,262
85,38,311
85,39,310
85,40,285
85,41,275
85,42,283
85,43,306
85,44,339
85,45,350
85,46,365
85,47,350
85,48,406
85,49,447
85,50,473
85,51,460
85,52,417
85,53,377
85,54,345
85,55,322
85,56,314
85,57,303
85,58,295
85,59,279
85,60,270
85,61,278
85,62,282
85,63,290
85,64,284
85,65,268
85,66,255
85,67,247
85,68,239
85,69,231
85,70,226
85,71,228
85,72,234
85,73,223
85,74,216
85,75,199
85,76,198
85,77,186
85,78,179
85,79,178
85,80,165
85,81,166
85,82,170
85,83,173
85,84,179
85,85,184
85,86,193
85,87,193
85,88,199
85,89,214
85,90,218
85,91,217
85,92,182
85,93,181
85,94,192
85,95,198
85,96,193
85,97,203
85,98,187
85,99,165
85,100,178
85,101,202
85,102,209
85,103,189
85,104,190
85,105,210
85,106,196
85,107,175
85,108,170
85,109,173
85,110,178
85,111,187
85,112,195
85,113,174
85,114,163
85,115,168
85,116,164
85,117,155
85,118,145
85,119,143
85,120,129
85,121,122
85,122,118
85,123,111
85,124,102
85,125,96
85,126,96
85,127,102
86,0,484
86,1,445
86,2,424
86,3,413
86,4,416
86,5,421
86,6,407
86,7,387
86,8,383
86,9,415
86,10,420
86,11,381
86,12,398
86,13,429
86,14,403
86,15,370
86,16,358
86,17,338
86,18,318
86,19,328
86,20,306
86,21,301
86,22,276
86,23,278
86,24,333
86,25,392
86,26,440
86,27,478
86,28,554
86,29,575
86,30,451
86,31,462
86,32,388
86,33,265
86,34,224
86,35,222
86,36,224
86,37,243
86,38,266
86,39,275
86,40,279
86,41,310
86,42,324
86,43,315
86,44,353
86,45,396
86,46,395
86,47,383
86,48,404
86,49,435
86,50,467
86,51,435
86,52,385
86,53,341
86,54,321
86,55,307
86,56,296
86,57,288
86,58,280
86,59,270
86,60,260
86,61,268
86,62,264
86,63,274
86,64,273
86,65,262
86,66,250
86,67,243
86,68,235
86,69,233
86,70,239
86,71,253
86,72,258
86,73,249
86,74,232
86,75,205
86,76,188
86,77,183
86,78,177
86,79,178
86,80,164
86,81,164
86,82,167
86,83,171
86,84,176
86,85,183
86,86,191
86,87,189
86,88,198
86,89,212
86,90,213
86,91,217
86,92,195
86,93,176
86,94,180
86,95,184
86,96,193
86,97,204
86,98,190
86,99,165
86,100,176
86,101,199
86,102,201
86,103,183
86,104,200
86,105,210
86,106,190
86,107,173
86,108,170
86,109,173
86,110,177
86,111,185
86,112,190
86,113,177
86,114,161
86,115,156
86,116,156
86,117,149
86,118,140
86,119,131
86,120,128
86,121,133
86,122,113
86,123,111
86,124,101
86,125,94
86,126,94
86,127,95
87,0,474
87,1,462
87,2,460
87,3,467
87,4,482
87,5,486
87,6,434
87,7,413
87,8,383
87,9,365
87,10,394
87,11,384
87,12,361
87,13,405
87,14,412
87,15,398
87,16,383
87,17,341
87,18,303
87,19,311
87,20,288
87,21,266
87,22,283
87,23,331
87,24,407
87,25,458
87,26,513
87,27,600
87,28,636
87,29,603
87,30,482
87,31,505
87,32,402
87,33,285
87,34,231
87,35,222
87,36,224
87,37,232
87,38,231
87,39,237
87,40,249
87,41,285
87,42,315
87,43,329
87,44,380
87,45,428
87,46,410
87,47,427
87,48,458
87,49,460
87,50,455
87,51,416
87,52,354
87,53,325
87,54,313
87,55,296
87,56,279
87,57,273
87,58,264
87,59,258
87,60,251
87,61,257
87,62,253
87,63,262
87,64,264
87,65,260
87,66,253
87,67,247
87,68,241
87,69,245
87,70,246
87,71,254
87,72,257
87,73,250
87,74,232
87,75,218
87,76,185
87,77,179
87,78,175
87,79,177
87,80,166
87,81,162
87,82,165
87,83,168
87,84,173
87,85,181
87,86,190
87,87,186
87,88,193
87,89,209
87,90,209
87,91,206
87,92,208
87,93,191
87,94,174
87,95,176
87,96,192
87,97,200
87,98,188
87,99,163
87,100,179
87,101,200
87,102,189
87,103,182
87,104,212
87,105,210
87,106,184
87,107,171
87,108,171
87,109,172
87,110,175
87,111,179
87,112,180
87,113,171
87,114,165
87,115,157
87,116,150
87,117,138
87,118,131
87,119,129
87,120,147
87,121,144
87,122,129
87,123,122
87,124,104
87,125,93
87,126,91
87,127,89
88,0,503
88,1,500
88,2,493
88,3,477
88,4,458
88,5,475
88,6,446
88,7,445
88,8,406
88,9,389
88,10,362
88,11,368
88,12,357
88,13,399
88,14,441
88,15,433
88,16,406
88,17,377
88,18,338
88,19,287
88,20,268
88,21,287
88,22,334
88,23,366
88,24,436
88,25,544
88,26,626
88,27,709
88,28,709
88,29,609
88,30,522
88,31,513
88,32,393
88,33,316
88,34,259
88,35,225
88,36,237
88,37,230
88,38,222
88,39,225
88,40,301
88,41,346
88,42,339
88,43,345
88,44,398
88,45,400
88,46,384
88,47,399
88,48,448
88,49,461
88,50,423
88,51,378
88,52,339
88,53,316
88,54,301
88,55,283
88,56,267
88,57,259
88,58,257
88,59,251
88,60,241
88,61,242
88,62,241
88,63,244
88,64,251
88,65,254
88,66,248
88,67,238
88,68,227
88,69,226
88,70,231
88,71,238
88,72,241
88,73,241
88,74,232
88,75,213
88,76,188
88,77,176
88,78,173
88,79,174
88,80,169
88,81,161
88,82,162
88,83,164
88,84,171
88,85,179
88,86,184
88,87,184
88,88,196
88,89,207
88,90,210
88,91,200
88,92,206
88,93,212
88,94,190
88,95,172
88,96,182
88,97,190
88,98,177
88,99,161
88,100,180
88,101,194
88,102,179
88,103,183
88,104,212
88,105,201
88,106,179
88,107,170
88,108,172
88,109,171
88,110,172
88,111,175
88,112,181
88,113,183
88,114,182
88,115,180
88,116,171
88,117,154
88,118,140
88,119,144
88,120,156
88,121,159
88,122,154
88,123,132
88,124,107
88,125,94
88,126,90
88,127,89
89,0,535
89,1,506
89,2,496
89,3,482
89,4,445
89,5,441
89,6,441
89,7,469
89,8,427
89,9,410
89,10,378
89,11,354
89,12,349
89,13,385
89,14,431
89,15,443
89,16,409
89,17,365
89,18,320
89,19,281
89,20,281
89,21,310
89,22,359
89,23,424
89,24,470
89,25,559
89,26,687
89,27,774
89,28,726
89,29,629
89,30,558
89,31,493
89,32,398
89,33,331
89,34,261
89,35,224
89,36,234
89,37,228
89,38,222
89,39,250
89,40,347
89,41,353
89,42,335
89,43,327
89,44,362
89,45,365
89,46,378
89,47,407
89,48,454
89,49,463
89,50,417
89,51,372
89,52,335
89,53,307
89,54,285
89,55,279
89,56,289
89,57,281
89,58,300
89,59,284
89,60,254
89,61,251
89,62,239
89,63,235
89,64,238
89,65,240
89,66,238
89,67,229
89,68,225
89,69,222
89,70,213
89,71,219
89,72,228
89,73,232
89,74,225
89,75,209
89,76,191
89,77,177
89,78,172
89,79,171
89,80,173
89,81,162
89,82,159
89,83,161
89,84,169
89,85,176
89,86,179
89,87,186
89,88,197
89,89,203
89,90,211
89,91,198
89,92,198
89,93,211
89,94,196
89,95,168
89,96,172
89,97,178
89,98,167
89,99,159
89,100,185
89,101,185
89,102,173
89,103,190
89,104,213
89,105,198
89,106,177
89,107,170
89,108,172
89,109,171
89,110,171
89,111,176
89,112,186
89,113,196
89,114,195
89,115,187
89,116,174
89,117,160
89,118,155
89,119,161
89,120,162
89,121,156
89,122,148
89,123,131
89,124,115
89,125,96
89,126,89
89,127,91
90,0,524
90,1,464
90,2,471
90,3,482
90,4,479
90,5,431
90,6,403
90,7,430
90,8,426
90,9,429
90,10,392
90,11,353
90,12,323
90,13,353
90,14,386
90,15,413
90,16,385
90,17,336
90,18,293
90,19,288
90,20,310
90,21,339
90,22,381
90,23,453
90,24,508
90,25,570
90,26,702
90,27,789
90,28,739
90,29,672
90,30,597
90,31,500
90,32,406
90,33,336
90,34,264
90,35,224
90,36,226
90,37,238
90,38,245
90,39,272
90,40,316
90,41,325
90,42,316
90,43,309
90,44,377
90,45,396
90,46,389
90,47,421
90,48,461
90,49,448
90,50,398
90,51,360
90,52,330
90,53,300
90,54,280
90,55,292
90,56,335
90,57,332
90,58,340
90,59,308
90,60,283
90,61,281
90,62,258
90,63,234
90,64,230
90,65,229
90,66,226
90,67,229
90,68,244
90,69,236
90,70,214
90,71,207
90,72,219
90,73,224
90,74,219
90,75,215
90,76,204
90,77,183
90,78,172
90,79,169
90,80,173
90,81,171
90,82,162
90,83,159
90,84,166
90,85,173
90,86,174
90,87,181
90,88,191
90,89,196
90,90,208
90,91,197
90,92,189
90,93,207
90,94,205
90,95,177
90,96,163
90,97,168
90,98,161
90,99,159
90,100,180
90,101,175
90,102,177
90,103,201
90,104,217
90,105,193
90,106,175
90,107,171
90,108,173
90,109,170
90,110,172
90,111,177
90,112,187
90,113,200
90,114,201
90,115,188
90,116,171
90,117,175
90,118,177
90,119,177
90,120,171
90,121,154
90,122,146
90,123,140
90,124,130
90,125,98
90,126,90
90,127,96
91,0,526
91,1,462
91,2,409
91,3,401
91,4,414
91,5,399
91,6,396
91,7,387
91,8,383
91,9,402
91,10,395
91,11,378
91,12,331
91,13,308
91,14,311
91,15,328
91,16,316
91,17,296
91,18,297
91,19,308
91,20,328
91,21,350
91,22,390
91,23,452
91,24,531
91,25,623
91,26,743
91,27,756
91,28,703
91,29,680
91,30,616
91,31,521
91,32,410
91,33,324
91,34,252
91,35,222
91,36,245
91,37,269
91,38,263
91,39,252
91,40,287
91,41,299
91,42,310
91,43,317
91,44,379
91,45,406
91,46,415
91,47,483
91,48,486
91,49,429
91,50,381
91,51,345
91,52,314
91,53,296
91,54,282
91,55,294
91,56,328
91,57,350
91,58,354
91,59,322
91,60,301
91,61,277
91,62,258
91,63,237
91,64,232
91,65,240
91,66,242
91,67,247
91,68,240
91,69,230
91,70,215
91,71,201
91,72,208
91,73,212
91,74,209
91,75,212
91,76,212
91,77,200
91,78,178
91,79,168
91,80,171
91,81,176
91,82,167
91,83,158
91,84,161
91,85,169
91,86,171
91,87,182
91,88,185
91,89,191
91,90,200
91,91,199
91,92,182
91,93,203
91,94,209
91,95,194
91,96,164
91,97,161
91,98,161
91,99,156
91,100,170
91,101,168
91,102,190
91,103,214
91,104,217
91,105,190
91,106,174
91,107,172
91,108,172
91,109,170
91,110,172
91,111,177
91,112,186
91,113,199
91,114,203
91,115,193
91,116,176
91,117,189
91,118,194
91,119,193
91,120,171
91,121,153
91,122,156
91,123,152
91,124,124
91,125,94
91,126,90
91,127,96
92,0,491
92,1,446
92,2,386
92,3,340
92,4,337
92,5,340
92,6,359
92,7,352
92,8,341
92,9,363
92,10,398
92,11,384
92,12,343
92,13,332
92,14,312
92,15,297
92,16,300
92,17,310
92,18,319
92,19,343
92,20,382
92,21,411
92,22,430
92,23,505
92,24,603
92,25,732
92,26,814
92,27,789
92,28,691
92,29,598
92,30,546
92,31,461
92,32,380
92,33,308
92,34,243
92,35,222
92,36,226
92,37,245
92,38,241
92,39,242
92,40,291
92,41,305
92,42,306
92,43,302
92,44,323
92,45,353
92,46,387
92,47,428
92,48,454
92,49,437
92,50,400
92,51,355
92,52,326
92,53,301
92,54,295
92,55,303
92,56,335
92,57,356
92,58,347
92,59,315
92,60,301
92,61,290
92,62,266
92,63,262
92,64,268
92,65,274
92,66,268
92,67,254
92,68,239
92,69,224
92,70,217
92,71,219
92,72,205
92,73,202
92,74,196
92,75,198
92,76,205
92,77,201
92,78,185
92,79,168
92,80,168
92,81,173
92,82,167
92,83,158
92,84,157
92,85,160
92,86,166
92,87,181
92,88,178
92,89,183
92,90,198
92,91,199
92,92,177
92,93,196
92,94,206
92,95,196
92,96,173
92,97,158
92,98,157
92,99,153
92,100,162
92,101,184
92,102,205
92,103,222
92,104,215
92,105,187
92,106,173
92,107,172
92,108,170
92,109,169
92,110,173
92,111,178
92,112,189
92,113,205
92,114,214
92,115,203
92,116,187
92,117,200
92,118,208
92,119,203
92,120,168
92,121,156
92,122,154
92,123,136
92,124,101
92,125,88
92,126,88
92,127,93
93,0,413
93,1,380
93,2,347
93,3,316
93,4,310
93,5,313
93,6,307
93,7,331
93,8,375
93,9,364
93,10,370
93,11,370
93,12,355
93,13,345
93,14,321
93,15,319
93,16,323
93,17,346
93,18,364
93,19,368
93,20,403
93,21,456
93,22,478
93,23,536
93,24,643
93,25,750
93,26,775
93,27,740
93,28,694
93,29,619
93,30,543
93,31,494
93,32,431
93,33,333
93,34,251
93,35,223
93,36,222
93,37,228
93,38,231
93,39,242
93,40,282
93,41,299
93,42,296
93,43,305
93,44,342
93,45,364
93,46,372
93,47,410
93,48,455
93,49,452
93,50,412
93,51,369
93,52,327
93,53,314
93,54,327
93,55,318
93,56,340
93,57,350
93,58,332
93,59,305
93,60,300
93,61,285
93,62,281
93,63,308
93,64,295
93,65,288
93,66,271
93,67,257
93,68,245
93,69,239
93,70,242
93,71,255
93,72,236
93,73,222
93,74,196
93,75,193
93,76,198
93,77,195
93,78,186
93,79,168
93,80,165
93,81,168
93,82,168
93,83,162
93,84,160
93,85,158
93,86,162
93,87,176
93,88,172
93,89,176
93,90,185
93,91,186
93,92,176
93,93,188
93,94,197
93,95,210
93,96,194
93,97,167
93,98,153
93,99,150
93,100,164
93,101,187
93,102,202
93,103,220
93,104,217
93,105,189
93,106,173
93,107,170
93,108,167
93,109,169
93,110,173
93,111,180
93,112,192
93,113,207
93,114,219
93,115,216
93,116,203
93,117,208
93,118,210
93,119,207
93,120,174
93,121,150
93,122,133
93,123,112
93,124,88
93,125,87
93,126,88
93,127,91
94,0,355
94,1,337
94,2,318
94,3,301
94,4,289
94,5,297
94,6,300
94,7,363
94,8,419
94,9,428
94,10,412
94,11,398
94,12,366
94,13,347
94,14,332
94,15,340
94,16,349
94,17,385
94,18,425
94,19,413
94,20,446
94,21,498
94,22,527
94,23,597
94,24,660
94,25,686
94,26,684
94,27,656
94,28,667
94,29,628
94,30,573
94,31,462
94,32,321
94,33,256
94,34,228
94,35,222
94,36,222
94,37,225
94,38,244
94,39,277
94,40,319
94,41,312
94,42,307
94,43,318
94,44,338
94,45,356
94,46,380
94,47,419
94,48,458
94,49,453
94,50,410
94,51,363
94,52,325
94,53,322
94,54,359
94,55,362
94,56,348
94,57,347
94,58,324
94,59,304
94,60,303
94,61,297
94,62,303
94,63,338
94,64,320
94,65,290
94,66,270
94,67,266
94,68,259
94,69,251
94,70,253
94,71,248
94,72,228
94,73,215
94,74,198
94,75,188
94,76,190
94,77,192
94,78,186
94,79,168
94,80,163
94,81,164
94,82,165
94,83,166
94,84,164
94,85,169
94,86,171
94,87,167
94,88,163
94,89,165
94,90,166
94,91,177
94,92,173
94,93,177
94,94,190
94,95,201
94,96,199
94,97,177
94,98,156
94,99,150
94,100,165
94,101,183
94,102,194
94,103,207
94,104,214
94,105,196
94,106,175
94,107,168
94,108,166
94,109,169
94,110,173
94,111,179
94,112,192
94,113,205
94,114,222
94,115,229
94,116,219
94,117,217
94,118,204
94,119,200
94,120,176
94,121,154
94,122,129
94,123,104
94,124,86
94,125,86
94,126,87
94,127,88
95,0,336
95,1,335
95,2,325
95,3,308
95,4,279
95,5,275
95,6,301
95,7,370
95,8,440
95,9,465
95,10,458
95,11,458
95,12,398
95,13,391
95,14,376
95,15,355
95,16,373
95,17,400
95,18,448
95,19,474
95,20,505
95,21,584
95,22,621
95,23,692
95,24,676
95,25,636
95,26,604
95,27,594
95,28,614
95,29,549
95,30,486
95,31,394
95,32,239
95,33,233
95,34,234
95,35,227
95,36,254
95,37,251
95,38,260
95,39,316
95,40,334
95,41,313
95,42,307
95,43,308
95,44,326
95,45,378
95,46,423
95,47,448
95,48,459
95,49,452
95,50,408
95,51,357
95,52,327
95,53,326
95,54,368
95,55,407
95,56,372
95,57,354
95,58,335
95,59,318
95,60,320
95,61,322
95,62,327
95,63,349
95,64,321
95,65,296
95,66,290
95,67,285
95,68,275
95,69,268
95,70,261
95,71,238
95,72,215
95,73,209
95,74,194
95,75,184
95,76,184
95,77,188
95,78,189
95,79,177
95,80,164
95,81,163
95,82,175
95,83,173
95,84,180
95,85,196
95,86,203
95,87,184
95,88,182
95,89,172
95,90,159
95,91,172
95,92,166
95,93,169
95,94,182
95,95,190
95,96,195
95,97,169
95,98,152
95,99,149
95,100,164
95,101,178
95,102,191
95,103,199
95,104,214
95,105,205
95,106,179
95,107,168
95,108,165
95,109,168
95,110,173
95,111,179
95,112,189
95,113,202
95,114,221
95,115,242
95,116,235
95,117,229
95,118,207
95,119,181
95,120,167
95,121,149
95,122,127
95,123,101
95,124,86
95,125,86
95,126,86
95,127,90
96,0,310
96,1,317
96,2,319
96,3,312
96,4,298
96,5,269
96,6,326
96,7,392
96,8,471
96,9,488
96,10,479
96,11,466
96,12,459
96,13,444
96,14,424
96,15,425
96,16,420
96,17,443
96,18,451
96,19,526
96,20,595
96,21,659
96,22,721
96,23,686
96,24,635
96,25,604
96,26,524
96,27,518
96,28,565
96,29,494
96,30,400
96,31,292
96,32,231
96,33,311
96,34,387
96,35,380
96,36,381
96,37,350
96,38,293
96,39,282
96,40,298
96,41,300
96,42,292
96,43,301
96,44,325
96,45,366
96,46,420
96,47,479
96,48,493
96,49,456
96,50,413
96,51,366
96,52,344
96,53,343
96,54,351
96,55,349
96,56,356
96,57,354
96,58,339
96,59,323
96,60,324
96,61,326
96,62,334
96,63,353
96,64,329
96,65,318
96,66,304
96,67,285
96,68,268
96,69,259
96,70,247
96,71,230
96,72,246
96,73,241
96,74,205
96,75,183
96,76,179
96,77,181
96,78,186
96,79,186
96,80,181
96,81,179
96,82,175
96,83,175
96,84,207
96,85,223
96,86,223
96,87,210
96,88,208
96,89,192
96,90,172
96,91,165
96,92,165
96,93,162
96,94,170
96,95,185
96,96,194
96,97,165
96,98,146
96,99,149
96,100,164
96,101,175
96,102,188
96,103,194
96,104,216
96,105,211
96,106,182
96,107,168
96,108,164
96,109,166
96,110,171
96,111,176
96,112,187
96,113,201
96,114,222
96,115,238
96,116,244
96,117,229
96,118,212
96,119,180
96,120,158
96,121,136
96,122,114
96,123,94
96,124,85
96,125,86
96,126,85
96,127,90
97,0,297
97,1,303
97,2,321
97,3,318
97,4,290
97,5,265
97,6,308
97,7,360
97,8,438
97,9,465
97,10,429
97,11,458
97,12,519
97,13,492
97,14,474
97,15,464
97,16,453
97,17,477
97,18,481
97,19,542
97,20,664
97,21,690
97,22,687
97,23,647
97,24,574
97,25,584
97,26,571
97,27,460
97,28,470
97,29,488
97,30,412
97,31,314
97,32,229
97,33,285
97,34,389
97,35,438
97,36,428
97,37,382
97,38,345
97,39,305
97,40,280
97,41,282
97,42,292
97,43,305
97,44,322
97,45,346
97,46,370
97,47,414
97,48,458
97,49,450
97,50,416
97,51,374
97,52,355
97,53,358
97,54,347
97,55,327
97,56,332
97,57,342
97,58,337
97,59,318
97,60,312
97,61,315
97,62,325
97,63,356
97,64,331
97,65,312
97,66,297
97,67,282
97,68,271
97,69,258
97,70,251
97,71,252
97,72,259
97,73,243
97,74,215
97,75,188
97,76,178
97,77,178
97,78,180
97,79,184
97,80,183
97,81,175
97,82,174
97,83,189
97,84,208
97,85,222
97,86,228
97,87,216
97,88,204
97,89,193
97,90,183
97,91,183
97,92,180
97,93,158
97,94,166
97,95,178
97,96,188
97,97,154
97,98,146
97,99,152
97,100,163
97,101,172
97,102,180
97,103,196
97,104,203
97,105,208
97,106,187
97,107,169
97,108,163
97,109,166
97,110,170
97,111,176
97,112,186
97,113,198
97,114,211
97,115,221
97,116,227
97,117,204
97,118,195
97,119,172
97,120,146
97,121,127
97,122,103
97,123,90
97,124,85
97,125,85
97,126,85
97,127,91
98,0,303
98,1,292
98,2,324
98,3,345
98,4,296
98,5,260
98,6,270
98,7,318
98,8,386
98,9,419
98,10,359
98,11,408
98,12,519
98,13,525
98,14,545
98,15,539
98,16,498
98,17,527
98,18,553
98,19,570
98,20,671
98,21,651
98,22,601
98,23,594
98,24,538
98,25,531
98,26,572
98,27,486
98,28,391
98,29,418
98,30,429
98,31,358
98,32,272
98,33,258
98,34,362
98,35,447
98,36,442
98,37,411
98,38,374
98,39,333
98,40,300
98,41,285
98,42,287
98,43,297
98,44,311
98,45,323
98,46,343
98,47,381
98,48,431
98,49,447
98,50,418
98,51,373
98,52,338
98,53,330
98,54,330
98,55,309
98,56,323
98,57,342
98,58,347
98,59,326
98,60,308
98,61,305
98,62,317
98,63,352
98,64,330
98,65,314
98,66,296
98,67,285
98,68,293
98,69,283
98,70,276
98,71,266
98,72,246
98,73,230
98,74,214
98,75,195
98,76,176
98,77,175
98,78,176
98,79,177
98,80,177
98,81,173
98,82,187
98,83,211
98,84,228
98,85,226
98,86,225
98,87,209
98,88,193
98,89,186
98,90,199
98,91,214
98,92,198
98,93,164
98,94,162
98,95,178
98,96,182
98,97,147
98,98,146
98,99,154
98,100,161
98,101,172
98,102,189
98,103,198
98,104,191
98,105,208
98,106,195
98,107,170
98,108,163
98,109,166
98,110,171
98,111,177
98,112,186
98,113,196
98,114,203
98,115,212
98,116,206
98,117,184
98,118,173
98,119,157
98,120,135
98,121,112
98,122,94
98,123,86
98,124,84
98,125,85
98,126,88
98,127,93
99,0,292
99,1,294
99,2,293
99,3,327
99,4,345
99,5,269
99,6,248
99,7,294
99,8,316
99,9,334
99,10,309
99,11,382
99,12,463
99,13,472
99,14,575
99,15,617
99,16,577
99,17,617
99,18,626
99,19,616
99,20,661
99,21,618
99,22,568
99,23,542
99,24,522
99,25,515
99,26,583
99,27,530
99,28,445
99,29,346
99,30,373
99,31,395
99,32,316
99,33,250
99,34,334
99,35,426
99,36,448
99,37,401
99,38,361
99,39,343
99,40,325
99,41,306
99,42,290
99,43,297
99,44,307
99,45,317
99,46,342
99,47,372
99,48,421
99,49,439
99,50,422
99,51,379
99,52,335
99,53,311
99,54,309
99,55,295
99,56,324
99,57,349
99,58,343
99,59,327
99,60,309
99,61,297
99,62,301
99,63,334
99,64,318
99,65,319
99,66,311
99,67,301
99,68,293
99,69,285
99,70,266
99,71,248
99,72,227
99,73,212
99,74,203
99,75,191
99,76,178
99,77,175
99,78,173
99,79,172
99,80,171
99,81,182
99,82,200
99,83,222
99,84,236
99,85,224
99,86,220
99,87,208
99,88,188
99,89,205
99,90,234
99,91,233
99,92,195
99,93,164
99,94,163
99,95,174
99,96,174
99,97,145
99,98,145
99,99,153
99,100,162
99,101,175
99,102,193
99,103,192
99,104,186
99,105,205
99,106,197
99,107,171
99,108,162
99,109,165
99,110,170
99,111,175
99,112,182
99,113,189
99,114,196
99,115,204
99,116,188
99,117,168
99,118,153
99,119,140
99,120,131
99,121,104
99,122,90
99,123,85
99,124,85
99,125,87
99,126,91
99,127,94
100,0,291
100,1,275
100,2,266
100,3,267
100,4,317
100,5,267
100,6,241
100,7,270
100,8,246
100,9,243
100,10,268
100,11,339
100,12,385
100,13,431
100,14,520
100,15,584
100,16,571
100,17,589
100,18,564
100,19,533
100,20,578
100,21,600
100,22,577
100,23,530
100,24,441
100,25,501
100,26,536
100,27,484
100,28,392
100,29,332
100,30,284
100,31,327
100,32,330
100,33,241
100,34,287
100,35,365
100,36,374
100,37,341
100,38,332
100,39,331
100,40,336
100,41,323
100,42,307
100,43,314
100,44,336
100,45,336
100,46,349
100,47,383
100,48,428
100,49,445
100,50,437
100,51,390
100,52,339
100,53,313
100,54,289
100,55,285
100,56,333
100,57,348
100,58,315
100,59,304
100,60,312
100,61,299
100,62,283
100,63,283
100,64,291
100,65,296
100,66,300
100,67,286
100,68,266
100,69,253
100,70,240
100,71,238
100,72,242
100,73,240
100,74,224
100,75,204
100,76,186
100,77,177
100,78,172
100,79,170
100,80,176
100,81,194
100,82,215
100,83,229
100,84,225
100,85,219
100,86,209
100,87,198
100,88,197
100,89,230
100,90,258
100,91,245
100,92,196
100,93,168
100,94,151
100,95,148
100,96,147
100,97,142
100,98,144
100,99,153
100,100,158
100,101,166
100,102,180
100,103,184
100,104,182
100,105,203
100,106,197
100,107,172
100,108,161
100,109,165
100,110,169
100,111,174
100,112,184
100,113,191
100,114,200
100,115,204
100,116,181
100,117,156
100,118,135
100,119,126
100,120,115
100,121,96
100,122,87
100,123,84
100,124,89
100,125,92
100,126,95
100,127,110
101,0,322
101,1,314
101,2,299
101,3,258
101,4,303
101,5,256
101,6,218
101,7,219
101,8,205
101,9,207
101,10,228
101,11,260
101,12,306
101,13,381
101,14,429
101,15,466
101,16,459
101,17,480
101,18,468
101,19,467
101,20,483
101,21,548
101,22,536
101,23,507
101,24,412
101,25,481
101,26,483
101,27,437
101,28,297
101,29,221
101,30,216
101,31,272
101,32,298
101,33,231
101,34,258
101,35,334
101,36,348
101,37,310
101,38,320
101,39,332
101,40,337
101,41,331
101,42,325
101,43,330
101,44,339
101,45,342
101,46,346
101,47,373
101,48,429
101,49,444
101,50,458
101,51,413
101,52,346
101,53,327
101,54,309
101,55,279
101,56,315
101,57,328
101,58,295
101,59,292
101,60,308
101,61,305
101,62,293
101,63,269
101,64,269
101,65,275
101,66,281
101,67,274
101,68,258
101,69,262
101,70,277
101,71,266
101,72,271
101,73,262
101,74,240
101,75,215
101,76,199
101,77,191
101,78,179
101,79,177
101,80,187
101,81,196
101,82,216
101,83,226
101,84,214
101,85,209
101,86,197
101,87,197
101,88,224
101,89,240
101,90,260
101,91,253
101,92,206
101,93,184
101,94,156
101,95,145
101,96,143
101,97,143
101,98,148
101,99,151
101,100,146
101,101,148
101,102,164
101,103,173
101,104,181
101,105,200
101,106,201
101,107,171
101,108,161
101,109,165
101,110,170
101,111,180
101,112,193
101,113,200
101,114,211
101,115,211
101,116,185
101,117,159
101,118,134
101,119,125
101,120,117
101,121,103
101,122,85
101,123,86
101,124,108
101,125,108
101,126,111
101,127,128
102,0,326
102,1,314
102,2,304
102,3,257
102,4,280
102,5,233
102,6,206
102,7,211
102,8,211
102,9,216
102,10,210
102,11,207
102,12,259
102,13,304
102,14,341
102,15,372
102,16,380
102,17,396
102,18,395
102,19,420
102,20,402
102,21,478
102,22,478
102,23,488
102,24,377
102,25,460
102,26,473
102,27,408
102,28,315
102,29,209
102,30,181
102,31,192
102,32,216
102,33,249
102,34,328
102,35,427
102,36,405
102,37,346
102,38,350
102,39,359
102,40,353
102,41,335
102,42,327
102,43,328
102,44,317
102,45,320
102,46,338
102,47,360
102,48,420
102,49,467
102,50,476
102,51,425
102,52,344
102,53,326
102,54,314
102,55,287
102,56,275
102,57,289
102,58,277
102,59,296
102,60,308
102,61,312
102,62,308
102,63,276
102,64,251
102,65,258
102,66,265
102,67,268
102,68,275
102,69,308
102,70,342
102,71,295
102,72,285
102,73,274
102,74,250
102,75,226
102,76,210
102,77,197
102,78,188
102,79,190
102,80,200
102,81,198
102,82,213
102,83,217
102,84,208
102,85,198
102,86,199
102,87,216
102,88,247
102,89,267
102,90,273
102,91,256
102,92,212
102,93,187
102,94,161
102,95,148
102,96,151
102,97,169
102,98,184
102,99,173
102,100,143
102,101,140
102,102,153
102,103,161
102,104,178
102,105,199
102,106,201
102,107,172
102,108,161
102,109,165
102,110,173
102,111,184
102,112,198
102,113,211
102,114,230
102,115,232
102,116,201
102,117,167
102,118,143
102,119,135
102,120,125
102,121,110
102,122,90
102,123,94
102,124,129
102,125,131
102,126,122
102,127,129
103,0,316
103,1,280
103,2,273
103,3,244
103,4,270
103,5,228
103,6,241
103,7,308
103,8,286
103,9,244
103,10,216
103,11,197
103,12,207
103,13,218
103,14,269
103,15,318
103,16,313
103,17,322
103,18,337
103,19,360
103,20,340
103,21,395
103,22,394
103,23,416
103,24,373
103,25,377
103,26,427
103,27,400
103,28,365
103,29,247
103,30,184
103,31,201
103,32,242
103,33,340
103,34,428
103,35,451
103,36,428
103,37,388
103,38,391
103,39,388
103,40,357
103,41,327
103,42,311
103,43,311
103,44,300
103,45,316
103,46,334
103,47,350
103,48,422
103,49,469
103,50,458
103,51,408
103,52,333
103,53,306
103,54,299
103,55,295
103,56,265
103,57,253
103,58,266
103,59,307
103,60,302
103,61,304
103,62,310
103,63,282
103,64,265
103,65,248
103,66,250
103,67,264
103,68,302
103,69,362
103,70,386
103,71,337
103,72,286
103,73,263
103,74,245
103,75,226
103,76,208
103,77,200
103,78,195
103,79,203
103,80,206
103,81,204
103,82,215
103,83,212
103,84,202
103,85,205
103,86,218
103,87,233
103,88,261
103,89,277
103,90,278
103,91,254
103,92,228
103,93,200
103,94,175
103,95,160
103,96,171
103,97,209
103,98,237
103,99,209
103,100,157
103,101,139
103,102,143
103,103,157
103,104,176
103,105,198
103,106,201
103,107,175
103,108,161
103,109,166
103,110,175
103,111,187
103,112,203
103,113,225
103,114,259
103,115,261
103,116,202
103,117,172
103,118,150
103,119,138
103,120,132
103,121,129
103,122,103
103,123,120
103,124,143
103,125,151
103,126,132
103,127,129
104,0,312
104,1,288
104,2,242
104,3,212
104,4,215
104,5,215
104,6,261
104,7,354
104,8,300
104,9,264
104,10,245
104,11,233
104,12,206
104,13,196
104,14,210
104,15,276
104,16,264
104,17,257
104,18,277
104,19,287
104,20,284
104,21,315
104,22,316
104,23,313
104,24,346
104,25,308
104,26,333
104,27,363
104,28,349
104,29,295
104,30,244
104,31,198
104,32,219
104,33,278
104,34,347
104,35,360
104,36,333
104,37,333
104,38,401
104,39,396
104,40,354
104,41,327
104,42,302
104,43,289
104,44,303
104,45,316
104,46,322
104,47,343
104,48,389
104,49,427
104,50,454
104,51,414
104,52,333
104,53,307
104,54,288
104,55,276
104,56,270
104,57,265
104,58,252
104,59,282
104,60,289
104,61,292
104,62,300
104,63,285
104,64,273
104,65,245
104,66,240
104,67,265
104,68,327
104,69,383
104,70,379
104,71,337
104,72,279
104,73,258
104,74,238
104,75,223
104,76,212
104,77,210
104,78,212
104,79,215
104,80,208
104,81,215
104,82,216
104,83,207
104,84,207
104,85,229
104,86,245
104,87,254
104,88,259
104,89,266
104,90,269
104,91,250
104,92,221
104,93,210
104,94,197
104,95,184
104,96,201
104,97,233
104,98,254
104,99,225
104,100,168
104,101,140
104,102,143
104,103,157
104,104,174
104,105,189
104,106,200
104,107,181
104,108,160
104,109,165
104,110,173
104,111,183
104,112,203
104,113,228
104,114,263
104,115,269
104,116,205
104,117,170
104,118,149
104,119,139
104,120,129
104,121,122
104,122,100
104,123,139
104,124,162
104,125,163
104,126,145
104,127,142
105,0,277
105,1,251
105,2,221
105,3,225
105,4,251
105,5,257
105,6,301
105,7,383
105,8,359
105,9,318
105,10,286
105,11,270
105,12,236
105,13,202
105,14,198
105,15,219
105,16,231
105,17,234
105,18,249
105,19,243
105,20,263
105,21,261
105,22,232
105,23,233
105,24,267
105,25,276
105,26,292
105,27,309
105,28,320
105,29,292
105,30,263
105,31,223
105,32,171
105,33,183
105,34,223
105,35,249
105,36,247
105,37,278
105,38,333
105,39,377
105,40,356
105,41,325
105,42,304
105,43,283
105,44,295
105,45,304
105,46,320
105,47,338
105,48,387
105,49,424
105,50,454
105,51,422
105,52,367
105,53,329
105,54,298
105,55,285
105,56,278
105,57,271
105,58,247
105,59,271
105,60,277
105,61,280
105,62,284
105,63,277
105,64,259
105,65,236
105,66,244
105,67,284
105,68,339
105,69,358
105,70,337
105,71,298
105,72,275
105,73,261
105,74,245
105,75,229
105,76,219
105,77,219
105,78,224
105,79,219
105,80,214
105,81,215
105,82,211
105,83,204
105,84,213
105,85,227
105,86,238
105,87,249
105,88,250
105,89,259
105,90,261
105,91,247
105,92,232
105,93,235
105,94,227
105,95,211
105,96,227
105,97,240
105,98,240
105,99,208
105,100,168
105,101,141
105,102,138
105,103,147
105,104,158
105,105,174
105,106,192
105,107,184
105,108,161
105,109,166
105,110,174
105,111,185
105,112,202
105,113,223
105,114,252
105,115,250
105,116,201
105,117,171
105,118,150
105,119,139
105,120,153
105,121,145
105,122,106
105,123,133
105,124,165
105,125,165
105,126,156
105,127,156
106,0,254
106,1,262
106,2,223
106,3,218
106,4,274
106,5,291
106,6,345
106,7,422
106,8,392
106,9,321
106,10,278
106,11,267
106,12,240
106,13,216
106,14,209
106,15,195
106,16,191
106,17,197
106,18,209
106,19,209
106,20,210
106,21,196
106,22,207
106,23,202
106,24,205
106,25,227
106,26,245
106,27,256
106,28,283
106,29,295
106,30,279
106,31,249
106,32,202
106,33,181
106,34,169
106,35,180
106,36,206
106,37,235
106,38,264
106,39,312
106,40,359
106,41,327
106,42,302
106,43,277
106,44,290
106,45,305
106,46,314
106,47,321
106,48,348
106,49,379
106,50,433
106,51,463
106,52,444
106,53,370
106,54,313
106,55,284
106,56,261
106,57,256
106,58,238
106,59,256
106,60,269
106,61,261
106,62,266
106,63,262
106,64,247
106,65,229
106,66,262
106,67,315
106,68,354
106,69,340
106,70,297
106,71,269
106,72,268
106,73,264
106,74,252
106,75,234
106,76,227
106,77,231
106,78,228
106,79,221
106,80,214
106,81,211
106,82,208
106,83,204
106,84,211
106,85,224
106,86,236
106,87,242
106,88,248
106,89,259
106,90,263
106,91,262
106,92,257
106,93,252
106,94,253
106,95,241
106,96,239
106,97,222
106,98,214
106,99,195
106,100,168
106,101,151
106,102,139
106,103,138
106,104,141
106,105,156
106,106,180
106,107,184
106,108,162
106,109,170
106,110,176
106,111,182
106,112,198
106,113,215
106,114,236
106,115,231
106,116,191
106,117,166
106,118,152
106,119,159
106,120,188
106,121,159
106,122,108
106,123,123
106,124,162
106,125,167
106,126,168
106,127,168
107,0,226
107,1,261
107,2,240
107,3,222
107,4,280
107,5,304
107,6,326
107,7,400
107,8,417
107,9,334
107,10,304
107,11,303
107,12,266
107,13,253
107,14,265
107,15,239
107,16,249
107,17,195
107,18,183
107,19,181
107,20,185
107,21,200
107,22,260
107,23,249
107,24,187
107,25,191
107,26,205
107,27,207
107,28,250
107,29,272
107,30,261
107,31,252
107,32,226
107,33,204
107,34,173
107,35,163
107,36,195
107,37,227
107,38,242
107,39,269
107,40,332
107,41,334
107,42,305
107,43,276
107,44,294
107,45,294
107,46,299
107,47,312
107,48,326
107,49,349
107,50,398
107,51,458
107,52,503
107,53,411
107,54,340
107,55,298
107,56,263
107,57,248
107,58,232
107,59,232
107,60,242
107,61,243
107,62,252
107,63,249
107,64,234
107,65,223
107,66,269
107,67,309
107,68,318
107,69,306
107,70,270
107,71,243
107,72,250
107,73,254
107,74,244
107,75,243
107,76,238
107,77,233
107,78,226
107,79,222
107,80,222
107,81,222
107,82,221
107,83,212
107,84,212
107,85,221
107,86,230
107,87,240
107,88,244
107,89,252
107,90,265
107,91,288
107,92,288
107,93,270
107,94,278
107,95,271
107,96,238
107,97,217
107,98,200
107,99,186
107,100,184
107,101,182
107,102,167
107,103,152
107,104,134
107,105,142
107,106,169
107,107,185
107,108,163
107,109,171
107,110,175
107,111,184
107,112,200
107,113,214
107,114,218
107,115,210
107,116,181
107,117,162
107,118,162
107,119,182
107,120,184
107,121,151
107,122,107
107,123,111
107,124,168
107,125,169
107,126,167
107,127,170
108,0,221
108,1,214
108,2,216
108,3,244
108,4,334
108,5,362
108,6,353
108,7,373
108,8,413
108,9,366
108,10,332
108,11,320
108,12,288
108,13,305
108,14,283
108,15,284
108,16,343
108,17,263
108,18,238
108,19,244
108,20,277
108,21,285
108,22,258
108,23,217
108,24,202
108,25,182
108,26,170
108,27,169
108,28,196
108,29,219
108,30,230
108,31,236
108,32,223
108,33,200
108,34,177
108,35,157
108,36,189
108,37,221
108,38,230
108,39,255
108,40,307
108,41,329
108,42,287
108,43,277
108,44,275
108,45,280
108,46,300
108,47,303
108,48,322
108,49,355
108,50,400
108,51,466
108,52,495
108,53,441
108,54,370
108,55,315
108,56,280
108,57,264
108,58,265
108,59,254
108,60,221
108,61,219
108,62,225
108,63,226
108,64,222
108,65,212
108,66,230
108,67,240
108,68,247
108,69,257
108,70,239
108,71,223
108,72,229
108,73,236
108,74,229
108,75,230
108,76,231
108,77,233
108,78,236
108,79,234
108,80,230
108,81,226
108,82,222
108,83,217
108,84,222
108,85,230
108,86,241
108,87,255
108,88,263
108,89,258
108,90,264
108,91,284
108,92,299
108,93,295
108,94,295
108,95,299
108,96,262
108,97,242
108,98,226
108,99,222
108,100,208
108,101,198
108,102,179
108,103,149
108,104,133
108,105,140
108,106,171
108,107,174
108,108,163
108,109,172
108,110,178
108,111,186
108,112,195
108,113,202
108,114,198
108,115,189
108,116,174
108,117,167
108,118,178
108,119,197
108,120,165
108,121,135
108,122,108
108,123,98
108,124,155
108,125,167
108,126,160
108,127,158
109,0,216
109,1,211
109,2,222
109,3,261
109,4,331
109,5,382
109,6,389
109,7,395
109,8,388
109,9,355
109,10,346
109,11,343
109,12,365
109,13,354
109,14,323
109,15,339
109,16,388
109,17,328
109,18,316
109,19,316
109,20,296
109,21,252
109,22,232
109,23,253
109,24,228
109,25,206
109,26,176
109,27,167
109,28,166
109,29,176
109,30,191
109,31,204
109,32,206
109,33,189
109,34,174
109,35,157
109,36,182
109,37,217
109,38,222
109,39,243
109,40,280
109,41,301
109,42,267
109,43,269
109,44,269
109,45,281
109,46,290
109,47,299
109,48,326
109,49,360
109,50,374
109,51,386
109,52,411
109,53,426
109,54,392
109,55,334
109,56,296
109,57,286
109,58,278
109,59,259
109,60,238
109,61,228
109,62,221
109,63,212
109,64,206
109,65,206
109,66,215
109,67,220
109,68,239
109,69,236
109,70,220
109,71,212
109,72,212
109,73,217
109,74,215
109,75,214
109,76,216
109,77,220
109,78,231
109,79,234
109,80,230
109,81,228
109,82,225
109,83,225
109,84,230
109,85,238
109,86,246
109,87,262
109,88,273
109,89,270
109,90,267
109,91,270
109,92,286
109,93,299
109,94,311
109,95,311
109,96,279
109,97,251
109,98,249
109,99,247
109,100,209
109,101,185
109,102,165
109,103,140
109,104,133
109,105,150
109,106,187
109,107,182
109,108,163
109,109,173
109,110,180
109,111,186
109,112,191
109,113,191
109,114,187
109,115,178
109,116,168
109,117,172
109,118,184
109,119,197
109,120,171
109,121,139
109,122,117
109,123,90
109,124,126
109,125,157
109,126,156
109,127,149
110,0,214
110,1,222
110,2,254
110,3,302
110,4,346
110,5,399
110,6,427
110,7,425
110,8,405
110,9,384
110,10,374
110,11,379
110,12,381
110,13,369
110,14,374
110,15,397
110,16,441
110,17,372
110,18,337
110,19,312
110,20,255
110,21,256
110,22,271
110,23,265
110,24,243
110,25,225
110,26,186
110,27,176
110,28,167
110,29,163
110,30,164
110,31,167
110,32,184
110,33,178
110,34,164
110,35,154
110,36,179
110,37,234
110,38,240
110,39,248
110,40,269
110,41,269
110,42,250
110,43,275
110,44,273
110,45,277
110,46,289
110,47,298
110,48,305
110,49,330
110,50,340
110,51,347
110,52,347
110,53,394
110,54,387
110,55,334
110,56,297
110,57,281
110,58,274
110,59,274
110,60,266
110,61,256
110,62,248
110,63,224
110,64,213
110,65,201
110,66,207
110,67,208
110,68,217
110,69,219
110,70,210
110,71,197
110,72,193
110,73,195
110,74,199
110,75,201
110,76,202
110,77,207
110,78,215
110,79,222
110,80,232
110,81,231
110,82,230
110,83,230
110,84,237
110,85,237
110,86,244
110,87,253
110,88,257
110,89,269
110,90,266
110,91,255
110,92,265
110,93,281
110,94,311
110,95,330
110,96,315
110,97,286
110,98,279
110,99,257
110,100,213
110,101,182
110,102,157
110,103,135
110,104,134
110,105,158
110,106,191
110,107,199
110,108,167
110,109,171
110,110,179
110,111,185
110,112,189
110,113,181
110,114,174
110,115,166
110,116,159
110,117,168
110,118,180
110,119,190
110,120,173
110,121,148
110,122,123
110,123,91
110,124,115
110,125,160
110,126,156
110,127,151
111,0,229
111,1,257
111,2,306
111,3,359
111,4,427
111,5,450
111,6,456
111,7,438
111,8,403
111,9,395
111,10,387
111,11,381
111,12,361
111,13,345
111,14,339
111,15,368
111,16,420
111,17,391
111,18,378
111,19,313
111,20,271
111,21,298
111,22,309
111,23,284
111,24,275
111,25,238
111,26,205
111,27,203
111,28,207
111,29,182
111,30,166
111,31,157
111,32,158
111,33,158
111,34,155
111,35,152
111,36,177
111,37,245
111,38,260
111,39,259
111,40,266
111,41,251
111,42,256
111,43,305
111,44,291
111,45,289
111,46,294
111,47,277
111,48,285
111,49,305
111,50,312
111,51,314
111,52,312
111,53,383
111,54,425
111,55,372
111,56,314
111,57,314
111,58,307
111,59,304
111,60,289
111,61,265
111,62,254
111,63,249
111,64,235
111,65,215
111,66,232
111,67,238
111,68,225
111,69,204
111,70,193
111,71,184
111,72,181
111,73,180
111,74,177
111,75,177
111,76,185
111,77,190
111,78,195
111,79,208
111,80,223
111,81,222
111,82,223
111,83,229
111,84,235
111,85,232
111,86,238
111,87,242
111,88,253
111,89,271
111,90,273
111,91,254
111,92,251
111,93,272
111,94,295
111,95,328
111,96,328
111,97,319
111,98,305
111,99,259
111,100,215
111,101,188
111,102,155
111,103,133
111,104,135
111,105,159
111,106,190
111,107,208
111,108,181
111,109,164
111,110,175
111,111,183
111,112,180
111,113,170
111,114,160
111,115,151
111,116,153
111,117,161
111,118,173
111,119,183
111,120,169
111,121,147
111,122,130
111,123,98
111,124,110
111,125,149
111,126,144
111,127,150
112,0,253
112,1,290
112,2,343
112,3,415
112,4,481
112,5,483
112,6,465
112,7,428
112,8,433
112,9,439
112,10,430
112,11,408
112,12,376
112,13,363
112,14,343
112,15,326
112,16,365
112,17,335
112,18,300
112,19,270
112,20,268
112,21,315
112,22,333
112,23,328
112,24,330
112,25,280
112,26,259
112,27,252
112,28,263
112,29,268
112,30,244
112,31,227
112,32,190
112,33,156
112,34,152
112,35,156
112,36,191
112,37,243
112,38,245
112,39,244
112,40,245
112,41,243
112,42,268
112,43,309
112,44,290
112,45,281
112,46,264
112,47,254
112,48,272
112,49,279
112,50,276
112,51,270
112,52,305
112,53,380
112,54,435
112,55,373
112,56,356
112,57,377
112,58,348
112,59,320
112,60,303
112,61,290
112,62,273
112,63,250
112,64,241
112,65,252
112,66,250
112,67,239
112,68,225
112,69,221
112,70,217
112,71,200
112,72,216
112,73,203
112,74,192
112,75,186
112,76,178
112,77,179
112,78,172
112,79,194
112,80,209
112,81,205
112,82,213
112,83,226
112,84,228
112,85,227
112,86,230
112,87,237
112,88,247
112,89,259
112,90,270
112,91,250
112,92,239
112,93,256
112,94,275
112,95,303
112,96,292
112,97,298
112,98,301
112,99,271
112,100,221
112,101,194
112,102,171
112,103,140
112,104,133
112,105,156
112,106,193
112,107,217
112,108,198
112,109,166
112,110,165
112,111,175
112,112,169
112,113,155
112,114,145
112,115,141
112,116,148
112,117,158
112,118,169
112,119,183
112,120,174
112,121,148
112,122,128
112,123,106
112,124,96
112,125,127
112,126,125
112,127,135
113,0,264
113,1,308
113,2,363
113,3,401
113,4,432
113,5,458
113,6,459
113,7,448
113,8,470
113,9,467
113,10,429
113,11,411
113,12,407
113,13,387
113,14,365
113,15,373
113,16,330
113,17,301
113,18,319
113,19,326
113,20,292
113,21,352
113,22,384
113,23,382
113,24,341
113,25,321
113,26,311
113,27,295
113,28,269
113,29,265
113,30,259
113,31,255
113,32,216
113,33,161
113,34,154
113,35,162
113,36,212
113,37,229
113,38,234
113,39,251
113,40,267
113,41,267
113,42,264
113,43,270
113,44,283
113,45,271
113,46,247
113,47,248
113,48,272
113,49,266
113,50,251
113,51,259
113,52,298
113,53,346
113,54,390
113,55,367
113,56,384
113,57,399
113,58,382
113,59,349
113,60,318
113,61,287
113,62,266
113,63,257
113,64,272
113,65,268
113,66,255
113,67,243
113,68,227
113,69,235
113,70,246
113,71,236
113,72,237
113,73,225
113,74,218
113,75,212
113,76,210
113,77,189
113,78,165
113,79,181
113,80,201
113,81,199
113,82,205
113,83,217
113,84,225
113,85,220
113,86,225
113,87,233
113,88,246
113,89,258
113,90,263
113,91,243
113,92,231
113,93,245
113,94,257
113,95,274
113,96,269
113,97,276
113,98,288
113,99,268
113,100,220
113,101,192
113,102,175
113,103,156
113,104,132
113,105,145
113,106,175
113,107,195
113,108,188
113,109,163
113,110,161
113,111,175
113,112,162
113,113,148
113,114,138
113,115,139
113,116,151
113,117,167
113,118,180
113,119,192
113,120,180
113,121,160
113,122,140
113,123,122
113,124,97
113,125,102
113,126,102
113,127,112
114,0,271
114,1,291
114,2,324
114,3,368
114,4,423
114,5,470
114,6,474
114,7,485
114,8,490
114,9,469
114,10,451
114,11,445
114,12,435
114,13,413
114,14,420
114,15,404
114,16,365
114,17,358
114,18,381
114,19,373
114,20,303
114,21,388
114,22,443
114,23,428
114,24,383
114,25,378
114,26,344
114,27,311
114,28,306
114,29,291
114,30,262
114,31,245
114,32,217
114,33,175
114,34,154
114,35,164
114,36,209
114,37,242
114,38,260
114,39,284
114,40,287
114,41,267
114,42,245
114,43,250
114,44,290
114,45,266
114,46,236
114,47,245
114,48,256
114,49,247
114,50,234
114,51,255
114,52,282
114,53,304
114,54,348
114,55,374
114,56,403
114,57,415
114,58,392
114,59,359
114,60,316
114,61,304
114,62,283
114,63,284
114,64,287
114,65,279
114,66,262
114,67,251
114,68,236
114,69,242
114,70,244
114,71,240
114,72,232
114,73,231
114,74,230
114,75,222
114,76,203
114,77,178
114,78,161
114,79,173
114,80,191
114,81,190
114,82,198
114,83,216
114,84,220
114,85,215
114,86,223
114,87,230
114,88,242
114,89,252
114,90,252
114,91,238
114,92,221
114,93,234
114,94,244
114,95,255
114,96,254
114,97,260
114,98,275
114,99,280
114,100,240
114,101,213
114,102,194
114,103,167
114,104,133
114,105,140
114,106,172
114,107,184
114,108,178
114,109,163
114,110,167
114,111,173
114,112,159
114,113,143
114,114,134
114,115,144
114,116,159
114,117,173
114,118,187
114,119,203
114,120,202
114,121,178
114,122,159
114,123,147
114,124,130
114,125,125
114,126,105
114,127,92
115,0,298
115,1,307
115,2,328
115,3,354
115,4,401
115,5,474
115,6,502
115,7,532
115,8,520
115,9,480
115,10,498
115,11,501
115,12,457
115,13,486
115,14,458
115,15,400
115,16,429
115,17,435
115,18,438
115,19,372
115,20,306
115,21,396
115,22,464
115,23,433
115,24,396
115,25,374
115,26,328
115,27,342
115,28,338
115,29,285
115,30,241
115,31,219
115,32,213
115,33,209
115,34,178
115,35,165
115,36,221
115,37,258
115,38,261
115,39,289
115,40,250
115,41,220
115,42,223
115,43,250
115,44,282
115,45,253
115,46,225
115,47,230
115,48,238
115,49,231
115,50,224
115,51,249
115,52,258
115,53,272
115,54,311
115,55,364
115,56,365
115,57,389
115,58,386
115,59,358
115,60,334
115,61,335
115,62,309
115,63,303
115,64,306
115,65,292
115,66,272
115,67,258
115,68,244
115,69,245
115,70,231
115,71,221
115,72,214
115,73,219
115,74,226
115,75,223
115,76,193
115,77,169
115,78,159
115,79,166
115,80,181
115,81,185
115,82,195
115,83,211
115,84,214
115,85,211
115,86,218
115,87,224
115,88,236
115,89,245
115,90,239
115,91,223
115,92,217
115,93,229
115,94,239
115,95,243
115,96,241
115,97,250
115,98,265
115,99,280
115,100,266
115,101,230
115,102,206
115,103,178
115,104,145
115,105,138
115,106,167
115,107,179
115,108,191
115,109,180
115,110,180
115,111,179
115,112,161
115,113,139
115,114,134
115,115,149
115,116,166
115,117,174
115,118,189
115,119,205
115,120,210
115,121,196
115,122,182
115,123,171
115,124,164
115,125,157
115,126,135
115,127,109
116,0,334
116,1,356
116,2,406
116,3,459
116,4,432
116,5,466
116,6,519
116,7,563
116,8,557
116,9,515
116,10,560
116,11,569
116,12,500
116,13,531
116,14,457
116,15,461
116,16,516
116,17,502
116,18,426
116,19,335
116,20,336
116,21,410
116,22,464
116,23,440
116,24,380
116,25,349
116,26,329
116,27,331
116,28,303
116,29,254
116,30,231
116,31,260
116,32,278
116,33,277
116,34,271
116,35,182
116,36,164
116,37,182
116,38,188
116,39,192
116,40,184
116,41,227
116,42,252
116,43,253
116,44,268
116,45,253
116,46,225
116,47,212
116,48,226
116,49,220
116,50,214
116,51,228
116,52,242
116,53,254
116,54,278
116,55,310
116,56,321
116,57,344
116,58,372
116,59,373
116,60,370
116,61,374
116,62,355
116,63,335
116,64,323
116,65,294
116,66,271
116,67,258
116,68,248
116,69,235
116,70,225
116,71,221
116,72,202
116,73,201
116,74,207
116,75,212
116,76,205
116,77,179
116,78,157
116,79,161
116,80,170
116,81,178
116,82,189
116,83,202
116,84,210
116,85,205
116,86,212
116,87,223
116,88,241
116,89,244
116,90,233
116,91,221
116,92,209
116,93,227
116,94,235
116,95,230
116,96,228
116,97,244
116,98,252
116,99,263
116,100,265
116,101,228
116,102,199
116,103,183
116,104,167
116,105,149
116,106,156
116,107,169
116,108,188
116,109,196
116,110,180
116,111,167
116,112,149
116,113,135
116,114,131
116,115,145
116,116,160
116,117,172
116,118,185
116,119,198
116,120,206
116,121,214
116,122,201
116,123,200
116,124,186
116,125,167
116,126,144
116,127,121
117,0,338
117,1,373
117,2,432
117,3,515
117,4,471
117,5,474
117,6,540
117,7,559
117,8,582
117,9,551
117,10,625
117,11,603
117,12,537
117,13,527
117,14,489
117,15,551
117,16,560
117,17,468
117,18,392
117,19,334
117,20,376
117,21,450
117,22,492
117,23,504
117,24,434
117,25,372
117,26,352
117,27,320
117,28,264
117,29,258
117,30,265
117,31,316
117,32,331
117,33,336
117,34,361
117,35,269
117,36,153
117,37,148
117,38,149
117,39,151
117,40,160
117,41,176
117,42,207
117,43,202
117,44,209
117,45,225
117,46,215
117,47,199
117,48,223
117,49,214
117,50,201
117,51,218
117,52,226
117,53,243
117,54,256
117,55,271
117,56,305
117,57,312
117,58,352
117,59,397
117,60,417
117,61,424
117,62,385
117,63,346
117,64,306
117,65,286
117,66,271
117,67,264
117,68,252
117,69,242
117,70,231
117,71,221
117,72,209
117,73,204
117,74,193
117,75,193
117,76,196
117,77,184
117,78,157
117,79,157
117,80,163
117,81,174
117,82,184
117,83,193
117,84,205
117,85,204
117,86,210
117,87,224
117,88,239
117,89,239
117,90,229
117,91,215
117,92,202
117,93,217
117,94,225
117,95,218
117,96,220
117,97,231
117,98,243
117,99,254
117,100,260
117,101,230
117,102,214
117,103,206
117,104,190
117,105,166
117,106,153
117,107,166
117,108,198
117,109,202
117,110,182
117,111,166
117,112,149
117,113,139
117,114,131
117,115,136
117,116,152
117,117,177
117,118,183
117,119,185
117,120,200
117,121,210
117,122,202
117,123,203
117,124,184
117,125,160
117,126,139
117,127,123
118,0,335
118,1,367
118,2,426
118,3,528
118,4,517
118,5,486
118,6,547
118,7,598
118,8,605
118,9,576
118,10,659
118,11,616
118,12,600
118,13,552
118,14,540
118,15,622
118,16,564
118,17,463
118,18,419
118,19,349
118,20,389
118,21,457
118,22,517
118,23,497
118,24,409
118,25,355
118,26,331
118,27,292
118,28,294
118,29,312
118,30,296
118,31,348
118,32,376
118,33,377
118,34,341
118,35,259
118,36,171
118,37,146
118,38,144
118,39,145
118,40,146
118,41,145
118,42,148
118,43,151
118,44,159
118,45,185
118,46,208
118,47,192
118,48,214
118,49,206
118,50,195
118,51,204
118,52,218
118,53,229
118,54,240
118,55,251
118,56,274
118,57,292
118,58,328
118,59,380
118,60,426
118,61,440
118,62,393
118,63,345
118,64,295
118,65,278
118,66,269
118,67,265
118,68,255
118,69,245
118,70,232
118,71,231
118,72,230
118,73,229
118,74,201
118,75,178
118,76,180
118,77,176
118,78,155
118,79,153
118,80,160
118,81,169
118,82,179
118,83,187
118,84,201
118,85,206
118,86,210
118,87,222
118,88,223
118,89,226
118,90,228
118,91,217
118,92,197
118,93,210
118,94,221
118,95,210
118,96,222
118,97,229
118,98,234
118,99,245
118,100,258
118,101,250
118,102,241
118,103,223
118,104,197
118,105,176
118,106,156
118,107,177
118,108,204
118,109,209
118,110,191
118,111,174
118,112,160
118,113,149
118,114,144
118,115,139
118,116,137
118,117,164
118,118,169
118,119,177
118,120,192
118,121,193
118,122,185
118,123,186
118,124,179
118,125,157
118,126,134
118,127,116
119,0,337
119,1,370
119,2,412
119,3,492
119,4,566
119,5,522
119,6,524
119,7,609
119,8,642
119,9,602
119,10,680
119,11,674
119,12,666
119,13,581
119,14,556
119,15,627
119,16,551
119,17,520
119,18,488
119,19,374
119,20,383
119,21,446
119,22,498
119,23,448
119,24,399
119,25,390
119,26,339
119,27,300
119,28,312
119,29,328
119,30,336
119,31,375
119,32,378
119,33,320
119,34,264
119,35,239
119,36,213
119,37,164
119,38,149
119,39,148
119,40,147
119,41,144
119,42,142
119,43,142
119,44,145
119,45,160
119,46,197
119,47,188
119,48,206
119,49,195
119,50,181
119,51,190
119,52,208
119,53,216
119,54,224
119,55,234
119,56,254
119,57,275
119,58,301
119,59,355
119,60,424
119,61,448
119,62,405
119,63,341
119,64,295
119,65,278
119,66,272
119,67,277
119,68,270
119,69,261
119,70,261
119,71,266
119,72,248
119,73,232
119,74,210
119,75,186
119,76,167
119,77,166
119,78,154
119,79,150
119,80,155
119,81,165
119,82,175
119,83,182
119,84,195
119,85,199
119,86,201
119,87,208
119,88,207
119,89,216
119,90,222
119,91,215
119,92,195
119,93,201
119,94,213
119,95,205
119,96,231
119,97,229
119,98,224
119,99,231
119,100,241
119,101,257
119,102,255
119,103,230
119,104,200
119,105,176
119,106,154
119,107,173
119,108,208
119,109,218
119,110,194
119,111,170
119,112,158
119,113,157
119,114,154
119,115,146
119,116,122
119,117,144
119,118,161
119,119,175
119,120,183
119,121,180
119,122,176
119,123,165
119,124,165
119,125,152
119,126,126
119,127,108
120,0,348
120,1,384
120,2,431
120,3,471
120,4,538
120,5,555
120,6,537
120,7,572
120,8,650
120,9,638
120,10,655
120,11,681
120,12,652
120,13,597
120,14,578
120,15,607
120,16,551
120,17,558
120,18,528
120,19,429
120,20,360
120,21,417
120,22,448
120,23,462
120,24,430
120,25,401
120,26,345
120,27,356
120,28,365
120,29,354
120,30,382
120,31,415
120,32,391
120,33,354
120,34,310
120,35,290
120,36,254
120,37,218
120,38,181
120,39,168
120,40,157
120,41,155
120,42,154
120,43,148
120,44,142
120,45,143
120,46,161
120,47,187
120,48,195
120,49,180
120,50,182
120,51,193
120,52,198
120,53,211
120,54,223
120,55,244
120,56,266
120,57,291
120,58,318
120,59,355
120,60,419
120,61,445
120,62,401
120,63,346
120,64,304
120,65,290
120,66,285
120,67,278
120,68,263
120,69,253
120,70,259
120,71,261
120,72,244
120,73,224
120,74,207
120,75,201
120,76,180
120,77,161
120,78,153
120,79,148
120,80,150
120,81,159
120,82,169
120,83,175
120,84,185
120,85,193
120,86,193
120,87,190
120,88,195
120,89,207
120,90,210
120,91,205
120,92,194
120,93,189
120,94,200
120,95,207
120,96,235
120,97,229
120,98,217
120,99,213
120,100,219
120,101,239
120,102,255
120,103,234
120,104,198
120,105,173
120,106,160
120,107,176
120,108,201
120,109,222
120,110,207
120,111,174
120,112,161
120,113,167
120,114,152
120,115,127
120,116,115
120,117,147
120,118,164
120,119,166
120,120,166
120,121,169
120,122,171
120,123,161
120,124,142
120,125,135
120,126,116
120,127,100
121,0,360
121,1,391
121,2,454
121,3,517
121,4,532
121,5,585
121,6,594
121,7,564
121,8,620
121,9,658
121,10,642
121,11,605
121,12,580
121,13,557
121,14,563
121,15,581
121,16,500
121,17,456
121,18,447
121,19,401
121,20,359
121,21,406
121,22,456
121,23,467
121,24,423
121,25,394
121,26,382
121,27,402
121,28,405
121,29,406
121,30,421
121,31,407
121,32,384
121,33,381
121,34,362
121,35,323
121,36,279
121,37,251
121,38,221
121,39,197
121,40,179
121,41,176
121,42,171
121,43,158
121,44,147
121,45,142
121,46,151
121,47,174
121,48,195
121,49,187
121,50,174
121,51,187
121,52,213
121,53,216
121,54,225
121,55,247
121,56,270
121,57,282
121,58,314
121,59,370
121,60,431
121,61,447
121,62,409
121,63,368
121,64,319
121,65,301
121,66,290
121,67,280
121,68,270
121,69,261
121,70,245
121,71,230
121,72,225
121,73,215
121,74,201
121,75,188
121,76,175
121,77,167
121,78,156
121,79,148
121,80,146
121,81,151
121,82,162
121,83,169
121,84,177
121,85,188
121,86,195
121,87,185
121,88,189
121,89,194
121,90,192
121,91,191
121,92,190
121,93,184
121,94,194
121,95,207
121,96,236
121,97,238
121,98,230
121,99,215
121,100,207
121,101,223
121,102,242
121,103,233
121,104,209
121,105,195
121,106,171
121,107,164
121,108,176
121,109,213
121,110,216
121,111,178
121,112,150
121,113,154
121,114,143
121,115,118
121,116,113
121,117,140
121,118,148
121,119,150
121,120,155
121,121,161
121,122,160
121,123,153
121,124,140
121,125,127
121,126,110
121,127,94
122,0,363
122,1,390
122,2,431
122,3,496
122,4,573
122,5,622
122,6,658
122,7,606
122,8,661
122,9,703
122,10,687
122,11,630
122,12,592
122,13,545
122,14,519
122,15,534
122,16,517
122,17,445
122,18,422
122,19,398
122,20,364
122,21,414
122,22,481
122,23,502
122,24,471
122,25,428
122,26,421
122,27,443
122,28,451
122,29,417
122,30,396
122,31,374
122,32,366
122,33,350
122,34,327
122,35,303
122,36,274
122,37,266
122,38,254
122,39,235
122,40,215
122,41,211
122,42,203
122,43,176
122,44,154
122,45,144
122,46,149
122,47,169
122,48,257
122,49,235
122,50,189
122,51,183
122,52,198
122,53,207
122,54,223
122,55,248
122,56,280
122,57,292
122,58,321
122,59,374
122,60,427
122,61,462
122,62,434
122,63,402
122,64,347
122,65,312
122,66,292
122,67,279
122,68,266
122,69,254
122,70,246
122,71,246
122,72,242
122,73,221
122,74,202
122,75,188
122,76,179
122,77,175
122,78,172
122,79,160
122,80,145
122,81,144
122,82,154
122,83,161
122,84,169
122,85,178
122,86,186
122,87,185
122,88,178
122,89,179
122,90,178
122,91,174
122,92,176
122,93,174
122,94,193
122,95,214
122,96,239
122,97,245
122,98,237
122,99,223
122,100,200
122,101,207
122,102,227
122,103,243
122,104,238
122,105,224
122,106,196
122,107,165
122,108,170
122,109,211
122,110,227
122,111,190
122,112,147
122,113,137
122,114,134
122,115,109
122,116,111
122,117,127
122,118,141
122,119,147
122,120,154
122,121,147
122,122,141
122,123,135
122,124,128
122,125,118
122,126,104
122,127,88
123,0,359
123,1,384
123,2,425
123,3,485
123,4,594
123,5,683
123,6,688
123,7,638
123,8,693
123,9,753
123,10,690
123,11,613
123,12,574
123,13,568
123,14,518
123,15,487
123,16,499
123,17,465
123,18,433
123,19,399
123,20,403
123,21,405
123,22,473
123,23,517
123,24,478
123,25,449
123,26,480
123,27,484
123,28,479
123,29,425
123,30,384
123,31,343
123,32,331
123,33,348
123,34,346
123,35,320
123,36,259
123,37,252
123,38,267
123,39,283
123,40,266
123,41,274
123,42,277
123,43,228
123,44,179
123,45,151
123,46,147
123,47,180
123,48,292
123,49,295
123,50,228
123,51,204
123,52,193
123,53,224
123,54,238
123,55,252
123,56,289
123,57,317
123,58,341
123,59,394
123,60,428
123,61,468
123,62,462
123,63,435
123,64,403
123,65,339
123,66,298
123,67,278
123,68,263
123,69,267
123,70,273
123,71,284
123,72,269
123,73,236
123,74,217
123,75,202
123,76,196
123,77,184
123,78,172
123,79,167
123,80,155
123,81,142
123,82,143
123,83,149
123,84,158
123,85,167
123,86,177
123,87,186
123,88,188
123,89,189
123,90,186
123,91,172
123,92,161
123,93,167
123,94,189
123,95,210
123,96,239
123,97,236
123,98,228
123,99,217
123,100,202
123,101,195
123,102,218
123,103,248
123,104,249
123,105,220
123,106,175
123,107,157
123,108,172
123,109,202
123,110,221
123,111,197
123,112,149
123,113,122
123,114,113
123,115,98
123,116,115
123,117,135
123,118,150
123,119,156
123,120,142
123,121,132
123,122,126
123,123,120
123,124,115
123,125,109
123,126,99
123,127,85
124,0,373
124,1,398
124,2,423
124,3,463
124,4,538
124,5,579
124,6,605
124,7,651
124,8,655
124,9,688
124,10,665
124,11,600
124,12,544
124,13,522
124,14,508
124,15,468
124,16,444
124,17,459
124,18,439
124,19,415
124,20,467
124,21,444
124,22,500
124,23,528
124,24,501
124,25,501
124,26,523
124,27,527
124,28,461
124,29,436
124,30,409
124,31,365
124,32,309
124,33,299
124,34,309
124,35,319
124,36,266
124,37,212
124,38,200
124,39,212
124,40,212
124,41,224
124,42,243
124,43,238
124,44,176
124,45,160
124,46,146
124,47,185
124,48,345
124,49,338
124,50,276
124,51,268
124,52,213
124,53,223
124,54,233
124,55,255
124,56,305
124,57,334
124,58,369
124,59,434
124,60,494
124,61,518
124,62,517
124,63,502
124,64,442
124,65,389
124,66,326
124,67,289
124,68,283
124,69,280
124,70,273
124,71,271
124,72,257
124,73,239
124,74,227
124,75,212
124,76,200
124,77,192
124,78,191
124,79,191
124,80,190
124,81,160
124,82,139
124,83,140
124,84,147
124,85,159
124,86,168
124,87,178
124,88,190
124,89,197
124,90,192
124,91,175
124,92,155
124,93,168
124,94,195
124,95,220
124,96,242
124,97,234
124,98,220
124,99,206
124,100,194
124,101,186
124,102,196
124,103,222
124,104,240
124,105,210
124,106,178
124,107,168
124,108,195
124,109,210
124,110,206
124,111,178
124,112,149
124,113,127
124,114,104
124,115,94
124,116,113
124,117,132
124,118,147
124,119,142
124,120,123
124,121,117
124,122,114
124,123,106
124,124,95
124,125,91
124,126,85
124,127,76
125,0,341
125,1,368
125,2,401
125,3,441
125,4,476
125,5,500
125,6,540
125,7,566
125,8,585
125,9,633
125,10,635
125,11,603
125,12,560
125,13,543
125,14,510
125,15,481
125,16,440
125,17,427
125,18,437
125,19,469
125,20,482
125,21,484
125,22,551
125,23,549
125,24,509
125,25,516
125,26,511
125,27,493
125,28,452
125,29,398
125,30,374
125,31,341
125,32,291
125,33,267
125,34,253
125,35,249
125,36,241
125,37,229
125,38,226
125,39,218
125,40,207
125,41,196
125,42,193
125,43,192
125,44,162
125,45,154
125,46,147
125,47,205
125,48,354
125,49,359
125,50,331
125,51,329
125,52,239
125,53,225
125,54,238
125,55,264
125,56,302
125,57,333
125,58,366
125,59,413
125,60,472
125,61,535
125,62,540
125,63,481
125,64,425
125,65,393
125,66,343
125,67,304
125,68,287
125,69,273
125,70,259
125,71,247
125,72,240
125,73,227
125,74,214
125,75,203
125,76,191
125,77,187
125,78,180
125,79,176
125,80,182
125,81,177
125,82,150
125,83,136
125,84,141
125,85,151
125,86,161
125,87,171
125,88,184
125,89,190
125,90,190
125,91,178
125,92,157
125,93,164
125,94,192
125,95,217
125,96,238
125,97,229
125,98,217
125,99,212
125,100,208
125,101,191
125,102,177
125,103,192
125,104,215
125,105,198
125,106,169
125,107,169
125,108,210
125,109,209
125,110,181
125,111,168
125,112,139
125,113,120
125,114,101
125,115,91
125,116,111
125,117,134
125,118,143
125,119,135
125,120,110
125,121,106
125,122,106
125,123,97
125,124,79
125,125,76
125,126,75
125,127,75
126,0,339
126,1,362
126,2,385
126,3,410
126,4,432
126,5,451
126,6,479
126,7,498
126,8,555
126,9,596
126,10,604
126,11,609
126,12,592
126,13,572
126,14,523
126,15,485
126,16,449
126,17,455
126,18,497
126,19,532
126,20,488
126,21,513
126,22,552
126,23,522
126,24,466
126,25,448
126,26,436
126,27,436
126,28,436
126,29,400
126,30,347
126,31,298
126,32,256
126,33,250
126,34,258
126,35,284
126,36,282
126,37,267
126,38,288
126,39,265
126,40,279
126,41,256
126,42,237
126,43,234
126,44,187
126,45,149
126,46,173
126,47,259
126,48,403
126,49,417
126,50,393
126,51,361
126,52,265
126,53,244
126,54,248
126,55,265
126,56,290
126,57,320
126,58,348
126,59,379
126,60,433
126,61,479
126,62,524
126,63,493
126,64,437
126,65,413
126,66,378
126,67,325
126,68,287
126,69,270
126,70,254
126,71,247
126,72,235
126,73,223
126,74,214
126,75,205
126,76,201
126,77,200
126,78,187
126,79,176
126,80,165
126,81,167
126,82,160
126,83,141
126,84,134
126,85,144
126,86,155
126,87,163
126,88,174
126,89,181
126,90,188
126,91,182
126,92,164
126,93,163
126,94,187
126,95,213
126,96,229
126,97,225
126,98,225
126,99,231
126,100,234
126,101,218
126,102,189
126,103,172
126,104,179
126,105,156
126,106,145
126,107,180
126,108,206
126,109,189
126,110,144
126,111,150
126,112,141
126,113,117
126,114,102
126,115,86
126,116,101
126,117,118
126,118,120
126,119,124
126,120,101
126,121,92
126,122,94
126,123,85
126,124,76
126,125,83
126,126,85
126,127,85
127,0,342
127,1,360
127,2,376
127,3,405
127,4,437
127,5,463
127,6,505
127,7,527
127,8,560
127,9,573
127,10,577
127,11,599
127,12,610
127,13,584
127,14,526
127,15,509
127,16,476
127,17,484
127,18,534
127,19,526
127,20,522
127,21,546
127,22,520
127,23,475
127,24,434
127,25,403
127,26,379
127,27,385
127,28,386
127,29,349
127,30,290
127,31,265
127,32,297
127,33,305
127,34,321
127,35,344
127,36,296
127,37,317
127,38,332
127,39,310
127,40,338
127,41,316
127,42,293
127,43,277
127,44,212
127,45,151
127,46,208
127,47,341
127,48,479
127,49,469
127,50,430
127,51,380
127,52,290
127,53,257
127,54,254
127,55,275
127,56,299
127,57,320
127,58,340
127,59,355
127,60,415
127,61,471
127,62,498
127,63,510
127,64,455
127,65,425
127,66,393
127,67,344
127,68,300
127,69,281
127,70,267
127,71,258
127,72,243
127,73,232
127,74,225
127,75,218
127,76,209
127,77,200
127,78,185
127,79,171
127,80,156
127,81,151
127,82,149
127,83,149
127,84,133
127,85,134
127,86,145
127,87,157
127,88,165
127,89,173
127,90,182
127,91,186
127,92,178
127,93,167
127,94,182
127,95,206
127,96,214
127,97,211
127,98,232
127,99,259
127,100,270
127,101,242
127,102,207
127,103,178
127,104,154
127,105,138
127,106,161
127,107,204
127,108,194
127,109,155
127,110,118
127,111,133
127,112,134
127,113,118
127,114,107
127,115,84
127,116,90
127,117,97
127,118,96
127,119,104
127,120,88
127,121,79
127,122,86
127,123,84
127,124,85
127,125,98
127,126,107
127,127,100
