x,y,Ind,Men,Men_1ind,Men_5ind,Men_coll,Men_fmp,Men_mais,Men_pauv,Men_prop,Men_surf,imputed
0,33,18,6.3,3.4,2.3,0,0,6.3,2.3,4.1,613.8,2
0,38,6,2.7,0.7,0.1,0.8,0.7,1.9,0.4,1.2,268.7,1
0,71,4,2.8,1.5,0,0,0,2.8,1.2,2.2,269.5,1
0,72,4,1.9,0.7,0.3,0,0,1.9,0.3,1.6,183.1,2
0,93,3,1.3,0.4,0.1,0.1,0.1,1.2,0,1.1,129.8,2
0,94,1,0.4,0.1,0,0,0,0.4,0,0.4,43.3,1
0,96,13,5.6,1.9,0.5,0.3,0.5,5.3,0.3,4.8,562.4,1
0,97,10,3.4,0.5,0,0,0,3.4,0.5,2.7,357.3,2
0,107,16,5.6,1.5,0.7,1.5,0.2,4.1,0,3.3,529.9,1
0,111,2,0.9,0.2,0,0,0.1,0.9,0,0.6,98.2,1
0,116,2,1,0.5,0,0,0,1,0.1,0.9,113,1
0,117,4,1.8,0.6,0.2,0,0,1.8,0.2,1.4,200.2,1
0,125,7,3.3,1.2,0.3,0.9,0.3,2.4,0.2,2.4,385.4,3
0,126,6,3,1.3,0.1,1,0.1,2,0.3,2.2,334,2
0,127,132,63.6,22.3,2.2,9,2.5,54.6,5.2,53.4,6094.3,1
1,23,1,0.5,0.3,0,0,0,0.5,0.1,0.5,63,1
1,41,7,3.1,0.8,0.1,1,0.8,2.1,0.4,1.4,313.5,2
1,71,2,1.4,0.8,0,0,0,1.4,0.6,1.1,134.8,1
1,78,9,4.2,1.6,0.5,0,0,4.2,0.5,3.5,411.9,1
1,96,1,0.4,0.1,0,0,0,0.4,0,0.4,43.3,1
1,97,12,4.1,0.6,0,0,0,4.1,0.6,3.2,428.8,2
1,107,30,10.4,2.8,1.4,2.7,0.3,7.7,0,6.3,993.4,2
1,114,4,2,1.1,0.1,0,0,2,0.2,1.8,226,1
1,115,4,2,1.1,0.1,0,0,2,0.2,1.8,226,1
1,118,7,2.9,1,0.4,0.4,0,2.5,0.2,2.3,393.9,1
1,120,2,0.8,0.3,0.1,0.1,0,0.7,0.1,0.6,112.5,1
1,121,8,3.3,1.2,0.5,0.5,0,2.8,0.2,2.6,450.1,1
1,125,10,4,1.3,0.7,0.3,0.7,3.7,0.3,3,539.7,1
1,126,1,0.4,0.1,0.1,0,0.1,0.4,0,0.3,54,1
1,127,26,10.5,2.7,1.5,1.5,0,9,0.6,6.3,1207.2,4
2,17,2,1,0.6,0.1,0,0,1,0.3,1,125.9,1
2,41,32,14.2,3.5,0.6,4.3,3.5,9.9,2.1,6.4,1433,3
2,42,10,4.1,0.9,0.5,0.5,0.6,3.6,1,3,399.9,2
2,56,15,9,3.9,0,0,1.4,9,0.9,7.4,898.4,3
2,63,2,1.4,0.8,0,0,0,1.4,0.6,1.1,134.8,1
2,76,7,3.2,1.3,0.4,0,0,3.2,0.4,2.7,320.3,2
2,77,2,0.9,0.4,0.1,0,0,0.9,0.1,0.8,91.5,1
2,79,1,0.5,0.2,0.1,0,0,0.5,0.1,0.4,45.8,1
2,84,2,0.9,0.2,0.1,0.1,0.1,0.8,0.1,0.6,87.5,1
2,97,7,2.4,0.3,0,0,0,2.4,0.3,1.9,250.1,1
2,104,2,0.9,0.2,0,0,0.1,0.9,0,0.6,98.2,1
2,106,2,0.9,0.2,0,0,0.1,0.9,0,0.6,98.2,1
2,107,40,14,3.7,1.8,3.7,0.5,10.3,0,8.3,1324.7,2
2,121,8,3.3,1.2,0.5,0.5,0,2.8,0.2,2.6,450.1,1
2,125,8,3.2,1.1,0.5,0.3,0.5,2.9,0.3,2.4,431.7,1
2,126,5,2,0.7,0.3,0.2,0.3,1.8,0.2,1.5,269.8,1
2,127,11,4.5,1.2,0.6,0.6,0,3.9,0.3,2.7,510.8,1
3,6,3,1.1,0.3,0.2,0,0.1,1.1,0.2,0.8,123,1
3,7,4,1.4,0.4,0.2,0,0.1,1.4,0.2,1,164,1
3,17,4,2.1,1.2,0.1,0,0,2.1,0.6,1.9,251.9,1
3,47,7,2.9,0.6,0.3,0.3,0.4,2.6,0.7,2.1,279.9,1
3,56,2,1.2,0.5,0,0,0.2,1.2,0.1,1,119.8,1
3,76,1,0.5,0.2,0.1,0,0,0.5,0.1,0.4,45.8,1
3,80,6,2.7,1.1,0.3,0,0,2.7,0.3,2.3,274.6,2
3,90,8,3.6,0.8,0.2,0.4,0.2,3.2,0.4,2.6,350,2
3,97,11,4.7,1.5,0.4,0.2,0.4,4.5,0.3,4,475.9,2
3,98,6,2.6,0.9,0.2,0.1,0.2,2.5,0.1,2.2,259.6,1
3,104,1,0.4,0.1,0,0,0,0.4,0.1,0.4,43.2,1
3,105,9,3.5,0.6,0.2,0.2,0.3,3.3,0.5,3.2,389.2,2
3,106,11,4.4,0.8,0.2,0.2,0.3,4.2,0.6,3.9,475.7,4
3,107,2,0.8,0.3,0.1,0.3,0.1,0.5,0.2,0.3,92.2,1
3,117,8,3.9,2.1,0.2,0,0,3.9,0.4,3.5,451.9,1
3,126,47.5,17.4,1.9,0.9,2.4,2.5,15,0.9,14.6,1952.1,3
3,127,132,50.4,6.8,3.8,1.5,3.6,48.9,2.5,47.9,5979.6,1
4,4,9,3.2,0.9,0.5,0,0.2,3.2,0.5,2.3,369,1
4,9,14,5.1,1.4,0.8,0,0.4,5.1,0.8,3.6,574,4
4,33,13,4.6,2.6,1.7,0,0,4.6,1.7,3,443.3,2
4,71,22,10.3,4.5,0.7,2.6,0,7.7,1.3,7.7,839.3,2
4,72,3,1.4,0.6,0.2,0,0,1.4,0.2,1.2,137.3,2
4,82,8,3.7,0.9,0.2,0.5,0.2,3.2,0.5,2.6,350.1,2
4,92,2,0.9,0.3,0.1,0.1,0.1,0.8,0,0.7,86.5,1
4,102,80,30.1,7.9,3.2,3.9,4.2,26.2,3.8,23.7,2994.3,2
4,103,54,18.2,4.5,2.6,5.5,1.6,12.7,2.9,13,1932,1
4,104,21,8.2,1.6,0.5,0.4,0.7,7.8,1.3,7.4,908.5,2
4,105,65.5,25.5,4.8,1.4,0.8,1.9,24.7,3.8,23.2,2832.4,4
4,106,62,26.5,4.2,0.7,0.4,2,26.1,1.9,24.3,2784.7,3
4,107,47,17.7,5.6,2.4,2.6,1.4,15.1,2.3,11.6,1894.3,2
4,116,2,1.2,0.4,0,0.3,0.1,0.9,0.4,0.9,109.8,1
4,117,1,0.5,0.3,0,0,0,0.5,0,0.4,56.5,1
4,124,5,1.8,0.2,0.1,0.2,0.3,1.6,0.1,1.5,205.5,1
4,125,13,4.8,0.5,0.2,0.7,0.7,4.1,0.2,4,534.3,2
4,126,147.5,63.5,19.3,2.2,7,5,56.5,6.2,43.1,6166.8,3
4,127,25,9.6,2.1,0.9,0.6,0.8,9,0.5,7.8,1135.9,3
5,9,84,45.6,27.4,2.8,16.3,2.3,29.3,11.3,23.1,3643.3,1
5,10,2,0.7,0.2,0.1,0,0.1,0.7,0.1,0.5,82,1
5,51,7,2.8,0.7,0.3,0.3,0.4,2.5,0.7,2.1,279.9,2
5,52,10,6,2.6,0,0,0.9,6,0.6,4.9,598.9,1
5,58,1,0.6,0.3,0,0,0.1,0.6,0.1,0.5,59.9,1
5,66,1,0.7,0.4,0,0,0,0.7,0.3,0.6,67.4,1
5,71,11,5.2,2.3,0.3,1.3,0,3.9,0.7,3.9,419.6,2
5,72,1,0.5,0.2,0.1,0,0,0.5,0.1,0.4,45.8,1
5,90,4,1.8,0.4,0.1,0.2,0.1,1.6,0.2,1.3,175,1
5,92,4,1.7,0.6,0.2,0.1,0.2,1.6,0.1,1.5,173.1,1
5,102,174.5,77.2,26.9,6.2,26.2,10.2,51,13.3,37.2,6736.5,2
5,103,259.5,128,53,11,45,17,83,15,72,10177,0
5,104,10,4.2,1,0,0.5,0,3.7,0,3.1,401.7,1
5,115,23,11.7,4.7,0.4,2.7,1.3,9,2.9,8.8,1152.6,2
5,116,27,12.6,5.3,0.6,2.8,1.2,9.8,2.1,9.6,1292.2,2
5,123,3,1.1,0.1,0.1,0.2,0.2,0.9,0.1,0.9,123.3,1
5,124,1,0.4,0,0,0.1,0.1,0.3,0,0.3,41.1,1
5,125,75,26.8,1.3,3.5,0.9,2.6,25.9,1.6,24.4,3147.3,2
5,126,57,19.1,1.5,1.3,0.7,1.7,18.4,0.3,18.3,2211.4,1
5,127,19,7.3,1.5,0.7,0.4,0.6,6.9,0.4,5.9,863.3,1
6,8,24,8.6,3.3,2.1,0.6,0.7,8,0.7,7.4,956,3
6,9,57,29.8,11.2,0.1,4.2,2.5,25.6,4.5,25.3,2701.2,3
6,10,7,3.6,1,0,0.8,0.6,2.8,0.6,3.1,317.7,2
6,58,4,2.4,1,0,0,0.3,2.4,0.2,1.9,239.5,1
6,80,3,1.4,0.5,0.2,0,0,1.4,0.2,1.2,137.3,1
6,81,2,0.9,0.4,0.1,0,0,0.9,0.1,0.8,91.5,1
6,84,4,1.9,0.4,0.1,0.3,0.1,1.6,0.3,1.3,175.1,2
6,101,2,0.9,0.3,0.1,0.1,0.1,0.8,0,0.7,86.5,1
6,102,51,23.5,7,0,11,3,12.5,2,11.1,2088.4,1
6,103,73,23.4,2.1,4,7,2,16.4,2,17.3,2684.2,1
6,104,82.5,33.4,8.3,1.5,4.7,0.5,28.7,0.5,27.2,3383.7,3
6,105,4,1.4,0.2,0.1,0,0.1,1.4,0.1,1.3,168.1,1
6,106,1,0.4,0.1,0,0,0,0.4,0,0.3,42,1
6,114,8,3.3,1.5,0.3,0.7,0.3,2.6,0.1,2.5,359.2,1
6,115,4,1.7,0.7,0.1,0.4,0.1,1.3,0.1,1.3,179.6,1
6,116,8,3.3,1.5,0.3,0.7,0.3,2.6,0.1,2.5,359.2,1
6,125,82.5,29.6,6.6,2.5,0.8,1.2,28.8,3.8,27,3394.1,1
6,126,51,20.4,4.3,1.2,2.1,0.4,18.3,2.2,16.1,2416.2,3
7,0,3,1.5,0.6,0,0.2,0.2,1.3,0.5,0.9,118.8,1
7,7,1,0.4,0.1,0.1,0,0,0.4,0,0.3,39.8,1
7,70,1,0.5,0.2,0,0.1,0,0.4,0.1,0.4,38.1,1
7,98,6,2.6,0.9,0.2,0.1,0.2,2.5,0.1,2.2,259.6,1
7,104,17,6,1.1,0.5,0,0.5,6,0.5,5.5,714.4,1
7,106,59,20.8,3.7,1.9,0,1.9,20.8,1.9,18.9,2479.2,3
7,107,56,18.9,5.4,1.8,0,0.9,18.9,0,16.2,2148.7,2
7,108,6,2,0.6,0.2,0,0.1,2,0,1.7,230.2,1
7,111,18,7.5,3,0.5,3,0.5,4.5,1.5,3,829.5,2
7,114,15,7.2,2.9,0.3,1.7,0.7,5.5,1.3,5.4,723.4,2
7,117,3,1.5,0.8,0.1,0,0,1.5,0.1,1.3,169.5,1
7,118,5,2.5,1.4,0.1,0,0,2.5,0.2,2.2,282.5,2
7,119,14,6.8,3.7,0.2,0,0,6.8,0.7,6.1,790.8,3
7,124,6,2.4,0.5,0.2,0.3,0.1,2.1,0.3,1.9,284.3,1
7,125,31,12.4,2.7,0.9,1.3,0.2,11.1,1.3,9.7,1468.7,3
7,127,1,0.3,0,0.1,0.1,0,0.2,0,0.2,34.8,1
8,7,21,10.7,5.5,0.3,0.3,0.9,10.4,2.1,7.6,963,1
8,8,38,19.3,9.9,0.5,0.6,1.6,18.7,3.8,13.7,1742.6,3
8,59,13,6,1.8,0.3,0.8,0,5.2,1.1,4.9,544.2,3
8,60,11,5,1.6,0.3,0.6,0,4.4,0.9,4.1,460.4,1
8,68,2,1.2,0.5,0,0.2,0.1,1,0.2,1,107.2,1
8,69,2,1.2,0.5,0,0.2,0.1,1,0.2,1,107.2,1
8,70,2,1.2,0.5,0,0.2,0.1,1,0.2,1,107.2,1
8,106,45,20.7,5.6,0.8,2.2,1.4,18.5,2.3,13.4,1872.2,2
8,107,106,43.4,14.2,3.2,3.3,2,40.1,4,33,4014.7,1
8,108,3,1.3,0.3,0,0.3,0.2,1,0.2,0.7,131.9,1
8,111,5,2.1,0.4,0.1,0.5,0.4,1.6,0.4,1.1,219.9,1
8,114,53,20.6,2.9,0,1.9,1.9,18.7,4,15.7,1948.3,3
8,115,1,0.4,0.1,0,0,0,0.4,0.1,0.3,36.8,1
9,47,6,2.4,1,0.2,0.1,0.1,2.3,1.2,1.8,255.1,2
9,66,2,1.2,0.5,0,0.2,0.1,1,0.2,1,107.2,1
9,82,8,3.4,0.8,0,0.6,0.2,2.8,0.2,2.3,411,1
9,106,22.5,9,1.5,0.8,1.1,0.4,7.9,1.2,6.1,922.7,2
9,107,40,16.7,3.6,0.6,4,3.1,12.7,3.1,9.2,1759,3
10,1,3,1.9,1.1,0.1,0.1,0.1,1.8,0.3,1.2,134.9,1
10,61,2,0.9,0.3,0.1,0.1,0,0.8,0.2,0.7,83.7,1
10,66,12,7.1,3.1,0,0.9,0.4,6.2,1.3,5.8,643.1,1
10,94,4,1.5,0.3,0,0,0.1,1.5,0.3,1.3,147.7,1
10,110,2,0.8,0.2,0,0.2,0.2,0.6,0.2,0.5,87.9,1
11,4,2,1,0.5,0,0,0.1,1,0.2,0.7,91.7,1
11,5,1,0.5,0.3,0,0,0,0.5,0.1,0.4,45.9,1
11,15,7,3.2,1.3,0.3,1,0.3,2.2,0.5,1.8,241.2,1
11,22,1,0.4,0,0,0,0,0.4,0.1,0.3,43.4,1
11,23,11,4.2,0.4,0,0.3,0.4,3.9,0.6,3.5,477.9,2
11,31,8,3,0.2,0,0.2,0.2,2.8,0.5,2.6,347.5,2
11,58,3,1.4,0.7,0.2,0.3,0,1.1,0.3,1.1,134.7,1
11,73,4,2.4,1.1,0,1.2,0,1.2,0.5,1.6,229.6,1
11,78,2,1.2,0.5,0,0.6,0,0.6,0.2,0.8,114.8,1
11,118,3,1.2,0.3,0.1,0,0.1,1.2,0.5,0.8,120.5,1
11,119,7,2.8,0.6,0.2,0,0.2,2.8,1.1,1.9,281.3,1
12,4,4,2,1,0.1,0,0.2,2,0.4,1.4,183.4,1
12,16,8,3.7,1.5,0.3,1.2,0.3,2.5,0.6,2.1,275.7,1
12,30,10,3.8,0.3,0,0.3,0.3,3.5,0.6,3.2,434.4,1
12,42,21,11,5,0,1,2,10,3,6,1068,2
12,58,43,19.7,10.3,2.8,3.8,0,15.9,4.7,15.9,1931.2,4
12,68,2,1.2,0.5,0,0.2,0.1,1,0.2,1,107.2,1
12,96,40.5,15.5,2.7,0,0,0.9,15.5,2.7,12.7,1495.3,3
12,103,13,5.2,0.8,0.5,0.6,0.2,4.6,0.7,3.5,533.1,2
12,109,16,6.7,1.4,0.2,1.6,1.2,5.1,1.2,3.6,703.6,1
12,118,3,1.2,0.3,0.1,0,0.1,1.2,0.5,0.8,120.6,2
12,121,2,0.8,0.2,0.1,0,0.1,0.8,0.3,0.5,80.4,1
12,122,35,12.3,1.9,1.9,0.6,1.9,11.7,1.3,9.8,1392.9,3
12,123,19,6.7,1.1,1.1,0.4,1.1,6.3,0.7,5.3,756.2,3
13,83,2,0.8,0.2,0.1,0,0,0.8,0,0.8,77.7,1
13,84,5,2,0.6,0.2,0,0,2,0,1.9,194.2,1
13,108,15,6,1,0.3,0.5,0.8,5.5,0.2,4.3,564.3,1
13,109,49,21.7,8,0.3,4.4,0.6,17.3,3.2,15.1,2107.3,3
13,117,4,1.6,0.4,0.1,0,0.1,1.6,0.6,1.1,160.7,1
13,118,6,2.4,0.6,0.2,0,0.2,2.4,1,1.6,241,2
13,124,7,3.5,2,0.2,0.7,0.2,2.8,0.9,2.6,343.7,3
13,126,4,2,1,0.2,0.4,0.2,1.6,0.6,1.4,196.4,2
14,108,33,13.2,2.1,0.6,1.2,1.8,12,0.4,9.5,1241.4,4
14,109,41,15.5,2.8,0.9,0.9,1.8,14.6,0.7,11.2,1485.5,3
14,110,2,0.7,0.1,0,0,0,0.7,0,0.5,67.7,1
14,120,5,2,0.5,0.2,0,0.2,2,0.8,1.4,200.9,1
15,5,2,1,0.6,0,0,0,1,0.2,0.8,91.8,2
15,6,1,0.5,0.3,0,0,0,0.5,0.1,0.4,45.9,1
15,20,5,2.3,0.9,0.2,0.7,0.2,1.6,0.4,1.3,172.3,1
15,21,41,21.8,8.1,0.2,8.9,3.2,12.9,6.4,13.6,2132.8,1
15,22,98,54.7,24.9,0.1,21,8.1,33.7,13.2,35.7,4685.2,1
15,49,14,5.7,2.3,0.6,0.4,0.2,5.3,2.7,4.1,595.3,2
15,72,3,1.8,0.8,0,0.9,0,0.9,0.3,1.2,172.2,1
15,77,1,0.6,0.3,0,0.3,0,0.3,0.1,0.4,57.4,1
15,92,6,2.5,1.1,0.4,0,0,2.5,0.4,2,252.4,2
15,108,4,1.6,0.3,0.1,0.1,0.2,1.5,0,1.2,150.5,1
15,109,8,3,0.6,0.1,0.4,0.3,2.6,0.2,2.2,315,2
15,111,29,10.9,2.6,0.6,1.6,1,9.3,1,7.8,1159,2
15,112,12,5.4,2.1,0.4,0,0,5.4,0.4,3.3,586.8,1
15,113,8,3.6,1.4,0.3,0,0,3.6,0.3,2.2,391.2,1
15,120,1,0.4,0.1,0,0,0,0.4,0.2,0.3,40.2,1
16,19,1,0.5,0.2,0,0.2,0,0.3,0.1,0.3,34.5,1
16,20,67,28.5,9.6,3.5,20.1,4.5,8.4,7,7.7,2162.5,2
16,21,106,61,31,2,23,8,38,3,37,4559,0
16,22,74.5,36.7,12.1,0.2,8.3,5.2,28.4,6.4,25.4,3574.3,3
16,23,1,0.4,0.1,0,0.1,0,0.3,0,0.3,49,1
16,28,2,0.8,0.1,0,0.1,0.1,0.7,0.1,0.6,86.9,1
16,56,3,1.4,0.4,0.1,0.2,0,1.2,0.3,1.1,125.6,1
16,72,1,0.6,0.3,0,0.3,0,0.3,0.1,0.4,57.4,1
16,73,45,25,13,1,17,4,8,6,9,2275,0
16,74,110.5,54.6,26.2,2,27.8,4,26.8,14.8,29.4,4607.4,2
16,91,9,3.9,0.9,0,0.6,0.2,3.3,0.2,2.6,462.4,2
16,92,4,1.7,0.7,0.3,0,0,1.7,0.3,1.3,168.3,2
16,93,3,1.3,0.5,0.2,0,0,1.3,0.2,1,126.2,1
16,108,9,3.1,0.7,0.2,0,0.2,3.1,0.2,2.2,304.5,1
16,109,12,4.2,1,0.2,0.1,0.3,4.1,0.3,2.9,418.2,3
16,111,73,21.8,2.6,2.3,1,0.7,20.8,0.7,19.8,2542.3,2
16,120,2,0.8,0.2,0.1,0,0.1,0.8,0.3,0.5,80.4,1
17,17,9,4.2,1.7,0.3,1.3,0.3,2.9,0.6,2.3,310.2,3
17,19,4,1.9,0.7,0.1,0.6,0.1,1.3,0.3,1,137.9,1
17,22,33,14.2,2.6,0.2,3.1,0.2,11.1,0.7,11.2,1617.5,4
17,23,24.5,10.5,2,0.2,2.2,0.2,8.3,0.4,8.3,1200.8,3
17,24,6,2.6,0.5,0.1,0.6,0.1,2,0.1,2,294.1,1
17,29,2,0.8,0.1,0,0.1,0.1,0.7,0.1,0.6,86.9,1
17,42,15,6.1,2.4,0.7,0.5,0.2,5.6,2.9,4.4,637.8,1
17,54,6,2.7,0.9,0.2,0.3,0,2.4,0.5,2.2,251.1,2
17,73,18,10.8,4.8,0,5.4,0,5.4,2.1,7.2,1033.2,2
17,74,8,4.8,2.1,0,2.4,0,2.4,0.9,3.2,459.2,2
17,85,42,16.6,4.8,1.6,0,0,16.6,0,15.9,1630.9,2
17,86,4,1.6,0.5,0.2,0,0,1.6,0,1.5,155.3,1
17,99,5,2.1,0.9,0.3,0,0,2.1,0.3,1.7,210.3,1
17,100,6,2.6,1,0.3,0,0,2.6,0.3,2.1,252.3,1
17,111,1,0.4,0.1,0,0.1,0,0.3,0,0.3,40,1
17,114,35,15,5.6,0.3,2,1,13,3.3,9.5,1555.1,1
17,127,12,4.2,0.6,1.1,0,0.6,4.2,1.1,3.6,430.6,1
18,21,5,2.2,0.5,0,0.4,0.5,1.8,0.7,1.5,186.8,2
18,22,53,24,7.7,0.8,1.7,4.3,22.3,2.5,13.7,2091,2
18,23,3,1.4,0.4,0,0.1,0.2,1.3,0.1,0.8,118.4,1
18,24,4,1.6,0.1,0,0.1,0.2,1.5,0.2,1.6,138.2,1
18,25,2,0.8,0.1,0,0,0.1,0.8,0.1,0.8,69.1,1
18,26,2,0.8,0.1,0,0,0.1,0.8,0.1,0.8,69.1,1
18,35,5,2,0.8,0.2,0.1,0.1,1.9,1,1.5,212.6,1
18,68,1,0.6,0.2,0,0,0.1,0.6,0.1,0.4,55.2,1
18,85,8,3.6,0.8,0.2,0.2,0.8,3.4,0.6,2.9,411.8,1
18,86,3,1.3,0.3,0.1,0.1,0.3,1.2,0.2,1.1,154.4,1
18,111,4,1.6,0.5,0.3,0.2,0.2,1.4,0.3,0.9,149,1
18,127,8,4.3,1.4,0,0.5,0.6,3.8,0.6,3.5,403.5,2
19,13,16,7.1,1.4,0,1.3,1.4,5.8,2.1,4.8,597.8,3
19,18,1,0.4,0.1,0,0.1,0.1,0.3,0.1,0.3,37.4,1
19,22,6,2.7,0.9,0.1,0.2,0.5,2.5,0.3,1.5,236.7,1
19,37,3.5,1.4,0.6,0.2,0.1,0.1,1.3,0.7,1,148.8,1
19,66,3,1.7,0.5,0,0,0.2,1.7,0.3,1.3,165.6,2
19,68,2,1.1,0.3,0,0,0.1,1.1,0.2,0.9,110.4,1
19,80,3,1.3,0.3,0,0.3,0,1,0,0.9,154.2,2
19,91,2,0.9,0.2,0.1,0.1,0.2,0.8,0.1,0.7,103,1
19,110,7,2.7,0.8,0.5,0.3,0.3,2.4,0.5,1.6,260.8,1
19,111,69,30.7,10.5,3.6,5,2.9,25.7,2.6,14.1,2787.1,2
19,112,101,55.6,26.7,1.2,20.5,3.1,35.1,3.1,21.1,4216.9,1
19,113,5,2.2,0.6,0.2,0.4,0.1,1.8,0.1,1.8,244.9,1
19,119,60,28,12,0,3.2,0.9,24.8,3.7,15.4,2596.2,3
19,120,17,7.4,3.3,0,0.6,0,6.8,1.2,5.1,696.1,2
20,1,1,0.6,0.4,0,0,0,0.6,0.1,0.4,45,1
20,13,2,0.9,0.2,0,0.2,0.2,0.7,0.3,0.6,74.7,1
20,73,6,2.6,0.6,0,0.4,0.1,2.2,0.1,1.7,308.3,1
20,96,2,0.9,0.3,0.1,0,0,0.9,0.1,0.7,84.1,1
20,110,7.5,2.9,0.9,0.5,0.4,0.4,2.5,0.5,1.7,279.4,1
20,111,3,1.2,0.3,0.2,0.2,0.1,1,0.2,0.7,111.8,1
20,112,52.5,25.2,6.6,0.9,2,0.5,23.2,1.5,23.2,2813.2,2
20,113,26,11.4,2.5,0.9,2.3,0.7,9.1,0.7,8.9,1228.6,4
20,114,16,7.1,0.8,0.3,1.6,0.8,5.5,0.8,5.1,703.7,2
20,115,3,1.3,0.1,0.1,0.3,0.1,1,0.1,1,131.9,1
21,26,3,1.2,0.1,0,0.1,0.2,1.1,0.2,1.2,103.7,1
21,28,3,1.4,0.5,0,0.1,0,1.3,0.4,1,141.5,1
21,29,2,0.9,0.4,0,0.1,0,0.8,0.3,0.6,94.4,1
21,50,4,1.6,0.7,0.2,0.1,0.1,1.5,0.8,1.2,170.1,1
21,96,4,1.7,0.7,0.2,0,0,1.7,0.2,1.4,168.2,1
21,104,29,11.4,2.4,0.6,1.2,0.6,10.2,0.6,8.4,1175.5,1
21,105,32.5,16,6,0,2,1,14,0,14,1423,0
21,115,9.5,4.2,0.4,0.3,0.9,0.4,3.3,0.4,3.1,417.7,2
21,124,19,7.5,2.3,0.6,0,0.6,7.5,0.6,6.9,724.3,1
22,2,5,2.6,1.2,0,0,0,2.6,0.2,2.4,234.8,1
22,3,6,3.1,1.4,0,0,0,3.1,0.2,2.9,281.8,3
22,4,4,2.1,1,0,0,0,2.1,0.2,1.9,187.8,1
22,17,6,2.7,0.5,0,0.5,0.5,2.2,0.8,1.8,224.2,1
22,26,23,9.5,0.7,0,0.7,1.4,8.8,1.4,9.5,794.9,3
22,85,10,4.5,1,0.3,0.3,1,4.2,0.7,3.6,514.8,2
22,104,17.5,6.9,1.4,0.4,0.7,0.4,6.2,0.4,5.1,709.4,1
22,105,31,16.4,8.1,1,0,1,16.4,4,11.3,1418.5,1
22,106,1,0.4,0.1,0,0,0,0.4,0,0.3,40.5,1
22,117,3,1.6,0.7,0,0.3,0.1,1.3,0.1,0.5,143.7,1
22,123,5,2,0.6,0.2,0,0.2,2,0.2,1.8,190.6,2
22,124,34,14.6,5,1.3,2,0.3,12.6,2.3,10.2,1403,4
23,2,26,12.1,4.3,0.4,1,1.2,11.1,1.7,8.8,1076.1,3
23,3,59,31,14.5,0.3,4.6,2.6,26.4,9,23,2562.9,3
23,4,13,6.1,2.2,0.2,0.5,0.6,5.6,0.8,4.4,538,2
23,11,6,3.1,1.4,0,0,0,3.1,0.3,2.9,281.7,1
23,59,1,0.6,0.3,0,0.1,0,0.5,0.1,0.5,53.6,1
23,84,5,2.2,0.5,0.1,0.1,0.5,2.1,0.4,1.8,257.4,1
23,85,32,14.3,3.4,1,1,3.4,13.3,2.4,11.5,1647.2,4
23,118,8,3.4,0.8,0.2,1.2,0.2,2.2,0,2,328,2
23,119,44.5,17.3,3.1,1.1,3.3,1.6,14,0,13.3,1929.6,4
23,120,31.5,11.6,1.1,0.5,0.6,1.1,11,0,11,1432.4,2
23,126,13,6.7,2.5,0.3,0,1.1,6.7,1.7,5,747.9,2
24,2,15,7,2.5,0.2,0.6,0.7,6.4,0.9,5.1,620.8,2
24,3,31.5,14.7,5.2,0.6,1.2,1.4,13.5,2.1,10.6,1303.8,4
24,4,2,0.9,0.3,0,0.1,0.1,0.8,0.1,0.7,82.8,1
24,5,3,1.8,0.8,0,0.2,0,1.6,0.1,1.5,192.5,1
24,14,4,1.8,0.3,0,0.3,0.3,1.5,0.5,1.2,149.4,1
24,20,5,2.2,0.4,0,0.4,0.4,1.8,0.6,1.5,186.8,1
24,21,4,1.8,0.3,0,0.3,0.3,1.5,0.5,1.2,149.4,1
24,44,1,0.4,0.2,0,0,0,0.4,0.2,0.3,42.5,1
24,45,13,5.3,2.1,0.6,0.4,0.2,4.9,2.5,3.8,552.8,1
24,69,3,1.7,0.5,0,0,0.2,1.7,0.3,1.3,165.6,1
24,85,7,3.1,0.7,0.2,0.2,0.7,2.9,0.5,2.5,360.3,1
24,119,2,0.7,0.1,0,0,0.1,0.7,0,0.7,90.9,1
25,2,3,1.4,0.5,0.1,0.1,0.1,1.3,0.2,1,124.2,1
25,3,4,1.9,0.7,0.1,0.2,0.2,1.7,0.3,1.4,165.6,1
25,5,3,1.8,0.8,0,0.2,0,1.6,0.1,1.5,192.6,2
25,26,12,5.6,2.2,0,0.6,0,5,1.7,3.8,566.2,4
25,27,2,0.9,0.4,0,0.1,0,0.8,0.3,0.6,94.4,1
25,69,55,32.3,15.8,0,3.3,2.4,29,5.3,26.3,3156.2,4
25,70,2,1.1,0.3,0,0,0.1,1.1,0.2,0.9,110.4,1
25,104,1,0.6,0.2,0,0.1,0,0.5,0,0.4,69.9,1
25,105,86,32.9,8.3,2.5,2.9,3,30,2,25.6,3777.1,4
26,3,3,1.8,0.8,0,0.2,0,1.6,0.1,1.5,192.5,1
26,15,1,0.4,0.1,0,0.1,0.1,0.3,0.1,0.3,37.4,1
26,68,1,0.7,0.4,0,0.3,0.1,0.4,0.2,0.5,64.1,1
26,69,6,4.1,2.5,0,1.4,0.6,2.7,0.9,3,376,2
26,76,3,1.3,0.3,0,0.2,0.1,1.1,0.1,0.9,154.1,1
26,79,2,0.9,0.2,0,0.2,0,0.7,0,0.6,102.8,1
26,99,5,2.1,0.9,0.3,0,0,2.1,0.3,1.7,210.3,2
27,0,1,0.6,0.4,0,0,0,0.6,0.1,0.4,45,1
27,3,11,6.6,3,0,0.6,0,6,0.5,5.5,706,3
27,4,2,1.2,0.5,0,0.1,0,1.1,0.1,1,128.4,1
27,15,3,1.3,0.3,0,0.2,0.3,1.1,0.4,0.9,112.1,1
27,26,9,4.2,1.6,0,0.4,0,3.8,1.2,2.9,424.6,2
27,61,4,2.4,1,0,0.3,0.1,2.1,0.4,1.9,214.4,1
27,62,2,1.1,0.3,0,0,0.1,1.1,0.2,0.9,110.4,1
27,71,3,1.6,0.9,0,0,0,1.6,0.2,1.5,167.1,1
27,72,9,3.8,0.9,0,0.6,0.2,3.2,0.2,2.5,462.4,2
27,75,2,0.9,0.2,0,0.2,0,0.7,0,0.6,102.8,1
27,105,10,5.5,2.5,0.5,1,0,4.5,0,4,699,2
27,109,19,7.8,0.6,0,0.4,0.4,7.4,0,6.8,845.5,2
27,110,80,34.2,5.4,0,3.7,2.7,30.5,3,23.2,3268.5,2
27,118,67,27.6,6.3,1,6.1,4.8,21.5,2.8,21.7,3199.9,1
27,119,6,2.4,0.7,0,0.9,0.2,1.5,0.2,1.3,265.1,1
27,121,26,13,4,0,2,0,11,2,8,1174,2
28,0,2,1,0.3,0,0,0.1,1,0.3,0.8,92.4,1
28,3,13,6.8,2.5,0.3,1,0.8,5.8,2.5,5.7,550.5,2
28,26,20.5,11,6.6,1.4,1.9,1.4,9.1,4.6,4.6,872,3
28,40,2,0.8,0.2,0,0.1,0.1,0.7,0.2,0.5,91.1,1
28,49,1,0.4,0.1,0,0.1,0,0.3,0.1,0.3,45.5,1
28,65,19,10.9,4.2,0,0.9,1.4,10,1.4,9.5,1007.5,3
28,66,6,3.5,1.3,0,0.4,0.5,3.1,0.5,3,318.1,2
28,104,17,7.9,2.6,0.2,1.9,0.2,6,0.7,4.9,768.4,2
28,105,30,14,4.7,0.3,3.4,0.3,10.6,1.2,8.6,1355.8,3
28,110,1,0.5,0.2,0,0.1,0,0.4,0,0.3,44.5,1
28,118,66.5,24.3,6.1,3.1,4,3,20.3,2,18.3,2613.1,1
28,119,8,3,0.2,0.2,0,0,3,0,3,408.2,2
28,121,24,9,1,0,0,0.5,9,0,8,964.5,2
29,24,1,0.5,0.3,0.1,0.1,0.1,0.4,0.2,0.2,42.5,1
29,64,10,4.6,1.7,0.4,0.2,0.6,4.4,1.1,2.9,414.1,2
29,65,6,3.4,1.3,0,0.3,0.4,3.1,0.4,3,318.1,1
29,68,1,0.6,0.3,0,0,0.1,0.6,0.2,0.5,52.5,1
29,104,116,36.7,1,2.5,0.3,2,36.4,1.1,35.2,4407.5,2
29,105,23,10.7,3.5,0.2,2.6,0.2,8.1,1,6.7,1039.5,2
29,106,16,7.4,2.5,0.1,1.8,0.1,5.6,0.7,4.6,723.1,2
29,107,26,12.3,6.6,0.7,2.9,0.7,9.4,0.7,8,1156.3,2
29,111,6,2.8,1.5,0.2,0.6,0.2,2.2,0.2,1.8,266.8,3
29,112,7,2.8,0.7,0.3,0.7,0.1,2.1,0.3,2,270.1,2
29,118,14,5.4,0.2,0.2,0,0,5.4,0,5.4,714.2,3
29,119,83,31.4,3.5,1.5,4,1.5,27.4,0,29.4,3763,3
30,32,7,2.9,0.5,0,0.6,0.2,2.3,0.7,1.8,318.8,1
30,64,36,17.6,6.7,1,1,2.3,16.6,3.8,12.2,1595.2,3
30,65,27,14.7,7,0.2,1.1,3.3,13.6,2.7,8.7,1413.5,1
30,101,9,4.1,1.6,0.4,0,0.6,4.1,1,2.3,389.2,1
30,104,15,6.7,1.4,0.3,0.9,0.1,5.8,0.3,5.3,699.6,2
30,107,1,0.5,0.2,0,0.1,0,0.4,0,0.3,44.5,1
30,111,2,0.9,0.5,0.1,0.2,0.1,0.7,0.1,0.6,88.9,1
30,112,11,4.4,1.1,0.6,1.1,0.3,3.3,0.6,3,424.3,1
30,113,26.5,8.6,0.9,0.8,2.3,1.4,6.3,0.8,5.6,808.6,2
30,118,75,27,2,4,4,2,23,4,27,3123,0
30,121,18,7.8,3,0.7,2.4,0,5.4,1.4,5.1,730.8,2
31,21,3,1.3,0.4,0.1,0.1,0.1,1.2,0.5,1.2,122.5,1
31,64,9.5,4.3,1.6,0.4,0.2,0.5,4.1,1.1,2.7,393.4,1
31,101,37,16.9,6.4,1.6,0,2.4,16.9,4,9.7,1599.8,1
31,102,7,3,0.2,0.2,0,0,3,0,3,338,1
31,117,224,70,8.4,7.9,4.6,5.6,65.4,3.2,65.6,8610.1,2
31,118,216,94.6,31.8,4.6,33,2,61.6,3.4,59.8,8722.6,2
31,119,116,46.2,7.8,3.2,3.7,2,42.5,5.4,44.4,4947,1
31,121,30,13,5.1,1.1,4,0,9,2.2,8.5,1218.1,2
32,21,3,1.3,0.4,0.1,0.1,0.1,1.2,0.5,1.2,122.5,1
32,26,2,1.1,0.6,0.1,0.2,0.1,0.9,0.4,0.4,85.1,1
32,86,3,1.5,0.6,0,0,0.2,1.5,0.6,1.2,145.3,1
32,87,3,1.5,0.6,0,0,0.2,1.5,0.6,1.2,145.3,1
32,103,4,1.7,0.1,0.1,0,0,1.7,0,1.7,193.1,1
32,114,16,5.6,0.9,0.6,1.5,0.8,4.1,0.6,3.6,530,2
32,115,10,4,1,0.6,1,0.3,3,0.6,2.7,385.7,2
32,116,4,1.6,0.4,0.2,0.4,0.1,1.2,0.2,1.1,154.3,1
32,117,407.5,139.5,23.7,14.4,55.8,28.3,83.7,10.1,72.8,14570,1
32,118,60,31.2,14.2,0.8,17.4,4.5,13.8,9.2,15,2273,3
32,119,28,9.7,1.9,1.2,2.2,0.7,7.5,0.2,7.8,1022.1,1
32,122,4,1.6,0.2,0,0,0,1.6,0,1.3,167.2,1
32,123,31,12.4,1.8,0,0,0,12.4,0,9.8,1295.8,2
33,27,3,1.6,1,0.2,0.3,0.2,1.3,0.7,0.7,127.6,1
33,33,11,4.4,0.8,0,0.8,0.3,3.6,1.1,2.8,501,3
33,57,1,0.4,0,0,0.1,0.1,0.3,0.1,0.2,40.8,1
33,63,1,0.8,0.6,0,0.3,0,0.5,0.2,0.3,43.3,1
33,64,3,2.1,1.5,0,0.5,0.1,1.6,0.6,1.1,139.1,2
33,103,10,3,0,0.5,0,0,3,0.3,2.7,366.8,1
33,104,2,0.6,0,0.1,0,0,0.6,0.1,0.5,73.4,1
33,114,17,7,1.9,0.7,2.3,0.3,4.7,0.4,4.7,741.4,2
33,115,70,33.5,13.8,3.2,12,1.6,21.5,3,19.5,3471.7,3
33,116,28,13.4,5.5,0.8,6.2,1,7.2,1.2,7.2,1358.1,3
33,117,213,99.3,38,5,51.2,12.7,48.1,18,29,7423.1,2
33,118,14,6.9,2.5,0,2.1,0.7,4.8,1.3,3.8,680.5,2
33,121,4,1.4,0.2,0,0.4,0,1,0.1,1.1,185.5,1
33,123,18.5,8.1,2.1,0.4,1.7,0.4,6.4,2.1,7.7,970.5,1
34,12,7,3.1,0.8,0.3,0.3,0.3,2.8,1.1,2.8,285.9,1
34,33,4,1.6,0.3,0,0.3,0.1,1.3,0.4,1,182.2,1
34,64,18,12.7,9.7,0,3.3,0.5,9.4,3.3,6.4,825.4,3
34,93,11,3.9,1.1,0.7,0,0,3.9,0.3,3.2,366.2,2
34,96,14,5,1.4,0.9,0,0,5,0.5,4.1,466.1,1
34,97,31,12.8,2.3,0,3,1.5,9.8,3.9,7.6,1243.1,3
34,103,66,20.4,1,3.4,1,2,19.4,0.7,17.8,2460.9,1
34,114,52.5,29,14,0,26,3,3,6,12,2339,0
34,115,208.5,106.8,45.6,1.2,67.8,4.3,39,6.4,72.1,9211,1
34,116,397.5,181.3,67.4,8.2,152.5,14.2,28.8,11.3,75.8,14313.5,1
34,117,28,13.9,5.1,0,4.4,1.5,9.5,2.5,7.6,1361.1,3
34,126,14,6.1,1.6,0.3,1.3,0.3,4.8,1.6,5.8,734.4,2
35,27,2,1.1,0.6,0.1,0.2,0.1,0.9,0.4,0.4,85.1,1
35,49,4,1.6,0.3,0,0.3,0.1,1.3,0.4,1,182.2,1
35,71,4,2.3,1.2,0,0,0.4,2.3,0.7,1.9,209.9,2
35,96,6,2.1,0.6,0.4,0,0,2.1,0.2,1.7,199.7,1
35,103,88.5,37.4,10.7,2.2,8.6,3.4,28.8,5.8,23.1,3733.2,1
35,104,75,32,10,2,0,0,32,1,28,3621,0
35,113,8,2.8,0.2,0.5,0.5,0,2.3,0,2.4,314.1,1
35,114,106,49,16,2,29,1,20,6,29,4544,0
35,115,315,146,35,5,38,11,108,5,112,14417,0
35,116,125,57.3,16.3,0.8,24,0.9,33.3,3.4,42.9,5776.9,2
35,117,2,1,0.4,0,0.3,0.1,0.7,0.2,0.5,97.2,1
36,34,7,2.9,0.5,0,0.6,0.2,2.3,0.7,1.8,318.8,1
36,79,21,9.5,3.4,1.3,2,2.7,7.5,2,6.1,680.1,2
36,102,1,0.4,0.1,0,0,0,0.4,0,0.3,42,1
36,103,58,21.2,1.1,2.1,1.4,0.3,19.8,1.6,17.7,2380.1,1
36,104,71,22,1,4,2,2,20,0,20,2607,0
36,113,3,1.1,0.1,0.2,0.2,0,0.9,0,0.9,117.8,1
36,114,459,258,148,10,202,21,56,55,110,18723,0
36,115,351,193.6,89.1,1.3,135.4,9.3,58.2,10.6,137.8,16371.3,1
36,116,374,167.2,57.9,9.4,67.3,8.4,99.9,18.8,96.7,15255.4,1
36,117,39,14.4,2.6,0,1.1,0,13.3,0.2,13.7,2054.7,2
36,123,10,4.4,1.1,0.1,0.9,0.1,3.5,1.1,4.1,524.6,3
37,30,3,1.6,1,0.2,0.3,0.2,1.3,0.7,0.7,127.6,1
37,52,3,1.1,0.1,0.1,0.2,0.3,0.9,0.2,0.8,122.4,1
37,62,4,2.3,1.3,0,0,0.4,2.3,0.6,1.9,209.9,1
37,69,4,2.3,1.3,0,0,0.4,2.3,0.6,1.9,209.9,1
37,79,7,3.2,1.1,0.5,0.7,0.9,2.5,0.7,2,226.7,1
37,80,3,1.4,0.5,0.2,0.3,0.4,1.1,0.3,0.9,97.2,1
37,90,2,1,0.4,0,0,0.2,1,0.4,0.8,96.8,2
37,101,10,4.1,0.7,0,1,0.5,3.1,1.2,2.4,401,1
37,102,11,4.4,0.7,0,0.4,0.3,4,0.4,3.3,462,4
37,103,16,6.3,1.1,0.1,0.5,0.2,5.8,0.6,4.7,672.1,2
37,104,76.5,35.5,12.3,0.4,3.3,2.9,32.2,3.6,19,3177.4,4
37,112,5,1.8,0.1,0.3,0.3,0,1.5,0,1.5,196.3,1
37,113,287,142.2,66.3,6.5,99.5,16,42.7,16,57.6,10622.4,1
37,114,1355,815,503,21,735,98,80,204,151,47908,0
37,115,344,174,85,7,118,9,56,27,81,14359,0
37,116,384.5,163,46,9,65,12,98,9,121,15534,0
37,117,97,36.1,6.8,2,9.6,1,26.5,1.4,25.9,3771.5,1
37,118,9,3.1,0.5,0,1,0,2.1,0.2,2.4,417.3,1
37,124,1,0.4,0.1,0,0.1,0,0.3,0.1,0.4,52.5,1
38,29,4,2.2,1,0,0.4,0.2,1.8,0.2,1.2,196.8,2
38,30,29,15.2,6.9,0,2.3,1.5,12.9,0.7,9.2,1427.1,2
38,53,2,0.7,0.1,0.1,0.1,0.2,0.6,0.2,0.5,81.6,1
38,55,2,0.7,0.1,0.1,0.1,0.2,0.6,0.2,0.5,81.6,1
38,62,4,1.1,0.1,0.3,0,0.2,1.1,0.1,1.1,105.9,1
38,70,9,2.5,0.2,0.6,0,0.4,2.5,0.2,2.4,238.3,2
38,73,6,3.1,1.3,0.2,0.9,0.1,2.2,0.7,1.7,258.8,2
38,75,23,8.4,1,0.7,0.3,0.3,8.1,0.3,8.4,862.2,2
38,83,2,1,0.4,0,0,0.1,1,0.4,0.8,96.9,1
38,90,19,9.3,3.9,0,0,1,9.3,3.9,7.8,920.3,2
38,101,5,1.9,0.6,0.4,0,0,1.9,0.1,1.5,214.5,1
38,102,10,4.2,1,0,1.4,0,2.8,1,2,358,2
38,112,5,2.7,1.2,0.2,0.2,0,2.5,0.2,2.5,268.3,1
38,113,427.5,220.7,91.2,9.2,112.2,15,108.5,16.2,156.5,18794.3,1
38,114,460.5,264,147,7,229,20,35,30,116,20158,0
38,115,423,214,109,9,146,14,68,28,118,17844,0
38,116,524.5,217,66,16,59,12,158,10,168,21612,0
38,117,428.5,169,37,12,37,16,132,16,111,17167,0
38,118,107,41,9,2,18,8,23,1,16,3641,0
38,119,4,1.3,0.1,0.1,0.1,0.2,1.2,0,1.1,144.7,1
38,123,3,1.1,0.1,0.1,0.1,0.1,1,0,1,139,1
38,124,40,14.4,1.7,1,1,0.5,13.4,0.3,12.9,1765.5,2
38,125,84,31.7,9.5,3.2,4.2,1.2,27.5,1.2,22.3,3500.5,3
38,126,166.5,47.5,1.3,8.1,0.1,2,47.4,0,46.2,5362.8,1
38,127,6,2.1,0.1,0.1,0.1,0.1,2,0.1,2,277.9,1
39,16,4,1.7,0.5,0.1,0.1,0.1,1.6,0.7,1.6,163.3,2
39,30,2,1.1,0.5,0,0.2,0.1,0.9,0.1,0.6,98.4,1
39,72,28,14.3,6.2,1.2,4.3,0.6,10,3.1,8.1,1207.7,2
39,73,135,48.6,11,5.4,5.4,8.2,43.2,7,28.6,5045.2,1
39,74,9,3.6,0.7,0.3,0.4,0.1,3.2,0.3,3.2,348.7,3
39,75,96,40.8,11.6,1.4,7.2,6.2,33.6,4.2,30.8,3493.3,1
39,76,4,1.5,0.2,0.1,0.1,0.1,1.4,0.1,1.5,149.9,1
39,82,1,0.5,0.2,0,0,0.1,0.5,0.2,0.4,48.4,1
39,99,8,3.1,0.9,0.6,0,0,3.1,0.2,2.5,343.2,1
39,101,1,0.4,0.1,0.1,0,0,0.4,0,0.3,42.9,1
39,106,2,0.8,0.2,0,0.3,0,0.5,0.2,0.4,71.6,1
39,113,16,8.6,3.7,0.6,0.6,0,8,0.6,8,858.5,1
39,114,248,113.8,43,6.2,84.7,13.7,29.1,20.3,40.8,9076.4,1
39,115,169.5,71.8,22.9,3.3,40.1,10.3,31.7,5.6,41.1,7318.8,1
39,116,213.5,86.4,16.8,4.2,16.2,4.4,70.2,3.2,72,9827.8,2
39,117,235,98,13.8,3.2,4.2,3.5,93.8,0.4,93.6,11078.7,2
39,118,39,12.6,0.8,1.1,1.1,1.5,11.5,0.4,10.3,1410.5,1
39,119,4,1.3,0.1,0.1,0.1,0.2,1.2,0,1.1,144.7,1
39,120,2,0.6,0,0.1,0,0.1,0.6,0,0.5,72.3,1
39,122,3,1.1,0.1,0.1,0.1,0.1,1,0,1,139,1
39,123,11,3.9,0.2,0.2,0.2,0.2,3.7,0.1,3.7,509.5,2
39,124,55,20.1,3.1,1.4,1.5,0.5,18.6,0.4,17.3,2351.4,4
39,125,160,56.7,8.3,4.6,3.6,2.1,53.1,0.1,49.5,6011.2,1
39,126,116.5,45.2,7.4,3.2,4.2,3,41,5,38.9,5202.8,1
40,36,6,3.5,1.9,0,0.6,0.3,2.9,1.5,2.5,277.9,1
40,58,11,4,0.3,0.3,0.7,1.2,3.3,0.9,2.8,448.8,2
40,73,9,4.7,1.9,0.1,0.9,0.8,3.8,0.5,2.8,426.9,1
40,74,38,17,5.2,1.3,2.4,1.8,14.6,1.3,13.1,1720.1,3
40,75,44,18.5,4.2,0.8,1.4,0.3,17.1,0.3,18.4,1964.9,3
40,76,5,1.8,0.2,0.1,0.1,0.1,1.7,0.1,1.8,187.4,1
40,100,8,3.1,0.9,0.6,0,0,3.1,0.2,2.5,343.2,1
40,115,1139.5,494.7,180.1,44.3,459.5,96.4,35.2,126.7,33.5,35019.7,1
40,116,167,55.7,8.6,9.4,6,4.4,49.7,4.1,34.8,5617,2
40,117,3,1,0.1,0.1,0.1,0.1,0.9,0,0.8,108.5,1
40,119,4,1.3,0.1,0.1,0.1,0.2,1.2,0,1.1,144.7,1
40,122,7,2.5,0.1,0.1,0.1,0.1,2.4,0.1,2.4,324.2,1
40,123,20,7.7,1.3,0.4,0.3,0.7,7.4,0.3,7,978.3,3
40,124,32,11.5,1,0.7,0.7,0.5,10.8,0.2,10.6,1447.3,2
40,125,31,11.3,2,0.9,0.9,0.2,10.4,0.2,9.5,1300.7,2
41,49,1,0.4,0.1,0,0.1,0,0.3,0.1,0.3,45.5,1
41,65,11.5,3.3,0.2,0.7,0,0.5,3.3,0.2,3,304.5,2
41,66,4,1.1,0.1,0.3,0,0.2,1.1,0.1,1.1,105.9,1
41,72,15,7.8,3.1,0.2,1.6,1.4,6.2,0.9,4.7,711.5,2
41,73,226.5,135,77,1,47,18,88,30,74,10971,0
41,74,136.5,62.5,23.5,3.5,26,9.5,36.5,2.5,40,5731,2
41,75,1,0.4,0.1,0.1,0,0,0.4,0,0.4,44.5,1
41,97,7,2.7,0.8,0.5,0,0,2.7,0.1,2.2,300.3,1
41,98,2,0.8,0.2,0.2,0,0,0.8,0,0.6,85.8,1
41,104,28,12.8,3.7,0.6,0.6,2.5,12.2,1.2,12.2,1143.1,2
41,105,11,5.1,1.4,0.3,0.3,1,4.8,0.4,4.8,449.1,2
41,115,12,5.2,1.6,0.2,2.4,0.8,2.8,0,2.2,457.2,3
41,116,35,15.1,4.6,0.8,7.1,2.5,8,0,6.3,1333.5,3
41,119,3,1,0.1,0.1,0.1,0.1,0.9,0,0.8,108.5,1
41,123,68,27.6,8.7,0.6,0,3.1,27.6,2.2,24.1,3455.5,2
41,124,17,8,3.3,0.3,0,1.5,8,0.6,6.9,963.9,2
42,28,3,1.6,0.7,0,0.2,0.2,1.4,0.1,0.9,147.6,1
42,33,6,3.5,1.9,0,0.6,0.3,2.9,1.5,2.5,277.9,1
42,37,1,0.6,0.3,0,0.1,0,0.5,0.2,0.4,46.3,1
42,54,5,1.8,0.1,0.1,0.3,0.6,1.5,0.4,1.2,204,1
42,72,5,2.6,1,0.1,0.5,0.5,2.1,0.3,1.6,237.1,2
42,73,21,11,4.3,0.4,2.2,2,8.8,1.2,6.7,996,3
42,74,3.5,1.4,0.3,0.2,0.1,0.1,1.3,0.1,1.3,155.8,1
42,85,2,1,0.4,0,0,0.1,1,0.4,0.8,96.9,1
42,86,4,1.9,0.8,0,0,0.2,1.9,0.8,1.6,193.7,1
42,96,21,8.1,2.4,1.6,0,0,8.1,0.4,6.5,901,1
42,104,1,0.4,0.1,0,0.1,0,0.3,0.1,0.2,35.8,1
42,106,7,3.2,1,0.1,0.1,0.6,3.1,0.3,3.1,285.8,2
42,116,19,8.3,2.6,0.4,3.9,1.4,4.4,0,3.5,723.9,3
42,117,3,1,0.1,0.1,0.1,0.1,0.9,0,0.8,108.5,1
43,32,2,1.2,0.6,0,0.2,0.1,1,0.5,0.8,92.6,1
43,37,1,0.6,0.3,0,0.1,0,0.5,0.2,0.4,46.3,1
43,74,2,1,0.4,0,0.1,0,0.9,0.2,0.9,73.8,1
43,95,12,4.8,1.9,0.7,1.1,0,3.7,0.4,3.7,467.6,1
43,96,10,4,1.7,0.6,0.9,0,3.1,0.3,3.1,389.7,2
43,104,80.5,26.9,2.8,2.5,2.1,2.1,24.8,1.4,20.1,2960.8,3
43,105,2,0.8,0.1,0,0.2,0.1,0.6,0,0.6,85.2,1
43,110,3,1.2,0.3,0,0.4,0,0.8,0.3,0.6,107.4,1
43,117,22,8.6,2.1,0.7,1.1,0.4,7.5,0,4.4,940.5,3
43,118,9,3.5,0.9,0.3,0.4,0.1,3.1,0,1.8,384.7,2
44,20,8,3.5,0.9,0.3,0.3,0.3,3.2,1.3,3.2,326.7,2
44,71,2,0.6,0,0.1,0,0.1,0.6,0,0.5,53,1
44,72,2,1,0.4,0,0.1,0,0.9,0.2,0.9,73.8,1
44,74,2,1,0.4,0,0.1,0,0.9,0.2,0.9,73.8,1
44,86,1,0.5,0.2,0,0,0.1,0.5,0.2,0.4,48.4,1
44,95,24,9.5,3.9,1.4,2.1,0,7.4,0.7,7.4,935.3,2
44,96,22,8.8,3.6,1.3,2,0,6.8,0.6,6.8,857.4,3
44,103,19,9.1,2,0.4,1.2,0,7.9,0.8,7.5,1017.7,1
44,104,109.5,43.8,12.5,0.5,3,4.4,40.8,6.2,23,4012,2
44,117,21,8.3,2,0.7,1.1,0.3,7.2,0,4.2,897.8,3
45,3,1,0.5,0.2,0,0.1,0.1,0.4,0.2,0.4,42.3,1
45,26,1,0.5,0.1,0,0.2,0,0.3,0.2,0.3,50.2,1
45,57,4,1.4,0.1,0.1,0.2,0.4,1.2,0.3,1,163.2,1
45,58,3,1.1,0.1,0.1,0.2,0.3,0.9,0.2,0.8,122.4,1
45,64,2,0.6,0,0.1,0,0.1,0.6,0,0.5,53,1
45,71,10,2.9,0.2,0.7,0,0.4,2.9,0.2,2.6,264.8,1
45,72,34,17.7,7.5,0.7,1.3,0,16.4,4.1,15.7,1254.6,2
45,74,2,1,0.4,0,0.1,0,0.9,0.2,0.9,73.8,1
45,75,3,1.6,0.7,0.1,0.1,0,1.5,0.4,1.4,110.7,1
45,77,15,5.4,2.5,0.8,0,0,5.4,1.2,3.8,545,2
45,80,10,3.6,1.7,0.6,0,0,3.6,0.8,2.5,363.3,1
45,95,2,0.8,0.2,0.1,0.1,0.1,0.7,0.1,0.7,78.6,1
45,96,1,0.4,0.1,0,0.1,0,0.3,0,0.3,39.3,1
45,103,32,12,2.1,1.1,0,2.2,12,1.1,8.9,1246.7,1
45,104,72.5,27.2,4.3,1.4,2.6,3.8,24.6,2.3,22.8,3028,4
45,116,25,8.8,2.5,2.5,2.5,0.9,6.3,1.6,6.4,1086.3,3
45,118,62.5,25.1,5.8,3.2,1.4,3.1,23.7,1,21.6,2652,1
45,119,4,1.6,0.4,0.1,0.2,0.1,1.4,0,0.8,171,1
46,26,12,5.7,1.6,0,2.1,0.5,3.6,2.1,4.1,602.1,3
46,33,20,11.6,6.2,0,1.8,1,9.8,5,8.4,926.2,4
46,35,4,2.3,1.2,0,0.7,0.1,1.6,0.9,1.3,188.1,2
46,36,18,10.1,5.3,0,3,0.9,7.1,4.4,6.1,846.9,2
46,69,2,1.5,1.2,0,0.2,0,1.3,0.1,0.7,131.5,1
46,99,42,14,2.2,1.9,2.1,1.4,11.9,2.2,9.4,1374.2,2
46,100,4,1.4,0.3,0.2,0.3,0.2,1.1,0.3,0.8,135,1
46,104,4,1.3,0.2,0.1,0,0.3,1.3,0.2,1.2,147.6,1
46,108,13,5.4,1.3,0,1.8,0,3.6,1.3,2.7,465.3,1
46,117,26,10.6,3.7,0.5,2.3,0.9,8.3,1.4,7.8,1158.7,1
46,118,236,99,21,7,10,2,89,3,88,10497,0
46,119,11.5,4.7,1.6,0.3,1.1,0.4,3.6,0.7,3.5,512.5,2
47,26,4,1.9,0.5,0,0.7,0.2,1.2,0.7,1.4,200.7,1
47,27,6,2.9,0.8,0,1.1,0.3,1.8,1,2.1,301,1
47,32,7,4,2.2,0,0.6,0.3,3.4,1.7,3,324.2,1
47,34,1,0.6,0.3,0,0.2,0,0.4,0.2,0.3,47,1
47,36,18,10.1,5.3,0,3,0.9,7.1,4.4,6.2,846.9,2
47,39,2,1.2,0.6,0,0.2,0.1,1,0.5,0.8,92.6,1
47,42,2,0.8,0.2,0,0.1,0.1,0.7,0.2,0.5,91.1,1
47,59,5,1.8,0.1,0.1,0.3,0.6,1.5,0.4,1.2,204,1
47,64,3,0.9,0.1,0.2,0,0.1,0.9,0.1,0.8,79.5,1
47,68,10,7.3,6,0,0.6,0,6.7,0.7,3.3,657.3,2
47,69,3,2.2,1.8,0,0.2,0,2,0.2,1,197.2,1
47,73,5,2.6,1.1,0.1,0.2,0,2.4,0.6,2.3,184.5,1
47,81,11,4,1.8,0.6,0,0,4,0.9,2.8,399.7,1
47,90,2,1,0.4,0,0,0.1,1,0.4,0.8,96.9,1
47,95,3,1.2,0.3,0.1,0.2,0.1,1,0.1,1,117.9,1
47,96,62,23.6,5.4,1.8,3.6,0.8,20,2.8,20,2626.2,2
47,97,20,5.8,0,0.4,0,0.4,5.8,0,5.3,616.9,1
47,99,28,9.4,1.4,1.3,1.4,0.9,8,1.4,6.3,916.1,2
47,100,1,0.4,0.1,0.1,0.1,0,0.3,0.1,0.2,33.8,1
47,117,66,18.5,2.3,3.3,1.4,1.6,17.1,0.8,16.8,2000.1,1
47,118,264,109,26,4,27,7,82,7,93,11427,0
47,119,35,16.3,6,0.7,1.9,0.3,14.4,1.6,14.4,1778.4,3
48,26,40,14.8,4.7,2.4,1.8,0.6,13,3.6,9.5,1521.2,3
48,27,4,1.5,0.5,0.2,0.2,0.1,1.3,0.4,0.9,152.1,1
48,29,1,0.4,0.1,0.1,0.1,0,0.3,0.1,0.2,38,1
48,30,8.5,3.1,1,0.5,0.4,0.1,2.7,0.8,2,323.3,1
48,39,11,6.1,3.3,0.5,1,0.5,5.1,1.3,4.1,528.3,1
48,40,28,15.5,8.5,1.2,2.5,1.2,13,3.2,10.6,1344.8,3
48,41,11,6.1,3.3,0.5,1,0.5,5.1,1.2,4.2,528.4,2
48,44,11,4.5,1,0.3,0.6,0.3,3.9,0.6,3.6,386,1
48,45,6,2.4,0.6,0.2,0.4,0.2,2,0.4,2,210.6,2
48,46,8,3.3,0.7,0.2,0.5,0.2,2.8,0.5,2.6,280.7,1
48,64,17,8.5,4.2,0,0.5,1.1,8,2.1,5.3,754.9,1
48,66,2,0.8,0.1,0,0,0.1,0.8,0.1,0.7,80,1
48,67,5,2.5,0.9,0.1,0,0.3,2.5,1.1,2,221.2,1
48,68,22,11,4,0.6,0,1.1,11,4.7,8.7,973.2,2
48,71,1,0.5,0.2,0,0,0.1,0.5,0.2,0.4,44.2,1
48,76,8,3.7,1.8,0.2,0.4,0.5,3.3,1.3,2.9,306.5,2
48,80,11,5.1,2.5,0.3,0.6,0.6,4.5,1.7,3.9,421.4,1
48,90,3,1.3,0.4,0.1,0,0,1.3,0.1,1.1,160.1,1
48,95,6,2.6,0.7,0.2,0.1,0.5,2.5,0.2,2.2,294.7,1
48,96,149.5,66.6,21,2.8,15.4,8.3,51.2,12.8,41,6160.1,2
48,97,56.5,20.9,3.3,1.7,0,2.5,20.9,1.7,14.2,2433.2,2
48,118,146.5,59.7,20.8,5.2,19.2,4.2,40.5,3.4,37.6,5614.1,2
48,119,41,18.7,4.8,0.2,4.2,0.2,14.5,2.4,14.6,2038.1,1
48,126,40.5,17.6,5.4,1.4,2.8,2,14.8,3.4,14.2,1784,2
49,26,9,3.4,1.1,0.5,0.4,0.2,3,0.8,2.1,342.2,2
49,44,4,1.6,0.4,0.1,0.2,0.1,1.4,0.2,1.3,140.4,1
49,46,3,1.2,0.3,0.1,0.2,0.1,1,0.2,0.9,105.3,2
49,62,1,0.5,0.2,0,0,0.1,0.5,0.1,0.3,44.4,1
49,64,13,6.5,3.2,0,0.4,0.8,6.1,1.6,4.1,577.3,1
49,65,17,7.1,1.1,0.3,0.3,0.6,6.8,0.6,5.5,680,2
49,66,9,3.7,0.6,0.2,0.1,0.3,3.6,0.3,2.9,360,1
49,80,1,0.5,0.2,0,0.1,0.1,0.4,0.2,0.4,38.3,1
49,95,22,9.4,2.4,0.6,0.3,1.8,9.1,0.6,8.2,1080.6,1
49,96,50.5,23.5,8.9,0.5,0.2,6.4,23.3,5.5,19.5,2236.6,1
49,97,11,4.1,0.7,0.3,0,0.5,4.1,0.3,2.8,473.7,1
49,106,5,2.2,0.5,0,0.5,0,1.7,0.2,1.8,254.7,2
49,107,24,8.8,0.4,0.4,1.3,1.3,7.5,0,7.5,1043.2,2
49,108,50.5,18.3,4.1,1.1,0.2,1.2,18.1,0,12.1,1927.1,1
49,117,4,2.1,1.1,0.1,0.7,0.1,1.4,0.3,1.5,211.5,2
49,118,38,16.8,3.3,0.2,3.6,2.2,13.2,2.5,14.3,1914.9,2
49,119,1.5,0.8,0.4,0,0.3,0,0.5,0.1,0.5,79.3,1
49,126,8,3.5,1.1,0.3,0.6,0.4,2.9,0.6,2.9,352.4,2
50,33,6,3.3,1.8,0.3,0.5,0.3,2.8,0.7,2.3,288.2,1
50,41,1,0.6,0.3,0,0.1,0,0.5,0.1,0.4,48,1
50,50,13,5.3,1.4,0.7,1.1,0.4,4.2,1.4,4.2,481.7,1
50,59,7,3.3,1.4,0.2,1,0.2,2.3,0.5,2.3,325.8,1
50,60,165.5,68.5,12.3,6.8,3,6.8,65.5,3.6,51.7,6589.8,2
50,61,65,31.5,10.7,3.2,3,0.2,28.5,2.4,25.3,3141.2,1
50,62,123.5,51.4,16.1,6,35.1,9,16.3,12.1,16.3,3842.9,1
50,63,19,8.3,2.1,0.3,2.2,0.4,6.1,1.3,6.1,852.5,3
50,64,14,5.9,1.1,0.2,0.6,0.3,5.3,0.5,4.6,574.7,3
50,65,4,1.7,0.3,0.1,0.1,0.1,1.6,0.1,1.3,160,1
50,105,10,4.4,1.1,0,1.1,0,3.3,0.4,3.7,509.3,2
50,106,5,2.2,0.6,0,0.5,0,1.7,0.2,1.9,254.6,1
50,107,10,3.7,0.2,0.2,0.5,0.5,3.2,0,3.1,434.7,2
50,108,17,6.2,0.3,0.3,0.9,0.9,5.3,0,5.3,739,1
50,124,24,10.1,2.2,0.1,0.8,1.4,9.3,0.8,8.7,1149,2
50,125,40,20,9,0,1,4,19,4,14,1906,0
51,38,2,1.1,0.6,0.1,0.2,0.1,0.9,0.2,0.8,96.1,1
51,44,5,1.7,0.5,0.5,0,0.1,1.7,0.4,1.1,174.5,1
51,45,5,1.7,0.5,0.5,0,0.1,1.7,0.4,1.1,174.5,1
51,47,2,0.8,0.2,0.1,0.2,0.1,0.6,0.2,0.6,74.1,1
51,48,29,14.8,7.8,0.4,2.5,1.2,12.3,3.8,12.3,1169.4,1
51,49,9,3.6,0.9,0.5,0.7,0.2,2.9,0.9,2.9,333.5,2
51,50,6,2.4,0.6,0.3,0.5,0.2,1.9,0.6,1.9,222.3,1
51,55,2,0.9,0.2,0,0.2,0,0.7,0,0.5,81.3,1
51,58,4,2.2,1.2,0,0.8,0.3,1.4,0.4,0.9,202.2,1
51,59,164,96.3,58.4,3.2,56,9.2,40.3,24.5,37.3,6702.8,1
51,60,179.5,84,30,3,21,7,63,6,53,8600,0
51,61,65,35.9,15,0.6,11.8,1.6,24.1,3.9,22.1,3459.8,2
51,63,126,49.5,9.6,1.2,3.8,5.2,45.7,5,43.9,5642.4,1
51,64,13,5.6,1.4,0.2,1.5,0.2,4.1,0.8,4.2,578.7,2
51,75,1,0.5,0.2,0,0.1,0.1,0.4,0.2,0.4,38.3,1
51,104,7,3.1,0.7,0,0.8,0,2.3,0.2,2.6,356.5,2
51,108,77,32,10,2.8,3.7,1.2,28.3,3.8,16.4,2891,3
51,109,26.5,10.7,2,0.8,0.8,1.2,9.9,0.8,5.8,1107.7,2
51,120,7,3.7,1.8,0.2,1.2,0.2,2.5,0.4,2.6,370.1,1
51,124,13,5.4,1.1,0,0.3,0.7,5.1,0.4,4.7,629.4,2
51,125,2,0.8,0.2,0,0,0.1,0.8,0.1,0.7,96.8,1
52,20,1,0.6,0.3,0,0.1,0,0.5,0.1,0.4,52.2,1
52,44,28,9.7,3,2.9,0.1,0.8,9.6,2.2,6.1,977.4,3
52,45,2,0.7,0.2,0.2,0,0.1,0.7,0.2,0.4,69.8,1
52,54,6,2.6,0.6,0,0.6,0.1,2,0.1,1.6,243.8,2
52,55,20,8.7,1.8,0,2.2,0.5,6.5,0.5,5.5,812.7,3
52,56,16,6.9,1.5,0,1.7,0.4,5.2,0.4,4.3,650.2,3
52,57,14,7.8,4.1,0,3,1.1,4.8,1.5,3.3,707.8,2
52,58,229.5,108.9,52,8,64.5,11.6,44.4,19.7,41.7,9154.9,1
52,59,300.5,166.7,85,1,97.9,20,68.8,43.5,59.4,12092.8,2
52,60,64,39,24,1,22,4,17,10,16,2876,0
52,63,25,10.8,2.7,0.4,3,0.4,7.8,1.7,8.1,1122.3,2
52,65,14,5.7,0.9,0.3,0.1,0.5,5.6,0.5,4.6,560,3
52,70,6,3,1.1,0.2,0,0.3,3,1.3,2.4,265.4,1
52,88,12,5.1,1.6,0.4,0,0,5.1,0.4,4.3,640.5,1
52,108,13,5.2,1,0.4,0.3,0.6,4.9,0.4,2.8,543.4,2
53,25,3,1.1,0.4,0.2,0.1,0,1,0.3,0.7,114.1,1
53,37,4,2.3,1.2,0.1,0.4,0.1,1.9,0.4,1.5,192.1,2
53,43,2,0.8,0.2,0,0,0,0.8,0.2,0.4,71.2,2
53,44,11.5,4.3,1.3,0.6,0.4,0.6,3.9,1.1,2.6,409,1
53,47,19,7,2.1,0.9,0.6,0.9,6.4,1.8,4.3,675.7,1
53,49,3,1.1,0.3,0.1,0.1,0.1,1,0.3,0.7,106.7,1
53,52,1,0.4,0.1,0.1,0,0,0.4,0,0.3,45.6,1
53,54,4,1.5,0.3,0.2,0.1,0.1,1.4,0.1,1.4,182.3,1
53,57,3,1.4,0.6,0,0.3,0.2,1.1,0.3,1,133,2
53,58,12,5.7,2.1,0,1.2,0.8,4.5,1.4,4.1,532.1,2
53,65,36.5,16.1,3.9,0.4,2.6,1.2,13.5,0.4,12.1,1748.7,1
53,72,7,3.2,1.6,0.2,0.3,0.4,2.9,1.1,2.5,268.2,1
53,102,14,5.7,0.7,0.4,0.3,1.1,5.4,1.1,4.7,519.8,1
53,103,4,1.6,0.2,0.1,0.1,0.3,1.5,0.3,1.3,148.5,1
53,116,11,4.5,0.8,0,0.4,0.3,4.1,0.4,3.4,468.3,1
53,117,2,0.8,0.1,0,0.1,0,0.7,0.1,0.6,85.2,1
54,15,1,0.6,0.3,0,0.1,0,0.5,0.1,0.4,52.2,1
54,18,1,0.6,0.3,0,0.1,0,0.5,0.1,0.4,52.2,1
54,20,2,1.2,0.6,0,0.1,0,1.1,0.2,0.8,104.5,1
54,32,6,3.3,1.8,0.3,0.5,0.3,2.8,0.7,2.3,288.2,1
54,45,4,1.5,0.5,0.2,0.1,0.2,1.4,0.4,0.9,142.3,1
54,53,8,3,0.5,0.4,0.2,0.2,2.8,0.1,2.7,364.5,1
54,56,13,4.9,0.8,0.7,0.3,0.3,4.6,0.2,4.4,592.3,2
54,57,17,8,3.1,0,1.7,1.1,6.3,1.9,5.7,753.7,4
54,63,47,23.5,13.2,1.4,0.7,0.3,22.8,3.5,17.8,2100.3,1
54,64,95.5,39.6,13.5,5.4,3.8,4.5,35.8,5.9,27.2,3821.5,3
54,65,8,3.2,0.8,0.3,0.4,0.1,2.8,0.3,2.5,356.5,2
54,82,5.5,2.3,0.7,0.2,0,0,2.3,0.2,2,293.6,1
54,89,9,3.8,1.2,0.3,0,0,3.8,0.3,3.2,480.4,2
54,116,2,0.8,0.1,0,0.1,0,0.7,0.1,0.6,85.2,1
55,3,4,1.7,0.9,0.1,0.4,0.3,1.3,0.9,1.3,168.1,1
55,15,2,1.2,0.6,0,0.1,0,1.1,0.2,0.8,104.5,1
55,16,6,3.7,1.8,0,0.5,0,3.2,0.7,2.5,313.4,1
55,17,4,2.5,1.2,0,0.3,0,2.2,0.5,1.7,208.9,1
55,18,4,2.5,1.2,0,0.3,0,2.2,0.5,1.7,208.9,1
55,42,15.5,5.8,1.8,0.7,0.5,0.7,5.3,1.5,3.5,551.2,2
55,49,7,2.6,0.8,0.3,0.2,0.3,2.4,0.7,1.6,249,1
55,56,21,14,7,0,2,1,12,2,13,1115,0
55,57,29.5,14,5.2,0,2.9,2,11.1,3.4,10.1,1308.1,3
55,63,9,4.5,2.2,0.4,0.7,0.3,3.8,0.5,3.8,430.3,1
55,64,31,13.3,4.3,1.3,1.9,0.6,11.4,1.3,10.5,1383.4,3
55,65,8,2.8,0.4,0.4,0.5,0,2.3,0.1,1.9,295.2,2
55,89,1,0.4,0.1,0,0,0,0.4,0,0.4,53.4,1
55,119,2,0.8,0.1,0,0.1,0,0.7,0.1,0.6,85.2,1
55,120,30,12.3,2.2,0,1,0.7,11.3,1,9.1,1277.3,3
56,23,2,0.7,0.2,0.1,0.1,0,0.6,0.2,0.5,76.1,1
56,56,32,12.1,2.1,1.7,0.9,0.9,11.2,0.4,10.9,1458.1,4
56,64,1,0.3,0,0.1,0,0,0.3,0,0.2,34.3,1
56,65,36,15,3,1,2,1,13,3,13,1424,0
56,68,4,2,0.7,0.1,0,0.2,2,0.8,1.6,176.9,1
56,75,6,2.8,1.4,0.2,0.3,0.3,2.5,0.9,2.2,229.8,1
56,103,4,1.6,0.2,0.1,0.1,0.3,1.5,0.3,1.3,148.5,1
56,108,7,2.9,0.4,0.2,0.2,0.5,2.7,0.5,2.3,259.9,1
56,119,27,11.1,1.9,0,1,0.6,10.1,0.9,8.2,1149.6,3
56,120,11,4.5,0.8,0,0.4,0.3,4.1,0.4,3.4,468.3,1
57,14,5,3.1,1.5,0,0.4,0,2.7,0.6,2.1,261.2,1
57,56,16,6,1.1,0.8,0.4,0.4,5.6,0.3,5.5,729.1,2
57,64,3,1,0.1,0.2,0.2,0,0.8,0,0.6,103,1
57,65,69,35.6,18.4,2.7,8.7,4,26.9,9,19.3,2487.8,2
57,66,28,9.1,1,1.6,1.6,0,7.5,0,5.9,961.6,3
57,74,3,1.4,0.7,0.1,0.2,0.2,1.2,0.5,1.1,114.9,1
57,76,2,0.9,0.5,0.1,0.1,0.1,0.8,0.3,0.7,76.6,1
57,103,6,2.5,0.3,0.2,0.2,0.5,2.3,0.5,2,222.8,1
57,108,4,1.6,0.2,0.1,0.1,0.3,1.5,0.3,1.3,148.5,1
58,15,1,0.4,0.2,0,0,0.1,0.4,0.1,0.3,42,1
58,17,5,2.3,0.4,0,0.5,0.4,1.8,0.7,1.5,211.2,1
58,20,5,2.3,0.4,0,0.5,0.4,1.8,0.7,1.5,211.2,1
58,24,2,1,0.4,0.1,0.2,0,0.8,0.2,0.7,104.3,1
58,54,4,1.8,0.8,0.2,0,0.2,1.8,0.3,1.4,152.8,1
58,65,39,17.6,6.5,2,6,3.5,11.6,2.7,9.4,1643.2,1
58,66,19,8.4,1.6,0,0,1.6,8.4,2.2,7.6,912.8,4
58,74,12,7.7,4.6,0,1.6,0.8,6.1,2.5,4.2,507.7,3
58,75,5,2.1,0.8,0.1,0.1,0.4,2,0.9,1.7,152.9,2
58,76,38,16.5,5.8,0.8,0.8,2.5,15.7,6.6,13.2,1162.3,3
58,112,14,4.7,0.5,0.5,0,0.9,4.7,0,4.2,594.8,2
58,113,43,17.3,4.3,0.3,4,3.4,13.3,6,12.1,1502.5,2
58,114,29,9.7,1.1,1.1,0,1.7,9.7,0,8.5,1232.2,3
59,13,4,1.7,0.7,0.1,0.2,0.2,1.5,0.4,1.3,167.9,1
59,15,17,7.2,2.8,0.3,0.9,0.9,6.3,1.6,5.4,713.4,1
59,16,4,1.7,0.7,0.1,0.2,0.3,1.5,0.4,1.2,167.9,2
59,25,2,1,0.4,0.1,0.2,0,0.8,0.2,0.7,104.3,1
59,29,2,1.1,0.4,0,0,0.1,1.1,0.2,0.9,119.2,1
59,38,9,3.3,0.8,0.6,0.8,0.2,2.5,0.4,2.5,349.3,1
59,44,6,3.4,1.6,0,0.6,0.4,2.8,0.8,2,303,1
59,45,3,1.7,0.8,0,0.3,0.2,1.4,0.4,1,151.5,1
59,53,11,5.1,2.1,0.4,0,0.4,5.1,0.8,3.8,420.1,1
59,54,4,1.8,0.8,0.2,0,0.2,1.8,0.3,1.4,152.8,1
59,56,1,0.5,0.2,0,0,0,0.5,0.1,0.3,38.2,1
59,58,4,1.9,0.8,0.1,0,0.1,1.9,0.3,1.3,152.8,2
59,75,1,0.4,0.2,0,0,0.1,0.4,0.2,0.3,30.6,1
59,86,6,2.5,0.6,0,0.4,0.2,2.1,0.9,2.1,226.2,1
59,118,3,1.3,0.4,0,0,0.1,1.3,0.1,1.1,137.1,1
60,15,5,2.1,0.9,0.1,0.2,0.3,1.9,0.5,1.6,209.9,2
60,16,2,0.9,0.3,0,0.1,0.1,0.8,0.2,0.6,83.9,1
60,22,20,10,3.7,0.6,1.7,0.3,8.3,1.7,6.6,1042.8,3
60,23,6,3,1.1,0.2,0.5,0.1,2.5,0.5,2,312.8,1
60,24,1,0.5,0.2,0,0.1,0,0.4,0.1,0.3,52.1,1
60,25,1,0.5,0.2,0,0.1,0,0.4,0.1,0.3,52.1,1
60,28,7,3.9,1.4,0,0,0.2,3.9,0.7,3.1,417.4,2
60,30,4,2.1,1.1,0.2,1,0,1.1,0.8,1.9,196.2,1
60,32,2,1,0.4,0,0.2,0.2,0.8,0.3,0.6,87.2,1
60,34,2,1,0.4,0,0.2,0.2,0.8,0.3,0.6,87.2,1
60,40,2,0.7,0.2,0.1,0.2,0,0.5,0.1,0.6,77.6,1
60,53,2,0.9,0.4,0.1,0,0.1,0.9,0.2,0.7,76.4,1
60,73,12,8.1,5.2,0,1.7,0.8,6.4,2.5,4.3,535.7,2
60,111,7,3.3,1.1,0,0,0.2,3.3,1.1,2.4,312.6,2
60,118,19,8,2.4,0,0,0.6,8,0.6,6.7,868.4,2
60,119,3,1.3,0.4,0,0,0.1,1.3,0.1,1.1,137.1,1
61,4,5,2.4,1,0.1,0.4,0.2,2,1,1.5,276,1
61,13,5,2.2,0.8,0.1,0.3,0.3,1.9,0.5,1.5,209.8,2
61,14,2,0.9,0.3,0,0.1,0.1,0.8,0.2,0.6,83.9,1
61,15,1,0.4,0.2,0,0,0.1,0.4,0.1,0.3,42,1
61,18,2,0.9,0.2,0,0.2,0.2,0.7,0.3,0.6,84.5,1
61,19,2,0.9,0.2,0,0.2,0.2,0.7,0.3,0.6,84.5,1
61,22,41,25,14,0.5,9.4,3.3,15.6,12.4,10.2,2204.2,3
61,23,2,1,0.4,0.1,0.2,0,0.8,0.2,0.7,104.3,1
61,24,1,0.5,0.2,0,0.1,0,0.4,0.1,0.3,52.1,1
61,29,4,2.1,1.1,0.2,1,0,1.1,0.8,1.9,196.2,1
61,30,4,2,1.2,0.2,1,0,1,0.8,2,196.2,2
61,32,10,4.8,2.1,0.2,1,1,3.8,1.4,2.9,436.1,1
61,33,6,2.9,1.2,0.1,0.6,0.6,2.3,0.8,1.7,261.6,1
61,36,1,0.5,0.2,0,0.1,0.1,0.4,0.1,0.3,43.6,1
61,37,15,5.5,1.4,1,1.3,0.3,4.2,0.7,4.2,582.2,2
61,39,2,0.7,0.2,0.1,0.2,0,0.5,0.1,0.6,77.6,1
61,44,2,1.1,0.5,0,0.2,0.1,0.9,0.3,0.7,101,1
61,73,3,2.1,1.3,0,0.5,0.2,1.6,0.6,1.1,133.9,2
61,87,5,2.1,0.5,0,0.3,0.1,1.8,0.7,1.8,188.5,2
61,88,16,6.8,1.6,0,1.2,0.4,5.6,2.4,5.6,603.2,2
61,89,6,2.5,0.6,0,0.4,0.2,2.1,0.9,2.1,226.2,1
61,106,2,0.9,0.3,0,0,0.1,0.9,0.3,0.7,89.3,1
61,114,1,0.3,0,0,0,0.1,0.3,0,0.3,42.5,1
61,120,6,2.5,0.8,0,0,0.2,2.5,0.2,2.2,274.2,3
61,126,39,18.5,8.3,1,7.2,0.4,11.3,2.8,9,1447.6,2
61,127,12,6.2,3.1,0,3.1,0.5,3.1,2,3.6,520.2,2
62,4,10,4.8,2,0.2,0.8,0.5,4,2,3,552,2
62,12,1,0.4,0.2,0,0,0.1,0.4,0.1,0.3,42,1
62,13,7,3,1.1,0.1,0.4,0.4,2.6,0.7,2.2,293.7,2
62,14,5,2.1,0.8,0.1,0.3,0.3,1.8,0.5,1.6,209.8,1
62,22,4,2,0.8,0.1,0.3,0.1,1.7,0.3,1.3,208.6,1
62,25,3,1.5,0.6,0.1,0.3,0.1,1.2,0.3,1,156.4,1
62,27,3,1.7,0.6,0,0,0.1,1.7,0.3,1.3,178.9,1
62,28,1,0.6,0.2,0,0,0,0.6,0.1,0.4,59.6,1
62,29,11,5.8,3,0.4,2.1,0.1,3.7,1.9,5.2,560.6,2
62,34,7,3.4,1.4,0.1,0.7,0.7,2.7,1,2,305.2,1
62,35,27.5,13.2,5.7,0.5,2.8,2.8,10.4,3.8,8,1199.2,3
62,36,95,47.4,19.6,1.1,19.3,5.3,28.1,15.4,17.9,4016.8,1
62,38,1,0.4,0.1,0.1,0.1,0,0.3,0,0.3,38.8,1
62,45,1,0.6,0.3,0,0.1,0.1,0.5,0.1,0.3,50.5,1
62,67,1,0.6,0.3,0,0,0.1,0.6,0.2,0.4,43.4,1
62,75,3,2,1.3,0,0.4,0.2,1.6,0.6,1.1,133.9,1
62,86,7,2.9,0.7,0,0.5,0.2,2.4,1.1,2.5,263.9,2
62,110,2,0.9,0.3,0,0,0.1,0.9,0.3,0.7,89.3,1
62,126,45.5,22.5,9.7,0,2.8,2.6,19.7,3.2,14,1916.4,2
63,4,1,0.5,0.2,0,0.1,0,0.4,0.2,0.3,55.2,1
63,13,6,2.8,0.5,0,0.6,0.5,2.2,0.9,1.8,253.4,1
63,22,3,1.6,0.8,0,0.2,0.1,1.4,0.5,1.3,140.1,1
63,30,1,0.6,0.2,0,0,0,0.6,0.1,0.4,59.6,1
63,35,5,1.9,0.5,0.3,0.5,0.1,1.4,0.2,1.4,194.1,1
63,68,2,1.1,0.7,0.1,0,0.1,1.1,0.4,0.8,86.7,1
63,69,1,0.6,0.3,0,0,0.1,0.6,0.2,0.4,43.4,1
63,81,3,1.5,0.5,0,0,0.3,1.5,0.4,1.4,128.5,1
63,105,3,1.4,0.5,0,0,0.1,1.4,0.5,1,134,1
63,112,5,2.5,1.2,0,0.7,0.1,1.8,0.5,1.1,201.6,1
63,113,7,3.5,1.7,0,0.9,0.2,2.6,0.7,1.5,282.2,1
63,115,2,1.5,0.9,0,0,0.2,1.5,0.5,1.2,164.1,1
63,121,5,2.2,0.8,0.2,0.3,0.3,1.9,0.3,1.8,221.7,1
63,122,5,2.6,1.3,0,1.3,0.2,1.3,0.8,1.5,216.7,2
64,4,2,1,0.4,0,0.2,0.1,0.8,0.4,0.6,110.4,1
64,6,1,0.5,0.2,0,0.1,0,0.4,0.2,0.3,55.2,1
64,11,9,4.8,1.8,0,1.2,0,3.6,0.9,3.9,427.8,1
64,12,9,4.2,0.7,0,0.9,0.7,3.3,1.3,2.7,380.1,2
64,22,1,0.5,0.3,0,0.1,0,0.4,0.2,0.4,46.7,1
64,24,1,0.5,0.3,0,0.1,0,0.4,0.2,0.4,46.7,1
64,30,4,2.2,0.8,0,0,0.1,2.2,0.4,1.8,238.5,1
64,38,1,0.4,0.1,0.1,0.1,0,0.3,0,0.3,38.8,1
64,42,4,2.3,1.1,0,0.4,0.3,1.9,0.5,1.3,202,1
64,48,6,3.4,1.6,0,0.6,0.4,2.8,0.8,2,303,2
64,51,22,12.2,4.1,0,0.8,3.2,11.4,2.5,7.4,1141.5,3
64,53,9,3.6,0.9,0.5,0.1,0.1,3.5,0.9,2.7,368.4,3
64,56,16,6.3,1.7,0.9,0.3,0.3,6,1.7,4.9,654.8,2
64,66,4,2.2,1.4,0.1,0,0.2,2.2,0.8,1.7,173.5,1
64,67,9,5,3.1,0.2,0,0.5,5,1.9,3.8,390.3,2
64,111,3,1.3,0.6,0,0,0.1,1.3,0.4,0.9,136.8,1
64,112,26,13,6.1,0,3.5,0.7,9.5,2.7,5.4,1048.1,4
64,115,2,1.5,0.9,0,0,0.2,1.5,0.5,1.2,164.1,1
64,116,15,11.1,7.1,0,0,1.6,11.1,3.9,8.7,1230.8,2
64,117,4,1.8,0.6,0.2,0.3,0.2,1.5,0.2,1.4,177.4,1
65,5,4,1.9,0.8,0.1,0.3,0.2,1.6,0.8,1.2,220.8,1
65,6,6,2.8,1.2,0.2,0.4,0.3,2.4,1.2,1.8,331.2,1
65,10,5,2.8,1.4,0.1,0.6,0.2,2.2,0.7,2,226.7,1
65,11,52.5,34.7,22.6,0.1,18.1,2.2,16.6,4.8,16.8,2721.6,2
65,12,12,5.6,1,0,1.2,1,4.4,1.8,3.6,506.8,2
65,14,2,0.9,0.2,0,0.2,0.2,0.7,0.3,0.6,84.5,1
65,22,4,2.1,1.1,0,0.3,0.1,1.8,0.7,1.7,186.8,2
65,25,3,1.6,0.8,0,0.2,0.1,1.4,0.5,1.3,140.1,1
65,27,4,2.2,0.8,0,0,0.2,2.2,0.4,1.8,238.4,2
65,28,1,0.6,0.2,0,0,0,0.6,0.1,0.4,59.6,1
65,35,5,1.9,0.5,0.3,0.5,0.1,1.4,0.2,1.4,194.1,1
65,37,2,0.7,0.2,0.1,0.2,0,0.5,0.1,0.6,77.6,1
65,51,9,5,1.9,0,0.6,0.9,4.4,1.2,3.1,461.4,3
65,53,2,0.8,0.2,0.1,0,0,0.8,0.2,0.6,81.9,1
65,54,5,2,0.5,0.3,0.1,0.1,1.9,0.5,1.5,204.6,1
65,65,5,2.8,1.7,0.1,0,0.3,2.8,1.1,2.1,216.8,1
65,67,3,1.7,1,0.1,0,0.2,1.7,0.6,1.3,130.1,1
65,72,23,11.5,4.2,0,0,2.1,11.5,2.6,10.7,984.8,3
65,73,4,2,0.7,0,0,0.4,2,0.5,1.9,171.3,1
65,80,1,0.5,0.2,0,0,0.1,0.5,0.1,0.5,42.8,1
65,106,5,2.3,0.8,0,0,0.2,2.3,0.8,1.7,223.3,1
65,107,1,0.4,0.2,0,0,0,0.4,0.1,0.3,45.6,1
65,121,3,1.3,0.5,0.1,0.2,0.2,1.1,0.2,1.1,133,1
66,6,8,3.8,1.6,0.2,0.6,0.4,3.2,1.6,2.4,441.6,2
66,7,2,1.1,0.4,0,0.3,0,0.8,0.2,0.9,95.1,1
66,9,2,1.1,0.6,0,0.2,0.1,0.9,0.3,0.8,90.7,1
66,10,7,3.9,2,0.1,0.8,0.3,3.1,1,2.7,317.4,1
66,11,60,35.6,17.3,0.3,9.1,0.7,26.5,6.8,27.5,3447.6,3
66,12,2,0.9,0.2,0,0.2,0.2,0.7,0.3,0.6,84.5,1
66,22,5,2.7,1.4,0,0.4,0.1,2.3,0.8,2.2,233.5,1
66,25,2,1.1,0.6,0,0.2,0.1,0.9,0.3,0.9,93.4,1
66,26,3,1.6,0.8,0,0.2,0.1,1.4,0.5,1.3,140.1,1
66,28,1,0.6,0.2,0,0,0,0.6,0.1,0.4,59.6,1
66,29,1,0.6,0.2,0,0,0,0.6,0.1,0.4,59.6,1
66,39,1,0.4,0.1,0.1,0.1,0,0.3,0,0.3,38.8,1
66,51,4,2.3,1.1,0,0.4,0.3,1.9,0.5,1.3,202,1
66,53,15,5.9,1.6,0.8,0.3,0.3,5.6,1.6,4.5,613.9,2
66,55,5,2,0.5,0.3,0.1,0.1,1.9,0.5,1.5,204.6,1
66,56,4,1.6,0.4,0.3,0.1,0.1,1.5,0.4,1.2,163.7,2
66,64,4,2.2,1.4,0.1,0,0.2,2.2,0.8,1.7,173.5,1
66,65,6,3.3,2.1,0.2,0,0.3,3.3,1.3,2.5,260.2,1
66,103,13,6.1,2.1,0,0,0.4,6.1,2.1,4.4,580.6,2
66,110,9,4,1.7,0,0,0.2,4,1.1,2.8,410.5,1
66,111,10,4.4,1.9,0,0,0.2,4.4,1.3,3,456.1,2
66,120,1,0.4,0.2,0,0,0.1,0.4,0.1,0.4,44.3,1
66,121,22,9.7,3.5,0.9,1.3,1.3,8.4,1.3,7.9,975.5,3
67,6,3,1.4,0.6,0.1,0.2,0.2,1.2,0.6,0.9,165.6,1
67,7,3,1.6,0.6,0,0.4,0,1.2,0.3,1.3,142.6,2
67,9,10,5.5,2.4,0.1,1.3,0.2,4.2,1.2,4.2,464.4,2
67,10,5,2.8,1.4,0.1,0.5,0.1,2.3,0.7,2,226.7,2
67,11,5.5,3.1,1.5,0.1,0.6,0.2,2.5,0.8,2.2,249.4,1
67,12,2,0.9,0.2,0,0.2,0.2,0.7,0.3,0.6,84.5,1
67,23,5,2.7,1.4,0,0.4,0.2,2.3,0.8,2.2,233.5,2
67,25,11,5.9,3.1,0,0.8,0.3,5.1,1.7,4.8,513.6,1
67,26,1,0.5,0.3,0,0.1,0,0.4,0.2,0.4,46.7,1
67,27,2,1.1,0.4,0,0,0.1,1.1,0.2,0.9,119.2,1
67,65,2,1.1,0.7,0.1,0,0.1,1.1,0.4,0.8,86.7,1
67,66,1,0.6,0.3,0,0,0.1,0.6,0.2,0.4,43.4,1
67,78,3,1.5,0.5,0,0,0.3,1.5,0.4,1.4,128.5,1
67,110,5,2.2,0.9,0,0,0.1,2.2,0.6,1.5,228.1,1
67,111,21,9.4,3.9,0,0,0.4,9.4,2.6,6.4,957.9,2
67,121,15,6.6,2.4,0.6,0.9,0.9,5.7,0.9,5.4,665.1,2
68,8,5,2,0.5,0.2,0.4,0,1.6,0.6,1.5,201,1
68,24,6,2.9,1,0.2,0,0.6,2.9,1.2,2.1,253.4,1
68,25,2,1,0.3,0.1,0,0.2,1,0.4,0.7,84.5,1
68,46,6,2.8,0.9,0.2,0,0.2,2.8,0.5,2.5,221.5,1
68,56,8,3.8,1.6,0.2,0,0,3.8,0.9,3.6,333.3,1
68,99,33,13.9,4,2,0,1.3,13.9,4,10.6,1207.8,3
68,109,24,11.6,5.8,0,2.9,2.2,8.7,2.2,4.4,1177.5,1
68,118,9,3.5,0.4,0,0.2,0.2,3.3,0.3,2.5,343.8,2
69,6,5,2.4,1.2,0.2,0.6,0.3,1.8,1.4,2,210,1
69,7,10,4,1,0.3,0.7,0,3.3,1.3,3,402,3
69,17,2,1.2,0.5,0,0.1,0.1,1.1,0.3,1,113.7,1
69,20,1,0.6,0.3,0,0.1,0,0.5,0.1,0.5,56.8,1
69,22,8,3.8,1.4,0.3,0,0.8,3.8,1.6,2.7,337.9,2
69,27,2,0.9,0.3,0.1,0,0,0.9,0.4,0.7,75,1
69,74,6,2.8,1,0.4,0.5,0.4,2.3,1,2.3,254.9,2
69,108,23,11,4,1,1,1,10,3,8,881,0
69,109,50,23.2,8.8,0,1.8,2.8,21.4,2.1,14.3,2263.6,3
69,117,4.5,1.7,0.2,0,0.1,0.1,1.6,0.1,1.3,171.9,1
69,118,9,3.5,0.4,0,0.3,0.1,3.2,0.3,2.5,343.8,1
69,119,11,4.9,1.8,0.2,0.3,0,4.6,0.8,3.6,457.4,2
69,124,6,3.2,1.7,0,0,0.1,3.2,0.4,2.5,290,1
70,0,15,7.9,3.2,0.4,2.8,0.4,5.1,2.4,6.3,788.7,3
70,2,2,1,0.5,0.1,0.3,0.1,0.7,0.5,0.8,84,1
70,6,9,4.4,2.2,0.3,1.1,0.6,3.3,2.4,3.6,378,3
70,17,2,1.2,0.5,0,0.1,0.1,1.1,0.3,1,113.7,1
70,45,9,4.2,1.4,0.3,0,0.3,4.2,0.7,3.8,332.3,1
70,51,4,1.8,0.6,0.2,0,0.2,1.8,0.3,1.7,147.7,1
70,55,1,0.5,0.2,0,0,0,0.5,0.1,0.4,41.7,1
70,102,7,3.5,1.6,0.3,0,0.3,3.5,1,2.9,335,1
70,103,13,6.5,3,0.6,0,0.6,6.5,1.8,5.3,622.2,1
70,107,6,3.2,1.4,0,1,0,2.2,0.6,2.4,308.8,1
70,108,68,32.5,13.7,2,13.6,0,18.9,6.6,21.4,2582.5,2
70,109,41,17.8,5.6,0,2.1,1.1,15.7,2.3,14.3,1993.1,3
70,117,6,2.8,1.2,0.1,0.1,0,2.7,0.5,2.1,257.1,1
70,118,44,18.2,4.5,0.3,1.2,0.5,17,2.2,13.4,1750.6,4
70,119,15,6.2,1.5,0.1,0.4,0.2,5.8,0.7,4.6,596.3,3
71,0,2,1.1,0.4,0.1,0.4,0.1,0.7,0.3,0.8,105.2,1
71,2,6,2.9,1.5,0.2,0.7,0.4,2.2,1.6,2.4,252,1
71,6,2,1,0.5,0.1,0.3,0.1,0.7,0.5,0.8,84,1
71,15,2,1,0.4,0.1,0.1,0.2,0.9,0.1,0.8,111.8,1
71,16,15,7.5,3,0.5,0.5,1.2,7,0.5,5.5,838.8,3
71,17,2,1.2,0.5,0,0.1,0.1,1.1,0.3,1,113.7,1
71,18,2,1.2,0.5,0,0.1,0.1,1.1,0.3,1,113.7,1
71,20,1,0.6,0.3,0,0.1,0,0.5,0.1,0.5,56.8,1
71,21,2,1.2,0.5,0,0.1,0.1,1.1,0.3,1,113.7,1
71,23,1,0.5,0.2,0,0,0.1,0.5,0.2,0.3,42.2,1
71,24,4,1.9,0.7,0.1,0,0.4,1.9,0.8,1.4,169,1
71,35,12,6.4,2.8,0.4,0.8,1,5.6,2.6,4.8,707.6,2
71,45,2,0.9,0.3,0.1,0,0.1,0.9,0.2,0.8,73.8,1
71,51,5,2.3,0.8,0.2,0,0.2,2.3,0.4,2.1,184.6,1
71,108,3,1.6,0.7,0,0.5,0,1.1,0.3,1.2,154.4,1
71,118,14,6.4,2.9,0.2,0.2,0,6.2,1.2,5,600,3
72,0,10,5.2,2.1,0.2,1.8,0.2,3.4,1.6,4.2,525.8,2
72,6,9,4.4,2.2,0.3,1.1,0.6,3.3,2.4,3.6,378,3
72,10,4,1.6,0.4,0.1,0.3,0,1.3,0.5,1.2,160.8,1
72,16,1,0.5,0.2,0,0,0.1,0.5,0,0.4,55.9,1
72,17,5,2.9,1.3,0,0.3,0.2,2.6,0.6,2.4,284.2,1
72,18,10,5.8,2.6,0,0.7,0.3,5.1,1.3,4.9,568.3,3
72,20,2,1.2,0.5,0,0.1,0.1,1.1,0.3,1,113.7,1
72,21,2,1.2,0.5,0,0.1,0.1,1.1,0.3,1,113.7,1
72,23,3,1.5,0.5,0.1,0,0.3,1.5,0.6,1,126.7,2
72,24,5,2.4,0.8,0.2,0,0.5,2.4,1,1.7,211.2,2
72,27,5,2.1,0.7,0.4,0,0.1,2.1,1,1.7,187.4,1
72,28,2,0.9,0.3,0.1,0,0,0.9,0.4,0.7,75,1
72,30,8,3.5,1.2,0.5,0,0.1,3.5,1.5,2.7,299.9,2
72,31,1,0.4,0.1,0.1,0,0,0.4,0.2,0.3,37.5,1
72,55,9,4.3,1.8,0.2,0,0,4.3,1,4,375,2
72,62,2,0.9,0.4,0.1,0,0,0.9,0.2,0.9,83.3,1
72,63,5,2.4,1,0.1,0,0,2.4,0.6,2.2,208.3,1
72,64,4,1.9,0.8,0.1,0,0,1.9,0.4,1.8,166.7,1
72,74,2,0.9,0.3,0.1,0.1,0.1,0.8,0.3,0.8,84.9,1
73,0,27,15.5,9.2,1,7.9,0,7.6,6.8,11,1345.8,1
73,6,4,1.6,0.4,0.1,0.3,0,1.3,0.5,1.2,160.8,1
73,16,6,2.5,0.7,0,0.4,0.5,2.1,0.5,2.3,251.1,2
73,19,2,0.9,0.3,0,0.3,0.3,0.6,0.3,0.4,85.3,1
73,20,2,0.9,0.3,0,0.3,0.3,0.6,0.3,0.4,85.3,1
73,22,2,1.3,0.7,0,0.1,0.1,1.2,0.5,1.2,126.7,1
73,23,2,1.3,0.7,0,0.1,0.1,1.2,0.5,1.2,126.7,1
73,25,2,1.3,0.7,0,0.1,0.1,1.2,0.5,1.2,126.7,1
73,26,7,4.6,2.4,0,0.5,0.3,4.1,1.9,4,443.4,1
73,28,5,2.1,0.7,0.4,0,0.1,2.1,1,1.7,187.4,1
73,44,5,2.3,1.1,0.2,0.2,0.4,2.1,0.9,1.5,227.4,1
73,45,6,2.8,1.3,0.3,0.3,0.4,2.5,1,1.8,272.9,1
73,62,7,3.3,1.4,0.2,0,0,3.3,0.8,3.1,291.6,2
73,71,11,4.5,1,0.3,0.8,0.5,3.7,1.4,3.2,420.9,2
73,106,28,11.2,3.5,0.7,2.8,2.1,8.4,2.8,4.2,858.9,1
73,119,3,1.3,0.4,0.1,0,0.1,1.3,0.3,1,126.7,1
74,0,9,4.5,2.3,0,1.9,0,2.6,0.8,3,378.8,2
74,1,5,2.5,1.2,0,1,0,1.5,0.4,1.7,210.4,1
74,2,1,0.4,0.1,0,0.1,0,0.3,0.1,0.3,40.2,1
74,6,17,6.8,1.9,0.6,1.3,0,5.5,2.1,4.9,683.4,2
74,16,15,6.3,1.7,0,1.1,1.2,5.2,1.2,5.8,627.7,3
74,17,2,0.9,0.3,0,0.3,0.3,0.6,0.3,0.4,85.3,1
74,20,20,11,3,0,2,1,9,1,9,1027,0
74,21,1,0.5,0.2,0,0.2,0.1,0.3,0.2,0.2,42.6,1
74,24,2,1.3,0.7,0,0.1,0.1,1.2,0.5,1.2,126.7,1
74,26,4,2.6,1.4,0,0.3,0.2,2.3,1.1,2.3,253.4,1
74,27,11,4.7,1.6,0.8,0,0.3,4.7,2.1,3.7,412.2,1
74,28,6,2.6,0.9,0.4,0,0.1,2.6,1.1,2,224.9,1
74,39,1,0.5,0.2,0,0.1,0.1,0.4,0.2,0.4,59,1
74,71,30,12.3,2.6,0.9,2.1,1.3,10.2,3.9,8.7,1147.8,3
74,78,44.5,20.2,6.8,2.3,3,2.3,17.2,7.4,17.2,1890,2
74,95,2,0.8,0.2,0.1,0,0.1,0.8,0.2,0.6,73.2,1
74,106,12,4.8,1.5,0.3,1.2,0.9,3.6,1.2,1.8,368.1,2
75,12,1,0.5,0.2,0,0,0.1,0.5,0,0.4,55.9,1
75,16,5,2.1,0.5,0,0.3,0.4,1.8,0.4,2,209.2,2
75,18,3,1.4,0.6,0.1,0.5,0.2,0.9,0.4,0.9,138.6,1
75,19,28,13.2,4.6,0,3.8,3.8,9.4,4.6,6.2,1193.8,2
75,23,2,1.3,0.7,0,0.1,0.1,1.2,0.5,1.2,126.7,1
75,42,8,3.7,1.8,0.4,0.4,0.6,3.3,1.4,2.3,363.9,1
75,45,12,5.6,2.6,0.5,0.6,0.9,5,2.1,3.5,545.9,3
75,71,2,0.8,0.2,0.1,0.1,0.1,0.7,0.3,0.6,76.5,1
75,78,6,2.7,0.9,0.3,0.4,0.3,2.3,1,2.3,254.8,1
75,104,6,3.1,1.8,0.3,0,0.3,3.1,0.5,2.3,322.2,1
75,114,2,0.8,0.2,0.1,0,0.1,0.8,0.2,0.7,84.5,1
76,1,2,1.4,1,0,0.8,0,0.6,0.4,0.4,79.6,2
76,5,4,1.6,0.4,0.1,0.3,0,1.3,0.5,1.2,160.8,1
76,6,5,2,0.5,0.1,0.4,0,1.6,0.6,1.5,201,2
76,16,3,1.5,0.6,0.1,0.1,0.3,1.4,0.1,1.2,167.7,2
76,19,10,4.6,2,0.5,1.5,0.6,3.1,1.4,3.1,462,2
76,24,2,1.3,0.7,0,0.1,0.1,1.2,0.5,1.2,126.7,1
76,28,2,0.9,0.3,0.1,0,0,0.9,0.4,0.7,75,1
76,45,10,4.6,2.2,0.4,0.5,0.7,4.1,1.7,3,454.9,3
76,76,1,0.5,0.2,0.1,0.1,0.1,0.4,0.2,0.4,42.5,1
76,102,8,4.2,2.4,0.3,0,0.3,4.2,0.7,3.1,429.6,1
76,106,1,0.5,0.3,0,0,0,0.5,0.1,0.4,53.7,1
76,108,2,1,0.5,0.1,0,0.1,1,0.3,0.8,95.7,1
76,114,3,1.3,0.4,0.1,0,0.1,1.3,0.3,1,126.7,1
76,115,2,0.8,0.2,0.1,0,0.1,0.8,0.2,0.7,84.5,1
76,123,19,10.1,5.3,0,0,0.4,10.1,1.3,8,918.2,2
77,2,5,2,0.5,0.1,0.4,0,1.6,0.6,1.5,201,2
77,12,2,1,0.4,0.1,0.1,0.2,0.9,0.1,0.8,111.8,1
77,17,12,5.6,2.4,0.5,1.9,0.8,3.7,1.6,3.7,554.4,2
77,18,12,5.5,2.4,0.5,1.9,0.7,3.6,1.7,3.8,554.4,3
77,19,9,4.2,1.8,0.4,1.4,0.6,2.8,1.3,2.7,412.2,2
77,24,1,0.7,0.3,0,0.1,0,0.6,0.3,0.6,63.3,1
77,25,2,1.3,0.7,0,0.1,0.1,1.2,0.5,1.2,126.7,1
77,32,1,0.5,0.2,0,0.1,0.1,0.4,0.2,0.4,59,1
77,68,19.5,8,1.7,0.5,1.4,0.9,6.6,2.5,5.7,746.1,2
77,69,6,2.5,0.5,0.2,0.5,0.3,2,0.8,1.8,229.6,1
77,100,10,4.2,1.2,0.6,0,0.4,4.2,1.2,3.2,366,2
77,101,5,2.1,0.6,0.3,0,0.2,2.1,0.6,1.6,183,1
77,106,8,4.2,2.4,0.3,0,0.3,4.2,0.7,3.2,429.6,2
77,118,4,1.7,0.5,0.1,0,0.1,1.7,0.4,1.3,169,1
77,119,19,8,2.3,0.6,0,0.6,8,1.7,6.3,802.7,2
78,13,5,2.7,1,0,0.3,0,2.4,0.8,1.5,260.5,2
78,16,34,18.9,8.8,0.7,9.4,1.7,9.5,3.7,10.8,1645.9,2
78,17,47,20.7,8.1,1.5,5.6,6.5,15.1,10.1,8.6,1950.3,3
78,18,5,2.2,0.8,0.1,0.7,0.6,1.5,0.8,0.9,212.8,1
78,24,3,1.4,0.6,0.1,0.2,0.3,1.2,1.1,0.9,84.6,2
78,29,2,1,0.4,0,0.2,0,0.8,0.4,0.6,95.8,2
78,30,4,2.1,1,0.1,0.5,0.2,1.6,0.8,1.4,191.4,1
78,45,2,0.9,0.2,0,0.1,0,0.8,0,0.8,93,1
78,64,4,1.5,0.2,0.2,0.1,0.1,1.4,0.2,1.1,134.4,1
78,69,2,1.1,0.6,0,0.3,0.1,0.8,0.3,0.8,100.3,1
78,100,25,13.6,4.3,0,2.9,1.4,10.7,2.9,9.3,1302.9,3
79,1,1,0.5,0.2,0,0,0,0.5,0.1,0.4,47,1
79,2,4,2.3,1.1,0,0.7,0.1,1.6,0.7,1.7,231.9,1
79,5,1,0.6,0.3,0,0.2,0,0.4,0.2,0.4,58,1
79,12,5,2.7,1,0,0.2,0,2.5,0.9,1.6,260.4,2
79,13,6,3.2,1.2,0,0.4,0,2.8,1,1.8,312.6,2
79,14,2,1.1,0.4,0,0.1,0,1,0.3,0.6,104.2,1
79,15,6,3.1,1.8,0.4,1.5,0.4,1.6,1.2,1.8,278.3,2
79,16,8,4.2,2.4,0.5,2.1,0.5,2.1,1.6,2.4,371.1,1
79,22,10,4.6,1.9,0.4,0.4,1.1,4.2,3.7,3.1,281.9,2
79,30,2,1,0.5,0,0.2,0.1,0.8,0.4,0.7,95.7,1
79,32,6,3.2,1.4,0.2,0.4,0.5,2.8,1.3,2.4,353.8,1
79,33,1,0.5,0.2,0,0.1,0.1,0.4,0.2,0.4,59,1
79,41,2,1.1,0.5,0.1,0.2,0.2,0.9,0.4,0.8,117.9,1
79,63,1,0.4,0.1,0.1,0,0,0.4,0.1,0.3,33.6,1
79,74,3,1.2,0.3,0.1,0,0.1,1.2,0.4,1,135,1
79,75,9,3.7,0.8,0.3,0,0.3,3.7,1.1,3.1,405,1
79,99,7,3.8,1.2,0,0.8,0.4,3,0.8,2.6,364.8,1
79,100,3,1.6,0.5,0,0.3,0.2,1.3,0.3,1.1,156.3,1
79,109,8,2.8,0,0.5,0,0.5,2.8,0.5,2.1,264,1
79,115,9,4.8,2.5,0,0,0.2,4.8,0.6,3.8,434.9,1
80,0,21,9.5,2.7,0.2,3.2,1.2,6.3,2.7,5.8,883.2,2
80,1,16,7.6,2.7,0.3,1.5,0.8,6.1,2,5.5,717,3
80,2,17,9.7,4.9,0,3,0.6,6.7,3,7.3,985.4,2
80,4,2,1.1,0.6,0,0.3,0.1,0.8,0.4,0.9,115.9,1
80,12,2,1.1,0.4,0,0.1,0,1,0.3,0.6,104.2,1
80,15,2,1.1,0.4,0,0.1,0,1,0.3,0.6,104.2,1
80,16,7,3.7,2.1,0.4,1.8,0.4,1.9,1.4,2.1,324.7,1
80,18,5,2.1,0.8,0.1,0.6,0.6,1.5,0.8,0.9,212.9,2
80,24,1,0.5,0.2,0,0.1,0.1,0.4,0.4,0.3,28.2,1
80,28,5,2.6,1.2,0.1,0.6,0.2,2,1,1.7,239.3,1
80,29,4,2.1,0.9,0.1,0.5,0.1,1.6,0.8,1.3,191.5,2
80,32,4,2.2,0.9,0.2,0.3,0.3,1.9,0.8,1.6,235.8,1
80,41,4,2.2,0.9,0.2,0.3,0.3,1.9,0.8,1.6,235.8,1
80,42,8,3.6,0.9,0.1,0.4,0.1,3.2,0.1,3.2,371.9,2
80,68,1,0.6,0.3,0,0.2,0,0.4,0.1,0.4,50.2,1
80,108,4,1.4,0,0.2,0,0.2,1.4,0.2,1.1,132,1
81,0,23,10.4,2.9,0.2,3.5,1.4,6.9,2.9,6.3,967.4,3
81,1,11,5,1.4,0,1.7,0.6,3.3,1.4,3,462.6,3
81,2,4,2.2,1.2,0,0.6,0.2,1.6,0.8,1.8,231.8,2
81,20,3,1.3,0.5,0.1,0.4,0.4,0.9,0.5,0.5,127.7,1
81,21,1,0.4,0.2,0,0.1,0.1,0.3,0.2,0.2,42.6,1
81,22,7,3.2,1.4,0.3,0.3,0.8,2.9,2.5,2.1,197.4,2
81,23,1,0.5,0.2,0,0.1,0.1,0.4,0.4,0.3,28.2,1
81,24,4,1.8,0.8,0.2,0.1,0.5,1.7,1.5,1.2,112.8,1
81,26,14,6.5,2.2,0.5,0,0.5,6.5,2.2,3.8,706.5,1
81,27,10,5.2,2.5,0.2,1.2,0.5,4,2,3.5,478.5,2
81,30,10.5,5.5,2.5,0.3,1.3,0.4,4.2,2.1,3.6,502.5,3
81,41,9,4.9,2.1,0.4,0.7,0.7,4.2,1.9,3.6,530.6,2
81,42,32,14.5,3.8,0.8,1.6,0.8,12.9,0.8,13,1487.2,3
81,47,5,2,0.5,0,0.3,0.3,1.7,1,1.3,167.4,2
81,67,1,0.6,0.3,0,0.2,0,0.4,0.1,0.4,50.2,1
81,68,35,19.7,9.8,0.7,4.8,1.4,14.9,4.6,14.2,1755.6,4
81,69,21,11.9,5.8,0.4,3,0.8,8.9,2.7,8.5,1053.4,2
81,97,4,2,1,0,0.2,0,1.8,0.4,1.4,207.4,2
81,98,22,11.2,5.1,0,1.1,0.5,10.1,2.1,8.2,1140.4,3
82,9,2,1,0.3,0,0.1,0.3,0.9,0.2,0.7,103,1
82,10,5,2.4,0.7,0,0.2,0.7,2.2,0.4,1.7,257.6,1
82,11,3,1.4,0.4,0,0.1,0.4,1.3,0.3,1,154.6,1
82,12,10,5.4,2,0,0.6,0,4.8,1.7,3.1,520.9,2
82,13,2,1.1,0.4,0,0.1,0,1,0.3,0.6,104.2,1
82,14,1,0.5,0.2,0,0,0,0.5,0.2,0.3,52.1,1
82,21,5,2.2,0.8,0.1,0.7,0.6,1.5,0.8,0.9,212.8,1
82,25,6,2.7,0.9,0.3,0,0.3,2.7,0.9,1.6,302.7,2
82,26,6,2.8,0.9,0.2,0,0.2,2.8,0.9,1.6,302.8,1
82,27,1,0.5,0.2,0,0.1,0,0.4,0.2,0.3,47.9,1
82,28,2,1,0.5,0,0.2,0.1,0.8,0.4,0.7,95.7,1
82,50,3,1.2,0.3,0,0.2,0.2,1,0.6,0.8,100.4,1
82,67,55,33.8,22.3,1.2,11.7,1.4,22.1,9.5,16.9,2414.9,2
82,68,27,15.2,7.5,0.5,3.8,1.1,11.4,3.5,11,1354.3,2
82,71,2,1.1,0.6,0,0.3,0.1,0.8,0.3,0.8,100.3,1
82,97,5,2.6,1.2,0,0.3,0.1,2.3,0.5,1.9,259.2,1
82,100,5,2.6,1.2,0,0.3,0.1,2.3,0.5,1.9,259.2,1
82,103,4,1.5,0.2,0.2,0.3,0.1,1.2,0.1,1.3,129.3,1
82,104,29,10.5,1.8,1.8,1.8,0.9,8.7,0.9,9.7,937.7,3
83,7,49,19.1,4.7,1,7.4,2,11.7,6.5,12.2,1926.5,1
83,12,12,6.7,2.6,0,2.3,1.4,4.4,3.7,3.7,697.4,2
83,19,2,1.1,0.4,0,0.4,0.2,0.7,0.6,0.6,116.2,1
83,20,5,2.8,1.1,0,1,0.6,1.8,1.5,1.5,290.6,2
83,22,2,0.9,0.1,0.1,0.1,0.2,0.8,0.4,0.3,80.6,1
83,26,2,0.9,0.1,0.1,0.1,0.2,0.8,0.4,0.3,80.6,1
83,27,6,2.6,0.4,0.2,0.2,0.7,2.4,1.2,1,241.8,1
83,28,4,1.8,0.3,0.1,0.2,0.4,1.6,0.8,0.7,161.2,1
83,67,21,10.5,5.5,0.5,3.4,0.5,7.1,2.2,5,887.5,3
83,68,43,16.5,5.8,2.1,8.5,2.1,8,4.3,3.7,1401.8,1
83,72,3,1.2,0.3,0.1,0,0.1,1.2,0.4,1,135,1
83,78,8,3.7,1.6,0.2,1,0.2,2.7,1.1,3.2,406.6,2
83,93,1,0.5,0.2,0,0,0,0.5,0.1,0.4,51.8,1
83,101,68,28.5,12.5,3,12.7,2.7,15.8,3,17.1,2539.6,3
83,102,5,2.3,0.7,0.1,0.4,0.1,1.9,0.3,1.9,222.5,1
83,103,22,10.1,3.2,0.7,1.9,0.7,8.2,1.2,8.5,979,3
83,104,18,8.4,2.6,0.5,1.5,0.5,6.9,1,6.9,801,2
83,109,7,2.5,0,0.4,0,0.4,2.5,0.4,1.8,231,2
84,0,4,1.8,0.7,0,0.2,0.1,1.6,0.2,1.6,162.7,1
84,1,4,1.8,0.7,0,0.2,0.1,1.6,0.2,1.6,162.7,1
84,5,2,1,0.3,0,0.1,0.3,0.9,0.2,0.7,103,1
84,6,10,4.8,1.3,0,0.5,1.3,4.3,0.9,3.4,515.2,2
84,7,16,7,1.6,0,0.8,0,6.2,1.2,4.9,817.2,1
84,10,1,0.4,0.1,0,0,0,0.4,0.1,0.3,51.1,1
84,11,11,4.8,1.1,0,0.6,0,4.2,0.8,3.4,561.8,1
84,12,5,2.8,1.1,0,0.9,0.6,1.9,1.6,1.6,290.6,1
84,19,2,1.1,0.4,0,0.4,0.2,0.7,0.6,0.6,116.2,1
84,24,6,2.7,0.3,0.3,0.3,0.6,2.4,1.2,0.9,241.8,3
84,27,2.5,1.1,0.2,0.1,0.1,0.3,1,0.5,0.4,100.7,1
84,29,7,3.1,0.5,0.3,0.3,0.8,2.8,1.4,1.2,282.1,1
84,41,4,2.2,0.9,0.2,0.3,0.3,1.9,0.8,1.6,235.8,1
84,42,5,2,0.5,0,0.3,0.3,1.7,1,1.3,167.4,2
84,67,14,7,3.7,0.4,2.2,0.4,4.8,1.5,3.3,591.7,1
84,72,3,1.2,0.3,0.1,0,0.1,1.2,0.4,1,135,1
84,77,10,4.6,2,0.3,1.2,0.3,3.4,1.4,4,508.3,1
84,78,15,6.9,3,0.4,1.7,0.4,5.2,2.1,6,762.4,1
84,101,33,15.6,7.4,1,8.8,1.2,6.8,2,6.6,1375.6,1
84,102,24,11.1,3.4,0.6,2,0.6,9.1,1.3,9.1,1068,3
84,103,41,18.9,5.9,1.2,3.4,1.2,15.5,2.2,15.7,1824.6,4
84,104,13,6,1.9,0.4,1.1,0.4,4.9,0.7,5,578.5,1
84,106,3,1.4,0.4,0.1,0.3,0.1,1.1,0.2,1.1,133.5,1
84,107,8,2.8,0,0.5,0,0.5,2.8,0.5,2.1,264,1
85,5,1,0.5,0.1,0,0.1,0.1,0.4,0.1,0.3,51.5,1
85,27,2,0.9,0.1,0.1,0.1,0.2,0.8,0.4,0.3,80.6,1
85,28,2,0.9,0.1,0.1,0.1,0.2,0.8,0.4,0.3,80.6,1
85,41,3,1.6,0.7,0.1,0.2,0.2,1.4,0.6,1.2,176.9,1
85,45,8,3.3,0.9,0,0.6,0.6,2.7,1.5,2.1,267.9,1
85,66,5,1.8,0.3,0.3,0.1,0.2,1.7,0.3,1.4,168,1
85,69,2,0.7,0.1,0.1,0,0.1,0.7,0.1,0.5,67.2,1
85,74,5,2,0.5,0.1,0,0.1,2,0.6,1.7,225,2
85,75,2,0.8,0.2,0.1,0,0.1,0.8,0.2,0.7,90,1
85,77,2,0.9,0.4,0.1,0.2,0.1,0.7,0.3,0.8,101.7,1
85,92,6,3.1,1.4,0,0.3,0.1,2.8,0.6,2.2,311,1
85,103,4,1.9,0.6,0.1,0.4,0.1,1.5,0.2,1.5,178,1
85,104,1,0.5,0.1,0,0.1,0,0.4,0.1,0.4,44.5,1
85,105,4,1.9,0.6,0.1,0.4,0.1,1.5,0.2,1.5,178,1
85,106,12,5.5,1.7,0.3,1,0.3,4.5,0.7,4.6,534,2
85,107,7,2.5,0,0.4,0,0.4,2.5,0.4,1.8,231,2
86,11,4,1.7,0.4,0,0.2,0,1.5,0.3,1.2,204.3,1
86,12,1,0.6,0.2,0,0.2,0.1,0.4,0.3,0.3,58.1,1
86,22,3,1.3,0.2,0.1,0.1,0.3,1.2,0.6,0.5,120.9,1
86,24,2,0.9,0.1,0.1,0.1,0.2,0.8,0.4,0.3,80.6,1
86,25,2,0.9,0.1,0.1,0.1,0.2,0.8,0.4,0.3,80.6,1
86,27,14,6.2,1,0.5,0.5,1.5,5.7,2.8,2.3,564.1,1
86,65,1,0.4,0.1,0.1,0,0,0.4,0.1,0.3,33.6,1
86,68,10,3.6,0.6,0.6,0.2,0.4,3.4,0.6,2.8,336,2
86,69,4,1.5,0.2,0.2,0.1,0.1,1.4,0.2,1.1,134.4,1
86,122,9,3.8,0.9,0.3,0.6,0.2,3.2,0.5,2.9,397.2,2
86,123,12,5.1,1.2,0.4,0.8,0.2,4.3,0.7,3.9,529.6,2
87,21,5,2.8,1.1,0,0.9,0.6,1.9,1.6,1.6,290.6,1
87,32,2,1.1,0.5,0.1,0.2,0.2,0.9,0.4,0.8,117.9,1
87,34,2,1,0.4,0,0.2,0.2,0.8,0.4,0.8,118,2
87,36,1,0.5,0.2,0,0.1,0.1,0.4,0.2,0.4,59,1
87,49,2,0.8,0.2,0,0.2,0.2,0.6,0.4,0.6,67,2
87,51,4,1.6,0.4,0,0.3,0.3,1.3,0.7,1,133.9,1
87,66,6,2.1,0.3,0.3,0,0.3,2.1,0.3,1.5,201.6,3
87,76,7,2.8,0.7,0.2,0,0.2,2.8,0.9,2.4,315,1
87,97,3,1.8,1.2,0,0.4,0.1,1.4,0,1.3,158.8,1
87,122,9,3.8,0.9,0.3,0.6,0.1,3.2,0.5,2.9,397.2,2
87,123,29,12.2,2.9,1,1.9,0.5,10.3,1.5,9.3,1280,3
88,11,3,1.8,0.8,0,0.4,0.2,1.4,0.3,0.9,184,1
88,12,3,1.4,0.5,0,0.3,0.1,1.1,1.1,1.1,145.2,1
88,23,1,0.7,0.4,0,0.3,0.2,0.4,0.3,0.3,67.2,1
88,26,4,2.8,1.6,0,1.1,0.7,1.7,1,1.2,268.9,1
88,30,2,1.1,0.4,0,0.1,0.1,1,0.3,0.9,92.6,1
88,32,6,2.8,1.4,0.2,0.4,0.2,2.4,1.2,2.2,227.2,2
88,33,1,0.5,0.2,0,0.1,0,0.4,0.2,0.4,37.9,1
88,35,1,0.5,0.2,0,0.1,0,0.4,0.2,0.4,37.9,1
88,44,3,1.4,0.6,0.1,0.4,0.1,1,0.6,0.9,125.5,1
88,47,4,1.9,0.8,0.1,0.6,0.1,1.3,0.8,1.3,167.4,1
88,66,4,2,0.8,0.2,0.4,0.2,1.6,0.4,1.4,160.2,2
88,76,4,2.3,1.1,0,0.3,0.2,2,0.8,1.7,187.7,1
88,94,4,2.2,1.2,0,0,0,2.2,0.4,2,177,1
88,104,3,1.4,0.6,0,0,0.1,1.4,0.6,1.3,127.1,1
88,105,9.5,4.5,1.9,0,0,0.3,4.5,1.9,4,402.5,2
88,110,1,0.5,0.2,0,0,0,0.5,0.2,0.4,42.4,1
88,119,6,2.5,0.6,0.1,0.4,0,2.1,0.6,2,248,3
88,123,11,4.9,1.6,0.2,0.7,0.2,4.2,1.2,3.7,548.6,1
88,124,1,0.4,0.1,0,0,0,0.4,0.1,0.3,49.9,1
89,11,9,5.4,2.3,0,1.2,0.6,4.2,0.9,2.6,551.9,2
89,12,9,4.4,1.4,0,1.2,0.4,3.2,3.2,3.2,435.6,2
89,20,2,1,0.3,0,0.3,0.1,0.7,0.7,0.7,96.8,1
89,30,1,0.5,0.2,0,0,0,0.5,0.2,0.4,46.3,1
89,31,9,4.8,1.8,0,0.4,0.4,4.4,1.4,4,416.8,2
89,32,3,1.4,0.7,0.1,0.2,0.1,1.2,0.6,1.1,113.6,1
89,33,12,5.6,2.8,0.4,0.8,0.4,4.8,2.4,4.4,454.4,1
89,43,11,5.2,2.3,0.4,1.5,0.4,3.7,2.1,3.5,460.3,1
89,45,15,7,3.1,0.6,2.1,0.6,4.9,2.9,4.7,627.6,3
89,46,1,0.5,0.2,0,0.2,0,0.3,0.2,0.3,41.8,1
89,47,1,0.5,0.2,0,0.2,0,0.3,0.2,0.3,41.8,1
89,65,2,1,0.4,0.1,0.2,0.1,0.8,0.2,0.7,80.1,1
89,70,7,3.5,1.5,0.2,0.7,0.2,2.8,0.7,2.4,280.4,2
89,94,1,0.6,0.3,0,0,0,0.6,0.1,0.5,44.2,1
89,105,2,1,0.4,0,0,0.1,1,0.4,0.8,84.7,1
89,119,5,2.1,0.6,0.1,0.3,0,1.8,0.6,1.7,206.7,1
89,123,4,1.8,0.6,0.1,0.3,0.1,1.5,0.4,1.4,199.5,1
89,124,21,9.4,3.1,0.4,1.4,0.4,8,2.2,7.1,1047.3,3
90,5,3,1.8,0.7,0,0.4,0.2,1.4,0.3,0.9,183.9,2
90,9,10,5.6,1.8,0,1.4,0.6,4.2,0.9,3.3,589.6,3
90,10,7,3.6,0.8,0,1,0.3,2.6,0.5,2.6,396.2,2
90,11,9,5.2,1.8,0,1.3,0.5,3.9,0.8,2.8,537.7,2
90,18,3,1.4,0.5,0,0.3,0.1,1.1,1.1,1.1,145.2,1
90,23,2,1.4,0.8,0,0.5,0.3,0.9,0.5,0.6,134.4,1
90,30,2,1.1,0.4,0,0.1,0.1,1,0.3,0.9,92.6,1
90,32,1,0.5,0.2,0,0.1,0,0.4,0.2,0.4,37.9,1
90,33,4,1.9,0.9,0.1,0.3,0.1,1.6,0.8,1.5,151.5,1
90,34,2,0.9,0.5,0.1,0.1,0.1,0.8,0.4,0.7,75.7,1
90,41,4,2,1.1,0,0,0.3,2,0.7,1.6,200.4,1
90,44,3,1.4,0.6,0.1,0.4,0.1,1,0.6,0.9,125.5,1
90,46,1,0.5,0.2,0,0.2,0,0.3,0.2,0.3,41.8,1
90,47,2,0.9,0.4,0.1,0.3,0.1,0.6,0.4,0.6,83.7,1
90,60,3,1.5,0.9,0.1,0.1,0.1,1.4,0.4,1.1,146.2,1
90,97,44.5,20.7,8.1,1.1,4.6,0.1,16.1,0.5,10.7,1765.2,2
90,98,5,2.7,1.1,0.1,0.6,0.1,2.1,0.5,1.7,260.2,1
90,120,4,1.7,0.4,0.1,0.3,0,1.4,0.4,1.3,165.3,1
90,121,9,3.8,1,0.2,0.6,0,3.2,1,3,372,1
90,123,5,2.2,0.7,0.1,0.3,0.1,1.9,0.5,1.7,249.4,1
90,124,2,0.9,0.3,0,0.1,0,0.8,0.2,0.7,99.7,1
91,10,9,4.6,1,0,1.3,0.4,3.3,0.6,3.3,509.3,2
91,20,1,0.5,0.2,0,0.1,0,0.4,0.4,0.4,48.4,1
91,21,3,1.5,0.5,0,0.4,0.1,1.1,1.1,1.1,145.2,2
91,23,1,0.7,0.4,0,0.3,0.2,0.4,0.3,0.3,67.2,1
91,24,1,0.7,0.4,0,0.3,0.2,0.4,0.3,0.3,67.2,1
91,26,2,1.4,0.8,0,0.5,0.3,0.9,0.5,0.6,134.4,1
91,27,1,0.5,0.2,0,0,0,0.5,0.2,0.4,46.3,1
91,29,1,0.5,0.2,0,0,0,0.5,0.2,0.4,46.3,1
91,30,3,1.6,0.6,0,0.1,0.1,1.5,0.5,1.3,138.9,2
91,49,1,0.5,0.2,0,0.2,0,0.3,0.2,0.3,41.8,1
91,62,5,2.5,1.1,0.1,0.5,0.1,2,0.5,1.7,200.3,1
91,74,1,0.6,0.3,0,0.1,0,0.5,0.2,0.4,46.9,1
91,97,14,7.6,3,0.3,1.9,0.3,5.7,1.5,4.9,728.6,2
91,98,4,2.2,0.9,0.1,0.5,0.1,1.7,0.4,1.4,208.2,1
91,100,11,6,2.4,0.3,1.4,0.3,4.6,1.2,3.8,572.5,2
91,101,3,1.6,0.6,0,0.4,0,1.2,0.3,1,156.1,2
91,121,7,2.9,0.8,0.1,0.5,0,2.4,0.8,2.3,289.3,2
92,0,2,1.1,0.5,0,0.2,0.1,0.9,0.3,0.8,119.6,1
92,9,3,1.6,0.3,0,0.5,0.1,1.1,0.2,1.1,169.8,1
92,13,2,1,0.3,0,0.3,0.1,0.7,0.7,0.7,96.8,1
92,17,2,1,0.4,0,0.2,0,0.8,0.8,0.8,96.8,2
92,25,7,4.9,2.8,0,1.9,1.2,3,1.8,2.1,470.6,2
92,26,104,60.5,31,0,24.3,10.9,36.2,23.3,30.5,4861.1,1
92,27,11,5.8,2.2,0,0.4,0.4,5.4,1.8,4.8,509.4,2
92,28,7,3.7,1.4,0,0.2,0.2,3.5,1.2,3,324.1,3
92,51,9,4.3,1.9,0.3,1.3,0.3,3,1.7,2.8,376.6,1
92,65,1,0.5,0.2,0,0.1,0,0.4,0.1,0.3,40.1,1
92,66,2,1,0.4,0.1,0.2,0.1,0.8,0.2,0.7,80.1,1
92,98,4,2.1,0.9,0.1,0.5,0.1,1.6,0.4,1.3,208.1,2
92,122,2,0.9,0.3,0,0.1,0,0.8,0.2,0.7,99.7,1
93,12,3,1.2,0.3,0,0.1,0.1,1.1,0.6,1,104.2,1
93,16,1,0.4,0.1,0,0,0,0.4,0.2,0.3,34.7,1
93,17,3,1.5,0.6,0.1,0.1,0.2,1.4,0.7,1.1,155.2,1
93,19,1,0.5,0.2,0,0,0.1,0.5,0.2,0.4,51.7,1
93,20,2,1,0.4,0.1,0,0.1,1,0.5,0.7,103.5,1
93,23,2,1.1,0.4,0,0.1,0.2,1,0.3,0.8,95.1,1
93,25,3,1.6,0.6,0.1,0.2,0.2,1.4,0.4,1.2,142.7,1
93,27,5,2.6,1,0,0.2,0.2,2.4,0.8,2.2,231.5,1
93,30,1,0.5,0.2,0,0,0,0.5,0.2,0.4,46.3,1
93,35,10,5,2.9,0,0,0.7,5,1.7,4,501.1,2
93,37,24,12.4,5.7,0.8,1.7,1.7,10.7,4.1,7.4,1026.3,3
93,41,2,1,0.5,0.1,0.1,0.1,0.9,0.3,0.6,85.5,1
93,43,4,2.2,0.9,0,0.2,0.1,2,0.5,1.9,186.9,1
93,61,6,3.1,1.8,0.1,0.2,0.3,2.9,0.7,2.2,292.4,1
93,62,7,3.5,1.5,0.2,0.7,0.2,2.8,0.7,2.4,280.4,2
93,63,5,2.5,1,0.1,0.5,0.1,2,0.5,1.7,200.3,2
93,93,32,13.3,3.2,0.8,1.6,0.8,11.7,3.2,11,1244.2,4
93,94,9,3.7,0.9,0.2,0.4,0.2,3.3,0.9,3.1,349.9,2
93,98,6,3.3,1.8,0,0,0,3.3,0.6,3,265.5,1
94,6,2,1.2,0.5,0,0.3,0.1,0.9,0.2,0.6,122.6,1
94,12,5,2,0.6,0,0.2,0.2,1.8,0.9,1.7,173.7,1
94,17,1,0.5,0.2,0,0,0.1,0.5,0.2,0.4,51.7,1
94,18,1,0.5,0.2,0,0,0.1,0.5,0.2,0.4,51.7,1
94,22,11,5.8,2.2,0.2,0.7,0.9,5.1,1.6,4.5,523.1,1
94,25,7,3.8,1.4,0.1,0.4,0.6,3.4,1,2.8,332.9,3
94,31,3,1.6,0.6,0,0.1,0.1,1.5,0.5,1.3,138.9,1
94,32,1,0.5,0.3,0,0,0.1,0.5,0.2,0.4,50.1,1
94,35,4,2,1.1,0,0,0.3,2,0.7,1.6,200.4,1
94,36,4,2,1.1,0,0,0.3,2,0.7,1.6,200.4,1
94,37,2,1,0.4,0,0.2,0.2,0.8,0.4,0.6,85.6,2
94,43,8,4.6,1.8,0,0.6,0.2,4,1,3.8,373.8,4
94,44,2,1.1,0.5,0,0.1,0.1,1,0.2,0.9,93.5,1
94,46,5,2.8,1.2,0,0.3,0.2,2.5,0.6,2.3,233.7,2
94,62,5,2.5,1,0.1,0.5,0.1,2,0.5,1.7,200.3,2
94,94,3,1.6,0.9,0,0,0,1.6,0.3,1.5,132.8,1
94,101,6,3.2,1.8,0,0,0,3.2,0.6,3,265.6,2
95,8,2,0.9,0.3,0,0.4,0.2,0.5,0.3,0.5,80.3,1
95,11,1,0.5,0.2,0,0.2,0.1,0.3,0.2,0.2,40.2,1
95,15,4,1.6,0.4,0,0.1,0.1,1.5,0.7,1.3,139,1
95,17,2,1,0.4,0.1,0,0.1,1,0.5,0.7,103.5,1
95,18,1,0.5,0.2,0,0,0.1,0.5,0.2,0.4,51.7,1
95,23,3,1.6,0.6,0,0.1,0.3,1.5,0.4,1.2,142.7,2
95,24,3,1.6,0.6,0,0.1,0.3,1.5,0.4,1.2,142.7,2
95,35,1,0.5,0.3,0,0,0.1,0.5,0.2,0.4,50.1,1
95,37,1,0.5,0.2,0,0.1,0.1,0.4,0.2,0.3,42.8,1
95,42,3,1.8,0.8,0,0.2,0.1,1.6,0.4,1.5,166.8,2
95,43,7,4.2,2,0,0.5,0.5,3.7,0.9,3.4,393.9,2
95,44,1,0.6,0.3,0,0.1,0.1,0.5,0.1,0.5,60.1,1
95,45,9,5,2.1,0,0.5,0.2,4.5,1.1,4.3,420.6,2
95,105,1,0.5,0.2,0,0,0,0.5,0.2,0.4,42.4,1
96,12,2,0.8,0.2,0,0,0,0.8,0.2,0.7,84.3,1
96,13,2,0.8,0.2,0,0,0,0.8,0.2,0.7,84.3,1
96,15,5,2,0.6,0,0.2,0.2,1.8,0.9,1.7,173.7,1
96,16,2,0.8,0.2,0,0.1,0.1,0.7,0.4,0.7,69.5,1
96,21,7,3.6,1.3,0.2,0.2,0.4,3.4,1.7,2.5,362.1,1
96,23,7,3.8,1.4,0.1,0.4,0.6,3.4,1,2.8,332.9,2
96,24,5,2.7,1,0.1,0.3,0.4,2.4,0.7,2,237.8,1
96,30,2,1.1,0.4,0,0.1,0.1,1,0.3,0.9,92.6,1
96,32,1,0.5,0.3,0,0,0.1,0.5,0.2,0.4,50.1,1
96,33,3,1.5,0.9,0,0,0.2,1.5,0.6,1.2,150.3,2
96,42,3.5,2.1,1,0,0.3,0.3,1.8,0.5,1.8,210.3,2
96,43,6,3.7,1.7,0,0.4,0.4,3.3,0.9,3.1,360.4,1
96,44,2,1.2,0.6,0,0.1,0.1,1.1,0.3,1,120.1,1
96,46,3,1.7,0.7,0,0.2,0.1,1.5,0.4,1.4,140.2,1
96,58,3,1.5,0.9,0.1,0.1,0.1,1.4,0.4,1.1,146.2,1
96,115,5,2.1,0.6,0.1,0.3,0,1.8,0.6,1.7,206.7,1
96,116,9,3.8,0.9,0.2,0.6,0,3.2,0.9,3,372,3
97,9,5,2.3,0.8,0.1,1.1,0.5,1.2,0.8,1.2,200.8,2
97,10,13,5.9,2,0.2,2.9,1.2,3,2,2.9,522.2,1
97,11,54,27.5,9.9,0.5,10.2,6.1,17.3,6.9,13.3,2275.4,3
97,12,26,16.2,8.9,0.2,1.2,0,15,8.9,13.4,1455.5,2
97,13,47,20.3,5,1.5,3.5,0,16.8,4,13.3,1898.4,3
97,14,9,3.8,0.8,0.2,0.2,0,3.6,0.8,3,379.4,2
97,15,4,1.6,0.4,0,0.1,0.1,1.5,0.7,1.3,139,1
97,16,3,1.2,0.3,0,0.1,0.1,1.1,0.6,1,104.2,2
97,17,12,6.1,2.3,0.4,0.2,0.6,5.9,2.9,4.2,620.8,3
97,20,5,2.6,0.9,0.1,0.2,0.3,2.4,1.2,1.8,258.6,1
97,21,2,1,0.4,0.1,0,0.1,1,0.5,0.7,103.5,1
97,22,1,0.5,0.2,0,0,0.1,0.5,0.1,0.4,47.6,1
97,23,3,1.6,0.6,0.1,0.2,0.2,1.4,0.4,1.2,142.7,1
97,25,2,1.1,0.4,0,0.1,0.2,1,0.3,0.8,95.1,1
97,26,2,1.1,0.4,0,0.1,0.2,1,0.3,0.8,95.1,1
97,27,4,2.1,0.8,0,0.1,0.1,2,0.7,1.7,185.2,1
97,28,2,1.1,0.4,0,0.1,0.1,1,0.3,0.9,92.6,1
97,30,1,0.5,0.2,0,0,0,0.5,0.2,0.4,46.3,1
97,42,2,1.2,0.6,0,0.2,0.2,1,0.2,1,120.2,2
97,43,2,1.2,0.6,0,0.1,0.1,1.1,0.3,1,120.1,1
97,44,4,2.5,1.2,0,0.3,0.3,2.2,0.6,2,240.3,1
97,47,6,2.8,1.3,0.2,0.8,0.2,2,1.2,1.9,251.1,1
98,4,6,2.6,0.9,0.3,0.2,0,2.4,1.5,2.2,215.8,1
98,8,1,0.7,0.4,0,0.1,0,0.6,0,0.5,64.5,1
98,9,3,2.1,1.2,0,0.3,0,1.8,0.1,1.6,193.4,2
98,10,2,1.4,0.8,0,0.2,0,1.2,0.1,1.1,128.9,1
98,11,70,34.5,14.7,2,11.2,6,23.3,12.6,24.6,3073.4,1
98,12,29,14.1,5.6,0.9,2.8,1.9,11.3,3.8,6.5,1350.8,4
98,13,2,1,0.4,0.1,0.2,0.1,0.8,0.3,0.5,93.2,1
98,14,5,1.7,0.2,0.5,0,0,1.7,0.8,1.4,140,1
98,15,5,1.7,0.2,0.5,0,0,1.7,0.8,1.4,140,1
98,16,4,1.3,0.1,0.4,0,0,1.3,0.6,1.1,112,1
98,18,8,3.8,1,0,0.3,0.3,3.5,1,2.9,335,1
98,27,4,2.2,1,0,0,0,2.2,1,1.5,183,1
98,34,6,3.6,1.9,0,0.8,0.2,2.8,1.3,3.2,335.4,1
98,37,3,1.8,0.9,0,0.4,0.1,1.4,0.7,1.6,167.7,1
98,38,1,0.6,0.3,0,0.1,0,0.5,0.2,0.5,55.9,1
98,39,2,1.2,0.6,0,0.3,0.1,0.9,0.4,1.1,111.8,1
98,42,20,10.2,3.3,0,1.6,1.6,8.6,1.6,7.6,806,4
98,43,2,1,0.3,0,0.1,0.2,0.9,0.2,0.8,80.6,1
98,55,14,7.2,4.1,0.3,0.4,0.7,6.8,1.7,5.1,682.2,1
98,92,16,7.7,3.1,0.5,1,1.6,6.7,2.1,6.7,666.4,2
98,94,8,3.9,1.6,0.2,0.6,0.8,3.3,1,3.3,333.1,2
98,100,2,1.3,0.7,0,0.4,0.1,0.9,0.5,0.6,111.4,1
98,115,1,0.4,0.1,0,0,0.1,0.4,0.1,0.4,38.9,1
98,116,8,3.4,0.7,0.3,0.2,0.6,3.2,0.5,3.2,311.3,2
99,9,1,0.7,0.4,0,0.1,0,0.6,0,0.5,64.5,1
99,15,5,1.7,0.2,0.5,0,0,1.7,0.8,1.4,140,1
99,18,2,1,0.2,0,0.1,0.1,0.9,0.2,0.7,83.8,1
99,23,1,0.6,0.3,0,0,0,0.6,0.3,0.4,45.7,1
99,27,3,1.7,0.8,0,0,0,1.7,0.8,1.1,137.2,1
99,39,2,1.2,0.6,0,0.3,0.1,0.9,0.4,1.1,111.8,1
99,41,6,3.6,1.9,0,0.8,0.2,2.8,1.3,3.2,335.4,1
99,42,29.5,18.2,8.9,0,7.9,4,10.3,4,7.6,1447.6,3
99,45,1,0.5,0.1,0,0.1,0.1,0.4,0.2,0.3,47.6,1
99,50,3,1.3,0.4,0.2,0.1,0.1,1.2,0.6,1,103.3,1
99,51,8,3.6,1.2,0.4,0.4,0.2,3.2,1.6,2.6,275.4,1
99,54,2,1,0.6,0,0,0.1,1,0.2,0.7,97.5,1
99,93,4,1.9,0.8,0.1,0.2,0.4,1.7,0.5,1.7,166.6,1
100,3,3,1.3,0.4,0.2,0.1,0,1.2,0.8,1.1,107.9,1
100,6,1,0.4,0.1,0.1,0,0,0.4,0.3,0.4,36,1
100,10,1,0.7,0.4,0,0.1,0,0.6,0,0.5,64.5,1
100,14,2,0.7,0.1,0.2,0,0,0.7,0.3,0.5,56,1
100,21,1,0.5,0.1,0,0,0,0.5,0.1,0.4,41.9,1
100,23,1,0.6,0.3,0,0,0,0.6,0.3,0.4,45.7,1
100,25,1,0.6,0.3,0,0,0,0.6,0.3,0.4,45.7,1
100,26,3,1.7,0.8,0,0,0,1.7,0.8,1.1,137.2,1
100,27,8,4.4,2.1,0,0,0,4.4,2.1,2.9,365.9,2
100,37,10,4.5,1.6,0.3,0.7,0,3.8,1.8,2.8,362.8,3
100,38,3,1.3,0.4,0.1,0.2,0,1.1,0.5,0.8,102.3,1
100,41,4,2.4,1.2,0,0.5,0.1,1.9,0.9,2.1,223.6,1
100,42,3,1.5,0.5,0,0.2,0.2,1.3,0.2,1.1,120.9,1
100,45,4,1.8,0.4,0,0.3,0.5,1.5,0.6,1.1,190.6,1
100,46,7,3.2,0.8,0,0.6,0.9,2.6,1.1,1.9,333.5,1
100,91,2,1.2,0.5,0,0.2,0.1,1,0.4,0.8,93.8,1
100,92,1,0.6,0.3,0,0.1,0.1,0.5,0.1,0.4,44.1,1
100,93,2,1.3,0.6,0,0.2,0.1,1.1,0.1,0.8,88.2,1
100,94,1,0.6,0.3,0,0.1,0.1,0.5,0.1,0.4,44.1,1
100,117,8,3.4,0.7,0.2,0.1,0.6,3.3,0.5,3.2,311.3,2
101,14,2,0.7,0.1,0.2,0,0,0.7,0.3,0.5,56,1
101,17,2,1,0.2,0,0.1,0.1,0.9,0.2,0.7,83.8,1
101,19,3,1.4,0.4,0,0.1,0.1,1.3,0.4,1.1,125.6,1
101,26,2,1.2,0.6,0,0,0,1.2,0.6,0.8,91.4,2
101,37,2,0.9,0.3,0.1,0.2,0,0.7,0.4,0.5,68.2,1
101,38,5,2.1,0.7,0.2,0.3,0,1.8,0.9,1.2,170.5,1
101,41,3,1.8,0.9,0,0.4,0.1,1.4,0.7,1.6,167.7,1
101,42,3,1.4,0.3,0,0.3,0.4,1.1,0.5,0.8,142.9,2
101,45,6,2.8,0.6,0,0.5,0.8,2.3,1,1.6,285.9,1
101,48,4,1.7,0.6,0.2,0.1,0.1,1.6,0.8,1.3,137.7,2
101,88,8,4.6,2.2,0,0.6,0.4,4,1.6,3.4,375.4,2
101,93,15,9.5,4.7,0,1.6,0.8,7.9,0.8,6.3,661.6,1
101,95,3,1.5,0.6,0.1,0.2,0.3,1.3,0.4,1.3,124.9,1
101,116,3,1.3,0.3,0.1,0.1,0.2,1.2,0.2,1.2,116.7,1
101,117,9,3.9,0.8,0.3,0.2,0.6,3.7,0.5,3.6,350.2,2
101,118,3,1.3,0.3,0.1,0.1,0.2,1.2,0.2,1.2,116.7,1
102,12,2,0.7,0.1,0.2,0,0,0.7,0.3,0.5,56,1
102,15,8,2.7,0.3,0.7,0,0,2.7,1.2,2.1,224,2
102,30,4,2.3,1.1,0,0,0,2.3,1.1,1.5,182.9,2
102,33,2,1.2,0.6,0,0.2,0,1,0.4,1,111.8,2
102,34,2,1.2,0.6,0,0.3,0.1,0.9,0.4,1.1,111.8,1
102,37,8,3.4,1.1,0.3,0.6,0,2.8,1.4,2,272.9,1
102,38,1,0.4,0.1,0,0.1,0,0.3,0.2,0.2,34.1,1
102,42,7,3.2,0.7,0,0.7,1,2.5,1.1,1.8,333.5,3
102,46,9,4.1,1,0,0.7,1.2,3.4,1.5,2.4,428.8,1
102,54,2,1,0.6,0,0,0,1,0.2,0.8,97.4,2
102,63,2,1,0.6,0,0,0.1,1,0.2,0.7,97.5,1
102,117,10,4.3,0.9,0.3,0.2,0.7,4.1,0.6,4,389.1,2
102,118,8,3.5,0.7,0.3,0.2,0.5,3.3,0.4,3.2,311.3,2
103,2,4,1.7,0.6,0.2,0.1,0,1.6,1,1.5,143.9,1
103,3,5,2.1,0.7,0.3,0.1,0,2,1.3,1.9,179.9,1
103,13,1,0.5,0.1,0,0,0,0.5,0.1,0.4,41.9,1
103,14,4,1.9,0.5,0,0.1,0.2,1.8,0.5,1.4,167.5,1
103,19,2,1,0.5,0,0,0,1,0.1,0.7,88.7,1
103,20,6,3,1.5,0,0,0,3,0.4,2,266.2,2
103,22,4,1.7,0.3,0.1,0.2,0.2,1.5,0.9,1,114.4,1
103,23,9,3.8,0.8,0.2,0.4,0.6,3.4,2.1,2.2,257.4,1
103,24,1,0.4,0.1,0,0,0.1,0.4,0.2,0.2,28.6,1
103,26,5,2.1,0.4,0.1,0.2,0.3,1.9,1.1,1.2,143,1
103,30,1,0.5,0.3,0,0.1,0,0.4,0.3,0.4,42.9,1
103,33,4,2.3,1.2,0,0,0,2.3,0.7,1.4,243.7,1
103,34,5,2.9,1.5,0,0,0,2.9,0.9,1.7,304.6,2
103,35,2,1.1,0.6,0,0,0,1.1,0.3,0.7,121.8,1
103,36,3,1.7,0.9,0,0,0,1.7,0.5,1,182.7,1
103,38,8,4.3,1.8,0,0.4,0,3.9,1.1,3.2,349.7,2
103,39,5,2.7,1.1,0,0.3,0,2.4,0.7,2,218.5,2
103,40,3,1.6,0.7,0,0.2,0,1.4,0.4,1.2,131.1,1
103,42,8,3.6,1.2,0.4,0.4,0.2,3.2,1.6,2.6,275.4,1
103,44,4,1.8,0.6,0.2,0.2,0.1,1.6,0.8,1.3,137.7,1
103,45,3,1.3,0.3,0,0,0.3,1.3,0.7,0.7,124.2,2
103,46,12,5.2,0.9,0,0,0.9,5.2,2.8,2.8,496.9,1
103,53,1,0.5,0.3,0,0,0,0.5,0.1,0.4,48.7,1
103,90,8,4.6,2.2,0,0.6,0.3,4,1.5,3.4,375.4,1
103,91,3,1.7,0.8,0,0.2,0.1,1.5,0.6,1.3,140.8,1
103,96,1,0.5,0.2,0.1,0,0.1,0.5,0.2,0.4,39,1
103,98,4,2.6,1.4,0,0.8,0.2,1.8,1,1.2,222.8,2
103,99,5,3.2,1.8,0,1.1,0.3,2.1,1.3,1.6,278.4,1
103,103,4,1.9,0.8,0,0,0.1,1.9,0.8,1.7,169.5,1
103,118,46,26.2,10.9,0,7,2,19.2,6,15.8,2289.6,3
104,2,1,0.4,0.1,0.1,0,0,0.4,0.3,0.4,36,1
104,4,2,0.9,0.3,0.1,0.1,0,0.8,0.5,0.7,71.9,1
104,15,2,1,0.2,0,0.1,0.1,0.9,0.2,0.7,83.8,1
104,17,2,1,0.5,0,0,0,1,0.1,0.7,88.7,1
104,19,3,1.5,0.8,0,0,0,1.5,0.2,1,133.1,1
104,20,1,0.5,0.3,0,0,0,0.5,0.1,0.3,44.4,1
104,26,7,2.9,0.6,0.1,0.3,0.4,2.6,1.6,1.8,200.2,1
104,27,1,0.5,0.3,0,0.1,0,0.4,0.3,0.4,42.9,1
104,35,4,2.3,1.2,0,0,0,2.3,0.7,1.4,243.7,1
104,36,2,1.1,0.6,0,0,0,1.1,0.3,0.7,121.8,1
104,39,3,1.6,0.7,0,0.2,0,1.4,0.4,1.2,131.1,1
104,41,2,1.1,0.5,0,0.1,0,1,0.3,0.8,87.4,1
104,45,16,6.9,1.2,0,0,1.2,6.9,3.7,3.7,662.5,2
104,46,4,1.7,0.3,0,0,0.3,1.7,0.9,0.9,165.6,1
104,53,1,0.5,0.3,0,0,0,0.5,0.1,0.4,48.7,1
104,60,2,1,0.6,0,0,0.1,1,0.2,0.7,97.5,1
104,97,6,3.8,2.2,0,1.3,0.3,2.5,1.6,1.9,334.1,1
104,114,6,2.6,0.5,0.2,0.1,0.4,2.5,0.3,2.4,233.5,1
104,118,3,1.5,0.5,0,0,0,1.5,0.4,1.5,173.4,1
104,119,4,2.1,0.7,0,0,0,2.1,0.5,1.9,231.2,1
105,1,5.5,2.6,0.9,0,0.6,0.2,2,0.2,1.9,260.5,1
105,2,2,0.9,0.3,0.1,0.1,0,0.8,0.5,0.7,71.9,1
105,10,2,0.9,0.3,0.1,0.1,0,0.8,0.5,0.7,71.9,1
105,17,5.5,2.8,1.4,0,0,0,2.8,0.4,1.8,244,1
105,22,8,3.3,0.7,0.1,0.3,0.5,3,1.8,2,228.8,2
105,26,5,2.1,0.4,0.1,0.2,0.3,1.9,1.1,1.2,143,1
105,27,3,1.6,0.8,0.1,0.3,0,1.3,0.8,1.2,128.7,1
105,28,2,1.1,0.5,0.1,0.2,0,0.9,0.5,0.8,85.8,1
105,30,2,1.1,0.5,0.1,0.2,0,0.9,0.5,0.8,85.8,1
105,38,6,3.2,1.4,0,0.3,0,2.9,0.9,2.4,262.2,1
105,39,4,2.2,0.9,0,0.3,0,1.9,0.6,1.6,174.8,1
105,40,8,4.3,1.9,0,0.5,0,3.8,1.1,3.2,349.6,3
105,46,4,1.7,0.3,0,0,0.3,1.7,0.9,0.9,165.6,1
105,47,7,3.1,1,0.4,0.3,0.2,2.8,1.4,2.3,241,1
105,118,4,2.1,0.7,0,0,0,2.1,0.5,1.9,231.2,1
105,119,4,2,0.8,0,0,0,2,0.4,2,231.2,3
106,0,13,5.5,2.3,0,1.5,0.3,4,1.5,3.7,474.3,3
106,1,8,3.4,1.4,0,0.9,0.2,2.5,0.9,2.3,291.9,2
106,5,2,0.9,0.3,0.1,0.1,0,0.8,0.5,0.7,71.9,1
106,9,1,0.4,0.1,0.1,0,0,0.4,0.3,0.4,36,1
106,10,1,0.4,0.1,0.1,0,0,0.4,0.3,0.4,36,1
106,11,3,1.3,0.4,0.2,0.1,0,1.2,0.8,1.1,107.9,1
106,16,2,1,0.2,0,0.1,0.1,0.9,0.2,0.7,83.8,1
106,18,3,1.5,0.8,0,0,0,1.5,0.2,1,133.1,1
106,19,4,2,1,0,0,0,2,0.3,1.3,177.5,1
106,21,1,0.5,0.3,0,0,0,0.5,0.1,0.3,44.4,1
106,22,2,0.8,0.2,0,0.1,0.1,0.7,0.5,0.5,57.2,1
106,27,17,9.3,4.4,0.6,1.6,0,7.7,4.4,6.6,729.3,2
106,28,4,2.2,1,0.1,0.4,0,1.8,1,1.5,171.6,1
106,31,1,0.5,0.3,0,0.1,0,0.4,0.3,0.4,42.9,1
106,32,2,1.1,0.6,0,0,0,1.1,0.3,0.7,121.8,1
106,36,13,6,1.8,0,1.3,1,4.7,1,5.5,610,3
106,37,2,1.1,0.5,0,0.1,0,1,0.3,0.8,87.4,1
106,38,1,0.5,0.2,0,0,0,0.5,0.1,0.4,43.7,1
106,43,3,1.3,0.4,0.2,0.1,0.1,1.2,0.6,1,103.3,1
106,47,3,1.3,0.4,0.2,0.1,0.1,1.2,0.6,1,103.3,1
106,55,2,1,0.6,0,0,0.1,1,0.2,0.7,97.5,1
106,95,1,0.5,0.2,0.1,0,0.1,0.5,0.2,0.4,39,1
106,101,1,0.6,0.4,0,0.2,0.1,0.4,0.3,0.3,55.7,1
107,0,8,3.4,1.4,0,0.9,0.2,2.5,0.9,2.3,291.9,1
107,1,6,2.6,1,0,0.7,0.2,1.9,0.7,1.7,218.9,1
107,11,2,0.9,0.3,0.1,0.1,0,0.8,0.5,0.7,71.9,1
107,25,3,1.2,0.2,0.1,0.1,0.2,1.1,0.7,0.8,85.8,1
107,26,4,1.7,0.3,0.1,0.2,0.2,1.5,0.9,1,114.4,1
107,32,1,0.6,0.3,0,0,0,0.6,0.2,0.3,60.9,1
107,35,8,3.7,1.2,0,0.9,0.5,2.8,0.5,3.5,375.5,2
107,36,7,3.3,1,0,0.8,0.5,2.5,0.5,3,328.5,3
107,38,2,1.1,0.5,0,0.1,0,1,0.3,0.8,87.4,1
107,40,2,1.1,0.5,0,0.1,0,1,0.3,0.8,87.4,1
107,41,2,1.1,0.5,0,0.1,0,1,0.3,0.8,87.4,1
107,55,3,1.5,0.9,0.1,0.1,0.1,1.4,0.4,1.1,146.2,1
107,92,29,14.5,6.9,1.6,0.8,2.4,13.7,4.6,10.7,1130.2,4
107,93,5,2.5,1.2,0.3,0.2,0.4,2.3,0.8,1.8,194.8,2
107,95,2,1,0.5,0.1,0.1,0.2,0.9,0.3,0.7,77.9,1
107,101,1,0.6,0.4,0,0.2,0.1,0.4,0.3,0.3,55.7,1
107,103,4,1.9,0.8,0,0,0.1,1.9,0.8,1.7,169.5,1
107,104,10,4.8,2,0,0,0.3,4.8,2,4.2,423.7,1
107,108,1,0.5,0.2,0,0,0,0.5,0.2,0.4,42.4,1
107,117,2,1,0.4,0,0,0,1,0.2,1,115.6,1
108,9,1,0.5,0.2,0,0,0,0.5,0.2,0.3,42.3,1
108,25,3,1.6,0.9,0.1,0,0.1,1.6,0.8,0.8,128.7,1
108,29,5,2.2,1,0.2,0,0,2.2,0.6,1.8,228.2,1
108,30,2,0.9,0.4,0.1,0,0,0.9,0.2,0.7,91.3,1
108,34,7,3.7,1.7,0,0.2,0.3,3.5,1.2,2.6,272.5,2
108,35,8,4.2,1.9,0,0.2,0.3,4,1.4,3,311.4,3
108,36,1,0.5,0.2,0,0,0,0.5,0.2,0.4,38.9,1
108,37,2,1.1,0.6,0.1,0.2,0,0.9,0.2,0.9,105.1,1
108,38,1,0.6,0.3,0,0.1,0,0.5,0.1,0.5,52.6,1
108,41,1,0.6,0.3,0,0.1,0,0.5,0.1,0.5,52.6,1
108,52,4,2.2,1.2,0,0.1,0.2,2.1,0.6,1.8,191.4,1
108,53,2,1.1,0.6,0,0.1,0.1,1,0.3,0.9,95.7,1
108,56,2,1.1,0.6,0,0.1,0.1,1,0.3,0.9,95.7,1
108,77,1,0.4,0.2,0.1,0,0,0.4,0.1,0.4,41.3,1
108,89,10,4.2,1.6,0.4,0,0,4.2,1.6,3,372.6,2
108,91,3,1.3,0.5,0.1,0,0,1.3,0.5,0.9,111.8,1
108,96,26,13,5.1,0,2.1,2.1,10.9,4,10.9,1010,3
109,2,3,1.4,0.6,0.1,0.1,0.1,1.3,0.6,1,126.9,1
109,4,4,1.9,0.8,0.1,0.1,0.1,1.8,0.8,1.4,169.2,1
109,5,1,0.5,0.2,0,0,0,0.5,0.2,0.3,42.3,1
109,11,5,2.4,1,0.2,0.2,0.2,2.2,1,1.7,211.6,1
109,20,2,0.9,0.2,0,0,0.3,0.9,0.5,0.7,109.4,1
109,21,8,3.7,0.6,0,0,1.2,3.7,1.8,2.8,437.5,1
109,24,2,1.1,0.6,0.1,0,0.1,1.1,0.5,0.5,85.8,1
109,30,2,0.8,0.4,0,0,0,0.8,0.2,0.8,91.2,2
109,31,1,0.4,0.2,0,0,0,0.4,0.1,0.4,45.6,1
109,32,4,2.7,1.3,0,0.9,0,1.8,0,1.3,261.3,1
109,33,4,2.6,1.4,0,0.8,0,1.8,0,1.4,261.4,2
109,35,3,1.6,0.7,0,0.1,0.1,1.5,0.5,1.1,116.8,1
109,37,6,3.4,1.8,0.2,0.6,0,2.8,0.6,2.8,315.4,1
109,38,11,6.2,3.3,0.4,1.1,0,5.1,1.1,5.1,578.2,1
109,42,2,0.9,0.2,0,0,0.1,0.9,0.3,0.6,79.4,1
109,43,3,1.3,0.3,0,0,0.2,1.3,0.5,0.9,119.1,2
109,44,4,1.8,0.4,0,0,0.2,1.8,0.6,1.2,158.8,2
109,49,3,1.4,0.2,0,0.1,0.2,1.3,0.4,1.2,111,1
109,53,6,3.2,1.8,0,0.1,0.4,3.1,1,2.8,287,2
109,55,2,1.1,0.6,0,0.1,0.1,1,0.3,0.9,95.7,1
109,56,11,6,3.3,0,0.3,0.7,5.7,1.7,5,526.3,1
109,57,14,8.4,4.2,0,2,0.9,6.4,0.9,5.6,671.5,3
109,88,16,6.7,2.6,0.5,0,0,6.7,2.6,4.6,596.1,1
109,89,2,0.8,0.3,0.1,0,0,0.8,0.3,0.6,74.5,1
109,97,10,3.9,0.6,0.4,0,0,3.9,1.6,3.9,341,3
109,102,2,1,0.4,0.1,0,0,1,0.1,1,96.1,1
109,103,2,1,0.4,0.1,0,0,1,0.1,1,96.1,1
109,121,13,5.8,1.4,0.7,0.3,1,5.5,3.1,5.1,533.3,1
109,122,4,2.1,0.7,0,0.4,0,1.7,0,1.6,142.8,2
110,1,2,0.7,0.1,0,0.1,0.1,0.6,0.1,0.6,64.3,1
110,8,2,1,0.4,0.1,0.1,0.1,0.9,0.4,0.7,84.6,1
110,12,3,1.4,0.2,0,0,0.5,1.4,0.7,1,164.1,1
110,24,5,2.6,1.5,0.1,0,0.1,2.6,1.2,1.2,214.5,2
110,25,5,2.6,1.5,0.1,0,0.1,2.6,1.2,1.2,214.4,1
110,33,26,14.3,6,0.2,5.3,1.1,9,2,8,1227.1,3
110,34,2,1.1,0.5,0,0.1,0.1,1,0.3,0.7,77.9,1
110,35,8,4.3,2,0,0.2,0.4,4.1,1.4,2.9,311.4,1
110,40,2,1.1,0.6,0.1,0.2,0,0.9,0.2,0.9,105.1,1
110,46,11,4.8,1.1,0.2,0,0.7,4.8,1.8,3.4,436.8,1
110,47,4,1.8,0.3,0,0.2,0.3,1.6,0.5,1.7,148,1
110,48,10,6.1,3.3,0,1.1,0.6,5,2.2,3.3,481.1,1
110,56,11,5.8,2.6,0,0.5,1,5.3,1.2,4.7,523.7,2
110,88,1,0.5,0.1,0,0,0,0.5,0.1,0.4,45.9,1
110,89,7,3.5,0.8,0,0.2,0.2,3.3,1,2.8,321.2,1
110,111,2,1,0.4,0.1,0,0,1,0.1,1,96.1,1
111,0,2,0.7,0.1,0,0.1,0.1,0.6,0.1,0.6,64.3,1
111,5,2,1,0.4,0.1,0.1,0.1,0.9,0.4,0.7,84.6,1
111,21,1,0.5,0.1,0,0,0.2,0.5,0.2,0.3,54.7,1
111,23,6,3.1,1.8,0.1,0,0.1,3.1,1.4,1.4,257.3,2
111,29,2,0.9,0.4,0.1,0,0,0.9,0.2,0.7,91.3,1
111,30,24,10.5,4.7,1.2,0,0,10.5,2.9,8.8,1095.2,2
111,31,1,0.4,0.2,0,0,0,0.4,0.1,0.4,45.6,1
111,32,9,4.2,1.5,0.1,1.7,0.6,2.5,1.1,2.6,322.8,1
111,33,17,8,2.9,0.2,3.3,1.2,4.7,2.1,4.9,609.6,2
111,38,1,0.6,0.3,0,0.1,0,0.5,0.1,0.5,52.6,1
111,39,17,8.2,3.5,0.6,1.8,0.6,6.4,2.3,4.7,650.7,1
111,40,8,3.9,1.6,0.3,0.8,0.3,3.1,1.1,2.3,306.3,3
111,42,1,0.4,0.1,0,0,0.1,0.4,0.2,0.3,39.7,1
111,43,11,4.8,1.1,0.2,0,0.7,4.8,1.8,3.4,436.8,2
111,44,10,4.4,1,0.2,0,0.6,4.4,1.7,3.1,397.1,2
111,47,2,1.2,0.7,0,0.2,0.1,1,0.4,0.7,96.2,1
111,48,1,0.6,0.3,0,0.1,0.1,0.5,0.2,0.3,48.1,1
111,49,5,3,1.7,0,0.5,0.3,2.5,1.1,1.7,240.5,2
111,55,4,2,0.6,0,0.2,0.4,1.8,0.2,1.6,189.2,2
111,56,23,11.5,3.8,0,1.4,2.8,10.1,1.4,9.1,1088.2,3
111,87,18,9,1.9,0,0.6,0.6,8.4,2.6,7.1,826.1,1
111,88,2,1,0.2,0,0.1,0.1,0.9,0.3,0.8,91.8,1
112,2,1,0.5,0.2,0,0,0,0.5,0.2,0.3,42.3,1
112,7,1,0.5,0.2,0,0,0,0.5,0.2,0.3,42.3,1
112,8,1,0.5,0.2,0,0,0,0.5,0.2,0.3,42.3,1
112,23,2,1.1,0.6,0.1,0,0.1,1.1,0.5,0.5,85.8,1
112,31,4,1.8,0.8,0.2,0,0,1.8,0.5,1.5,182.5,1
112,32,1,0.5,0.2,0,0.2,0.1,0.3,0.1,0.3,35.9,1
112,33,29,13.7,4.8,0.5,5.6,2.1,8.1,3.7,8.4,1040,3
112,35,6,3.2,1.5,0,0.1,0.3,3.1,1,2.2,233.6,1
112,36,6,3.2,1.5,0,0.1,0.3,3.1,1,2.2,233.6,1
112,37,1,0.6,0.3,0,0.1,0,0.5,0.1,0.5,52.6,1
112,38,1,0.6,0.3,0,0.1,0,0.5,0.1,0.5,52.6,1
112,39,7,3.7,1.8,0.2,0.7,0.1,3,0.8,2.7,325.1,2
112,40,1,0.5,0.2,0,0.1,0,0.4,0.1,0.3,38.3,1
112,45,6,2.7,0.6,0.1,0,0.3,2.7,1,1.8,238.2,2
112,55,1,0.5,0.2,0,0.1,0.1,0.4,0.1,0.4,47.3,1
112,56,51,26.5,12.5,1,11.9,4.9,14.6,6.9,15,2042.7,3
112,57,47,30.5,19.8,1,16.8,1.2,13.7,4.2,13.5,2194.5,2
113,0,27,12,5.1,0.9,3,0.4,9,2.2,8.1,968.6,3
113,1,6,2.6,1.2,0.2,0.6,0.1,2,0.5,1.8,215.3,2
113,20,2,1,0.4,0,0.2,0.2,0.8,0.4,0.8,89,2
113,21,2,1.1,0.5,0,0.2,0.1,0.9,0.4,0.8,89.1,1
113,22,3,1.6,0.9,0.1,0,0.1,1.6,0.8,0.8,128.7,1
113,23,10,5.3,3,0.3,0,0.3,5.3,2.4,2.4,428.9,4
113,32,3,1.3,0.5,0.2,0.4,0.1,0.9,0.2,0.9,114.4,1
113,34,2,0.9,0.3,0.1,0.3,0.1,0.6,0.2,0.6,76.3,1
113,36,1,0.4,0.2,0.1,0.1,0,0.3,0.1,0.3,38.1,1
113,38,2,0.7,0.1,0.1,0,0.2,0.7,0.4,0.6,70.9,1
113,41,4,1.5,0.2,0.1,0,0.4,1.5,0.7,1.2,141.8,1
113,42,2,1.1,0.7,0.1,0,0,1.1,0.3,1,111.3,1
113,43,1,0.6,0.4,0,0,0,0.6,0.2,0.5,55.7,1
113,44,3,1.7,1.1,0.2,0.5,0.3,1.2,0.6,0.6,123.2,1
113,45,1,0.6,0.4,0.1,0.2,0.1,0.4,0.2,0.2,41.1,1
113,47,2,0.9,0.2,0,0.1,0.2,0.8,0.2,0.8,74,1
113,51,7,3.2,0.6,0,0.3,0.6,2.9,0.9,2.9,259,1
113,52,3,1.9,1.1,0,0.2,0,1.7,0.5,1.4,178.6,1
113,54,1,0.6,0.4,0,0,0,0.6,0.2,0.5,59.5,1
113,56,11,4.8,1.2,0.6,0,0.6,4.8,0.9,4.5,450.4,1
113,57,8,3.8,1.5,0.2,0.5,0.6,3.3,0.8,2.6,328.5,2
113,58,7,3.3,1.3,0.1,0.5,0.5,2.8,0.7,2.3,287.5,4
113,92,3,1.2,0.2,0.1,0,0,1.2,0.5,1.2,102.3,1
113,93,18,7,1.2,0.6,0,0,7,3,7,613.8,2
113,113,10,4.5,1,0.5,0.3,0.8,4.2,2.4,4,410.3,2
114,0,8,3.6,1.5,0.3,0.9,0.1,2.7,0.7,2.4,286.9,2
114,1,7,3.1,1.3,0.2,0.8,0.1,2.3,0.6,2.1,251.1,1
114,2,2,1,0.4,0.1,0.1,0.1,0.9,0.4,0.7,84.6,1
114,19,12,6.4,2.9,0,1.2,0.9,5.2,2.3,4.9,534.4,2
114,21,1.5,0.8,0.4,0,0.1,0.1,0.7,0.3,0.6,66.8,1
114,28,6,2.5,1.2,0.2,0,0,2.5,0.9,2.5,265.4,2
114,30,1,0.4,0.2,0,0,0,0.4,0.2,0.4,44.2,1
114,31,1,0.4,0.2,0,0,0,0.4,0.2,0.4,44.2,1
114,32,6,2.6,0.9,0.4,0.7,0.2,1.9,0.5,1.8,228.8,1
114,33,35,15.1,5.4,2.1,4.3,1.1,10.8,2.7,10.7,1334.9,2
114,34,2,0.9,0.3,0.1,0.3,0.1,0.6,0.2,0.6,76.3,1
114,36,1,0.4,0.2,0.1,0.1,0,0.3,0.1,0.3,38.1,1
114,38,1,0.4,0.1,0,0,0.1,0.4,0.2,0.3,35.5,1
114,41,4,1.5,0.2,0.1,0,0.4,1.5,0.7,1.2,141.8,1
114,44,7,3.8,2.4,0.4,0,0,3.8,1,3.5,389.5,1
114,46,5,2.9,1.9,0.3,0.8,0.5,2.1,1,1,205.3,2
114,47,3,1.4,0.2,0,0.1,0.2,1.3,0.4,1.2,111,1
114,52,3,1.9,1.1,0,0.2,0,1.7,0.5,1.4,178.6,1
114,53,4,2.6,1.4,0,0.2,0,2.4,0.7,1.9,238.1,1
114,55,9,3.9,0.9,0.5,0,0.5,3.9,0.8,3.6,368.5,3
114,56,5,2.2,0.5,0.3,0,0.3,2.2,0.4,2,204.7,1
114,57,24,11.3,4.3,0.5,1.5,1.7,9.8,2.3,7.9,985.4,3
114,58,28,13.1,5.1,0.7,1.7,2.1,11.4,2.7,9.1,1149.7,3
115,5,1,0.5,0.2,0,0,0,0.5,0.2,0.3,42.3,1
115,8,2,1,0.6,0.1,0.1,0.1,0.9,0.5,0.9,68.1,1
115,9,5,2.6,1.4,0.2,0.2,0.2,2.4,1.2,2.1,170.2,1
115,15,5,2.3,0.4,0,0,0.8,2.3,1.2,1.7,273.5,1
115,16,2,0.9,0.2,0,0,0.3,0.9,0.5,0.7,109.4,1
115,18,3,1.6,0.7,0,0.3,0.2,1.3,0.6,1.2,133.6,1
115,19,4,2.1,1,0,0.4,0.3,1.7,0.8,1.6,178.1,1
115,20,1,0.5,0.2,0,0.1,0.1,0.4,0.2,0.4,44.5,1
115,30,1,0.4,0.2,0,0,0,0.4,0.2,0.4,44.2,1
115,31,2,0.8,0.4,0.1,0,0,0.8,0.3,0.8,88.5,1
115,32,161.5,87.9,38.1,3,42.3,9.3,45.6,16.4,56.4,6738.1,1
115,33,2,0.9,0.2,0,0.1,0.1,0.8,0.1,0.8,91.1,1
115,39,5,1.8,0.3,0.2,0,0.5,1.8,0.9,1.5,177.3,1
115,42,3,1.6,1.1,0.2,0,0,1.6,0.4,1.5,166.9,1
115,45,10,5.8,3.7,0.5,1.6,1.1,4.2,2.1,2.1,410.5,1
115,48,1,0.5,0.1,0,0.1,0.1,0.4,0.1,0.4,37,1
115,54,3,1.3,0.3,0.2,0,0.2,1.3,0.2,1.2,122.8,1
115,55,9,3.9,0.9,0.5,0,0.5,3.9,0.7,3.6,368.5,2
115,58,16,7.5,2.9,0.4,0.9,1.2,6.6,1.6,5.2,656.9,2
115,89,16,9.1,3.8,0,0.8,1.6,8.3,1.6,7.7,955.5,3
115,104,6,3.1,1.3,0.3,0,0,3.1,0.3,2.9,288.3,1
115,107,5,2.6,1.1,0.2,0,0,2.6,0.2,2.4,240.2,1
115,122,16,8.4,2.8,0,1.4,0,7,0,6.3,571.2,3
116,5,5,2.4,1,0.2,0.2,0.2,2.2,1,1.7,211.5,2
116,17,2,1.1,0.5,0,0.2,0.1,0.9,0.4,0.8,89.1,1
116,20,8,4.3,1.9,0,0.8,0.5,3.5,1.6,3.3,356.3,2
116,29,5,2.1,1.1,0.1,0,0,2.1,0.8,2.1,221.2,1
116,32,90,42.6,19.5,4,23.6,3.6,19,5.9,20.6,3832.4,3
116,33,59,24.5,3.7,0,0.8,2.8,23.7,1,21.4,2617.5,3
116,37,6,2.2,0.4,0.2,0,0.5,2.2,1.1,1.8,212.7,1
116,38,7,2.6,0.5,0.2,0,0.6,2.6,1.3,2.1,248.2,2
116,43,1,0.6,0.4,0,0,0,0.6,0.2,0.5,55.7,1
116,46,1,0.6,0.4,0,0,0,0.6,0.2,0.5,55.7,1
116,48,2,0.9,0.2,0,0.1,0.2,0.8,0.2,0.8,74,1
116,79,13,5.8,2.4,1,0,0,5.8,1,4.8,536.9,1
116,80,8,3.6,1.5,0.5,0,0,3.6,0.5,2.9,330.4,2
116,102,6,3.1,1.3,0.3,0,0,3.1,0.3,2.9,288.3,1
117,0,9,4,1.7,0.3,1,0.1,3,0.7,2.7,322.9,1
117,9,12,6.3,3.5,0.5,0.7,0.5,5.6,2.9,5.2,408.5,3
117,10,1,0.5,0.3,0,0,0,0.5,0.2,0.4,34,1
117,11,1,0.5,0.3,0,0,0,0.5,0.2,0.4,34,1
117,15,2,0.9,0.2,0,0,0.3,0.9,0.5,0.7,109.4,1
117,16,3,1.4,0.3,0,0,0.5,1.4,0.7,1,164.1,2
117,19,4,2.1,1,0,0.4,0.3,1.7,0.8,1.6,178.1,1
117,21,2,1.1,0.5,0,0.2,0.1,0.9,0.4,0.8,89.1,1
117,27,7,2.9,1.5,0.2,0,0,2.9,1.1,2.9,309.7,1
117,29,4,1.7,0.8,0.1,0,0,1.7,0.6,1.7,176.9,1
117,30,11,4.6,2.3,0.3,0,0,4.6,1.7,4.6,486.6,1
117,32,13,5.7,1.4,0,0.3,0.3,5.4,0.5,5.2,592.3,1
117,33,1,0.4,0.1,0,0,0,0.4,0,0.4,45.6,1
117,34,1,0.4,0.2,0.1,0.1,0,0.3,0.1,0.3,38.1,1
117,35,14,6.1,2.1,0.8,1.8,0.5,4.3,1.1,4.3,534,2
117,37,2,0.7,0.1,0.1,0,0.2,0.7,0.4,0.6,70.9,1
117,38,2,0.7,0.1,0.1,0,0.2,0.7,0.4,0.6,70.9,1
117,42,3,1.6,1.1,0.2,0,0,1.6,0.4,1.5,166.9,1
117,43,1,0.6,0.4,0,0,0,0.6,0.2,0.5,55.7,1
117,45,1,0.6,0.4,0,0,0,0.6,0.2,0.5,55.7,1
117,51,2,0.9,0.2,0,0.1,0.2,0.8,0.2,0.8,74,1
117,52,1,0.6,0.4,0,0,0,0.6,0.2,0.5,59.5,1
117,55,5,3.2,1.8,0,0.3,0,2.9,0.9,2.3,297.7,2
117,80,5,2.2,0.9,0.4,0,0,2.2,0.4,1.9,206.5,1
117,83,5,2.9,1.2,0,0.3,0.5,2.6,0.5,2.4,298.6,1
117,112,4,1.8,0.4,0.2,0.1,0.3,1.7,0.9,1.6,164.1,1
118,4,2,1.1,0.5,0.1,0,0.1,1.1,0.2,1,118.5,1
118,9,1,0.4,0.1,0,0,0,0.4,0.1,0.3,34.8,1
118,14,5,2.3,1.2,0.2,0,0,2.3,1,1.7,173.5,1
118,20,4,1.9,0.4,0.1,0,0.1,1.9,0.7,1.6,158.1,2
118,21,9,4.2,0.9,0.3,0,0.3,4.2,1.7,3.6,355.8,3
118,31,3,1.8,1.1,0.1,0.3,0,1.5,0.6,1.2,173.4,2
118,35,1,0.5,0.2,0,0,0.1,0.5,0.1,0.5,56,1
118,38,2,1.2,0.6,0,0.2,0.1,1,0.4,0.8,84.6,1
118,55,1,0.5,0.2,0,0.1,0.1,0.4,0.1,0.4,42.3,1
118,84,2,1,0.4,0,0.2,0,0.8,0.2,0.8,90.1,1
118,85,9,4.5,1.8,0,0.7,0,3.8,0.7,3.6,405.3,3
118,107,3,1.2,0.3,0.2,0.2,0,1,0.1,0.6,108.9,2
118,108,6,2.3,0.5,0.4,0.3,0,2,0.3,1.2,217.8,1
118,109,6,2.3,0.5,0.4,0.3,0,2,0.3,1.2,217.8,1
118,126,12,6.8,2.6,0,1.3,0.7,5.5,2.2,4.5,571.2,2
118,127,3,1.5,0.5,0,0.6,0.1,0.9,0.2,0.8,128.3,1
119,3,1,0.5,0.3,0,0,0,0.5,0.1,0.5,59.2,1
119,5,2,1.1,0.5,0.1,0,0.1,1.1,0.2,1,118.5,1
119,9,2,0.8,0.3,0,0.1,0,0.7,0.1,0.7,69.6,1
119,19,4,1.9,0.4,0.1,0,0.1,1.9,0.7,1.6,158.1,1
119,28,2,1.2,0.7,0.1,0.2,0,1,0.4,0.8,115.6,1
119,32,1,0.5,0.2,0,0,0.1,0.5,0.1,0.5,56,1
119,37,3,1.7,0.9,0,0.2,0.1,1.5,0.6,1.3,126.9,1
119,38,2,1.2,0.6,0,0.2,0.1,1,0.4,0.8,84.6,1
119,44,2,1,0.4,0.1,0.2,0.1,0.8,0.1,0.8,91.2,1
119,55,6,3,1.2,0.3,0.7,0.4,2.3,0.4,2.4,253.9,1
119,59,2,0.8,0.2,0,0,0.1,0.8,0.1,0.7,88.9,1
119,62,2,1.4,0.8,0,0.2,0,1.2,0.2,1.2,144.2,1
119,85,69,32,10.4,2,7,3,25,7,23.8,3100.4,1
119,86,23,11.5,4.6,0,1.9,0,9.6,1.9,9.2,1035.7,2
119,94,25,10.2,3.2,0,0,1.3,10.2,1.9,7.7,964.8,2
119,95,6,2.5,0.8,0,0,0.3,2.5,0.5,1.8,231.5,1
119,106,6,2.3,0.5,0.4,0.3,0,2,0.3,1.2,217.8,1
119,107,18,7,1.6,1.2,0.9,0,6.1,0.9,3.7,653.5,2
119,108,63,33,16.4,2.8,9.3,4,23.7,8.3,19.4,2969,2
119,109,28,10.8,2.5,1.9,1.4,0,9.4,1.4,5.8,1016.6,1
119,119,5,2.2,0.5,0.3,0.2,0.4,2,1.2,2,205.2,2
119,120,3,1.3,0.3,0.2,0.1,0.2,1.2,0.7,1.2,123.1,1
119,121,3,1.3,0.3,0.2,0.1,0.2,1.2,0.7,1.2,123.1,1
119,126,2,1.1,0.4,0,0.2,0.1,0.9,0.4,0.8,95.2,1
119,127,61,29.9,8.9,0.6,10.9,2.3,19,6.1,16.4,2450.2,3
120,4,9,3.9,1.4,0.2,0.1,0.5,3.8,0.7,3.7,436.3,3
120,5,5,2,0.5,0.1,0.1,0.4,1.9,0.4,1.8,215.5,1
120,18,3,1.3,0.4,0.2,0,0.1,1.3,0.5,1.1,115.9,2
120,19,3,1.4,0.3,0.1,0,0.1,1.4,0.5,1.2,118.6,1
120,27,1,0.6,0.4,0,0.1,0,0.5,0.2,0.4,57.8,1
120,32,12,6.5,2.1,0.1,0.9,0.5,5.6,1.2,4.9,582.3,3
120,33,11,5.9,1.8,0,1.1,0.4,4.8,1.2,4.3,503.8,2
120,34,8,4.3,1.5,0.2,0.2,0.5,4.1,0.8,3.7,448,2
120,35,3,1.6,0.6,0.1,0.1,0.2,1.5,0.3,1.4,168,1
120,40,1,0.6,0.3,0,0.1,0,0.5,0.2,0.4,42.3,1
120,49,1,0.5,0.2,0,0.1,0,0.4,0,0.4,45.6,1
120,50,1,0.5,0.2,0,0.1,0,0.4,0,0.4,45.6,1
120,55,6.5,3.2,1.3,0.3,0.7,0.4,2.5,0.4,2.6,275,1
120,62,2,1.4,0.8,0,0.2,0,1.2,0.2,1.2,144.2,1
120,68,2,1.1,0.4,0,0.1,0.1,1,0.2,0.7,100.8,1
120,85,5,2.4,1,0.1,0.4,0,2,0.3,1.8,219.7,2
120,86,33,15.9,6.3,0.8,2.9,0.3,13,2.4,11.3,1426,3
120,94,4,1.6,0.5,0,0,0.2,1.6,0.3,1.2,154.4,1
120,104,3,1.2,0.3,0.2,0.2,0,1,0.1,0.6,108.9,1
121,4,3,1.5,0.6,0.1,0,0.2,1.5,0.3,1.4,161.6,2
121,8,9,3.8,1.3,0,0.4,0.2,3.4,0.6,3.1,313.1,1
121,12,4,1.8,0.9,0.2,0,0,1.8,0.8,1.4,138.8,1
121,14,1,0.5,0.2,0,0,0,0.5,0.2,0.3,34.7,1
121,15,4,1.8,0.9,0.2,0,0,1.8,0.8,1.4,138.8,1
121,17,6,2.5,0.9,0.3,0.3,0,2.2,0.8,2,221.1,1
121,18,4,1.6,0.6,0.2,0.2,0,1.4,0.5,1.3,147.4,1
121,19,2,0.9,0.2,0.1,0,0.1,0.9,0.4,0.8,79.1,1
121,20,2,0.9,0.2,0.1,0,0.1,0.9,0.4,0.8,79.1,1
121,32,9,4.9,1.4,0,1,0.3,3.9,0.9,3.4,403.1,3
121,34,2,1.1,0.4,0.1,0.1,0.1,1,0.2,0.9,112,1
121,35,2,1.1,0.4,0.1,0.1,0.1,1,0.2,0.9,112,1
121,40,7,4,2.2,0,0.5,0.3,3.5,1.3,3,296.2,1
121,41,4,2.3,1.2,0,0.3,0.1,2,0.8,1.7,169.2,2
121,44,2,1,0.4,0.1,0.2,0.1,0.8,0.1,0.8,91.2,1
121,46,2,1,0.4,0.1,0.2,0.1,0.8,0.1,0.8,91.2,1
121,49,5,2.4,1.1,0.2,0.4,0.2,2,0.2,2,228,2
121,59,3,1.3,0.3,0,0.1,0.1,1.2,0.1,1.1,133.3,1
121,60,1,0.4,0.1,0,0,0,0.4,0,0.4,44.4,1
121,61,3,1.2,0.3,0,0,0.1,1.2,0.1,1.1,133.3,2
121,62,7,4.8,2.9,0,0.7,0,4.1,0.7,4.1,504.7,3
121,64,1,0.7,0.4,0,0.1,0,0.6,0.1,0.6,72.1,1
121,66,1,0.7,0.4,0,0.1,0,0.6,0.1,0.6,72.1,1
121,68,9,4.9,1.8,0.2,0.4,0.5,4.5,0.9,3.3,453.6,3
121,69,17,9.4,3.3,0.3,1.3,1,8.1,1.5,5.5,771.7,3
121,70,34.5,20.1,9.4,0,7.2,2.1,12.9,4.2,13.6,1585.7,1
121,72,2,1.2,0.6,0.1,0.6,0.2,0.6,0.3,0.5,79.1,1
121,73,9,5.3,2.9,0.4,2.4,0.8,2.9,1.2,2.5,355.9,1
121,83,17.5,8.8,4.3,0.3,5.1,1.1,3.7,2,3.7,640,1
121,84,43,20.7,7.3,0.5,10.1,1.2,10.6,2.8,16.7,1394.6,1
121,85,109,72,46,0,52,4,20,20,30,4987,0
121,86,106.5,57.6,28.6,2.6,26.4,3.2,31.2,11,34.4,4866.2,2
121,87,3,1.5,0.7,0,0.9,0.2,0.6,0.3,0.6,109.7,1
121,90,5,2.5,1.2,0.1,1.5,0.3,1,0.6,1.1,182.8,1
121,92,32,15.6,7.7,0,1,0,14.6,1,14.6,1608.7,3
121,93,1,0.5,0.2,0,0,0,0.5,0,0.5,50.3,1
121,95,4,1.6,0.5,0,0,0.2,1.6,0.3,1.2,154.4,1
121,127,1,0.5,0.2,0,0.2,0,0.3,0.1,0.3,42.8,1
122,4,27,12.9,5.4,0.9,0.3,1.4,12.6,2.1,12,1421.8,3
122,5,4,1.6,0.4,0.1,0.1,0.3,1.5,0.3,1.5,172.4,1
122,6,14,5.4,1.4,0.4,0.4,1,5,1,5.2,603.4,2
122,8,3,1.3,0.4,0,0.2,0.1,1.1,0.2,1,104.4,1
122,12,10,4.5,2.3,0.5,0,0,4.5,2,3.5,347,3
122,13,2,0.9,0.5,0.1,0,0,0.9,0.4,0.7,69.4,1
122,17,23,9.4,3.5,1.2,1.2,0,8.2,3,7.7,847.5,3
122,18,5,2.1,0.8,0.3,0.3,0,1.8,0.6,1.7,184.2,1
122,21,2,0.9,0.2,0.1,0,0.1,0.9,0.4,0.8,79.1,1
122,28,3,1.8,1.1,0.1,0.3,0,1.5,0.6,1.2,173.4,1
122,32,2,1.1,0.3,0,0.2,0.1,0.9,0.2,0.8,89.6,1
122,33,7,3.8,1.1,0,0.8,0.2,3,0.7,2.7,313.5,3
122,34,1,0.5,0.2,0,0.1,0,0.4,0.1,0.4,44.8,1
122,35,15,8.2,2.9,0.5,0.5,0.8,7.7,1.6,6.8,840,4
122,40,7,4.1,2.1,0,0.6,0.2,3.5,1.4,2.9,296.1,2
122,44,1,0.5,0.2,0,0.1,0,0.4,0,0.4,45.6,1
122,45,5,2.4,1.1,0.2,0.4,0.2,2,0.2,2,228,1
122,48,4,1.9,0.9,0.2,0.3,0.2,1.6,0.2,1.6,182.4,1
122,55,6,3,1.2,0.2,0.7,0.4,2.3,0.4,2.4,253.9,2
122,59,19.5,8.3,1.8,0.2,0.3,0.8,8,0.6,6.9,866.5,3
122,60,33,14,2.8,0.5,0.5,1.5,13.5,0.9,11.7,1466.5,3
122,61,29,20.9,16.6,0.1,16.1,0.2,4.8,2.1,3.6,879,3
122,62,4,2.7,1.7,0,0.4,0,2.3,0.4,2.3,288.4,1
122,64,2,1.4,0.8,0,0.2,0,1.2,0.2,1.2,144.2,1
122,67,11,6,2.3,0.2,0.5,0.6,5.5,1.1,4,554.4,3
122,68,15,8.1,3.2,0.3,0.6,0.9,7.5,1.5,5.5,756,2
122,69,16,8.7,3.3,0.3,0.8,1,7.9,1.5,5.6,773.7,3
122,70,27,14.9,5.1,0.5,2.2,1.7,12.7,2.3,8.6,1184,4
122,72,7,4.2,2.2,0.2,2,0.7,2.2,0.9,2,276.7,3
122,78,4,2.4,1.3,0.2,1.1,0.4,1.3,0.5,1.1,158.2,1
122,82,2,1,0.5,0,0.6,0.1,0.4,0.2,0.4,73.1,1
122,83,17,8.5,4.2,0.2,4.9,1.1,3.6,1.9,3.6,621.6,3
122,84,17,8.3,3.7,0.5,3.2,0.6,5.1,1.5,4.5,673.3,2
122,85,41,27.7,16.9,0.4,17,4.1,10.7,8.7,12.1,2058,2
122,86,5,2.4,0.9,0.2,0.5,0.1,1.9,0.3,1.6,211.5,1
122,88,4,2,1,0.1,1.2,0.3,0.8,0.5,0.8,146.3,1
122,102,4,1.5,0.4,0.3,0.2,0,1.3,0.2,0.8,145.2,1
123,4,25,9.2,0.5,1.7,0.9,0.9,8.3,2.6,7.5,933.4,3
123,5,5,1.8,0.1,0.4,0.2,0.2,1.6,0.5,1.5,186.7,1
123,9,3,1.3,0.4,0,0.2,0.1,1.1,0.2,1,104.4,1
123,13,3,1.7,0.9,0,0.5,0.2,1.2,0.6,1.2,158.4,2
123,15,3,1.7,0.9,0,0.4,0.2,1.3,0.7,1.2,158.4,1
123,16,8,4.5,2.4,0,1.1,0.5,3.4,1.8,3.1,422.4,2
123,17,13,6,2,0.3,1.2,0.9,4.8,1.7,4.8,457,2
123,20,12,5.5,1.8,0.3,1,0.8,4.5,1.5,4.5,421.8,2
123,21,7,3.2,1.1,0.2,0.6,0.5,2.6,0.9,2.6,246.1,1
123,26,14,5.8,1.9,0,0.5,0,5.3,1.4,3.9,661.4,2
123,27,2,1.2,0.7,0.1,0.2,0,1,0.4,0.8,115.6,1
123,28,1,0.6,0.4,0,0.1,0,0.5,0.2,0.4,57.8,1
123,33,7,3.3,0.9,0,0.5,0,2.8,0.2,3.1,317.1,2
123,34,14,6.9,2,0.1,1.3,0.3,5.6,1.1,5.5,635.3,4
123,37,1,0.6,0.4,0,0.1,0,0.5,0.2,0.6,46.4,1
123,40,1,0.6,0.4,0,0.1,0,0.5,0.2,0.6,46.4,1
123,47,3,1.7,0.8,0,0.3,0.2,1.4,0.5,1.7,175.1,1
123,48,1,0.6,0.3,0,0.1,0.1,0.5,0.2,0.6,58.4,1
123,58,18,8.4,2.4,0.1,1.2,1.4,7.2,1.4,6.7,793.8,3
123,59,61.5,29.1,9.5,1.2,4.2,3.1,24.9,4.5,22.7,2704.6,4
123,60,151,97.6,64.7,1.4,38.1,4.5,59.5,24.1,52.9,7676.5,1
123,61,87,43.8,20.7,1.2,18.7,4.3,25.1,11.7,24.7,3631.1,2
123,62,6,2.8,1.2,0.1,0.3,0,2.5,0.1,1.7,213.5,2
123,65,2,0.9,0.4,0,0.1,0,0.8,0,0.6,71.1,1
123,66,2,0.9,0.4,0,0.1,0,0.8,0,0.6,71.1,1
123,68,12,5.8,2.2,0.4,1.4,0.4,4.4,1.2,3.4,432.4,2
123,69,7,3.4,1.3,0.2,0.9,0.2,2.5,0.7,2,252.2,2
123,70,20,9.5,3.8,0.6,2.3,0.6,7.2,2,5.8,720.6,3
123,72,9,4,1.5,0.3,0.3,0.8,3.7,1.1,3.3,383.2,2
123,77,6,2.6,0.7,0.2,0.2,0.3,2.4,0.3,1.9,265.7,1
123,78,7,3,0.7,0.2,0.2,0.2,2.8,0.2,2.3,310.1,3
123,83,1,0.5,0.2,0,0.3,0.1,0.2,0.1,0.2,36.6,1
123,84,2,1,0.5,0,0.6,0.1,0.4,0.2,0.4,73.1,1
123,95,1,0.4,0.1,0,0,0,0.4,0.1,0.3,49.1,1
123,96,16,7.1,1.9,0.5,0,0.5,7.1,1.4,5.2,786.4,1
123,102,1,0.4,0.1,0.1,0.1,0,0.3,0,0.2,36.3,1
124,4,8,3,0.2,0.6,0.4,0.2,2.6,0.8,2.4,298.6,2
124,5,5,1.8,0.1,0.4,0.2,0.2,1.6,0.5,1.5,186.7,1
124,8,12,5,1.7,0,0.5,0.3,4.5,0.9,4.2,417.5,2
124,9,2,0.8,0.2,0,0,0,0.8,0.2,0.6,69.6,2
124,11,3,1.3,0.4,0,0.2,0.1,1.1,0.2,1,104.4,1
124,15,13,7.2,3.9,0,1.7,0.7,5.5,2.9,5.1,686.4,3
124,20,3,1.4,0.5,0.1,0.3,0.2,1.1,0.4,1.1,105.5,1
124,22,6,2.5,0.8,0,0.2,0,2.3,0.6,1.7,283.4,1
124,26,4,1.7,0.6,0,0.2,0,1.5,0.4,1.1,189,1
124,32,6,2.9,0.7,0,0.5,0,2.4,0.1,2.6,271.9,2
124,33,1,0.5,0.1,0,0.1,0,0.4,0,0.4,45.3,1
124,34,21,10.6,3.1,0.3,2.2,0.7,8.4,2.5,7.6,953.7,4
124,35,9,4.5,1.5,0.1,0.9,0.4,3.6,1.5,3,409.2,4
124,36,10,5.1,1.6,0.1,1.1,0.5,4,1.6,3.4,454.6,3
124,37,1,0.6,0.4,0,0.1,0,0.5,0.2,0.6,46.4,1
124,48,3,1.8,0.8,0,0.3,0.2,1.5,0.5,1.8,175.1,2
124,49,3,1.8,0.8,0,0.3,0.2,1.5,0.5,1.8,175.1,2
124,51,1,0.6,0.3,0,0.1,0.1,0.5,0.2,0.6,58.4,1
124,52,2,1,0.4,0.1,0.2,0.1,0.8,0.1,0.8,84.6,1
124,53,1,0.5,0.2,0,0.1,0.1,0.4,0.1,0.4,42.3,1
124,56,9,4.4,1.8,0.4,1,0.6,3.4,0.6,3.6,380.8,1
124,57,10,4.7,1.3,0.1,0.7,0.8,4,0.8,3.7,441,2
124,58,16,7.5,2.1,0.1,1.1,1.3,6.4,1.3,6,705.6,3
124,59,52,24.6,7.7,0.8,3.6,2.9,21,3.8,19.4,2288.5,4
124,60,43,22.7,8.7,0.5,9.1,2.6,13.6,6,12.8,2078.5,3
124,61,6,2.9,1,0.2,0.5,0.2,2.4,0.4,2.2,263.4,2
124,62,15,7,2.9,0.3,0.6,0,6.4,0.3,4.1,533.6,1
124,64,4,1.9,0.8,0.1,0.2,0,1.7,0.1,1.1,142.3,1
124,65,5,2.3,1,0.1,0.2,0,2.1,0.1,1.4,177.9,1
124,67,13,6.2,2.5,0.4,1.5,0.4,4.7,1.3,3.8,468.4,2
124,68,11,5.3,2.1,0.4,1.3,0.4,4,1.1,3.2,396.4,3
124,70,5,2.4,0.9,0.1,0.6,0.1,1.8,0.5,1.4,180.1,1
124,72,1,0.4,0.2,0,0,0.1,0.4,0.1,0.4,42.6,1
124,73,4,1.8,0.7,0.2,0.2,0.3,1.6,0.5,1.5,170.3,1
124,74,3,1.5,0.8,0.1,0.1,0.1,1.4,0.4,1.3,139,2
124,75,42,20,9.3,1.5,1.5,0,18.5,4.7,12.4,1535.7,1
124,76,7,3.7,2.1,0.2,0.2,0,3.5,1.1,3.1,337.6,2
124,77,6,2.6,0.7,0.2,0.2,0.3,2.4,0.3,1.9,265.8,2
124,78,9,3.9,1,0.3,0.3,0.4,3.6,0.4,2.9,398.6,2
124,79,22,9.6,2.5,0.7,0.7,1.1,8.9,1.1,7.1,974.4,2
124,123,4,2.3,0.9,0,0.4,0.2,1.9,0.8,1.5,190.4,1
125,4,2,0.7,0,0.1,0.1,0.1,0.6,0.2,0.6,74.7,1
125,6,2,0.7,0,0.1,0.1,0.1,0.6,0.2,0.6,74.7,1
125,10,1,0.4,0.1,0,0,0,0.4,0.1,0.3,34.8,1
125,13,6,3.3,1.8,0,0.8,0.3,2.5,1.3,2.3,316.8,1
125,15,3,1.7,0.9,0,0.5,0.2,1.2,0.6,1.2,158.4,2
125,33,6,2.9,0.9,0.1,1.3,0.2,1.6,0.3,1.8,229.5,2
125,34,8,3.8,1.1,0,0.6,0,3.2,0.4,3.4,362.6,3
125,35,6,2.9,0.8,0,0.5,0.1,2.4,0.4,2.5,272.1,2
125,36,3,1.4,0.4,0,0.2,0,1.2,0.1,1.3,135.9,1
125,37,2,1.3,0.8,0,0.2,0,1.1,0.3,1.1,92.9,1
125,38,1,0.6,0.4,0,0.1,0,0.5,0.2,0.6,46.4,1
125,39,7,4.4,2.8,0,0.6,0,3.8,1.2,4,325,2
125,43,4,2,0.7,0.1,0.4,0.2,1.6,0.5,1.5,172.8,1
125,45,2,1,0.3,0.1,0.2,0.1,0.8,0.2,0.7,86.4,1
125,46,7,3.5,1.2,0.2,0.7,0.3,2.8,0.8,2.6,302.4,3
125,48,7,3.5,1.4,0.1,0.5,0,3,0.7,3.1,353.7,2
125,50,16,9,4.2,0.3,1.5,0.4,7.5,0.8,6.2,756.2,3
125,51,16,8.9,4.3,0.2,1.5,0.6,7.4,1.4,7,807,3
125,52,6,3,1.2,0.3,0.7,0.4,2.3,0.4,2.4,253.9,1
125,54,1,0.5,0.2,0,0.1,0.1,0.4,0.1,0.4,42.3,1
125,55,7,3.2,0.8,0,0.8,0.1,2.4,0.4,2.5,285.2,1
125,56,14,6.6,2.1,0.3,1.6,0.6,5,0.9,5.2,579.9,2
125,57,4,1.9,0.5,0,0.3,0.3,1.6,0.3,1.5,176.4,1
125,58,4,1.9,0.5,0,0.3,0.3,1.6,0.3,1.5,176.4,1
125,59,5,2.4,0.9,0.1,0.3,0.2,2.1,0.3,1.8,219.5,1
125,60,2,1,0.3,0.1,0.2,0.1,0.8,0.1,0.7,87.8,1
125,61,5,2.3,0.8,0,0.3,0.4,2,0.5,1.8,220.3,3
125,62,4,1.9,0.8,0.1,0.2,0,1.7,0.1,1.1,142.3,1
125,69,1,0.5,0.2,0,0.1,0,0.4,0.1,0.3,36,1
125,72,9.5,4.3,1.6,0.4,0.4,0.8,3.9,1.2,3.5,404.4,1
125,73,9,4.4,1.2,0,0.2,0.5,4.2,0.5,3.7,416.2,1
125,75,6,3.2,1.9,0.2,0.2,0,3,0.9,2.6,289.3,1
125,78,8,3.5,0.9,0.3,0.3,0.4,3.2,0.4,2.5,354.3,2
125,79,2,0.9,0.2,0.1,0.1,0.1,0.8,0.1,0.6,88.6,1
125,80,2,0.9,0.2,0.1,0.1,0.1,0.8,0.1,0.6,88.6,1
125,100,5,2.2,0.6,0.1,0,0.1,2.2,0.4,1.6,245.7,1
125,123,11,6.2,2.3,0,1.2,0.6,5,2.1,4.2,523.6,2
126,3,7,2.7,0.3,0.2,0.5,0.2,2.2,0.2,2.7,271.8,1
126,4,9,3.3,0.2,0.6,0.3,0.3,3,0.9,2.7,336,1
126,23,3,1.4,0.4,0,0.4,0.2,1,0.2,1,134.8,1
126,27,1,0.6,0.4,0,0.1,0,0.5,0.2,0.4,57.8,1
126,32,5,2.3,0.9,0.2,1.3,0.3,1,0.3,1.2,173.5,2
126,33,36,16.7,6.4,1.3,9.6,1.9,7.1,2.6,8.4,1249.7,3
126,34,5,2.3,0.9,0.2,1.3,0.3,1,0.4,1.2,173.6,1
126,35,1,0.5,0.1,0,0.1,0,0.4,0,0.4,45.3,1
126,37,4,2.5,1.6,0,0.3,0,2.2,0.7,2.3,185.7,2
126,40,3,1.9,1.2,0,0.2,0,1.7,0.5,1.7,139.3,1
126,43,1,0.5,0.2,0,0.1,0,0.4,0.1,0.4,43.2,1
126,45,22,10.8,3.6,0.6,2.3,1,8.5,2.5,8.1,950.3,2
126,46,19,9.4,3.2,0.5,1.9,0.8,7.5,2.2,7,820.7,3
126,47,17,11.5,9.2,1,9.1,0,2.4,4.1,4.4,718.5,1
126,48,54,33.6,19.8,0.4,10.5,2,23.1,7.8,25.5,2727,3
126,49,4,2.1,0.9,0,0.3,0,1.8,0.3,1.6,192.4,2
126,50,25,13.8,6.7,0.4,2.2,0.4,11.6,0.9,8.9,1142,2
126,56,17,7.7,2,0,2,0.3,5.7,1,6,692.7,2
126,57,2,0.9,0.3,0,0.1,0.2,0.8,0.2,0.7,88.2,1
126,63,8,3.7,1.6,0.2,0.3,0,3.4,0.2,2.2,284.6,2
126,64,1,0.5,0.2,0,0.1,0,0.4,0,0.3,35.6,1
126,73,5.5,2.7,0.8,0,0.1,0.3,2.6,0.3,2.3,254.4,1
126,74,6,3,0.8,0,0.2,0.3,2.8,0.3,2.4,277.5,2
126,75,1,0.5,0.1,0,0,0.1,0.5,0.1,0.4,46.2,1
126,76,4,2,0.5,0,0.1,0.2,1.9,0.2,1.6,185,1
126,92,7,3.1,0.8,0.2,0,0.2,3.1,0.6,2.2,344,2
126,93,2,0.9,0.2,0.1,0,0.1,0.9,0.2,0.6,98.3,1
127,2,5,2,0.2,0.1,0.4,0.1,1.6,0.1,2,194.1,1
127,3,17,6.7,0.8,0.3,1.3,0.3,5.4,0.3,6.7,660.1,3
127,4,12,4.7,0.6,0.3,0.9,0.3,3.8,0.3,4.7,465.9,2
127,6,1,0.4,0,0.1,0.1,0,0.3,0.1,0.3,37.3,1
127,7,6,2.5,0.8,0,0.3,0.1,2.2,0.4,2.1,208.7,1
127,8,1,0.4,0.1,0,0,0,0.4,0.1,0.3,34.8,1
127,18,2,0.9,0.3,0,0.2,0.1,0.7,0.3,0.7,70.3,1
127,19,9,4.1,1.4,0.2,0.8,0.6,3.3,1.2,3.3,316.4,1
127,23,4,1.8,0.5,0,0.5,0.3,1.3,0.3,1.3,179.7,1
127,24,22,9.9,2.9,0,2.3,1.4,7.6,1.9,7.1,999.8,3
127,28,2,1.2,0.7,0.1,0.2,0,1,0.4,0.8,115.6,1
127,29,12,7.3,4.3,0.4,1.3,0,6,2.5,4.7,693.5,2
127,30,1,0.6,0.4,0,0.1,0,0.5,0.2,0.4,57.8,1
127,32,2,0.9,0.4,0.1,0.5,0.1,0.4,0.1,0.5,69.4,1
127,33,4,1.9,0.8,0.1,1.1,0.3,0.8,0.3,0.9,138.8,3
127,36,3,1.4,0.4,0,0.2,0,1.2,0.1,1.3,135.9,1
127,37,4,2.6,1.6,0,0.3,0,2.3,0.6,2.2,185.8,1
127,38,1,0.6,0.4,0,0.1,0,0.5,0.2,0.6,46.4,1
127,44,21,10.3,3.5,0.6,2.1,0.9,8.2,2.3,7.7,907,3
127,45,17,8.4,2.8,0.5,1.8,0.8,6.6,1.9,6.2,734.3,3
127,46,90,46.3,17.5,2.6,15.2,4.9,31.1,11.4,32.8,3744,2
127,47,100,56.6,29.4,3.1,28.6,7,28,19.6,26.1,4444.7,1
127,48,24,12.2,4.8,0.4,1.9,0,10.3,2.2,10.7,1212.5,4
127,49,10,5.3,2.3,0.2,0.9,0.1,4.4,0.7,4,481,2
127,55,4,1.8,0.5,0,0.5,0.1,1.3,0.2,1.4,163,1
127,56,15,6.8,1.8,0,1.8,0.3,5,0.9,5.3,611.2,3
127,60,3,1.4,0.4,0,0.2,0.2,1.2,0.2,1.1,132.3,1
127,61,2,0.9,0.3,0,0.1,0.2,0.8,0.2,0.7,88.2,1
127,73,2,1,0.3,0,0.1,0.1,0.9,0.1,0.8,92.5,1
127,74,9,4.5,1.2,0,0.3,0.5,4.2,0.5,3.6,416.2,3
127,86,2,1,0.5,0,0.6,0.1,0.4,0.2,0.4,73.1,1
127,99,3,1.3,0.4,0.1,0,0.1,1.3,0.3,1,147.4,1
127,122,4,2.2,0.8,0,0.4,0.2,1.8,0.8,1.6,190.4,2
127,125,3,1.7,0.6,0,0.3,0.2,1.4,0.6,1.1,142.8,1
