x,y,Ind,Men,Men_1ind,Men_5ind,Men_coll,Men_fmp,Men_mais,Men_pauv,Men_prop,Men_surf,imputed
0,17,3,1.1,0.3,0.1,0,0,1.1,0.2,1.1,111.5,1
0,19,10,3.8,0.9,0.3,0,0,3.8,0.6,3.8,371.6,1
0,20,5,1.9,0.5,0.2,0,0,1.9,0.3,1.9,185.8,1
0,25,5,1.6,0.2,0.2,0,0,1.6,0.3,1.2,158.4,1
0,37,7,3.2,1,0.1,0,0.3,3.2,0.3,2.2,337.6,1
0,38,19,8.6,2.7,0.3,0,0.9,8.6,0.9,5.9,916.5,1
0,39,4,1.8,0.6,0.1,0,0.2,1.8,0.2,1.2,192.9,1
0,59,13,6.3,1.9,0,0,0.4,6.3,0.6,5.7,682.9,1
0,60,31.5,18,7,1,0,1,18,2,15,2002,0
0,76,6,3.1,1.1,0,0,0.4,3.1,0.1,2.2,293,1
0,79,9,4.6,1.7,0,0,0.6,4.6,0.2,3.3,439.5,1
0,80,16,8.2,3,0,0,1.1,8.2,0.4,6,781.4,1
0,83,2,0.8,0.2,0.1,0,0,0.8,0.1,0.6,84.2,1
0,84,10,4,1,0.3,0,0.2,4,0.3,3.2,420.8,1
0,85,4,1.6,0.4,0.1,0,0.1,1.6,0.1,1.3,168.3,1
0,90,1,0.5,0.2,0,0,0,0.5,0.1,0.4,49.5,1
0,91,4,1.6,0.5,0.1,0,0.1,1.6,0.1,1.4,179.7,1
0,92,21,8.4,2.7,0.8,0,0.6,8.4,0.8,7.1,943.4,1
0,93,21.5,8.6,2.7,0.8,0,0.6,8.6,0.8,7.3,965.8,1
0,95,1,0.4,0.1,0,0,0,0.4,0,0.3,44.9,1
0,96,1,0.4,0.1,0,0,0,0.4,0,0.4,42.6,1
0,99,3,1.2,0.3,0,0,0.1,1.2,0.1,1.2,127.8,1
0,105,22,9.2,2.1,0.7,1.1,1.1,8.1,1.1,6.7,995.3,1
0,106,41,22,6,0,0,1,22,0,19,2042,0
0,107,88,40,16,2,22,5,18,4,13,3335,0
0,108,4,2.1,0.8,0.1,0,0,2.1,0.2,1.6,177.8,1
0,109,19,9.9,3.7,0.4,0,0,9.9,1.1,7.7,844.4,1
0,110,2,1,0.4,0,0,0,1,0.1,0.8,88.9,1
0,111,1,0.4,0.2,0,0,0,0.4,0,0.3,37.5,1
1,5,2,0.7,0.1,0.1,0,0.1,0.7,0.1,0.5,100.7,1
1,30,5,2.1,0.7,0.1,0,0.1,2.1,0.4,1.4,239.6,1
1,31,11,4.7,1.6,0.3,0,0.3,4.7,0.8,3.1,527.2,1
1,37,1,0.5,0.1,0,0,0,0.5,0,0.3,48.2,1
1,38,13,5.9,1.8,0.2,0,0.6,5.9,0.6,4.1,627,1
1,39,6,2.7,0.8,0.1,0,0.3,2.7,0.3,1.9,289.4,1
1,59,3,1.5,0.4,0,0,0.1,1.5,0.1,1.3,157.6,1
1,60,39,18,7,0,0,2,18,2,16,1737,0
1,61,10,6.4,3.2,0,0,0.8,6.4,0.4,5.2,589.2,1
1,76,4,2,0.7,0,0,0.3,2,0.1,1.5,195.3,1
1,79,2,1,0.4,0,0,0.1,1,0,0.7,97.7,1
1,87,6,2.9,1.1,0.2,0,0,2.9,0.5,2.5,296.8,1
1,91,5,2,0.6,0.2,0,0.1,2,0.2,1.7,224.6,1
1,93,4,1.6,0.5,0.1,0,0.1,1.6,0.1,1.4,179.7,1
1,95,3,1.2,0.4,0.1,0,0.1,1.2,0.1,1,134.8,1
1,101,2,0.8,0.2,0.1,0.1,0.1,0.7,0.1,0.6,90.5,1
1,104,5,2.1,0.5,0.2,0.2,0.2,1.9,0.2,1.5,226.2,1
1,105,11,4.6,1.1,0.4,0.5,0.5,4.1,0.5,3.4,497.7,1
1,106,52,23,8,3,3,0,20,3,15,2320,0
1,107,103.5,39,9,6,0,4,39,6,17,3805,0
1,108,11,5.7,2.1,0.2,0,0,5.7,0.6,4.4,488.9,1
1,109,8,4.2,1.5,0.2,0,0,4.2,0.5,3.2,355.5,1
1,112,1,0.4,0.2,0,0,0,0.4,0,0.3,37.5,1
1,114,5,2.1,0.9,0.1,0,0,2.1,0.2,1.6,187.7,1
1,118,10,4.6,1.2,0,0,0.2,4.6,0.6,4,411.7,1
1,122,3,1.5,0.6,0,0,0.1,1.5,0.3,1.2,162.4,1
1,126,8,3.1,0.6,0.3,0,0.3,3.1,0.5,1.9,351.5,1
2,3,7,3.3,1.9,0.2,0,0.2,3.3,0.2,2.3,335.1,1
2,5,7,3.3,1.9,0.2,0,0.2,3.3,0.2,2.3,335.1,1
2,9,4,2.1,0.7,0,0,0.2,2.1,0.1,1.6,183,1
2,17,8,3,0.7,0.5,0,0.2,3,0.5,1.8,325.7,1
2,20,9.5,3.6,0.8,0.5,0,0.3,3.6,0.5,2.2,386.8,1
2,21,4,1.4,0.3,0.2,0,0.2,1.4,0.3,1.1,163.1,1
2,37,12,5.5,2.2,0.3,0.6,0.3,4.9,0.6,4,589.2,1
2,39,5,2.3,0.9,0.1,0.3,0.1,2,0.3,1.7,245.5,1
2,40,1,0.5,0.2,0,0.1,0,0.4,0.1,0.3,49.1,1
2,56,3,1.4,0.5,0.1,0,0.2,1.4,0.1,1.2,149.6,1
2,60,3,1.4,0.5,0.1,0,0.2,1.4,0.1,1.2,149.6,1
2,61,10,4.6,0.4,0,0,0.8,4.6,0.4,3.8,505,1
2,67,2,0.8,0.2,0.1,0,0,0.8,0.1,0.7,91.1,1
2,68,2,0.8,0.2,0.1,0,0,0.8,0.1,0.7,91.1,1
2,83,1,0.4,0.1,0.1,0,0.1,0.4,0.1,0.3,35.9,1
2,87,29.5,11.9,3,0.7,0,3.7,11.9,3.7,5.2,1240.5,1
2,97,4,1.4,0.3,0.1,0,0.1,1.4,0.3,1,181.9,1
2,99,4,1.4,0.3,0.1,0,0.1,1.4,0.3,1,181.9,1
2,104,10,4.2,1.2,0.4,0,0,4.2,0.4,3,380.1,1
2,105,4,1.7,0.5,0.2,0,0,1.7,0.2,1.2,152,1
2,106,92,49,25,1,5,7,44,5,21,4239,0
2,107,164.5,83,38,8,34,11,49,24,29,6546,0
2,108,55.5,35,22,1,0,6,35,11,8,2678,0
2,112,6,2.2,0.3,0.3,0,0.1,2.2,0.1,1.6,247.6,1
2,116,5,1.8,0.5,0.5,0,0.2,1.8,0.3,1,206.8,1
2,117,9,3.2,0.9,0.9,0,0.3,3.2,0.6,1.7,372.2,1
2,122,6,2.5,0.7,0,0,0.2,2.5,0.2,1.8,247.4,1
3,2,1,0.5,0.3,0,0,0,0.5,0,0.3,47.9,1
3,3,4,1.9,1.1,0.1,0,0.1,1.9,0.1,1.3,191.5,1
3,20,12,4.5,1,0.7,0,0.3,4.5,0.7,2.8,488.6,1
3,21,42.5,20,7,1,0,0,20,3,13,2209,0
3,33,3,1.2,0.3,0.1,0,0,1.2,0.1,1.1,122.8,1
3,40,12,5.5,2.2,0.3,0.6,0.3,4.9,0.6,4,589.2,1
3,57,8,3.7,1.3,0.2,0,0.4,3.7,0.2,3.2,398.9,1
3,58,5,2.3,0.8,0.1,0,0.3,2.3,0.1,2,249.3,1
3,60,1,0.5,0.2,0,0,0.1,0.5,0,0.4,49.9,1
3,61,7,3.2,0.3,0,0,0.6,3.2,0.3,2.6,353.5,1
3,67,2,0.8,0.2,0.1,0,0,0.8,0.1,0.7,91.1,1
3,68,14,5.8,1.2,0.4,0,0.2,5.8,0.6,4.6,637.4,1
3,69,14,5.8,1.2,0.4,0,0.2,5.8,0.6,4.6,637.4,1
3,70,36,14,5,1,0,0,14,0,12,1544,0
3,71,11,4.4,0.6,0,0.2,0.6,4.2,0.5,3.8,466.4,1
3,75,5,2,0.3,0,0.1,0.3,1.9,0.2,1.7,212,1
3,76,34,13,3,0,0,1,13,1,9,1223,0
3,77,33,18,9,1,0,2,18,2,15,1846,0
3,78,2,0.8,0.2,0,0,0.1,0.8,0,0.7,88.3,1
3,81,3,1.2,0.2,0.2,0,0.3,1.2,0.4,1,107.8,1
3,83,2,0.8,0.1,0.1,0,0.2,0.8,0.3,0.7,71.9,1
3,91,9,3.2,0.3,0.3,0,0,3.2,0.3,2.2,395.9,1
3,92,32,11,0,2,0,3,11,1,7,1108,0
3,95,16,5.6,0.5,0.5,0,0,5.6,0.5,4,703.8,1
3,96,7,2.5,0.5,0.2,0,0.2,2.5,0.5,1.7,318.3,1
3,99,2,0.7,0.1,0,0,0,0.7,0.1,0.5,90.9,1
3,102,3,1.3,0.4,0.1,0,0,1.3,0.1,0.9,114,1
3,104,7,3,0.9,0.3,0,0,3,0.3,2.1,266.1,1
3,105,86,57,40,1,38,6,19,7,14,3352,0
3,106,60,31,12,2,1,2,30,4,17,2880,0
3,107,66.5,39,21,1,3,2,36,3,12,2894,0
3,108,36,18,5,0,0,0,18,1,16,1731,0
3,112,17.5,6.5,0.8,0.8,0,0.3,6.5,0.3,4.7,722,1
3,114,7,2.6,0.3,0.3,0,0.1,2.6,0.1,1.9,288.8,1
3,115,2,0.7,0.1,0.1,0,0,0.7,0,0.5,82.5,1
3,116,5,1.8,0.5,0.5,0,0.2,1.8,0.3,1,206.8,1
3,122,13,5.5,1.5,0,0,0.5,5.5,0.5,4,536,1
3,123,2,0.8,0.2,0,0,0.1,0.8,0.1,0.6,82.5,1
4,2,1,0.5,0.3,0,0,0,0.5,0,0.3,47.9,1
4,5,2,0.9,0.5,0.1,0,0.1,0.9,0.1,0.7,95.7,1
4,18,3,1.1,0.3,0.2,0,0.1,1.1,0.2,0.7,122.1,1
4,19,17,6.4,1.5,1,0,0.5,6.4,1,3.9,692.2,1
4,20,23,12,4,0,0,0,12,1,7,1173,0
4,21,24.5,8.8,2.1,1,0,1,8.8,1.5,6.7,999.1,1
4,22,16,5.7,1.3,0.7,0,0.7,5.7,1,4.4,652.5,1
4,40,1,0.5,0.2,0,0.1,0,0.4,0.1,0.3,49.1,1
4,45,1,0.4,0.1,0,0,0,0.4,0,0.4,58.3,1
4,58,3,1.4,0.5,0.1,0,0.2,1.4,0.1,1.2,149.6,1
4,66,6,2.5,0.5,0.2,0,0.1,2.5,0.3,2,273.2,1
4,67,19,7.9,1.6,0.5,0,0.3,7.9,0.8,6.2,865,1
4,71,6,2.4,0.3,0,0.1,0.3,2.3,0.3,2.1,254.4,1
4,72,4,1.6,0.2,0,0.1,0.2,1.5,0.2,1.4,169.6,1
4,73,3,1.2,0.2,0,0,0.2,1.2,0.1,1,127.2,1
4,76,61,20,1,2,0,2,20,1,15,2176,0
4,77,51,23,9,1,0,3,23,5,10,2046,0
4,78,23,12,6,0,0,1,12,2,7,1130,0
4,79,11,4.4,1.1,0.2,0,0.5,4.4,0.2,3.8,485.8,1
4,85,4.5,1.8,0.3,0.3,0,0.5,1.8,0.6,1.5,161.7,1
4,88,4,1.6,0.4,0.1,0,0.5,1.6,0.5,0.7,168.2,1
4,91,9,3.2,0.3,0.3,0,0,3.2,0.3,2.2,395.9,1
4,92,12,4.2,0.4,0.4,0,0,4.2,0.4,3,527.8,1
4,94,1,0.4,0,0,0,0,0.4,0,0.2,44,1
4,95,21,7.4,0.6,0.6,0,0,7.4,0.6,5.2,923.7,1
4,96,12,4.3,0.8,0.3,0,0.3,4.3,0.8,2.9,545.7,1
4,102,2,0.8,0.2,0.1,0,0,0.8,0.1,0.6,76,1
4,103,11,4.6,1.4,0.5,0,0,4.6,0.5,3.3,418.1,1
4,104,58.5,30,14,1,0,5,30,3,11,2470,0
4,105,23,9.7,2.8,0.9,0,0,9.7,0.9,6.9,874.2,1
4,106,27,9.6,2.1,2.1,0,0.7,9.6,1.4,7.5,1062.2,1
4,107,37,19,7,1,0,3,19,0,4,1514,0
4,108,67.5,19,0,4,0,2,19,0,15,2013,0
4,109,1,0.4,0.1,0.1,0,0,0.4,0.1,0.3,39.3,1
4,116,2,0.7,0.2,0.2,0,0.1,0.7,0.1,0.4,82.7,1
4,118,5,1.8,0.5,0.5,0,0.2,1.8,0.3,1,206.8,1
4,122,1,0.4,0.1,0,0,0,0.4,0,0.3,41.2,1
5,5,8,3.7,2.1,0.3,0,0.3,3.7,0.3,2.7,382.9,1
5,6,1,0.5,0.2,0,0,0.1,0.5,0,0.4,45.8,1
5,12,5,2.6,0.9,0,0,0.3,2.6,0.2,2,228.8,1
5,19,10,3.7,0.9,0.6,0,0.3,3.7,0.6,2.3,407.2,1
5,22,3,1.1,0.3,0.1,0,0.1,1.1,0.2,0.8,122.3,1
5,26,1,0.4,0.1,0,0,0,0.4,0,0.4,40.9,1
5,36,7,3.2,1.3,0.2,0.3,0.2,2.9,0.4,2.3,343.7,1
5,58,3,1.4,0.5,0.1,0,0.2,1.4,0.1,1.2,149.6,1
5,61,2,0.9,0.1,0,0,0.2,0.9,0.1,0.8,101,1
5,72,10,4,0.6,0,0.1,0.6,3.9,0.4,3.4,424,1
5,73,14,5.6,0.8,0,0.2,0.8,5.4,0.6,4.8,593.6,1
5,74,15,6,0.9,0,0.2,0.9,5.8,0.6,5.1,636,1
5,75,2,0.8,0.1,0,0,0.1,0.8,0.1,0.7,84.8,1
5,76,3,1.2,0.3,0,0,0.1,1.2,0,1,132.5,1
5,77,39,12,2,2,0,1,12,0,12,1310,0
5,78,18,7.2,1.8,0.2,0,0.8,7.2,0.2,6.2,795,1
5,79,12,4.8,1.2,0.2,0,0.5,4.8,0.2,4.2,530,1
5,84,5,2,0.3,0.3,0,0.5,2,0.7,1.7,179.7,1
5,89,2,0.8,0.2,0.1,0,0.3,0.8,0.3,0.4,84.1,1
5,103,33,13.9,4.1,1.4,0,0,13.9,1.4,9.9,1254.3,1
5,104,2,0.8,0.2,0.1,0,0,0.8,0.1,0.6,76,1
5,107,19,6.7,1.4,1.4,0,0.5,6.7,1,5.3,747.5,1
5,108,55,21,5,2,0,1,21,1,18,2192,0
5,112,7,2.6,0.3,0.3,0,0.1,2.6,0.1,1.9,288.8,1
5,118,3,1.1,0.3,0.3,0,0.1,1.1,0.2,0.6,124.1,1
5,119,2,0.7,0.2,0.2,0,0.1,0.7,0.1,0.4,82.7,1
5,121,4,1.7,0.5,0,0,0.2,1.7,0.2,1.2,164.9,1
6,11,1,0.5,0.2,0,0,0.1,0.5,0,0.4,45.8,1
6,12,12,6.2,2.2,0,0,0.7,6.2,0.4,4.7,549.1,1
6,28,3,1.2,0.3,0.1,0,0,1.2,0.1,1.1,122.8,1
6,31,1,0.4,0.1,0,0,0,0.4,0,0.4,40.9,1
6,34,2,0.8,0.2,0.1,0,0,0.8,0.1,0.7,81.9,1
6,35,1,0.4,0.1,0,0,0,0.4,0,0.4,40.9,1
6,36,1,0.5,0.2,0,0.1,0,0.4,0.1,0.3,49.1,1
6,57,3,1.4,0.5,0.1,0,0.2,1.4,0.1,1.2,149.6,1
6,58,8,3.7,1.3,0.2,0,0.4,3.7,0.2,3.2,398.9,1
6,64,3,1.4,0.1,0,0,0.2,1.4,0.1,1.1,151.5,1
6,65,2,0.9,0.1,0,0,0.2,0.9,0.1,0.8,101,1
6,67,5,2.1,0.4,0.1,0,0.1,2.1,0.2,1.6,227.6,1
6,69,4,1.7,0.3,0.1,0,0.1,1.7,0.2,1.3,182.1,1
6,70,2,0.8,0.2,0.1,0,0,0.8,0.1,0.7,91.1,1
6,76,19,7.7,1.8,0.3,0,0.8,7.7,0.3,6.6,839.2,1
6,77,7,2.8,0.7,0.1,0,0.3,2.8,0.1,2.4,309.2,1
6,82,10,4.1,0.7,0.7,0,1,4.1,1.4,3.4,359.3,1
6,83,2,0.8,0.1,0.1,0,0.2,0.8,0.3,0.7,71.9,1
6,84,2,0.8,0.1,0.1,0,0.2,0.8,0.3,0.7,71.9,1
6,86,4,1.6,0.4,0.1,0,0.5,1.6,0.5,0.7,168.2,1
6,99,4,1.4,0.3,0.1,0,0.1,1.4,0.3,1,181.9,1
6,105,2,0.8,0.2,0.1,0,0,0.8,0.1,0.6,76,1
6,106,4,1.4,0.3,0.3,0,0.1,1.4,0.2,1.1,157.4,1
6,107,19,6.7,1.4,1.4,0,0.5,6.7,1,5.3,747.5,1
6,110,9,3.2,0.7,0.7,0,0.2,3.2,0.5,2.5,354.1,1
6,114,7,2.6,0.3,0.3,0,0.1,2.6,0.1,1.9,288.8,1
6,115,4,1.5,0.2,0.2,0,0.1,1.5,0.1,1.1,165,1
7,28,2,0.8,0.2,0.1,0,0,0.8,0.1,0.7,81.9,1
7,36,20.5,8.1,1.6,0,0,0.4,8.1,0.8,8.1,1194.3,1
7,57,3,1.2,0.2,0.1,0,0.1,1.2,0.2,1,138.3,1
7,58,14,5.6,1.1,0.4,0,0.5,5.6,0.7,4.8,645.3,1
7,59,7,2.8,0.5,0.2,0,0.3,2.8,0.4,2.4,322.6,1
7,60,6,2.4,0.5,0.2,0,0.2,2.4,0.3,2.1,276.5,1
7,76,11,4.2,0.7,0.4,0,0.2,4.2,0.2,3.7,409.4,1
7,77,16,6.1,1,0.6,0,0.3,6.1,0.3,5.4,595.5,1
7,80,2,0.8,0.1,0.1,0,0,0.8,0,0.7,74.4,1
7,81,14,5.8,1.4,0.5,0,0.2,5.8,0.6,5.4,640.4,1
7,82,7,2.9,0.7,0.2,0,0.1,2.9,0.3,2.7,320.2,1
7,84,8,3.3,0.8,0.3,0,0.1,3.3,0.4,3.1,366,1
7,91,1,0.6,0.2,0,0,0,0.6,0.1,0.4,59.4,1
7,92,1,0.6,0.2,0,0,0,0.6,0.1,0.4,59.4,1
7,94,4,2.2,1,0,0,0,2.2,0.4,1.4,237.6,1
7,101,2,0.7,0.1,0,0,0,0.7,0.1,0.5,90.9,1
7,116,3,1.3,0.6,0.1,0,0.1,1.3,0.2,1.1,143.8,1
7,117,9,3.9,1.9,0.2,0,0.2,3.9,0.7,3.4,431.3,1
7,121,5,2.2,1.1,0.1,0,0.1,2.2,0.4,1.9,239.6,1
8,28,5,2,0.5,0.1,0,0.1,2,0.2,1.8,204.7,1
8,34,4,1.8,0.8,0,0,0,1.8,0.5,1.5,204,1
8,36,14,5.5,1.1,0,0,0.3,5.5,0.6,5.5,815.6,1
8,37,4,1.6,0.3,0,0,0.1,1.6,0.2,1.6,233,1
8,39,4,1.6,0.3,0,0,0.1,1.6,0.2,1.6,233,1
8,42,3,1.2,0.2,0,0,0.1,1.2,0.1,1.2,174.8,1
8,59,9,3.6,0.7,0.2,0,0.3,3.6,0.5,3.1,414.8,1
8,60,6,2.4,0.5,0.2,0,0.2,2.4,0.3,2.1,276.5,1
8,63,3,1.2,0.3,0.1,0,0.1,1.2,0.1,1,148.6,1
8,64,4,1.6,0.3,0.2,0,0.1,1.6,0.2,1.4,198.1,1
8,67,2,1,0.3,0,0,0,1,0.3,0.9,79,1
8,79,1,0.4,0.1,0,0,0,0.4,0,0.3,37.2,1
8,80,2,0.8,0.1,0.1,0,0,0.8,0,0.7,74.4,1
8,81,3,1.2,0.3,0.1,0,0,1.2,0.1,1.2,137.2,1
8,82,14,5.8,1.4,0.5,0,0.2,5.8,0.6,5.4,640.4,1
8,83,4,1.6,0.4,0.1,0,0,1.6,0.2,1.6,183,1
8,87,3,1.1,0.1,0.1,0,0.1,1.1,0.1,1,124.9,1
8,91,1,0.6,0.2,0,0,0,0.6,0.1,0.4,59.4,1
8,97,2,1,0.4,0,0,0.1,1,0,0.8,105.1,1
8,98,7,3.6,1.5,0.2,0,0.3,3.6,0.1,2.9,368,1
8,100,6,3.1,1.3,0.1,0,0.3,3.1,0.1,2.5,315.4,1
8,112,15,5.8,1.1,0.5,0,0.5,5.8,0.2,4.9,647.9,1
8,113,4,1.6,0.3,0.1,0,0.1,1.6,0,1.3,172.8,1
8,119,6,2.6,1.3,0.2,0,0.2,2.6,0.5,2.3,287.5,1
8,121,5,2.2,1.1,0.1,0,0.1,2.2,0.4,1.9,239.6,1
8,122,1,0.4,0.2,0,0,0,0.4,0.1,0.4,47.9,1
9,5,4,1.6,0.4,0.1,0,0.1,1.6,0.3,1.2,174.5,1
9,10,2,1,0.4,0,0,0.1,1,0.1,0.8,91.5,1
9,16,4,1.5,0.3,0.2,0,0.1,1.5,0.2,0.9,162.9,1
9,20,5,1.9,0.4,0.3,0,0.1,1.9,0.3,1.2,203.6,1
9,27,4.5,1.8,0.5,0.1,0,0.1,1.8,0.2,1.6,184.2,1
9,28,6,2.4,0.6,0.2,0,0.1,2.4,0.3,2.1,245.6,1
9,34,4,1.8,0.8,0,0,0,1.8,0.5,1.5,204,1
9,35,46,25,11,1,0,4,25,4,17,2030,0
9,36,4,1.6,0.3,0,0,0.1,1.6,0.2,1.6,233,1
9,59,1,0.4,0.1,0,0,0,0.4,0.1,0.3,46.1,1
9,60,12,4.8,0.9,0.3,0,0.5,4.8,0.6,4.2,553.1,1
9,61,3,1.2,0.3,0.1,0,0.1,1.2,0.1,1,148.6,1
9,62,2,0.8,0.2,0.1,0,0,0.8,0.1,0.7,99.1,1
9,64,2,0.8,0.2,0.1,0,0,0.8,0.1,0.7,99.1,1
9,68,1,0.5,0.1,0,0,0,0.5,0.1,0.4,39.5,1
9,82,4,1.6,0.4,0.1,0,0,1.6,0.2,1.6,183,1
9,83,12,4.9,1.2,0.4,0,0.1,4.9,0.5,4.7,548.9,1
9,84,8,3.3,0.8,0.3,0,0.1,3.3,0.4,3.1,366,1
9,87,1,0.4,0,0,0,0,0.4,0,0.3,41.6,1
9,88,8,2.9,0.3,0.2,0,0.3,2.9,0.3,2.7,333,1
9,89,4,1.4,0.2,0.1,0,0.2,1.4,0.2,1.4,166.5,1
9,92,3,1.6,0.8,0,0,0,1.6,0.3,1,178.2,1
9,94,1,0.6,0.2,0,0,0,0.6,0.1,0.4,59.4,1
9,95,2,1.1,0.5,0,0,0,1.1,0.2,0.7,118.8,1
9,96,6,3.1,1.3,0.1,0,0.3,3.1,0.1,2.5,315.4,1
9,97,18,9.3,3.8,0.4,0,0.8,9.3,0.2,7.4,946.3,1
9,98,6,3.1,1.3,0.1,0,0.3,3.1,0.1,2.5,315.4,1
9,99,2,1,0.4,0,0,0.1,1,0,0.8,105.1,1
9,101,3,1.1,0.2,0.1,0,0.1,1.1,0.2,0.7,136.4,1
9,108,2,0.7,0.1,0.1,0,0,0.7,0,0.5,82.5,1
9,109,4,1.5,0.2,0.2,0,0.1,1.5,0.1,1.1,165,1
9,111,3,1.2,0.2,0.1,0,0.1,1.2,0,1,129.6,1
9,112,18,7,1.3,0.6,0,0.6,7,0.2,5.9,777.5,1
9,114,2,0.8,0.1,0.1,0,0.1,0.8,0,0.7,86.4,1
9,122,1,0.4,0.2,0,0,0,0.4,0.1,0.4,47.9,1
10,2,4,1.6,0.4,0.1,0,0.1,1.6,0.3,1.2,174.5,1
10,3,4,1.6,0.4,0.1,0,0.1,1.6,0.3,1.2,174.5,1
10,6,3,1.5,0.5,0,0,0.2,1.5,0.1,1.2,137.3,1
10,10,1,0.5,0.2,0,0,0.1,0.5,0,0.4,45.8,1
10,17,1,0.4,0.1,0.1,0,0,0.4,0.1,0.2,40.7,1
10,27,13,5.1,1.3,0.4,0,0.2,5.1,0.6,4.6,532.1,1
10,28,20,7.9,2,0.6,0,0.3,7.9,0.9,7,818.7,1
10,31,7,3.2,1.5,0,0,0,3.2,0.9,2.6,357,1
10,33,1,0.5,0.2,0,0,0,0.5,0.1,0.4,51,1
10,34,4,1.8,0.8,0,0,0,1.8,0.5,1.5,204,1
10,35,4,1.8,0.8,0,0,0,1.8,0.5,1.5,204,1
10,59,6,2.4,0.5,0.2,0,0.2,2.4,0.3,2.1,276.5,1
10,61,5,2,0.4,0.2,0,0.1,2,0.2,1.7,247.7,1
10,64,6,2.4,0.5,0.3,0,0.1,2.4,0.3,2,297.2,1
10,68,3,1.4,0.4,0,0,0,1.4,0.4,1.3,118.6,1
10,75,2,1,0.3,0,0,0,1,0.3,0.9,79,1
10,76,11,4.2,0.7,0.4,0,0.2,4.2,0.2,3.7,409.4,1
10,77,2,0.8,0.1,0.1,0,0,0.8,0,0.7,74.4,1
10,81,7,2.9,0.7,0.2,0,0.1,2.9,0.3,2.7,320.2,1
10,84,2,0.8,0.2,0.1,0,0,0.8,0.1,0.8,91.5,1
10,85,5,2.1,0.5,0.2,0,0.1,2.1,0.2,1.9,228.7,1
10,86,6,2.2,0.2,0.1,0,0.2,2.2,0.2,2,249.7,1
10,95,3,1.6,0.8,0,0,0,1.6,0.3,1,178.2,1
10,98,12,6.2,2.5,0.3,0,0.5,6.2,0.1,5,630.8,1
10,99,2,1,0.4,0,0,0.1,1,0,0.8,105.1,1
10,104,1,0.4,0.1,0,0,0,0.4,0.1,0.2,45.5,1
10,106,2,0.7,0.1,0.1,0,0,0.7,0,0.5,82.5,1
10,112,19,7.4,1.4,0.6,0,0.6,7.4,0.2,6.2,820.7,1
10,113,38,14,2,1,0,1,14,0,13,1641.1,0
10,114,4,1.6,0.3,0.1,0,0.1,1.6,0,1.3,172.8,1
10,115,1,0.4,0.1,0,0,0,0.4,0,0.3,43.2,1
10,119,4,1.7,0.9,0.1,0,0.1,1.7,0.3,1.5,191.7,1
11,0,1,0.4,0.2,0,0,0,0.4,0.1,0.3,41.6,1
11,3,2,0.8,0.2,0,0,0,0.8,0.1,0.6,87.2,1
11,10,3,1.5,0.5,0,0,0.2,1.5,0.1,1.2,137.3,1
11,11,1,0.5,0.2,0,0,0.1,0.5,0,0.4,45.8,1
11,27,2,0.8,0.2,0.1,0,0,0.8,0.1,0.7,81.9,1
11,28,5,2,0.5,0.1,0,0.1,2,0.2,1.8,204.7,1
11,59,14,5.6,1.1,0.4,0,0.5,5.6,0.7,4.8,645.3,1
11,64,14,5.7,1.2,0.6,0,0.3,5.7,0.6,4.8,693.4,1
11,65,8,3.2,0.7,0.3,0,0.2,3.2,0.3,2.7,396.3,1
11,71,5,2.4,0.7,0,0,0,2.4,0.7,2.2,197.6,1
11,72,3,1.4,0.4,0,0,0,1.4,0.4,1.3,118.6,1
11,73,4,1.9,0.5,0,0,0,1.9,0.5,1.7,158.1,1
11,74,3,1.4,0.4,0,0,0,1.4,0.4,1.3,118.6,1
11,76,2,0.8,0.1,0.1,0,0,0.8,0,0.7,74.4,1
11,78,3,1.1,0.2,0.1,0,0.1,1.1,0.1,1,111.7,1
11,85,2,0.8,0.2,0.1,0,0,0.8,0.1,0.8,91.5,1
11,86,5,1.8,0.2,0.1,0,0.2,1.8,0.2,1.7,208.1,1
11,87,3,1.1,0.1,0.1,0,0.1,1.1,0.1,1,124.9,1
11,88,11,4,0.4,0.2,0,0.4,4,0.4,3.7,457.8,1
11,89,9,3.2,0.4,0.2,0,0.4,3.2,0.4,3.1,374.6,1
11,91,2,1.1,0.5,0,0,0,1.1,0.2,0.7,118.8,1
11,95,2,1.1,0.5,0,0,0,1.1,0.2,0.7,118.8,1
11,98,12.5,6.4,2.7,0.3,0,0.6,6.4,0.1,5.2,657.1,1
11,99,16,8.2,3.4,0.4,0,0.7,8.2,0.2,6.6,841.1,1
11,102,6,2.1,0.4,0.1,0,0.1,2.1,0.4,1.5,272.8,1
11,106,2,0.7,0.1,0.1,0,0,0.7,0,0.5,82.5,1
11,107,7,2.6,0.3,0.3,0,0.1,2.6,0.1,1.9,288.8,1
11,112,11,4.3,0.8,0.3,0,0.3,4.3,0.1,3.6,475.1,1
11,113,17,6.6,1.2,0.5,0,0.5,6.6,0.2,5.6,734.3,1
11,114,49,15,2,2,3,1,12,2,9,1848.9,0
11,115,4,1.6,0.3,0.1,0,0.1,1.6,0,1.3,172.8,1
11,116,2,0.9,0.4,0.1,0,0.1,0.9,0.2,0.8,95.8,1
11,120,1,0.4,0.2,0,0,0,0.4,0.1,0.4,47.9,1
11,126,1,0.5,0.2,0,0,0,0.5,0.1,0.2,49.3,1
12,16,1,0.7,0.5,0,0,0,0.7,0.2,0.6,58.9,1
12,22,1,0.4,0.1,0,0,0,0.4,0,0.4,47.8,1
12,59,13,5.8,1.4,0.6,0,0,5.8,0.4,5.4,754.8,1
12,60,14,6.2,1.6,0.7,0,0,6.2,0.4,5.8,812.9,1
12,63,2,0.8,0.3,0.1,0,0.1,0.8,0.1,0.6,87.1,1
12,64,31,13,3,0,0,2,13,0,5,994,0
12,65,29,18,9,0,0,3,18,3,4,1636,0
12,66,4,1.4,0.1,0.1,0,0.1,1.4,0.1,1.2,168.4,1
12,71,3,1.2,0.3,0,0,0,1.2,0,1,151.6,1
12,74,1,0.4,0.1,0,0,0,0.4,0,0.3,50.5,1
12,77,7,2.8,0.6,0,0,0.1,2.8,0.4,2.3,317.3,1
12,78,6,2.4,0.5,0,0,0.1,2.4,0.3,1.9,271.9,1
12,81,1,0.4,0.1,0,0,0,0.4,0.1,0.3,45.3,1
12,82,9,3.7,0.8,0,0,0.2,3.7,0.5,2.9,407.9,1
12,87,3,1.1,0.2,0.2,0,0.2,1.1,0.2,0.8,133.5,1
12,89,6,2.2,0.5,0.5,0,0.3,2.2,0.3,1.5,267.1,1
12,90,2,0.7,0.2,0.2,0,0.1,0.7,0.1,0.5,89,1
12,91,8,3.3,0.2,0,0,0,3.3,0,2.2,388.6,1
12,92,5,2.1,0.1,0,0,0,2.1,0,1.4,242.9,1
12,95,2,0.8,0.1,0,0,0,0.8,0,0.6,97.2,1
12,100,3,1.1,0.2,0,0,0.1,1.1,0.1,1,120.9,1
12,105,5,2.6,0.9,0.1,0,0.3,2.6,0.5,1.5,285.4,1
12,106,1,0.6,0.2,0,0,0,0.6,0.1,0.5,60.6,1
12,109,2,1.1,0.4,0,0,0.1,1.1,0.2,1,121.2,1
12,110,7,3.9,1.4,0,0,0.3,3.9,0.6,3.4,424.2,1
12,112,6,2,0.2,0.2,0,0.2,2,0.3,1.6,245.3,1
12,114,11,3.7,0.4,0.4,0,0.4,3.7,0.6,2.9,449.7,1
12,117,1,0.4,0.1,0,0,0,0.4,0,0.4,44.1,1
12,121,1,0.4,0.1,0,0,0,0.4,0,0.3,48.5,1
12,122,2,0.8,0.1,0,0,0,0.8,0,0.5,97,1
12,123,1,0.4,0.1,0,0,0,0.4,0,0.3,48.5,1
13,11,26,11,2,0,0,0,11,0,11,1082,0
13,18,1,0.7,0.5,0,0,0,0.7,0.2,0.6,58.9,1
13,19,3,2.1,1.4,0,0,0,2.1,0.7,1.9,176.8,1
13,20,3,2.1,1.4,0,0,0,2.1,0.7,1.9,176.8,1
13,21,4,1.8,0.4,0,0,0,1.8,0.2,1.6,191.1,1
13,22,2,0.9,0.2,0,0,0,0.9,0.1,0.8,95.6,1
13,25,2,0.9,0.2,0,0,0,0.9,0.1,0.8,95.6,1
13,38,4,1.5,0.2,0.1,0,0.2,1.5,0.1,1.3,177.4,1
13,60,37,13,3,1,0,1,13,0,13,1643,0
13,61,21,8.3,3.3,1.1,0,1.4,8.3,0.7,6.2,914.6,1
13,65,25,9.9,3.9,1.3,0,1.7,9.9,0.9,7.3,1088.8,1
13,66,59,25,6,1,0,7,25,3,13,2192,0
13,67,2,0.7,0.1,0.1,0,0,0.7,0.1,0.6,84.2,1
13,68,2,0.7,0.1,0.1,0,0,0.7,0.1,0.6,84.2,1
13,70,5,1.7,0.2,0.2,0,0.1,1.7,0.2,1.5,210.5,1
13,72,6,2.3,0.6,0,0,0,2.3,0,1.9,303.3,1
13,75,3,1.2,0.3,0,0,0,1.2,0,1,151.6,1
13,80,2,0.8,0.2,0,0,0,0.8,0.1,0.6,90.6,1
13,83,6,2.4,0.5,0,0,0.1,2.4,0.3,1.9,271.9,1
13,89,2,0.7,0.2,0.2,0,0.1,0.7,0.1,0.5,89,1
13,94,4,1.7,0.1,0,0,0,1.7,0,1.1,194.3,1
13,95,2,0.8,0.1,0,0,0,0.8,0,0.6,97.2,1
13,96,9,3.4,0.6,0.1,0,0.2,3.4,0.3,2.9,362.6,1
13,97,4,1.5,0.3,0.1,0,0.1,1.5,0.1,1.3,161.2,1
13,98,24,9,1.7,0.3,0,0.5,9,0.9,7.6,966.9,1
13,100,27,10.1,1.9,0.4,0,0.6,10.1,1,8.6,1087.8,1
13,103,1,0.5,0.2,0,0,0.1,0.5,0.1,0.3,57.1,1
13,106,2,1.1,0.4,0,0,0.1,1.1,0.2,1,121.2,1
13,111,7,2.4,0.3,0.3,0,0.3,2.4,0.4,1.8,286.2,1
13,118,4,1.7,0.6,0.1,0,0,1.7,0,1.5,176.3,1
13,121,2,0.8,0.1,0,0,0,0.8,0,0.5,97,1
13,122,5,1.9,0.3,0.1,0,0.1,1.9,0.1,1.3,242.6,1
13,123,7.5,2.9,0.5,0.1,0,0.2,2.9,0.2,2,363.9,1
13,126,1,0.3,0.1,0.1,0,0,0.3,0.1,0.3,34.1,1
14,3,1,0.4,0.1,0,0,0,0.4,0,0.3,47.4,1
14,6,11.5,4.3,1,0.4,0,0.4,4.3,0.1,3.2,437.3,1
14,7,17,6.4,1.4,0.6,0,0.6,6.4,0.2,4.7,646.4,1
14,10,32,13,3,0,0,1,13,3,8,1287,0
14,11,19,5.3,0.9,1.6,0,0.3,5.3,0.3,4.7,590.9,1
14,37,2,0.7,0.1,0,0,0.1,0.7,0,0.7,88.7,1
14,60,11,4.9,1.2,0.5,0,0,4.9,0.3,4.5,638.7,1
14,66,17,5.8,0.6,0.6,0,0.3,5.8,0.6,5.2,715.8,1
14,67,4,1.4,0.1,0.1,0,0.1,1.4,0.1,1.2,168.4,1
14,68,30,11,2,0,0,0,11,0,11,1195,0
14,69,29,12,3,1,0,0,12,1,10,1200,0
14,74,2,0.8,0.2,0,0,0,0.8,0,0.6,101.1,1
14,85,1,0.4,0.1,0,0,0,0.4,0.1,0.3,45.3,1
14,86,10,3.6,0.8,0.8,0,0.5,3.6,0.5,2.6,445.1,1
14,91,2,0.8,0.1,0,0,0,0.8,0,0.6,97.2,1
14,94,2,0.8,0.1,0,0,0,0.8,0,0.6,97.2,1
14,96,43.5,21,7,1,0,3,21,3,10,1934,0
14,97,16.5,6.2,1.2,0.2,0,0.4,6.2,0.6,5.2,664.8,1
14,98,25,9.4,1.8,0.4,0,0.5,9.4,0.9,7.9,1007.2,1
14,100,7,2.6,0.5,0.1,0,0.2,2.6,0.3,2.2,282,1
14,101,3,1.5,0.6,0.1,0,0.2,1.5,0.3,0.9,171.2,1
14,106,4,2.2,0.8,0,0,0.2,2.2,0.3,1.9,242.4,1
14,108,1,0.6,0.2,0,0,0,0.6,0.1,0.5,60.6,1
14,112,3,1,0.1,0.1,0,0.1,1,0.2,0.8,122.6,1
14,113,6,2,0.2,0.2,0,0.2,2,0.3,1.6,245.3,1
14,116,3,1.2,0.4,0.1,0,0,1.2,0,1.1,132.2,1
14,118,3,1.2,0.4,0.1,0,0,1.2,0,1.1,132.2,1
14,120,9,3.7,1.2,0.3,0,0,3.7,0,3.4,396.6,1
14,121,4,1.5,0.2,0,0,0.1,1.5,0.1,1.1,194.1,1
14,122,2,0.8,0.1,0,0,0,0.8,0,0.5,97,1
14,125,15,5.7,0.9,0.2,0,0.4,5.7,0.4,4,727.9,1
15,3,2,0.8,0.2,0.1,0,0.1,0.8,0.1,0.7,94.8,1
15,6,2,0.8,0.2,0.1,0,0.1,0.8,0,0.6,76,1
15,7,10,3.8,0.8,0.4,0,0.4,3.8,0.1,2.8,380.2,1
15,9,9,3.4,0.8,0.3,0,0.3,3.4,0.1,2.5,342.2,1
15,10,22,8.3,1.9,0.8,0,0.8,8.3,0.3,6.1,836.5,1
15,11,25,11,5,2,0,2,11,2,5,907,0
15,12,2,0.6,0.1,0.2,0,0,0.6,0,0.5,62.2,1
15,15,6,1.7,0.3,0.5,0,0.1,1.7,0.1,1.5,186.6,1
15,16,5,3.5,2.4,0,0,0,3.5,1.2,3.2,294.7,1
15,20,4,2.8,1.9,0,0,0,2.8,0.9,2.6,235.8,1
15,26,2,1.1,0.2,0,0,0,1.1,0.2,0.8,116.8,1
15,27,1,0.5,0.1,0,0,0,0.5,0.1,0.4,58.4,1
15,31,2,1,0.5,0,0,0,1,0,1,125.3,1
15,35,4,2.1,1,0,0,0,2.1,0,1.9,250.6,1
15,42,6,2.2,0.3,0.1,0,0.3,2.2,0.1,2,266.1,1
15,43,2,0.7,0.1,0,0,0.1,0.7,0,0.7,88.7,1
15,53,1,0.4,0.1,0,0,0,0.4,0.1,0.3,33.7,1
15,60,15,6.7,1.7,0.7,0,0,6.7,0.5,6.2,871,1
15,61,6,2.4,0.9,0.3,0,0.4,2.4,0.2,1.8,261.3,1
15,67,2,0.7,0.1,0.1,0,0,0.7,0.1,0.6,84.2,1
15,68,2,0.7,0.1,0.1,0,0,0.7,0.1,0.6,84.2,1
15,69,14,4.8,0.5,0.5,0,0.2,4.8,0.5,4.2,589.5,1
15,83,2,0.8,0.2,0,0,0,0.8,0.1,0.6,90.6,1
15,84,9,3.7,0.8,0,0,0.2,3.7,0.5,2.9,407.9,1
15,85,4,1.6,0.3,0,0,0.1,1.6,0.2,1.3,181.3,1
15,86,4,1.4,0.3,0.3,0,0.2,1.4,0.2,1,178.1,1
15,88,5,1.8,0.4,0.4,0,0.3,1.8,0.3,1.3,222.6,1
15,90,1,0.4,0.1,0.1,0,0.1,0.4,0.1,0.3,44.5,1
15,95,2,0.8,0.1,0,0,0,0.8,0,0.6,97.2,1
15,96,17,6.4,1.2,0.2,0,0.4,6.4,0.6,5.4,684.9,1
15,97,6,2.3,0.4,0.1,0,0.1,2.3,0.2,1.9,241.7,1
15,103,2,1,0.4,0.1,0,0.1,1,0.2,0.6,114.2,1
15,108,5,2.8,1,0,0,0.2,2.8,0.4,2.4,303,1
15,113,1,0.3,0,0,0,0,0.3,0.1,0.3,40.9,1
15,120,2,0.8,0.3,0.1,0,0,0.8,0,0.8,88.1,1
15,121,6,2.3,0.4,0.1,0,0.1,2.3,0.1,1.6,291.1,1
15,122,20,12,6,0,0,2,12,2,8,1051,0
15,123,2,0.8,0.1,0,0,0,0.8,0,0.5,97,1
15,125,9,3.4,0.6,0.1,0,0.2,3.4,0.2,2.4,436.7,1
15,126,4,1.4,0.3,0.2,0,0,1.4,0.2,1.1,136.3,1
16,3,1,0.4,0.1,0,0,0,0.4,0,0.3,47.4,1
16,9,9,3.4,0.8,0.3,0,0.3,3.4,0.1,2.5,342.2,1
16,10,2,0.8,0.2,0.1,0,0.1,0.8,0,0.6,76,1
16,11,22,6.1,1.1,1.8,0,0.4,6.1,0.4,5.4,684.2,1
16,15,12,3.3,0.6,1,0,0.2,3.3,0.2,3,373.2,1
16,21,2,0.9,0.2,0,0,0,0.9,0.1,0.8,95.6,1
16,25,1,0.4,0.1,0,0,0,0.4,0,0.4,47.8,1
16,26,3,1.6,0.2,0,0,0,1.6,0.2,1.2,175.1,1
16,27,4,2.2,0.3,0,0,0,2.2,0.3,1.7,233.5,1
16,28,6,3.2,0.5,0,0,0,3.2,0.5,2.5,350.2,1
16,29,4,2.2,0.3,0,0,0,2.2,0.3,1.7,233.5,1
16,31,1,0.5,0.3,0,0,0,0.5,0,0.5,62.7,1
16,33,6,3.1,1.6,0,0,0,3.1,0,2.9,375.9,1
16,34,10,5.2,2.6,0,0,0,5.2,0,4.8,626.5,1
16,37,7,2.6,0.3,0.2,0,0.3,2.6,0.2,2.3,310.4,1
16,39,7,2.6,0.3,0.2,0,0.3,2.6,0.2,2.3,310.4,1
16,41,1,0.4,0,0,0,0,0.4,0,0.3,44.3,1
16,42,8,3,0.4,0.2,0,0.4,3,0.2,2.6,354.8,1
16,48,4,1.5,0.5,0.1,0,0,1.5,0.2,1.1,134.9,1
16,53,9,3.3,1,0.3,0,0,3.3,0.5,2.6,303.4,1
16,54,21,7.8,2.4,0.6,0,0,7.8,1.2,6,708,1
16,60,6,2.7,0.7,0.3,0,0,2.7,0.2,2.5,348.4,1
16,61,4,1.6,0.6,0.2,0,0.3,1.6,0.1,1.2,174.2,1
16,70,4,1.4,0.1,0.1,0,0.1,1.4,0.1,1.2,168.4,1
16,73,1,0.4,0.1,0,0,0,0.4,0,0.3,50.5,1
16,74,15,5.8,1.5,0,0,0,5.8,0,4.8,758.2,1
16,79,3,1.2,0.3,0,0,0.1,1.2,0.2,1,136,1
16,80,7,2.8,0.6,0,0,0.1,2.8,0.4,2.3,317.3,1
16,83,2,0.8,0.2,0,0,0,0.8,0.1,0.6,90.6,1
16,88,3,1.1,0.2,0.2,0,0.2,1.1,0.2,0.8,133.5,1
16,89,3,1.1,0.2,0.2,0,0.2,1.1,0.2,0.8,133.5,1
16,93,9,3.8,0.2,0,0,0,3.8,0,2.5,437.2,1
16,101,2,1,0.4,0.1,0,0.1,1,0.2,0.6,114.2,1
16,108,3,1.7,0.6,0,0,0.1,1.7,0.2,1.4,181.8,1
16,119,7,2.9,1,0.2,0,0,2.9,0,2.7,308.5,1
16,121,6,2.3,0.4,0.1,0,0.1,2.3,0.1,1.6,291.1,1
16,122,53,23,8,1,0,6,23,4,7,1726,0
16,123,19,7.2,1.2,0.2,0,0.5,7.2,0.5,5.1,922,1
17,3,4,1.3,0.4,0.3,0,0,1.3,0.1,0.8,122.5,1
17,4,1,0.3,0.1,0.1,0,0,0.3,0,0.2,30.6,1
17,6,11,4.4,1,0.2,0,0.2,4.4,1.2,3.7,406,1
17,11,20,7.9,1.9,0.4,0,0.4,7.9,2.3,6.8,738.1,1
17,18,2,0.9,0.2,0,0,0,0.9,0.1,0.8,95.6,1
17,20,8,3.5,0.8,0,0,0,3.5,0.4,3.1,382.2,1
17,21,63,19,0,2,0,2,19,1,10,1914,0
17,22,20,7.5,2.1,0.9,0,0.5,7.5,1.2,5.7,787.7,1
17,23,14.5,5.4,1.5,0.6,0,0.4,5.4,0.9,4.1,571.1,1
17,33,17,7.5,3.2,0.8,0,0.4,7.5,0.4,5.1,753.5,1
17,34,34,13,2,1,0,1,13,0,13,1454,0
17,35,36,11,2,4,0,0,11,0,9,1373,0
17,36,38,16,6,1,0,0,16,3,10,1718,0
17,37,9,3.7,0.5,0,0,0.2,3.7,0.3,3.2,441.2,1
17,42,2,0.7,0.1,0,0,0.1,0.7,0,0.7,88.7,1
17,47,12,5.1,1.2,0.3,0,0,5.1,0.6,4.8,631.8,1
17,48,5,2.1,0.5,0.1,0,0,2.1,0.2,2,263.2,1
17,52,2,0.9,0.2,0,0,0.1,0.9,0,0.7,92.4,1
17,53,13,5.7,1.1,0,0,0.7,5.7,0.1,4.7,600.4,1
17,54,26,11.3,2.3,0,0,1.4,11.3,0.3,9.3,1200.8,1
17,55,9,3.9,0.8,0,0,0.5,3.9,0.1,3.2,415.7,1
17,62,12,5.4,1.2,0,0,0.4,5.4,0.4,4.5,634.3,1
17,72,3,1.4,0.4,0,0.2,0.3,1.2,0.1,0.6,130.7,1
17,74,8,3.6,1.2,0,0.5,0.7,3.1,0.4,1.6,348.7,1
17,75,2,0.9,0.3,0,0.1,0.2,0.8,0.1,0.4,87.2,1
17,76,3,1.1,0.1,0.1,0,0.1,1.1,0,1,116.1,1
17,81,3,1.4,0.4,0,0,0.3,1.4,0.2,1.2,155.9,1
17,85,3,1.4,0.4,0,0,0.3,1.4,0.2,1.2,155.9,1
17,89,2,1,0.2,0,0,0.2,1,0,0.7,106.2,1
17,90,1,0.5,0.1,0,0,0.1,0.5,0,0.3,53.1,1
17,95,5,1.5,0.1,0.3,0,0,1.5,0,1.4,158.8,1
17,98,9,3.1,0.1,0.3,0,0,3.1,0.4,2.4,336.2,1
17,99,5,1.7,0.1,0.1,0,0,1.7,0.2,1.3,186.8,1
17,100,12,4.1,0.2,0.4,0,0,4.1,0.5,3.2,448.3,1
17,101,6,3.1,1.1,0.2,0,0.3,3.1,0.6,1.8,342.5,1
17,102,3,1.5,0.6,0.1,0,0.2,1.5,0.3,0.9,171.2,1
17,105,2,1,0.4,0.1,0,0.1,1,0.2,0.6,114.2,1
17,108,5,1.7,0.2,0.2,0,0.2,1.7,0.3,1.3,204.4,1
17,110,3,1,0.1,0.1,0,0.1,1,0.2,0.8,122.6,1
17,112,5,2.1,0.6,0.2,0,0,2.1,0.5,1.3,228.7,1
17,122,18,6.8,1.2,0.3,0,0.3,6.8,0.5,6.5,712.8,1
17,123,59.5,24,5,0,0,5,24,5,13,2230,0
17,124,4,1.5,0.3,0.1,0,0.1,1.5,0.1,1.4,158.4,1
17,126,1,0.3,0.1,0.1,0,0,0.3,0.1,0.3,34.1,1
18,2,17,5.7,1.7,1.3,0,0,5.7,0.4,3.5,520.5,1
18,3,17,5.7,1.7,1.3,0,0,5.7,0.4,3.5,520.5,1
18,11,4,1.6,0.4,0.1,0,0.1,1.6,0.5,1.4,147.6,1
18,21,28,11,3,1,0,1,11,1,8,925,0
18,22,33,15,6,2,0,2,15,0,11,1425,0
18,23,28,12,3,0,0,2,12,1,9,1140,0
18,32,1,0.4,0.2,0,0,0,0.4,0,0.3,44.3,1
18,33,1,0.4,0.2,0,0,0,0.4,0,0.3,44.3,1
18,34,1,0.4,0.2,0,0,0,0.4,0,0.3,44.3,1
18,35,2,0.9,0.4,0.1,0,0,0.9,0,0.6,88.7,1
18,36,19,7.9,1.1,0,0,0.4,7.9,0.7,6.8,931.4,1
18,37,23,11,4,1,0,0,11,1,9,885,0
18,40,5,2.1,0.3,0,0,0.1,2.1,0.2,1.8,245.1,1
18,47,4,1.7,0.4,0.1,0,0,1.7,0.2,1.6,210.6,1
18,48,1,0.4,0.1,0,0,0,0.4,0,0.4,52.7,1
18,50,4,1.7,0.4,0.1,0,0,1.7,0.2,1.6,210.6,1
18,54,46.5,14,1,2,0,1,14,0,14,1869,0
18,55,30,12,1,0,0,0,12,0,10,1407,0
18,62,5,2.2,0.5,0,0,0.2,2.2,0.2,1.9,264.3,1
18,63,14,6.3,1.4,0,0,0.5,6.3,0.5,5.2,740,1
18,81,7,3.3,1,0,0,0.8,3.3,0.4,2.7,363.8,1
18,82,1,0.5,0.1,0,0,0.1,0.5,0.1,0.4,52,1
18,83,1,0.5,0.1,0,0,0.1,0.5,0.1,0.4,52,1
18,86,2,1,0.2,0,0,0.2,1,0,0.7,106.2,1
18,87,2,1,0.2,0,0,0.2,1,0,0.7,106.2,1
18,90,4,2,0.3,0,0,0.3,2,0,1.3,212.5,1
18,94,6,1.8,0.2,0.3,0,0,1.8,0,1.7,190.5,1
18,98,2,0.7,0,0.1,0,0,0.7,0.1,0.5,74.7,1
18,99,12,4.1,0.2,0.4,0,0,4.1,0.5,3.2,448.3,1
18,100,8,2.7,0.1,0.2,0,0,2.7,0.4,2.1,298.9,1
18,105,2,1,0.4,0.1,0,0.1,1,0.2,0.6,114.2,1
18,112,8,3.4,1,0.3,0,0,3.4,0.8,2.1,365.9,1
18,122,8,3,0.5,0.1,0,0.1,3,0.2,2.9,316.8,1
18,123,2,0.8,0.1,0,0,0,0.8,0.1,0.7,79.2,1
18,126,4,1.4,0.3,0.2,0,0,1.4,0.2,1.1,136.3,1
19,0,4,1.7,0.4,0.2,0,0.2,1.7,0.2,1.4,189.7,1
19,12,4,1.6,0.4,0.1,0,0.1,1.6,0.5,1.4,147.6,1
19,13,4,1.6,0.4,0.1,0,0.1,1.6,0.5,1.4,147.6,1
19,14,2,0.8,0.2,0,0,0,0.8,0.2,0.7,73.8,1
19,18,5,2.2,0.5,0,0,0,2.2,0.2,2,238.9,1
19,19,3,1.3,0.3,0,0,0,1.3,0.1,1.2,143.3,1
19,22,15,11,7,0,0,1,11,2,9,895,0
19,23,2,0.7,0.2,0.1,0,0.1,0.7,0.1,0.6,78.8,1
19,32,1,0.4,0.2,0,0,0,0.4,0,0.3,44.3,1
19,33,5,2.2,0.9,0.2,0,0.1,2.2,0.1,1.5,221.6,1
19,36,4,1.7,0.2,0,0,0.1,1.7,0.2,1.4,196.1,1
19,37,5,2.1,0.3,0,0,0.1,2.1,0.2,1.8,245.1,1
19,39,9,3.7,0.5,0,0,0.2,3.7,0.3,3.2,441.2,1
19,41,2,0.7,0.1,0,0,0.1,0.7,0,0.7,88.7,1
19,49,6,2.5,0.6,0.1,0,0,2.5,0.3,2.4,315.9,1
19,50,38,15,4,3,3,0,12,0,12,1735,0
19,51,7,3,0.6,0,0,0.4,3,0.1,2.5,323.3,1
19,55,6.5,2.8,0.6,0,0,0.4,2.8,0.1,2.3,300.2,1
19,56,2,0.9,0.2,0.1,0,0,0.9,0.1,0.8,116.1,1
19,62,15,6.8,1.5,0,0,0.5,6.8,0.5,5.6,792.9,1
19,63,13,5.9,1.3,0,0,0.4,5.9,0.4,4.9,687.2,1
19,64,2,0.9,0.2,0,0,0.1,0.9,0.1,0.8,105.7,1
19,79,7,2.5,0.1,0.3,0,0.1,2.5,0,2.3,270.8,1
19,88,2,1,0.2,0,0,0.2,1,0,0.7,106.2,1
19,89,4,2,0.3,0,0,0.3,2,0,1.3,212.5,1
19,95,4,1.2,0.1,0.2,0,0,1.2,0,1.1,127,1
19,115,10,4.2,1.3,0.3,0,0,4.2,1,2.6,457.4,1
19,118,6,2.8,1.5,0.5,0,0,2.8,0.8,2.2,233.2,1
19,120,1,0.5,0.2,0.1,0,0,0.5,0.1,0.4,38.9,1
19,121,5,1.9,0.3,0.1,0,0.1,1.9,0.1,1.8,198,1
19,122,29,11,1.9,0.5,0,0.5,11,0.8,10.5,1148.5,1
20,0,3,1.2,0.3,0.1,0,0.1,1.2,0.1,1,142.2,1
20,15,2,0.8,0.2,0,0,0,0.8,0.2,0.7,73.8,1
20,16,2,0.9,0.2,0,0,0,0.9,0.1,0.8,95.6,1
20,18,1,0.4,0.1,0,0,0,0.4,0,0.4,47.8,1
20,19,6,2.6,0.6,0,0,0,2.6,0.3,2.3,286.7,1
20,21,9,3.4,1,0.4,0,0.2,3.4,0.6,2.6,354.5,1
20,22,44,14,2,3,0,1,14,1,10,1508,0
20,23,11,4.1,1.2,0.5,0,0.3,4.1,0.7,3.1,433.3,1
20,32,3,1.3,0.6,0.1,0,0.1,1.3,0.1,0.9,133,1
20,33,5,2.2,0.9,0.2,0,0.1,2.2,0.1,1.5,221.6,1
20,34,6,2.7,1.1,0.3,0,0.1,2.7,0.1,1.8,266,1
20,49,1,0.4,0.1,0,0,0,0.4,0,0.4,52.7,1
20,50,52,16,1,3,0,1,16,0,15,2032,0
20,51,5,2.2,0.4,0,0,0.3,2.2,0.1,1.8,230.9,1
20,55,2,0.9,0.2,0,0,0.1,0.9,0,0.7,92.4,1
20,56,2,0.9,0.2,0.1,0,0,0.9,0.1,0.8,116.1,1
20,62,8,3.6,0.8,0,0,0.3,3.6,0.3,3,422.9,1
20,63,15,6.8,1.5,0,0,0.5,6.8,0.5,5.6,792.9,1
20,64,4,1.8,0.4,0,0,0.1,1.8,0.1,1.5,211.4,1
20,75,2,0.9,0.3,0,0.1,0.2,0.8,0.1,0.4,87.2,1
20,76,7,2.5,0.1,0.3,0,0.1,2.5,0,2.3,270.8,1
20,78,10,3.5,0.2,0.4,0,0.2,3.5,0,3.3,386.9,1
20,79,6,2.1,0.1,0.2,0,0.1,2.1,0,2,232.1,1
20,80,6,2.1,0.1,0.2,0,0.1,2.1,0,2,232.1,1
20,81,5.5,2.6,0.8,0,0,0.6,2.6,0.3,2.1,285.8,1
20,83,2,0.9,0.3,0,0,0.2,0.9,0.1,0.8,103.9,1
20,85,8,3.7,1.1,0,0,0.9,3.7,0.4,3.1,415.8,1
20,96,4,1.4,0.1,0.1,0,0,1.4,0.2,1.1,149.4,1
20,101,2,1,0.4,0.1,0,0.1,1,0.2,0.6,114.2,1
20,102,2,1,0.4,0.1,0,0.1,1,0.2,0.6,114.2,1
20,107,3,1,0.1,0.1,0,0.1,1,0.2,0.8,122.6,1
20,109,2,0.7,0.1,0.1,0,0.1,0.7,0.1,0.5,81.8,1
20,110,3,1,0.1,0.1,0,0.1,1,0.2,0.8,122.6,1
20,118,1,0.5,0.2,0.1,0,0,0.5,0.1,0.4,38.9,1
20,122,6,2.3,0.4,0.1,0,0.1,2.3,0.2,2.2,237.6,1
20,123,10,3.8,0.6,0.2,0,0.2,3.8,0.3,3.6,396,1
20,124,4,1.5,0.3,0.1,0,0.1,1.5,0.1,1.4,158.4,1
21,0,6,2.5,0.7,0.3,0,0.3,2.5,0.3,2.1,284.5,1
21,9,4,1.6,0.4,0.1,0,0.1,1.6,0.5,1.4,147.6,1
21,15,2,0.8,0.2,0,0,0,0.8,0.2,0.7,73.8,1
21,16,2,0.9,0.2,0,0,0,0.9,0.1,0.8,95.6,1
21,21,1,0.4,0.1,0,0,0,0.4,0.1,0.3,39.4,1
21,22,24,9,2.6,1.1,0,0.6,9,1.5,6.8,945.3,1
21,23,28,10.5,3,1.2,0,0.7,10.5,1.7,8,1102.8,1
21,24,1,0.4,0.1,0,0,0,0.4,0.1,0.3,39.4,1
21,25,2,0.7,0.2,0.1,0,0.1,0.7,0.1,0.6,78.8,1
21,27,2,1.1,0.2,0,0,0,1.1,0.2,0.8,116.8,1
21,30,2,1.1,0.2,0,0,0,1.1,0.2,0.8,116.8,1
21,34,1,0.4,0.2,0,0,0,0.4,0,0.3,44.3,1
21,39,2,0.8,0.1,0,0,0,0.8,0.1,0.7,98,1
21,41,2,0.7,0.1,0,0,0.1,0.7,0,0.7,88.7,1
21,48,2,0.9,0.2,0,0,0,0.9,0.1,0.8,105.3,1
21,50,5,2.1,0.5,0.1,0,0,2.1,0.2,2,263.2,1
21,51,19.5,8.5,1.7,0,0,1.1,8.5,0.2,7,900.6,1
21,54,2,0.9,0.2,0,0,0.1,0.9,0,0.7,92.4,1
21,63,11,4.9,1.1,0,0,0.4,4.9,0.4,4.1,581.4,1
21,64,21,9.4,2.1,0,0,0.7,9.4,0.7,7.9,1110,1
21,67,4,1.9,0.6,0.1,0.3,0.3,1.6,0,1.3,180.8,1
21,68,31,14.8,4.7,0.7,2,2,12.8,0,10.1,1401.1,1
21,69,10,4.8,1.5,0.2,0.7,0.7,4.1,0,3.3,452,1
21,70,1,0.5,0.2,0,0.1,0.1,0.4,0,0.3,45.2,1
21,71,8,3.6,1.2,0,0.5,0.7,3.1,0.4,1.6,348.7,1
21,72,17,7.7,2.5,0,1,1.5,6.7,0.8,3.3,740.9,1
21,73,19,8.6,2.8,0,1.2,1.6,7.4,0.9,3.7,828.1,1
21,74,19.5,8.9,2.9,0,1.2,1.7,7.7,1,3.8,849.9,1
21,75,3,1.4,0.4,0,0.2,0.3,1.2,0.1,0.6,130.7,1
21,77,7,2.5,0.1,0.3,0,0.1,2.5,0,2.3,270.8,1
21,79,2,0.7,0,0.1,0,0,0.7,0,0.7,77.4,1
21,85,6,2.8,0.8,0,0,0.7,2.8,0.3,2.3,311.8,1
21,86,2,1,0.2,0,0,0.2,1,0,0.7,106.2,1
21,89,2,1,0.2,0,0,0.2,1,0,0.7,106.2,1
21,90,3,1.5,0.2,0,0,0.2,1.5,0,1,159.4,1
21,92,16,4.9,0.4,0.9,0,0,4.9,0,4.4,508,1
21,93,5,1.5,0.1,0.3,0,0,1.5,0,1.4,158.8,1
21,96,7,2.4,0.1,0.2,0,0,2.4,0.3,1.9,261.5,1
21,97,8,2.7,0.1,0.2,0,0,2.7,0.4,2.1,298.9,1
21,101,4,2.1,0.8,0.1,0,0.2,2.1,0.4,1.2,228.3,1
21,103,3,1.5,0.6,0.1,0,0.2,1.5,0.3,0.9,171.2,1
21,108,3,1,0.1,0.1,0,0.1,1,0.2,0.8,122.6,1
21,111,5,2.1,0.6,0.2,0,0,2.1,0.5,1.3,228.7,1
21,115,3,1.3,0.4,0.1,0,0,1.3,0.3,0.8,137.2,1
21,116,1,0.5,0.2,0.1,0,0,0.5,0.1,0.4,38.9,1
21,117,5,2.3,1.2,0.4,0,0,2.3,0.6,1.9,194.4,1
21,118,1,0.5,0.2,0.1,0,0,0.5,0.1,0.4,38.9,1
21,119,9,4.1,2.2,0.8,0,0,4.1,1.1,3.4,349.9,1
21,123,4,1.5,0.3,0.1,0,0.1,1.5,0.1,1.4,158.4,1
21,124,18,6.8,1.2,0.3,0,0.3,6.8,0.5,6.5,712.8,1
22,3,6,2.9,0.9,0.2,0,0,2.9,0,2,320.2,1
22,6,3,1.2,0.2,0,0,0.3,1.2,0.1,0.9,135.9,1
22,10,2,0.8,0.1,0,0,0.2,0.8,0.1,0.6,90.6,1
22,21,14,5.6,1.4,0.3,0,0.3,5.6,0.6,4.7,558.5,1
22,23,13,5.2,1.3,0.3,0,0.3,5.2,0.6,4.3,518.6,1
22,24,13,5.2,1.3,0.3,0,0.3,5.2,0.6,4.3,518.6,1
22,25,2,0.8,0.2,0,0,0,0.8,0.1,0.7,79.8,1
22,28,3,1.2,0.2,0,0,0.2,1.2,0.1,1,122.7,1
22,31,8,3.3,0.6,0.1,0,0.5,3.3,0.3,2.6,327.3,1
22,32,3,1.2,0.2,0,0,0.2,1.2,0.1,1,122.7,1
22,34,4,1.6,0.3,0.1,0,0.3,1.6,0.2,1.3,163.6,1
22,36,1,0.5,0.2,0,0,0,0.5,0,0.3,47.6,1
22,37,7,3.2,1.2,0,0,0.2,3.2,0.2,2.2,332.9,1
22,38,1,0.5,0.2,0,0,0,0.5,0,0.3,47.6,1
22,39,15,7,2.6,0,0,0.4,7,0.4,4.8,713.4,1
22,40,2,0.9,0.3,0,0,0,0.9,0,0.6,95.1,1
22,47,6,2.7,0.8,0.1,0.4,0,2.3,0.1,1.9,300.3,1
22,50,2,0.9,0.2,0,0.1,0,0.8,0,0.6,100.1,1
22,51,16,5.8,0.7,0.6,0,0.1,5.8,0.3,4.8,691,1
22,52,16,5.8,0.7,0.6,0,0.1,5.8,0.3,4.8,691,1
22,53,8,2.9,0.4,0.3,0,0.1,2.9,0.1,2.4,345.5,1
22,54,2,0.7,0.1,0.1,0,0,0.7,0,0.6,86.4,1
22,55,2,0.7,0.1,0.1,0,0,0.7,0,0.6,86.4,1
22,56,9,3.4,0.9,0.3,0,0.3,3.4,0.6,3.1,354,1
22,60,6,2.3,0.6,0.2,0,0.2,2.3,0.4,2,236,1
22,61,2,0.9,0.3,0,0,0.1,0.9,0.1,0.9,102.2,1
22,64,12,5.4,1.8,0.2,0,0.7,5.4,0.7,5.2,613.4,1
22,67,5,2.4,0.7,0.1,0,0.1,2.4,0.3,2.2,227.1,1
22,68,48,21,6,1,0,1,21,4,17,2026,0
22,69,30,13,1,0,0,0,13,0,11,1409,0
22,70,29,12,3,2,0,1,12,1,10,1041,0
22,72,8,2.8,0.4,0.3,0,0.2,2.8,0,2.2,298.1,1
22,77,2,0.8,0.1,0,0,0.1,0.8,0.1,0.5,99.1,1
22,84,2,0.7,0.1,0.1,0,0,0.7,0,0.7,77.6,1
22,86,2,1.1,0.4,0,0,0.1,1.1,0.2,0.7,90.5,1
22,88,1,0.5,0.2,0,0,0.1,0.5,0.1,0.4,45.2,1
22,89,5,2.6,1.1,0,0,0.3,2.6,0.6,1.9,226.2,1
22,90,2,1.1,0.4,0,0,0.1,1.1,0.2,0.7,90.5,1
22,93,1,0.4,0.1,0,0,0,0.4,0,0.2,39.8,1
22,95,2,0.8,0.2,0,0,0,0.8,0.1,0.5,79.5,1
22,96,2,0.8,0.1,0,0,0,0.8,0,0.6,88.9,1
22,100,4,1.7,0.3,0.1,0,0.1,1.7,0.1,1.1,177.9,1
22,102,4,1.4,0.2,0.1,0,0,1.4,0.4,0.9,135.8,1
22,107,6,2.4,0.6,0.2,0,0.2,2.4,1.1,1.7,275.8,1
22,112,1,0.4,0.1,0,0,0,0.4,0.2,0.3,46,1
22,123,9,4.1,1.1,0.1,0,0.4,4.1,0.1,3.9,417.8,1
22,124,8,3.6,0.9,0.1,0,0.3,3.6,0.1,3.4,371.4,1
22,125,8,3.6,0.9,0.1,0,0.3,3.6,0.1,3.4,371.4,1
22,126,1,0.6,0.3,0,0.2,0.1,0.4,0.1,0.3,55,1
23,6,4,1.6,0.3,0,0,0.4,1.6,0.2,1.1,181.1,1
23,7,3,1.2,0.2,0,0,0.3,1.2,0.1,0.9,135.9,1
23,8,1,0.4,0.1,0,0,0.1,0.4,0,0.3,45.3,1
23,10,6,2.4,0.4,0,0,0.6,2.4,0.3,1.7,271.7,1
23,16,10,3.6,0.5,0.3,0,0.1,3.6,0.3,3,390.3,1
23,17,2,0.7,0.1,0.1,0,0,0.7,0.1,0.6,78.1,1
23,21,8,3.2,0.8,0.2,0,0.2,3.2,0.3,2.7,319.1,1
23,24,13,5.2,1.3,0.3,0,0.3,5.2,0.6,4.3,518.6,1
23,30,3,1.2,0.2,0,0,0.2,1.2,0.1,1,122.7,1
23,31,6,2.4,0.5,0.1,0,0.4,2.4,0.2,2,245.4,1
23,32,2,0.8,0.2,0,0,0.1,0.8,0.1,0.7,81.8,1
23,33,8,3.3,0.6,0.1,0,0.5,3.3,0.3,2.6,327.3,1
23,34,5,2,0.4,0.1,0,0.3,2,0.2,1.6,204.5,1
23,36,3,1.4,0.5,0,0,0.1,1.4,0.1,1,142.7,1
23,37,4,1.9,0.7,0,0,0.1,1.9,0.1,1.3,190.2,1
23,46,4,1.8,0.5,0.1,0.3,0,1.5,0.1,1.3,200.2,1
23,47,5,2.2,0.6,0.1,0.3,0,1.9,0.1,1.6,250.3,1
23,49,2,0.9,0.2,0,0.1,0,0.8,0,0.6,100.1,1
23,50,7,3.1,0.9,0.1,0.5,0,2.6,0.1,2.2,350.4,1
23,51,67,19,2,5,0,1,19,1,19,2352,0
23,52,53,19,3,3,0,0,19,1,13,2157,0
23,53,61.5,25,5,1,4,5,21,2,13,2691,0
23,54,1,0.4,0,0,0,0,0.4,0,0.3,43.2,1
23,55,3,1.1,0.1,0.1,0,0,1.1,0.1,0.9,129.6,1
23,56,3,1.1,0.3,0.1,0,0.1,1.1,0.2,1,118,1
23,57,2,0.8,0.2,0.1,0,0.1,0.8,0.1,0.7,78.7,1
23,58,3,1.1,0.3,0.1,0,0.1,1.1,0.2,1,118,1
23,61,2,0.9,0.3,0,0,0.1,0.9,0.1,0.9,102.2,1
23,64,10,4.5,1.5,0.2,0,0.6,4.5,0.6,4.3,511.1,1
23,65,10,4.5,1.5,0.2,0,0.6,4.5,0.6,4.3,511.1,1
23,68,39,12,0,2,0,0,12,0,9,1328,0
23,71,4,1.4,0.2,0.1,0,0.1,1.4,0,1.1,149.1,1
23,72,36,16,3,0,0,3,16,3,11,1778,0
23,80,4,1.7,0.3,0.1,0,0.1,1.7,0.1,1,198.3,1
23,81,6,2.2,0.3,0.3,0,0,2.2,0.1,2.2,232.9,1
23,82,9,3.3,0.4,0.4,0,0,3.3,0.2,3.3,349.3,1
23,83,2,0.7,0.1,0.1,0,0,0.7,0,0.7,77.6,1
23,87,6,3.2,1.3,0,0,0.4,3.2,0.7,2.2,271.4,1
23,90,1,0.5,0.2,0,0,0.1,0.5,0.1,0.4,45.2,1
23,91,1,0.4,0.1,0,0,0,0.4,0,0.2,39.8,1
23,92,17,6.7,1.4,0.4,0,0.1,6.7,0.7,4.2,675.8,1
23,93,17,6.7,1.4,0.4,0,0.1,6.7,0.7,4.2,675.8,1
23,94,22,8.7,1.8,0.5,0,0.2,8.7,1,5.5,874.5,1
23,95,5,2,0.4,0.1,0,0,2,0.2,1.2,198.8,1
23,97,2,0.8,0.1,0,0,0,0.8,0,0.6,88.9,1
23,98,5,2.1,0.3,0.1,0,0.1,2.1,0.1,1.4,222.3,1
23,101,4,1.4,0.2,0.1,0,0,1.4,0.4,0.9,135.8,1
23,114,2,0.8,0.2,0.1,0,0.1,0.8,0.4,0.6,91.9,1
23,120,12,4.7,0.9,0.5,0,0.2,4.7,0.2,4,611.8,1
23,124,3,1.4,0.4,0,0,0.1,1.4,0,1.3,139.3,1
23,125,15,6.8,1.8,0.2,0,0.6,6.8,0.2,6.5,696.3,1
24,1,3,1.5,0.5,0.1,0,0,1.5,0,1,160.1,1
24,8,5,2,0.4,0,0,0.5,2,0.2,1.4,226.4,1
24,9,3,1.2,0.2,0,0,0.3,1.2,0.1,0.9,135.9,1
24,12,18,7.1,2.2,0.9,0,0.4,7.1,1.8,5.8,825.8,1
24,13,2,0.8,0.2,0.1,0,0,0.8,0.2,0.6,91.8,1
24,16,5,1.8,0.3,0.1,0,0.1,1.8,0.1,1.5,195.1,1
24,17,3,1.1,0.2,0.1,0,0,1.1,0.1,0.9,117.1,1
24,19,3,1.1,0.2,0.1,0,0,1.1,0.1,0.9,117.1,1
24,20,1,0.4,0.1,0,0,0,0.4,0,0.3,39,1
24,22,3,1.2,0.3,0.1,0,0.1,1.2,0.1,1,119.7,1
24,29,3,1.2,0.2,0,0,0.2,1.2,0.1,1,122.7,1
24,34,23,9.4,1.8,0.3,0,1.5,9.4,0.9,7.6,940.9,1
24,39,1,0.5,0.2,0,0,0,0.5,0,0.3,47.6,1
24,45,2,0.8,0.3,0.1,0,0,0.8,0.1,0.6,71.1,1
24,47,2,0.9,0.2,0,0.1,0,0.8,0,0.6,100.1,1
24,50,6,2.7,0.8,0.1,0.4,0,2.3,0.1,1.9,300.3,1
24,51,16,5.8,0.7,0.6,0,0.1,5.8,0.3,4.8,691,1
24,52,32,13,1,0,0,1,13,0,12,1303,0
24,53,54,20,6,3,0,2,20,4,10,1938,0
24,56,2,0.8,0.2,0.1,0,0.1,0.8,0.1,0.7,78.7,1
24,57,2,0.8,0.2,0.1,0,0.1,0.8,0.1,0.7,78.7,1
24,58,7,2.7,0.7,0.2,0,0.2,2.7,0.4,2.4,275.3,1
24,64,1.5,0.7,0.2,0,0,0.1,0.7,0.1,0.7,76.7,1
24,65,1,0.5,0.2,0,0,0.1,0.5,0.1,0.4,51.1,1
24,66,17,8.1,2.4,0.4,0,0.2,8.1,0.9,7.4,772,1
24,67,45,25,10,0,0,0,25,0,24,2299,0
24,68,34,15,6,0,0,0,15,3,13,1656,0
24,71,6,2.1,0.3,0.2,0,0.1,2.1,0,1.7,223.6,1
24,72,28,10,1.6,0.9,0,0.6,10,0,7.8,1043.5,1
24,74,4,1.4,0.2,0.1,0,0.1,1.4,0,1.1,149.1,1
24,75,17,6,0.9,0.6,0,0.4,6,0,4.7,633.5,1
24,79,2,0.8,0.1,0,0,0.1,0.8,0.1,0.5,99.1,1
24,80,9,3.7,0.6,0.1,0,0.3,3.7,0.3,2.2,446.1,1
24,81,2,0.7,0.1,0.1,0,0,0.7,0,0.7,77.6,1
24,84,2,0.7,0.1,0.1,0,0,0.7,0,0.7,77.6,1
24,86,8,4.2,1.7,0,0,0.5,4.2,0.9,3,361.9,1
24,87,2,1.1,0.4,0,0,0.1,1.1,0.2,0.7,90.5,1
24,89,1,0.5,0.2,0,0,0.1,0.5,0.1,0.4,45.2,1
24,90,1,0.5,0.2,0,0,0.1,0.5,0.1,0.4,45.2,1
24,91,3,1.2,0.2,0.1,0,0,1.2,0.1,0.7,119.3,1
24,92,20,16,12,0,5,0,11,5,6,1190,0
24,93,11,4.3,0.9,0.2,0,0.1,4.3,0.5,2.7,437.3,1
24,94,16,6.3,1.3,0.4,0,0.1,6.3,0.7,4,636,1
24,95,1,0.4,0.1,0,0,0,0.4,0,0.2,39.8,1
24,96,4,1.7,0.3,0.1,0,0.1,1.7,0.1,1.1,177.9,1
24,100,2,0.8,0.1,0,0,0,0.8,0,0.6,88.9,1
24,101,4,1.4,0.2,0.1,0,0,1.4,0.4,0.9,135.8,1
24,105,13,4.4,0.7,0.3,0,0,4.4,1.4,3,441.3,1
24,116,3,1.2,0.2,0.1,0,0.1,1.2,0.1,1,152.9,1
24,118,4,1.6,0.3,0.2,0,0.1,1.6,0.1,1.3,203.9,1
24,119,2,0.8,0.2,0.1,0,0,0.8,0,0.7,102,1
24,120,8,3.1,0.6,0.3,0,0.2,3.1,0.2,2.7,407.8,1
24,123,1,0.5,0.1,0,0,0,0.5,0,0.4,46.4,1
24,124,5,2.3,0.6,0.1,0,0.2,2.3,0.1,2.2,232.1,1
24,125,12,5.4,1.4,0.1,0,0.5,5.4,0.1,5.2,557,1
25,6,9,3.6,0.6,0,0,0.9,3.6,0.4,2.6,407.6,1
25,12,12,4.7,1.5,0.6,0,0.3,4.7,1.2,3.9,550.6,1
25,13,5.5,2.2,0.7,0.3,0,0.1,2.2,0.5,1.8,252.3,1
25,14,3,1.2,0.4,0.1,0,0.1,1.2,0.3,1,137.6,1
25,23,2,0.8,0.2,0,0,0,0.8,0.1,0.7,79.8,1
25,25,3,1.2,0.3,0.1,0,0.1,1.2,0.1,1,119.7,1
25,34,2,0.8,0.2,0,0,0.1,0.8,0.1,0.7,81.8,1
25,36,2,0.9,0.3,0,0,0,0.9,0,0.6,95.1,1
25,37,2,0.9,0.3,0,0,0,0.9,0,0.6,95.1,1
25,38,2,0.9,0.3,0,0,0,0.9,0,0.6,95.1,1
25,40,1,0.5,0.2,0,0,0,0.5,0,0.3,47.6,1
25,48,3,1.3,0.4,0.1,0.2,0,1.1,0.1,1,150.2,1
25,49,7,3.1,0.9,0.1,0.5,0,2.6,0.1,2.2,350.4,1
25,51,7,2.6,0.3,0.3,0,0.1,2.6,0.1,2.1,302.3,1
25,52,18,6.6,0.8,0.7,0,0.2,6.6,0.3,5.4,777.4,1
25,53,13,4.7,0.6,0.5,0,0.1,4.7,0.2,3.9,561.4,1
25,57,6,2.3,0.6,0.2,0,0.2,2.3,0.4,2,236,1
25,58,35,13.4,3.4,1.1,0,1.1,13.4,2.2,11.9,1376.5,1
25,66,4,1.9,0.6,0.1,0,0.1,1.9,0.2,1.7,181.6,1
25,67,21,10,3,0.5,0,0.3,10,1.1,9.2,953.6,1
25,71,30,15,6,0,0,1,15,1,13,1817,0
25,72,47,16,2,3,0,1,16,3,13,1470,0
25,73,17,6,0.9,0.6,0,0.4,6,0,4.7,633.5,1
25,74,6,2.1,0.3,0.2,0,0.1,2.1,0,1.7,223.6,1
25,76,4,1.7,0.3,0.1,0,0.1,1.7,0.1,1,198.3,1
25,80,3,1.2,0.2,0,0,0.1,1.2,0.1,0.7,148.7,1
25,81,2,0.7,0.1,0.1,0,0,0.7,0,0.7,77.6,1
25,84,5,1.9,0.2,0.2,0,0,1.9,0.1,1.9,194.1,1
25,86,4,2.1,0.9,0,0,0.2,2.1,0.5,1.5,180.9,1
25,88,2,1.1,0.4,0,0,0.1,1.1,0.2,0.7,90.5,1
25,90,12,6.4,2.6,0,0,0.7,6.4,1.4,4.5,542.8,1
25,91,16,6.3,1.3,0.4,0,0.1,6.3,0.7,4,636,1
25,92,5,2,0.4,0.1,0,0,2,0.2,1.2,198.8,1
25,94,4,1.6,0.3,0.1,0,0,1.6,0.2,1,159,1
25,95,3,1.2,0.2,0.1,0,0,1.2,0.1,0.7,119.3,1
25,96,7,2.9,0.5,0.2,0,0.2,2.9,0.2,2,311.3,1
25,98,2,0.8,0.1,0,0,0,0.8,0,0.6,88.9,1
25,102,3.5,1.2,0.2,0.1,0,0,1.2,0.4,0.8,118.8,1
25,105,4,1.4,0.2,0.1,0,0,1.4,0.4,0.9,135.8,1
25,111,4,1.6,0.4,0.1,0,0.1,1.6,0.8,1.1,183.9,1
25,117,3,1.2,0.2,0.1,0,0.1,1.2,0.1,1,152.9,1
25,120,4,1.6,0.3,0.2,0,0.1,1.6,0.1,1.3,203.9,1
25,125,23,10.4,2.7,0.2,0,1,10.4,0.2,9.9,1067.6,1
25,126,5,2.9,1.7,0.1,0.8,0.3,2.1,0.4,1.7,275.2,1
26,5,13,6.3,2,0.4,0,0,6.3,0,4.3,693.7,1
26,6,6,2.4,0.4,0,0,0.6,2.4,0.3,1.7,271.7,1
26,21,6,2.4,0.6,0.1,0,0.1,2.4,0.3,2,239.4,1
26,23,2,0.8,0.2,0,0,0,0.8,0.1,0.7,79.8,1
26,24,14,5.6,1.4,0.3,0,0.3,5.6,0.6,4.7,558.5,1
26,27,3,1.2,0.2,0,0,0.2,1.2,0.1,1,122.7,1
26,28,1,0.4,0.1,0,0,0.1,0.4,0,0.3,40.9,1
26,31,2,0.8,0.2,0,0,0.1,0.8,0.1,0.7,81.8,1
26,43,5,1.9,0.8,0.3,0,0,1.9,0.1,1.6,177.8,1
26,45,4,1.5,0.6,0.2,0,0,1.5,0.1,1.3,142.3,1
26,46,1,0.4,0.1,0,0,0,0.4,0,0.3,50.1,1
26,49,3,1.3,0.4,0.1,0.2,0,1.1,0.1,1,150.2,1
26,50,8,3.6,1,0.1,0.6,0,3,0.1,2.6,400.4,1
26,51,2,0.7,0.1,0.1,0,0,0.7,0,0.6,86.4,1
26,53,3,1.1,0.1,0.1,0,0,1.1,0.1,0.9,129.6,1
26,56,1,0.4,0.1,0,0,0,0.4,0.1,0.3,39.3,1
26,57,1,0.4,0.1,0,0,0,0.4,0.1,0.3,39.3,1
26,58,11,4.2,1.1,0.4,0,0.4,4.2,0.7,3.7,432.6,1
26,59,6,2.3,0.6,0.2,0,0.2,2.3,0.4,2,236,1
26,64,2,0.9,0.3,0,0,0.1,0.9,0.1,0.9,102.2,1
26,65,12.5,5.7,1.9,0.2,0,0.7,5.7,0.7,5.4,638.9,1
26,66,4,1.9,0.6,0.1,0,0.1,1.9,0.2,1.7,181.6,1
26,69,5,2.4,0.7,0.1,0,0.1,2.4,0.3,2.2,227.1,1
26,70,22,10.4,3.1,0.6,0,0.3,10.4,1.1,9.6,999,1
26,71,60,29,8,2,0,2,29,3,27,2529,0
26,72,85.5,32,6,4,3,2,29,3,27,2851,0
26,73,37,13,4,2,0,0,13,1,11,1421,0
26,80,1,0.4,0.1,0,0,0,0.4,0,0.2,49.6,1
26,84,4,1.5,0.2,0.2,0,0,1.5,0.1,1.5,155.3,1
26,85,9,3.3,0.4,0.4,0,0,3.3,0.2,3.3,349.3,1
26,87,2,1.1,0.4,0,0,0.1,1.1,0.2,0.7,90.5,1
26,89,2,1.1,0.4,0,0,0.1,1.1,0.2,0.7,90.5,1
26,91,3,1.2,0.2,0.1,0,0,1.2,0.1,0.7,119.3,1
26,92,5,2,0.4,0.1,0,0,2,0.2,1.2,198.8,1
26,94,3,1.2,0.2,0.1,0,0,1.2,0.1,0.7,119.3,1
26,95,2,0.8,0.2,0,0,0,0.8,0.1,0.5,79.5,1
26,97,5,2.1,0.3,0.1,0,0.1,2.1,0.1,1.4,222.3,1
26,104,6,2,0.3,0.2,0,0,2,0.6,1.4,203.7,1
26,107,8,3.2,0.8,0.2,0,0.2,3.2,1.5,2.2,367.8,1
26,108,3,1.2,0.3,0.1,0,0.1,1.2,0.6,0.8,137.9,1
26,109,5,2,0.5,0.2,0,0.2,2,0.9,1.4,229.8,1
26,114,3,1.2,0.3,0.1,0,0.1,1.2,0.6,0.8,137.9,1
26,116,5,2,0.4,0.2,0,0.1,2,0.1,1.7,254.9,1
26,117,8,3.1,0.6,0.3,0,0.2,3.1,0.2,2.7,407.8,1
26,118,2,0.8,0.2,0.1,0,0,0.8,0,0.7,102,1
26,121,7,3.2,0.8,0.1,0,0.3,3.2,0.1,3,324.9,1
26,122,2,0.9,0.2,0,0,0.1,0.9,0,0.9,92.8,1
26,125,20,11,5,0,2,2,9,2,8,936,0
26,126,37.5,21.8,13.1,0.7,5.8,2.2,16,2.9,13.1,2064.3,1
26,127,1,0.6,0.3,0,0.2,0.1,0.4,0.1,0.3,55,1
27,23,16,5.8,0.8,0.4,0,0.2,5.8,0.4,4.8,624.4,1
27,24,22,8,1.1,0.6,0,0.3,8,0.6,6.6,858.6,1
27,28,2,1,0.3,0.1,0,0.1,1,0.1,0.8,92.7,1
27,29,4,1.9,0.7,0.1,0,0.1,1.9,0.1,1.6,185.4,1
27,31,2,0.9,0.3,0,0,0,0.9,0.1,0.7,83.7,1
27,35,31,12,2,1,0,0,12,1,11,1300,0
27,42,3,1.2,0.3,0.1,0,0.1,1.2,0.2,0.9,155,1
27,44,3,1.2,0.3,0.1,0,0.1,1.2,0.2,0.9,155,1
27,45,24,9.3,2.1,0.7,0,1,9.3,1.4,7.6,1240.1,1
27,46,13,6.2,1.6,0,1,0,5.2,0.3,4.2,560,1
27,51,4,1.3,0.2,0.1,0,0,1.3,0.1,1.2,173.9,1
27,55,1,0.3,0.1,0,0,0,0.3,0,0.3,43.5,1
27,56,5,2.4,0.7,0,0.2,0,2.2,0,2.1,405.9,1
27,58,1,0.5,0.1,0,0.1,0,0.4,0,0.4,81.2,1
27,59,3,1.5,0.4,0,0.2,0,1.3,0,1.3,243.5,1
27,64,10,4.3,1.2,0.3,0,0.5,4.3,0.6,2.9,511.9,1
27,66,8,3.6,1.1,0.2,0.7,0.2,2.9,0.4,2.4,341.2,1
27,67,5.5,2.5,0.8,0.2,0.5,0.1,2,0.3,1.7,234.6,1
27,69,19,8.5,2.7,0.6,1.5,0.4,7,1,5.8,810.3,1
27,70,82,42,18,1,2,4,40,1,19,3736,0
27,71,53,19,4,3,0,1,19,1,14,2235,0
27,72,40,12,3,1,0,1,12,1,9,1260,0
27,73,16,7,1.5,0,0,0.5,7,0.5,3.5,770,1
27,77,2,0.8,0.2,0,0,0.2,0.8,0,0.6,76.6,1
27,78,1,0.4,0.1,0,0,0.1,0.4,0,0.3,38.3,1
27,81,2,0.8,0.1,0,0,0.1,0.8,0.1,0.5,99.1,1
27,84,3,1.2,0.2,0,0,0.1,1.2,0.1,0.7,148.7,1
27,91,2,0.9,0.3,0,0,0,0.9,0.1,0.8,96.5,1
27,92,4.5,2,0.7,0,0,0,2,0.1,1.7,217.1,1
27,93,2,0.9,0.3,0,0,0,0.9,0.1,0.8,96.5,1
27,99,1,0.4,0.1,0,0,0.1,0.4,0,0.3,40.7,1
27,100,2,0.8,0.2,0.1,0,0.1,0.8,0,0.6,81.5,1
27,104,2,0.8,0.1,0,0,0,0.8,0,0.6,88.9,1
27,106,2,0.7,0.2,0.1,0,0.1,0.7,0,0.6,79.6,1
27,108,16,5.9,1.6,0.7,0,0.5,5.9,0.2,5,636.8,1
27,109,32.5,12,3.2,1.4,0,0.9,12,0.5,10.1,1293.5,1
27,110,3,1.1,0.3,0.1,0,0.1,1.1,0,0.9,119.4,1
27,113,1,0.5,0.2,0,0,0,0.5,0.1,0.3,62.3,1
27,116,24.5,8.7,1.5,2.3,0,0.8,8.7,2.7,6.8,1070.4,1
27,117,11,3.9,0.7,1,0,0.3,3.9,1.2,3.1,480.6,1
27,118,2,0.7,0.1,0.2,0,0.1,0.7,0.2,0.6,87.4,1
27,122,6,2.7,0.7,0.1,0,0.2,2.7,0.4,2.4,265.3,1
27,124,2,0.9,0.2,0,0,0.1,0.9,0.1,0.8,88.4,1
27,126,80,39,17,4,13,6,26,9,17,3347,0
27,127,60,36,16,0,16,6,20,6,16,2916,0
28,1,5,2.4,0.8,0.2,0,0,2.4,0,1.7,266.8,1
28,2,1,0.5,0.2,0,0,0,0.5,0,0.3,53.4,1
28,4,1,0.5,0.2,0,0,0,0.5,0,0.3,53.4,1
28,5,2,1,0.3,0.1,0,0,1,0,0.7,106.7,1
28,7,2,1,0.4,0.1,0,0.1,1,0.1,0.6,106.5,1
28,9,23,11.8,4.7,0.6,0,0.6,11.8,1.2,7.1,1224.3,1
28,10,2,1,0.4,0.1,0,0.1,1,0.1,0.6,106.5,1
28,11,11,4.7,1.3,0.4,0,0.6,4.7,0,3.6,502.8,1
28,12,13,5.6,1.5,0.5,0,0.8,5.6,0,4.2,594.2,1
28,13,4,1.7,0.5,0.1,0,0.2,1.7,0,1.3,182.8,1
28,16,9,2.9,0.2,0.2,0,0,2.9,0.3,2.4,333.7,1
28,17,32,13,2,0,0,1,13,0,12,1216,0
28,26,1,0.5,0.2,0,0,0,0.5,0,0.4,46.4,1
28,27,14,6.7,2.4,0.5,0,0.5,6.7,0.5,5.5,649,1
28,28,3,1.4,0.5,0.1,0,0.1,1.4,0.1,1.2,139.1,1
28,30,4.5,2.2,0.8,0.2,0,0.2,2.2,0.2,1.8,208.6,1
28,35,15,6.6,2.2,0.2,0,0.2,6.6,0.6,5.3,628,1
28,38,1,0.4,0.2,0.1,0,0,0.4,0,0.3,35.6,1
28,42,2,0.8,0.2,0.1,0,0.1,0.8,0.1,0.6,103.3,1
28,45,2,0.8,0.2,0.1,0,0.1,0.8,0.1,0.6,103.3,1
28,46,3,1.4,0.4,0,0.2,0,1.2,0.1,1,129.2,1
28,52,4,1.3,0.2,0.1,0,0,1.3,0.1,1.2,173.9,1
28,53,18,6.1,0.9,0.6,0,0.2,6.1,0.3,5.3,782.6,1
28,54,51,19,2,2,0,4,19,2,12,1922,0
28,55,17,5.7,0.9,0.6,0,0.1,5.7,0.3,5,739.1,1
28,56,7,3.4,1,0,0.3,0.1,3.1,0.1,3,568.2,1
28,57,4,1.9,0.6,0,0.2,0,1.7,0,1.7,324.7,1
28,59,1,0.5,0.1,0,0.1,0,0.4,0,0.4,81.2,1
28,60,6,2.9,0.8,0,0.3,0.1,2.6,0.1,2.6,487.1,1
28,61,8,3.4,1,0.3,0,0.4,3.4,0.5,2.3,409.5,1
28,62,12,5.1,1.5,0.4,0,0.6,5.1,0.7,3.5,614.2,1
28,63,8,3.4,1,0.3,0,0.4,3.4,0.5,2.3,409.5,1
28,64,25,10.7,3,0.8,0,1.2,10.7,1.4,7.3,1279.6,1
28,66,25,11.2,3.6,0.8,2,0.5,9.2,1.3,7.6,1066.2,1
28,67,3,1.3,0.4,0.1,0.2,0.1,1.1,0.2,0.9,127.9,1
28,68,57,30,12,0,7,8,23,4,16,2462,0
28,69,19,8.5,2.7,0.6,1.5,0.4,7,1,5.8,810.3,1
28,70,45,28,14,0,10,3,18,3,12,2181,0
28,71,25,12,4,0,0,2,12,2,3,828,0
28,76,13,5.4,1.2,0,0,1.5,5.4,0,3.6,497.6,1
28,78,4,1.7,0.4,0,0,0.5,1.7,0,1.1,153.1,1
28,80,2,0.8,0.2,0,0,0.2,0.8,0,0.6,76.6,1
28,81,3,1.2,0.2,0,0,0.1,1.2,0.1,0.7,148.7,1
28,97,14,5.5,1.3,0.7,0,1,5.5,0.3,4.2,570.4,1
28,100,2,0.8,0.2,0.1,0,0.1,0.8,0,0.6,81.5,1
28,102,2,0.8,0.1,0,0,0,0.8,0,0.6,88.9,1
28,104,1,0.4,0.1,0,0,0,0.4,0,0.3,44.5,1
28,109,5,1.8,0.5,0.2,0,0.1,1.8,0.1,1.6,199,1
28,110,27,13,4,1,0,2,13,0,7,1294,0
28,111,5,2.4,0.9,0,0,0.1,2.4,0.7,1.6,311.5,1
28,118,5,1.8,0.3,0.5,0,0.2,1.8,0.5,1.4,218.5,1
28,120,6,2.1,0.4,0.6,0,0.2,2.1,0.7,1.7,262.1,1
28,121,2,0.9,0.2,0,0,0.1,0.9,0.1,0.8,88.4,1
28,124,31.5,11,2,1,0,0,11,1,6,1093,0
28,125,47,25,12,0,10,2,15,2,13,2084,0
28,126,133.5,68,40,5,22,4,46,16,27,5320,0
28,127,82,44,22,1,12,3,32,9,19,3744.1,0
29,9,3,1.5,0.6,0.1,0,0.1,1.5,0.2,0.9,159.7,1
29,13,20,8.6,2.3,0.7,0,1.2,8.6,0,6.5,914.2,1
29,15,13,5.6,1.5,0.5,0,0.8,5.6,0,4.2,594.2,1
29,16,28,9,0.6,0.6,0,0,9,1,7.4,1038.3,1
29,17,46,13,0,1,0,0,13,1,9,1448,0
29,18,7,2.3,0.2,0.2,0,0,2.3,0.2,1.9,259.6,1
29,19,4,1.3,0.1,0.1,0,0,1.3,0.1,1.1,148.3,1
29,22,10,3.6,0.5,0.3,0,0.1,3.6,0.3,3,390.3,1
29,23,2,0.7,0.1,0.1,0,0,0.7,0.1,0.6,78.1,1
29,26,2,1,0.3,0.1,0,0.1,1,0.1,0.8,92.7,1
29,30,2,1,0.3,0.1,0,0.1,1,0.1,0.8,92.7,1
29,31,29,12.8,4.3,0.5,0,0.5,12.8,1.2,10.2,1214.2,1
29,32,38,15,4,1,0,0,15,0,14,1531,0
29,34,22,9.7,3.2,0.4,0,0.4,9.7,0.9,7.8,921.1,1
29,35,4,1.8,0.6,0.1,0,0.1,1.8,0.2,1.4,167.5,1
29,39,1,0.4,0.2,0.1,0,0,0.4,0,0.3,35.6,1
29,40,5,1.9,0.8,0.3,0,0,1.9,0.1,1.6,177.8,1
29,41,4,1.6,0.3,0.1,0,0.2,1.6,0.2,1.3,206.7,1
29,42,4,1.6,0.3,0.1,0,0.2,1.6,0.2,1.3,206.7,1
29,46,9,4.3,1.1,0,0.7,0,3.6,0.2,2.9,387.7,1
29,47,33,11,1,0,0,2,11,0,10,1458,0
29,48,3,1.4,0.4,0,0.2,0,1.2,0.1,1,129.2,1
29,51,3,1,0.2,0.1,0,0,1,0.1,0.9,130.4,1
29,52,9,3,0.5,0.3,0,0.1,3,0.2,2.6,391.3,1
29,53,8,2.7,0.4,0.3,0,0.1,2.7,0.1,2.4,347.8,1
29,54,62.5,20,1,3,0,2,20,0,19,2174,0
29,55,74.5,29,5,1,0,2,29,1,22,3081,0
29,56,10,4.9,1.4,0,0.5,0.1,4.4,0.1,4.3,811.8,1
29,57,4,1.9,0.6,0,0.2,0,1.7,0,1.7,324.7,1
29,59,2,1,0.3,0,0.1,0,0.9,0,0.9,162.4,1
29,60,1,0.5,0.1,0,0.1,0,0.4,0,0.4,81.2,1
29,61,23,9.8,2.8,0.7,0,1.1,9.8,1.3,6.7,1177.3,1
29,62,22,9.4,2.7,0.7,0,1.1,9.4,1.2,6.4,1126.1,1
29,63,49,18,9,5,6,2,12,5,9,1599,0
29,64,16,6.8,1.9,0.5,0,0.8,6.8,0.9,4.6,819,1
29,65,61.5,35,21,2,10,7,25,6,9,2551,0
29,66,7,3.1,1,0.2,0.6,0.1,2.5,0.4,2.1,298.5,1
29,67,10,4.5,1.4,0.3,0.8,0.2,3.7,0.5,3,426.5,1
29,68,41,21,8,1,16,3,5,5,3,1580,0
29,70,1,0.4,0.1,0,0.1,0,0.3,0.1,0.3,42.6,1
29,76,1,0.4,0.1,0,0,0.1,0.4,0,0.3,38.3,1
29,77,2,0.8,0.2,0,0,0.2,0.8,0,0.6,76.6,1
29,78,9,3.8,0.8,0,0,1,3.8,0,2.5,344.5,1
29,82,2,0.8,0.1,0,0,0.1,0.8,0.1,0.5,99.1,1
29,84,2,0.8,0.1,0,0,0.1,0.8,0.1,0.5,99.1,1
29,85,6,2.5,0.4,0.1,0,0.2,2.5,0.2,1.5,297.4,1
29,89,3,1.3,0.4,0,0,0,1.3,0.1,1.2,144.7,1
29,90,3,1.3,0.4,0,0,0,1.3,0.1,1.2,144.7,1
29,91,4,1.8,0.6,0,0,0,1.8,0.1,1.6,193,1
29,93,2,0.9,0.3,0,0,0,0.9,0.1,0.8,96.5,1
29,97,14,5.5,1.3,0.7,0,1,5.5,0.3,4.2,570.4,1
29,98,3,1.2,0.3,0.1,0,0.2,1.2,0.1,0.9,122.2,1
29,101,1,0.4,0.1,0,0,0,0.4,0,0.3,44.5,1
29,103,3,1.3,0.2,0.1,0,0.1,1.3,0.1,0.8,133.4,1
29,106,1,0.4,0.1,0,0,0,0.4,0,0.3,39.8,1
29,109,1,0.4,0.1,0,0,0,0.4,0,0.3,39.8,1
29,110,8,3,0.8,0.3,0,0.2,3,0.1,2.5,318.4,1
29,111,10,4.7,1.8,0,0,0.3,4.7,1.5,3.2,622.9,1
29,112,1,0.5,0.2,0,0,0,0.5,0.1,0.3,62.3,1
29,117,2,0.7,0.1,0.2,0,0.1,0.7,0.2,0.6,87.4,1
29,123,7,3.2,0.8,0.1,0,0.3,3.2,0.4,2.7,309.5,1
29,124,10,4.5,1.2,0.2,0,0.4,4.5,0.6,3.9,442.2,1
29,125,1,0.5,0.1,0,0,0,0.5,0.1,0.4,44.2,1
29,126,22,13,8,0,1,1,12,1,10,1206,0
29,127,56,27,8,1,0,1,27,5,17,2352,0
30,0,2,1,0.5,0,0,0,1,0.1,0.8,97,1
30,11,15,6.5,1.7,0.5,0,0.9,6.5,0,4.9,685.6,1
30,15,37,11,0,0,0,1,11,0,10,1179,0
30,16,39,21,11,0,0,2,21,2,8,1636,0
30,17,19,6.1,0.4,0.4,0,0,6.1,0.7,5,704.5,1
30,18,7,2.3,0.2,0.2,0,0,2.3,0.2,1.9,259.6,1
30,27,3,1.4,0.5,0.1,0,0.1,1.4,0.1,1.2,139.1,1
30,28,11,5.3,1.9,0.4,0,0.4,5.3,0.4,4.3,509.9,1
30,29,33,11,3,2,0,1,11,1,5,1047.4,0
30,31,12,5.3,1.8,0.2,0,0.2,5.3,0.5,4.2,502.4,1
30,32,102.5,41,9,3,0,4,41,1,27,4211,0
30,33,82,37,17,1,0,3,37,5,25,3175,0
30,34,29.5,17,9,0,1,0,16,0,12,1535.2,0
30,38,4,1.5,0.6,0.2,0,0,1.5,0.1,1.3,142.3,1
30,40,1,0.4,0.2,0.1,0,0,0.4,0,0.3,35.6,1
30,41,1,0.4,0.1,0,0,0,0.4,0.1,0.3,51.7,1
30,46,3,1.4,0.4,0,0.2,0,1.2,0.1,1,129.2,1
30,47,6,2.9,0.7,0,0.5,0,2.4,0.1,1.9,258.5,1
30,51,2,0.7,0.1,0.1,0,0,0.7,0,0.6,87,1
30,52,29,9.7,1.5,1,0,0.2,9.7,0.5,8.5,1260.9,1
30,53,45,22,8,0,0,1,22,1,19,2098,0
30,54,30,13,2,0,0,0,13,1,10,1483,0
30,55,54,26,7,0,0,1,26,1,24,3182,0
30,56,39.5,16,3,2,0,1,16,1,14,2484,0
30,57,43,16,1,1,0,0,16,0,16,2733,0
30,58,36,20,8,0,0,0,20,0,18,1929,0
30,59,13,6.3,1.8,0,0.6,0.1,5.7,0.1,5.6,1055.3,1
30,61,37,15,4,2,1,1,14,1,13,2062,0
30,62,83,33,5,0,2,1,31,3,30,4546,0
30,63,145,57,19,6,7,5,50,2,49,7243,0
30,64,75.5,42,24,1,27,1,15,5,16,3657,0
30,65,124,73,45,3,47,6,26,16,32,5801,0
30,66,40,25,16,0,17,1,8,1,11,2646,0
30,71,13,5.7,1.2,0,0,0.4,5.7,0.4,2.8,625.6,1
30,75,3,1.3,0.3,0,0,0.1,1.3,0.1,0.7,144.4,1
30,76,2,0.8,0.2,0,0,0.2,0.8,0,0.6,76.6,1
30,78,3,1.3,0.3,0,0,0.3,1.3,0,0.8,114.8,1
30,79,4,1.7,0.4,0,0,0.5,1.7,0,1.1,153.1,1
30,83,2,0.8,0.1,0,0,0.1,0.8,0.1,0.5,99.1,1
30,85,7.5,3.1,0.5,0.1,0,0.2,3.1,0.2,1.9,371.8,1
30,86,2,0.9,0.3,0,0,0,0.9,0.1,0.8,96.5,1
30,88,1,0.4,0.1,0,0,0,0.4,0,0.4,48.2,1
30,89,4,1.8,0.6,0,0,0,1.8,0.1,1.6,193,1
30,90,6,2.7,0.9,0,0,0,2.7,0.2,2.3,289.4,1
30,103,1,0.4,0.1,0,0,0,0.4,0,0.3,44.5,1
30,106,1,0.4,0.1,0,0,0,0.4,0,0.3,39.8,1
30,111,5,2.4,0.9,0,0,0.1,2.4,0.7,1.6,311.5,1
30,113,6,2.8,1.1,0,0,0.2,2.8,0.9,1.9,373.8,1
30,116,7,2.5,0.4,0.7,0,0.2,2.5,0.8,2,305.8,1
30,119,1,0.4,0.1,0.1,0,0,0.4,0.1,0.3,43.7,1
30,123,19,8.6,2.2,0.4,0,0.7,8.6,1.1,7.5,840.1,1
30,124,4,1.8,0.5,0.1,0,0.2,1.8,0.2,1.6,176.9,1
30,127,70,34,10,1,0,1,34,4,22,3225,0
31,0,1,0.5,0.2,0,0,0,0.5,0,0.4,48.5,1
31,6,2,1,0.4,0.1,0,0.1,1,0.1,0.6,106.5,1
31,8,6,3.1,1.2,0.2,0,0.2,3.1,0.3,1.8,319.4,1
31,10,1,0.5,0.2,0,0,0,0.5,0.1,0.3,53.2,1
31,11,2,0.9,0.2,0.1,0,0.1,0.9,0,0.7,91.4,1
31,13,2,0.9,0.2,0.1,0,0.1,0.9,0,0.7,91.4,1
31,15,6,2.6,0.7,0.2,0,0.3,2.6,0,2,274.3,1
31,16,49,19,6,2,0,0,19,2,14,1845,0
31,17,1,0.3,0,0,0,0,0.3,0,0.3,37.1,1
31,18,2,0.6,0,0,0,0,0.6,0.1,0.5,74.2,1
31,19,10,3.2,0.2,0.2,0,0,3.2,0.3,2.6,370.8,1
31,21,3,1.1,0.2,0.1,0,0,1.1,0.1,0.9,117.1,1
31,26,2,1,0.3,0.1,0,0.1,1,0.1,0.8,92.7,1
31,27,4,1.9,0.7,0.1,0,0.1,1.9,0.1,1.6,185.4,1
31,28,1,0.5,0.2,0,0,0,0.5,0,0.4,46.4,1
31,29,28,13.4,4.8,1,0,1,13.4,1,11,1298,1
31,31,7,3.1,1,0.1,0,0.1,3.1,0.3,2.5,293.1,1
31,32,3,1.3,0.4,0,0,0,1.3,0.1,1.1,125.6,1
31,33,29,13,4,0,0,1,13,1,8,1157,0
31,34,23,10.2,3.4,0.4,0,0.4,10.2,0.9,8.1,963,1
31,35,5,2.2,0.7,0.1,0,0.1,2.2,0.2,1.8,209.3,1
31,38,6,2.3,1,0.3,0,0,2.3,0.2,1.9,213.4,1
31,40,8,3,1.3,0.4,0,0,3,0.2,2.6,284.5,1
31,42,12,4.7,1,0.3,0,0.5,4.7,0.7,3.8,620,1
31,43,12.5,4.9,1.1,0.4,0,0.5,4.9,0.7,4,645.9,1
31,45,2,0.8,0.2,0.1,0,0.1,0.8,0.1,0.6,103.3,1
31,47,6,2.9,0.7,0,0.5,0,2.4,0.1,1.9,258.5,1
31,49,7,3.4,0.8,0,0.6,0,2.8,0.1,2.2,301.6,1
31,51,8,2.7,0.4,0.3,0,0.1,2.7,0.1,2.4,347.8,1
31,53,3,1,0.2,0.1,0,0,1,0.1,0.9,130.4,1
31,55,13,4.4,0.7,0.4,0,0.1,4.4,0.2,3.8,565.2,1
31,56,15,7.3,2.1,0,0.7,0.1,6.6,0.1,6.4,1217.7,1
31,57,26,12.6,3.6,0,1.2,0.2,11.4,0.2,11.2,2110.6,1
31,58,78.5,35,9,1,0,4,35,4,31,3298,0
31,59,89,41,12,3,0,1,41,1,33,3859,0
31,60,9,4.4,1.3,0,0.4,0.1,4,0.1,3.9,730.6,1
31,61,89,39,15,2,1,4,38,4,16,3494,0
31,62,63,27,7,1,7,3,20,0,15,3127,0
31,63,155.5,85,44,4,38,10,47,8,45,8259,0
31,64,171.5,101,54,2,69,13,32,11,37,7939,0
31,65,135,82,47,1,57,6,25,7,42,6883,0
31,66,120.5,58,25,2,20,4,38,12,38,6338,0
31,70,1,0.4,0.1,0,0.1,0,0.3,0.1,0.3,42.6,1
31,82,3,1.2,0.2,0,0,0.1,1.2,0.1,0.7,148.7,1
31,83,5,2.1,0.3,0.1,0,0.2,2.1,0.2,1.2,247.9,1
31,99,7,2.8,0.7,0.3,0,0.5,2.8,0.2,2.1,285.2,1
31,109,1,0.4,0.1,0,0,0,0.4,0,0.3,39.8,1
31,115,6,2.8,1.1,0,0,0.2,2.8,0.9,1.9,373.8,1
31,117,4,1.4,0.2,0.4,0,0.1,1.4,0.4,1.1,174.8,1
31,120,2,0.7,0.1,0.2,0,0.1,0.7,0.2,0.6,87.4,1
31,127,17,8.1,3.3,0.3,0.6,1.2,7.5,1.2,5.1,765.6,1
32,2,1,0.4,0.1,0,0,0,0.4,0,0.3,41,1
32,3,5,1.8,0.5,0.2,0,0,1.8,0.2,1.4,204.9,1
32,5,2,0.7,0.2,0.1,0,0,0.7,0.1,0.6,82,1
32,6,1,0.5,0.2,0.1,0,0.1,0.5,0.1,0.3,44,1
32,8,18,8.4,3,1.2,0,1.8,8.4,2.4,4.8,791.4,1
32,9,2,0.9,0.3,0.1,0,0.2,0.9,0.3,0.5,87.9,1
32,10,9,4.2,1.5,0.6,0,0.9,4.2,1.2,2.4,395.7,1
32,14,4,1.5,0.3,0.1,0,0.4,1.5,0.2,0.8,136.1,1
32,15,7.5,2.8,0.6,0.1,0,0.7,2.8,0.3,1.6,255.1,1
32,16,31,10.1,0.7,1.4,0,0.7,10.1,0.7,7.2,1085.7,1
32,19,6,2,0.1,0.3,0,0.1,2,0.1,1.4,210.1,1
32,20,2,0.7,0,0.1,0,0,0.7,0,0.5,70,1
32,22,7,2.5,0.3,0,0,0.1,2.5,0.7,1.4,253.5,1
32,27,1,0.5,0.2,0,0,0,0.5,0.1,0.4,47.8,1
32,29,34,14,3,0,0,0,14,1,11,1458,0
32,30,20,9.8,4.2,0,0,0.7,9.8,2,8.5,956.4,1
32,43,4,1.4,0.4,0.2,0.1,0,1.3,0,1.4,168.9,1
32,45,3,1.1,0.3,0.2,0.1,0,1,0,1.1,126.7,1
32,48,2,0.9,0.1,0,0,0.1,0.9,0.1,0.8,104.4,1
32,49,13,5.8,0.9,0.2,0,0.4,5.8,0.4,5.1,678.8,1
32,50,4,1.8,0.3,0.1,0,0.1,1.8,0.1,1.6,208.9,1
32,51,13,5.9,2,0.7,0,0.3,5.9,0.3,4.9,836,1
32,52,8,3.6,1.2,0.4,0,0.2,3.6,0.2,3,514.5,1
32,53,1,0.5,0.2,0.1,0,0,0.5,0,0.4,64.3,1
32,54,7,3.2,1.1,0.4,0,0.2,3.2,0.2,2.6,450.2,1
32,56,51,21,7,2,0,3,21,1,20,2630,0
32,57,15,7.4,2.9,0,0,0.3,7.4,0.3,5.3,752.4,1
32,58,95,46,18,1,0,8,46,3,35,4396,0
32,59,237,103,34,10,65,25,38,21,33,8533,0
32,60,112,51,17,3,0,9,51,5,12,3905,0
32,61,53,28,16,1,15,4,13,6,10,2195,0
32,62,87,35,10,7,12,2,23,0,21,5107,0
32,63,316.5,201,141,6,153,13,48,27,61,15280,0
32,64,270.5,166,102,3,113,15,53,25,49,12556,0
32,65,330.5,218,149,4,163,15,55,50,57,13532.8,0
32,66,77,47,27,0,17,7,30,2,30,3655,0
32,67,1,0.6,0.2,0,0.2,0.1,0.4,0.1,0.2,48.9,1
32,70,2,1.1,0.4,0,0.3,0.2,0.8,0.2,0.3,97.8,1
32,71,17,7.6,1.8,0,0,0.7,7.6,0.7,6.4,810.7,1
32,72,17.5,7.9,1.9,0,0,0.7,7.9,0.7,6.6,834.6,1
32,73,12,5.4,1.3,0,0,0.5,5.4,0.5,4.5,572.3,1
32,78,8,2.7,0.4,0.2,0,0.2,2.7,0.2,2.5,292,1
32,82,6,2,0.3,0.4,0,0.1,2,0.2,1.6,216.2,1
32,83,2,0.7,0.1,0.1,0,0,0.7,0.1,0.5,72.1,1
32,89,1,0.5,0.2,0,0,0,0.5,0.1,0.4,53.9,1
32,91,4,1.9,0.8,0,0,0.1,1.9,0.4,1.4,215.8,1
32,92,2,1,0.4,0,0,0.1,1,0.2,0.7,107.9,1
32,94,4,1.9,0.8,0,0,0.1,1.9,0.4,1.4,215.8,1
32,110,4,1.9,1.1,0.3,0,0,1.9,0.3,1,226.9,1
32,111,3,1.3,0.5,0.1,0.2,0.2,1.1,0.5,0.7,143.4,1
32,120,4,1.7,0.5,0,0,0.2,1.7,0.5,1.3,184,1
32,125,3,1.3,0.4,0,0,0.1,1.3,0.4,1,138,1
32,127,2,1,0.3,0,0,0,1,0.1,0.8,106,1
33,5,3,1.1,0.3,0.1,0,0,1.1,0.1,0.9,122.9,1
33,21,7,2.5,0.3,0,0,0.1,2.5,0.7,1.4,253.5,1
33,23,2,0.7,0.1,0,0,0,0.7,0.2,0.4,72.4,1
33,24,4,1.4,0.2,0,0,0.1,1.4,0.4,0.8,144.9,1
33,27,2,1,0.4,0,0,0.1,1,0.2,0.8,95.6,1
33,28,1,0.5,0.2,0,0,0,0.5,0.1,0.4,47.8,1
33,30,9,4.4,1.9,0,0,0.3,4.4,0.9,3.8,430.4,1
33,39,10.5,4.5,1.2,0,0,0.8,4.5,0.8,2.1,591.7,1
33,40,33,11,1,1,0,2,11,1,10,1119,0
33,43,4,1.4,0.4,0.2,0.1,0,1.3,0,1.4,168.9,1
33,44,2,0.7,0.2,0.1,0,0,0.7,0,0.7,84.4,1
33,45,4,1.4,0.4,0.2,0.1,0,1.3,0,1.4,168.9,1
33,48,16,7.1,1,0.3,0,0.5,7.1,0.5,6.3,835.4,1
33,50,3,1.3,0.2,0,0,0.1,1.3,0.1,1.2,156.6,1
33,54,7,3.2,1.1,0.4,0,0.2,3.2,0.2,2.6,450.2,1
33,55,10,4.6,1.6,0.6,0,0.2,4.6,0.2,3.8,643.1,1
33,56,43,17,3,1,3,3,14,2,11,1945,0
33,57,41,20,8,1,2,1,18,1,16,1909,0
33,58,84,42,19,3,11,7,31,4,24,3982,0
33,59,74.5,40,17,1,6,1,34,4,25,3943,0
33,60,84,40,14,3,7,5,33,2,22,3581,0
33,61,121.5,55,18,4,16,7,39,3,40,5516.9,0
33,62,132.5,78,42,1,48,11,30,8,30,6520,0
33,63,188,108,55,2,60,8,48,7,55,9803,0
33,64,98.5,61,38,1,31,2,30,5,40,5598.8,0
33,65,160,89,48,1,53,12,36,19,28,6898,0
33,66,244.5,164,111,1,155,22,9,45,11,10680,0
33,67,2,1.1,0.4,0,0.3,0.2,0.8,0.2,0.3,97.8,1
33,71,29,12,4,0,0,2,12,2,3,978,0
33,72,56,20,5,2,0,1,20,0,19,2116,0
33,73,40,13,3,2,0,0,13,2,12,1440,0
33,74,6,2.7,0.6,0,0,0.3,2.7,0.3,2.2,286.1,1
33,75,11,4.9,1.2,0,0,0.5,4.9,0.5,4.1,524.6,1
33,77,4,1.4,0.2,0.1,0,0.1,1.4,0.1,1.3,146,1
33,78,2,0.7,0.1,0,0,0,0.7,0,0.6,73,1
33,84,2,0.7,0.1,0.1,0,0,0.7,0.1,0.5,72.1,1
33,85,2,0.7,0.1,0.1,0,0,0.7,0.1,0.5,72.1,1
33,92,7,3.4,1.3,0,0,0.2,3.4,0.8,2.5,377.6,1
33,98,13,5,1.3,0.5,0,0.1,5,0.2,3,558.7,1
33,107,5,2.4,1.4,0.3,0,0,2.4,0.3,1.2,283.6,1
33,110,1,0.5,0.3,0.1,0,0,0.5,0.1,0.2,56.7,1
33,113,2,0.9,0.3,0.1,0.1,0.1,0.8,0.3,0.5,95.6,1
33,114,4,1.7,0.6,0.1,0.2,0.2,1.5,0.6,1,191.1,1
33,116,4,1.7,0.5,0,0,0.2,1.7,0.5,1.3,184,1
33,120,2,0.9,0.2,0,0,0.1,0.9,0.2,0.7,92,1
33,121,2,0.9,0.2,0,0,0.1,0.9,0.2,0.7,92,1
33,122,4,1.7,0.5,0,0,0.2,1.7,0.5,1.3,184,1
33,123,1,0.4,0.1,0,0,0,0.4,0.1,0.3,46,1
33,126,2,1,0.3,0,0,0,1,0.1,0.8,106,1
33,127,2,1,0.3,0,0,0,1,0.1,0.8,106,1
34,13,4,1.5,0.3,0.1,0,0.4,1.5,0.2,0.8,136.1,1
34,14,2,0.8,0.2,0,0,0.2,0.8,0.1,0.4,68,1
34,27,4,2,0.8,0,0,0.1,2,0.4,1.7,191.3,1
34,28,8,3.9,1.7,0,0,0.3,3.9,0.8,3.4,382.6,1
34,30,11,5.4,2.3,0,0,0.4,5.4,1.1,4.7,526,1
34,39,10,4.3,1.2,0,0,0.8,4.3,0.8,2,563.5,1
34,43,3,1.1,0.3,0.2,0.1,0,1,0,1.1,126.7,1
34,48,14,6.2,0.9,0.2,0,0.5,6.2,0.5,5.5,731,1
34,53,7,3.2,1.1,0.4,0,0.2,3.2,0.2,2.6,450.2,1
34,54,11,5,1.7,0.6,0,0.2,5,0.2,4.2,707.4,1
34,55,5,2.3,0.8,0.3,0,0.1,2.3,0.1,1.9,321.6,1
34,56,39.5,22,6,0,0,2,22,1,21,2247,0
34,57,73,38,12,1,0,3,38,2,32,3967,0
34,58,94,47,19,2,2,3,45,4,35,4994,0
34,59,80,48,27,2,33,1,15,5,23,4239,0
34,60,236,133,70,2,95,18,38,36,19,9019,0
34,61,198.5,80,22,7,4,16,76,14,37,6770,0
34,62,66,40,25,2,3,1,37,9,21,3424,0
34,63,163,107,63,1,69,9,38,11,52,8214,0
34,64,34.5,22,12,0,9,2,13,1,11,1887,0
34,65,20,7.5,3.1,1.6,1.6,0.4,5.9,1.2,4.7,724.7,1
34,66,7,3.9,1.4,0,1.1,0.8,2.8,0.8,1.1,342.4,1
34,67,51,21,7,1,0,3,21,1,12,1749,0
34,72,22,9.9,2.4,0,0,0.9,9.9,0.9,8.2,1049.2,1
34,75,2,0.9,0.2,0,0,0.1,0.9,0.1,0.7,95.4,1
34,83,2,0.7,0.1,0.1,0,0,0.7,0.1,0.5,72.1,1
34,84,5,1.7,0.3,0.3,0,0,1.7,0.2,1.4,180.1,1
34,88,2,1,0.4,0,0,0.1,1,0.2,0.7,107.9,1
34,89,1,0.5,0.2,0,0,0,0.5,0.1,0.4,53.9,1
34,90,4,1.9,0.8,0,0,0.1,1.9,0.4,1.4,215.8,1
34,92,1,0.5,0.2,0,0,0,0.5,0.1,0.4,53.9,1
34,93,3,1.5,0.6,0,0,0.1,1.5,0.3,1.1,161.8,1
34,96,6,2.3,0.6,0.2,0,0,2.3,0.1,1.4,257.9,1
34,97,13,5,1.3,0.5,0,0.1,5,0.2,3,558.7,1
34,98,2,0.8,0.2,0.1,0,0,0.8,0,0.5,86,1
34,99,12,4.6,1.2,0.5,0,0.1,4.6,0.2,2.8,515.7,1
34,100,13,5,1.3,0.5,0,0.1,5,0.2,3,558.7,1
34,103,4,1.6,0.4,0.1,0,0.4,1.6,0.2,1.2,162.2,1
34,104,5,2,0.4,0.1,0,0.4,2,0.2,1.6,202.8,1
34,108,5,2.4,1.4,0.3,0,0,2.4,0.3,1.2,283.6,1
34,109,3,1.4,0.8,0.2,0,0,1.4,0.2,0.7,170.2,1
34,113,4,1.7,0.6,0.1,0.2,0.2,1.5,0.6,1,191.1,1
34,114,3,1.3,0.5,0.1,0.2,0.2,1.1,0.5,0.7,143.4,1
34,119,1,0.4,0.1,0,0,0,0.4,0.1,0.3,46,1
34,120,3,1.3,0.4,0,0,0.1,1.3,0.4,1,138,1
34,121,2,0.9,0.2,0,0,0.1,0.9,0.2,0.7,92,1
34,122,1,0.4,0.1,0,0,0,0.4,0.1,0.3,46,1
34,127,3,1.6,0.5,0,0.1,0,1.5,0.1,1.2,159.1,1
35,2,5,1.8,0.5,0.2,0,0,1.8,0.2,1.4,204.9,1
35,13,4.5,1.7,0.3,0.1,0,0.4,1.7,0.2,0.9,153.1,1
35,14,4,1.5,0.3,0.1,0,0.4,1.5,0.2,0.8,136.1,1
35,21,1,0.4,0,0,0,0,0.4,0.1,0.2,36.2,1
35,28,1,0.5,0.2,0,0,0,0.5,0.1,0.4,47.8,1
35,33,2,0.8,0.1,0.1,0,0.1,0.8,0.1,0.8,98,1
35,43,1,0.4,0.1,0.1,0,0,0.4,0,0.4,42.2,1
35,44,6,2.2,0.7,0.3,0.2,0,2,0,2.2,253.3,1
35,46,4,1.8,0.3,0.1,0,0.1,1.8,0.1,1.6,208.9,1
35,52,2,0.9,0.3,0.1,0,0,0.9,0,0.8,128.6,1
35,55,2,0.9,0.3,0.1,0,0,0.9,0,0.8,128.6,1
35,56,21,10.3,4.1,0,0,0.4,10.3,0.4,7.4,1053.3,1
35,57,84,30,2,2,0,1,30,1,30,3723,0
35,58,111,61,31,2,22,5,39,7,24,4820,0
35,59,2,1,0.4,0,0,0,1,0,0.7,100.3,1
35,60,398.5,236,141,4,193,44,43,79,1,14443,0
35,61,87,47,22,1,24,6,23,4,24,4569,0
35,62,144,86,50,2,54,7,32,6,43,6722,0
35,63,60,27,10,1,14,0,13,0,12,2002,0
35,64,4,1.5,0.6,0.3,0.3,0.1,1.2,0.2,0.9,144.9,1
35,65,19,7.1,3,1.5,1.5,0.4,5.6,1.1,4.5,688.5,1
35,66,9,5,1.8,0,1.4,1.1,3.6,1.1,1.4,440.3,1
35,67,64,32,20,4,22,1,10,3,9,2395,0
35,72,29,12,2,0,0,1,12,0,12,1244,0
35,73,4,1.8,0.4,0,0,0.2,1.8,0.2,1.5,190.8,1
35,77,43,19,4,0,0,0,19,0,18,1942,0
35,78,10,3.4,0.5,0.2,0,0.2,3.4,0.2,3.2,365,1
35,92,1,0.5,0.2,0,0,0,0.5,0.1,0.4,53.9,1
35,97,23,8.8,2.4,0.9,0,0.2,8.8,0.4,5.3,988.5,1
35,98,4,1.5,0.4,0.2,0,0,1.5,0.1,0.9,171.9,1
35,100,7,2.7,0.7,0.3,0,0.1,2.7,0.1,1.6,300.8,1
35,103,4,1.6,0.4,0.1,0,0.4,1.6,0.2,1.2,162.2,1
35,104,1,0.4,0.1,0,0,0.1,0.4,0,0.3,40.6,1
35,107,3,1.4,0.8,0.2,0,0,1.4,0.2,0.7,170.2,1
35,108,3,1.4,0.8,0.2,0,0,1.4,0.2,0.7,170.2,1
35,110,3,1.4,0.8,0.2,0,0,1.4,0.2,0.7,170.2,1
35,114,7,3,1.1,0.2,0.4,0.4,2.6,1.1,1.7,334.5,1
35,120,2,0.9,0.2,0,0,0.1,0.9,0.2,0.7,92,1
35,124,1,0.4,0.1,0,0,0,0.4,0.1,0.3,46,1
35,126,3,1.6,0.5,0,0.1,0,1.5,0.1,1.2,159.1,1
35,127,2,1,0.3,0,0,0,1,0.1,0.8,106,1
36,0,1,0.4,0.1,0,0,0,0.4,0,0.3,41,1
36,20,4,1.3,0.1,0.2,0,0.1,1.3,0.1,0.9,140.1,1
36,21,2,0.7,0.1,0,0,0,0.7,0.2,0.4,72.4,1
36,22,1,0.4,0,0,0,0,0.4,0.1,0.2,36.2,1
36,27,2.5,1.2,0.5,0,0,0.1,1.2,0.2,1.1,119.6,1
36,28,2,1,0.4,0,0,0.1,1,0.2,0.8,95.6,1
36,31,8,3.3,0.5,0.2,0,0.5,3.3,0.2,3.1,392,1
36,32,22,9.1,1.3,0.6,0,1.3,9.1,0.6,8.4,1078,1
36,33,38.5,16,3,1,0,2,16,1,12,1718,0
36,34,2,0.8,0.1,0.1,0,0.1,0.8,0.1,0.8,98,1
36,39,5,2.2,0.6,0,0,0.4,2.2,0.4,1,281.8,1
36,41,2,0.7,0.2,0.1,0,0,0.7,0,0.7,84.4,1
36,44,7,2.5,0.8,0.4,0.2,0,2.3,0,2.5,295.6,1
36,49,2,0.9,0.1,0,0,0.1,0.9,0.1,0.8,104.4,1
36,50,3,1.3,0.2,0,0,0.1,1.3,0.1,1.2,156.6,1
36,51,15,6.8,2.3,0.8,0,0.3,6.8,0.3,5.7,964.7,1
36,53,2,0.9,0.3,0.1,0,0,0.9,0,0.8,128.6,1
36,57,13,6.4,2.5,0,0,0.3,6.4,0.3,4.6,652,1
36,58,67,28,3,0,0,1,28,1,27,3632,0
36,59,30,12,3,2,1,2,11,1,11,1286,0
36,60,190,104,54,4,104,18,0,54,0,6483,0
36,61,315,221,159,1,216,25,5,45,5,14781,0
36,62,33.5,17,4,1,1,2,16,1,13,1641,0
36,63,31,11,3,1,2,2,9,1,7,1320,0
36,64,8,3,1.3,0.6,0.6,0.2,2.4,0.5,1.9,289.9,1
36,66,4,2.2,0.8,0,0.6,0.5,1.6,0.5,0.6,195.7,1
36,67,94,57,33,2,48,9,9,22,1,3480,0
36,68,24,15,6,0,0,2,15,0,0,951,0
36,73,2,0.9,0.2,0,0,0.1,0.9,0.1,0.7,95.4,1
36,76,4,1.4,0.2,0.1,0,0.1,1.4,0.1,1.3,146,1
36,77,4,1.4,0.2,0.1,0,0.1,1.4,0.1,1.3,146,1
36,78,12,4.1,0.5,0.3,0,0.3,4.1,0.3,3.8,438,1
36,82,2,0.7,0.1,0.1,0,0,0.7,0.1,0.5,72.1,1
36,83,3,1,0.2,0.2,0,0,1,0.1,0.8,108.1,1
36,89,2,1,0.4,0,0,0.1,1,0.2,0.7,107.9,1
36,92,2,1,0.4,0,0,0.1,1,0.2,0.7,107.9,1
36,93,3,1.5,0.6,0,0,0.1,1.5,0.3,1.1,161.8,1
36,96,18,6.9,1.9,0.7,0,0.1,6.9,0.3,4.1,773.6,1
36,97,11,4.2,1.1,0.4,0,0.1,4.2,0.2,2.5,472.7,1
36,98,4,1.5,0.4,0.2,0,0,1.5,0.1,0.9,171.9,1
36,103,2,0.8,0.2,0,0,0.2,0.8,0.1,0.6,81.1,1
36,104,3,1.2,0.3,0.1,0,0.3,1.2,0.1,0.9,121.7,1
36,107,2,1,0.6,0.1,0,0,1,0.1,0.5,113.4,1
36,113,1,0.4,0.2,0,0,0.1,0.4,0.2,0.2,47.8,1
36,114,8.5,3.7,1.3,0.3,0.5,0.5,3.2,1.3,2.1,406.2,1
36,117,3,1.3,0.4,0,0,0.1,1.3,0.4,1,138,1
36,126,1,0.5,0.2,0,0,0,0.5,0,0.4,53,1
36,127,2,1,0.3,0,0,0,1,0.1,0.8,106,1
37,8,2,0.9,0.3,0,0,0,0.9,0.1,0.5,90.7,1
37,10,4,1.8,0.6,0,0,0.1,1.8,0.3,1,181.3,1
37,12,1,0.4,0.1,0,0,0.1,0.4,0,0.2,34,1
37,14,7,2.6,0.5,0.1,0,0.7,2.6,0.3,1.5,238.1,1
37,15,9,3.4,0.7,0.2,0,0.8,3.4,0.3,1.9,306.2,1
37,19,3,1.1,0.1,0,0,0.1,1.1,0.3,0.6,108.6,1
37,20,3,1.1,0.1,0,0,0.1,1.1,0.3,0.6,108.6,1
37,22,17,6.3,1.4,0.5,0,0.5,6.3,0.5,5.1,577,1
37,24,9,3.3,0.8,0.3,0,0.3,3.3,0.3,2.7,305.5,1
37,25,3,1.1,0.3,0.1,0,0.1,1.1,0.1,0.9,101.8,1
37,32,39,15,3,1,0,1,15,0,15,1817,0
37,33,44.5,13,0,2,0,0,13,0,13,1505,0
37,34,5,2.3,0.5,0.2,0,0.2,2.3,0,2,222.5,1
37,35,2,0.9,0.2,0.1,0,0.1,0.9,0,0.8,89,1
37,41,2,1,0.4,0.1,0,0,1,0.1,0.7,112.6,1
37,42,2,1,0.4,0.1,0,0,1,0.1,0.7,112.6,1
37,46,4,1.6,0.2,0.1,0,0.2,1.6,0.2,1.3,204.6,1
37,49,11,4.3,0.6,0.3,0,0.6,4.3,0.6,3.5,562.7,1
37,50,44,14,1,2,0,0,14,0,10,1608,0
37,51,23,11,3,0,0,1,11,0,7,1042,0
37,53,1,0.4,0.1,0,0,0,0.4,0,0.3,49.2,1
37,57,49,21,6,1,0,1,21,0,18,2596,0
37,58,102,44,12,3,0,2,44,2,38,4605,0
37,59,33,17,4,0,0,0,17,0,16,1530,0
37,60,6,2.6,0.5,0.1,0,0,2.6,0.2,1.9,306.5,1
37,61,15,6.6,1.9,0,0,0.3,6.6,0.3,5.8,832.6,1
37,62,17,7.5,2.2,0,0,0.4,7.5,0.4,6.6,943.6,1
37,63,4,1.8,0.5,0,0,0.1,1.8,0.1,1.5,222,1
37,66,47.5,20,8,2,0,4,20,6,0,1502,0
37,67,14,6.2,2.2,0.4,0,0.4,6.2,0.9,2.7,562.7,1
37,68,53,22,3,0,0,4,22,3,17,2128,0
37,69,61.5,33,14,1,4,2,29,4,16,2949,0
37,70,9,4,1.4,0.3,0,0.3,4,0.6,1.7,361.7,1
37,71,1,0.4,0.1,0,0,0.1,0.4,0.1,0.3,41.2,1
37,74,8,3.5,0.8,0.3,0,0.5,3.5,1.1,2.3,329.4,1
37,76,4,1.5,0.3,0.2,0,0,1.5,0,1.2,164.6,1
37,77,1,0.4,0.1,0,0,0,0.4,0,0.3,41.2,1
37,78,3,1.1,0.2,0.1,0,0,1.1,0,0.9,123.5,1
37,86,1,0.5,0.1,0,0,0,0.5,0,0.2,46.7,1
37,87,3,1.4,0.3,0,0,0.1,1.4,0.1,0.8,140,1
37,88,2,0.9,0.2,0,0,0.1,0.9,0.1,0.5,93.3,1
37,89,2,0.9,0.2,0,0,0.1,0.9,0.1,0.5,93.3,1
37,91,4,1.7,0.3,0.1,0,0.1,1.7,0.4,1.3,153.5,1
37,92,2,0.8,0.2,0.1,0,0.1,0.8,0.2,0.6,76.7,1
37,95,3,1.3,0.2,0.1,0,0.1,1.3,0.3,0.9,115.1,1
37,101,3,1.2,0.3,0.1,0,0.3,1.2,0.1,0.9,121.7,1
37,102,1,0.4,0.1,0,0,0.1,0.4,0,0.3,40.6,1
37,103,1,0.4,0.1,0,0,0.1,0.4,0,0.3,40.6,1
37,109,2,0.9,0.4,0.1,0,0.1,0.9,0.2,0.6,85.2,1
37,110,8,3.7,1.6,0.3,0,0.3,3.7,0.9,2.3,340.7,1
37,111,1,0.3,0.1,0.1,0,0,0.3,0.1,0.2,34.4,1
37,112,6,2,0.3,0.5,0,0.2,2,0.7,1.5,206.5,1
37,114,4,1.3,0.2,0.3,0,0.1,1.3,0.4,1,137.7,1
37,121,1,0.4,0.1,0,0,0,0.4,0.1,0.3,46,1
37,126,8,3.1,0.8,0.3,0,0.5,3.1,0.3,2.1,313.3,1
38,5,2,0.9,0.3,0.1,0,0.1,0.9,0,0.5,79.5,1
38,8,12,5.4,1.7,0,0,0.3,5.4,0.9,3.1,544,1
38,10,4,1.8,0.6,0,0,0.1,1.8,0.3,1,181.3,1
38,12,2,0.8,0.2,0,0,0.2,0.8,0.1,0.4,68,1
38,15,1,0.4,0.1,0,0,0.1,0.4,0,0.2,34,1
38,23,3,1.1,0.3,0.1,0,0.1,1.1,0.1,0.9,101.8,1
38,24,13.5,5,1.1,0.4,0,0.4,5,0.4,4,458.2,1
38,25,1,0.4,0.1,0,0,0,0.4,0,0.3,33.9,1
38,26,6,2.7,0.6,0.1,0,0,2.7,0.2,2.3,256.9,1
38,32,20,9.1,2.2,0.6,0,0.6,9.1,0,8.1,890,1
38,46,4,1.6,0.2,0.1,0,0.2,1.6,0.2,1.3,204.6,1
38,50,18,7.1,0.9,0.5,0,0.9,7.1,0.9,5.7,920.8,1
38,51,97.5,34,4,5,0,3,34,0,23,3793,0
38,52,35,16,8,2,0,2,16,1,4,1547,0
38,56,20,8.7,1.7,0.3,0,0,8.7,0.6,6.4,1021.7,1
38,57,71.5,26,4,3,0,0,26,1,19,3115,0
38,58,80,33,8,0,0,3,33,0,30,3539,0
38,59,39,22,9,1,0,2,22,1,21,2041,0
38,61,23,11,2,0,0,0,11,1,9,1084,0
38,62,37,18,6,0,3,5,15,1,10,1700,0
38,63,8,3.5,1,0,0,0.2,3.5,0.2,3.1,444,1
38,64,11,4.8,1.4,0,0,0.2,4.8,0.2,4.3,610.6,1
38,67,68.5,23,0,1,0,3,23,3,18,2268,0
38,68,79,25,2,4,0,3,25,1,21,2529,0
38,69,25,12,3,0,0,0,12,0,11,1274,0
38,70,51,28,12,0,6,4,22,5,14,2198,0
38,71,16,7,1.6,0.5,0,1.1,7,2.2,4.6,658.8,1
38,72,9,3.9,0.9,0.3,0,0.6,3.9,1.2,2.6,370.6,1
38,73,7,3.1,0.7,0.2,0,0.5,3.1,0.9,2,288.2,1
38,74,4,1.7,0.4,0.1,0,0.3,1.7,0.5,1.1,164.7,1
38,75,3,1.3,0.3,0.1,0,0.2,1.3,0.4,0.9,123.5,1
38,76,24,8.8,1.7,1.1,0,0.3,8.8,0.3,7.2,987.9,1
38,77,9,3.3,0.6,0.4,0,0.1,3.3,0.1,2.7,370.4,1
38,80,4,1.5,0.3,0.2,0,0,1.5,0,1.2,164.6,1
38,84,7,2.4,0.4,0.4,0,0.1,2.4,0.2,1.9,252.2,1
38,94,2,0.8,0.2,0.1,0,0.1,0.8,0.2,0.6,76.7,1
38,95,2,0.8,0.2,0.1,0,0.1,0.8,0.2,0.6,76.7,1
38,96,1,0.3,0,0.1,0,0,0.3,0,0.3,38.9,1
38,100,4,1.4,0.1,0.2,0,0.1,1.4,0.1,1.3,155.4,1
38,101,8,3.2,0.7,0.2,0,0.7,3.2,0.4,2.5,324.4,1
38,106,2,0.9,0.4,0.1,0,0.1,0.9,0.2,0.6,85.2,1
38,108,1,0.5,0.2,0,0,0,0.5,0.1,0.3,42.6,1
38,109,1,0.5,0.2,0,0,0,0.5,0.1,0.3,42.6,1
38,111,2,0.7,0.1,0.2,0,0.1,0.7,0.2,0.5,68.8,1
38,114,11,3.7,0.6,0.9,0,0.3,3.7,1.2,2.8,378.6,1
38,115,6,2,0.3,0.5,0,0.2,2,0.7,1.5,206.5,1
38,118,3,1.3,0.4,0,0,0.1,1.3,0.4,1,138,1
38,121,2,0.9,0.2,0,0,0.1,0.9,0.2,0.7,92,1
38,126,3,1.2,0.3,0.1,0,0.2,1.2,0.1,0.8,117.5,1
39,1,2,0.9,0.3,0.1,0,0.1,0.9,0,0.5,79.5,1
39,3,3,1.3,0.5,0.2,0,0.1,1.3,0,0.8,119.2,1
39,4,6,2.6,1,0.3,0,0.2,2.6,0,1.6,238.4,1
39,5,5,2.2,0.8,0.3,0,0.1,2.2,0,1.4,198.6,1
39,6,2,0.9,0.3,0,0,0,0.9,0.1,0.5,90.7,1
39,7,9,4.1,1.3,0,0,0.2,4.1,0.6,2.4,408,1
39,14,1,0.4,0.1,0,0,0.1,0.4,0,0.2,34,1
39,20,7,2.5,0.3,0,0,0.1,2.5,0.7,1.4,253.5,1
39,23,1,0.4,0.1,0,0,0,0.4,0,0.3,33.9,1
39,26,13,5.8,1.3,0.2,0,0,5.8,0.3,5,556.7,1
39,27,7,3.1,0.7,0.1,0,0,3.1,0.2,2.7,299.7,1
39,32,4,1.8,0.4,0.1,0,0.1,1.8,0,1.6,178,1
39,39,3,1.5,0.5,0.1,0,0,1.5,0.1,1.1,168.9,1
39,51,18,7.2,1.3,0.4,0,0.6,7.2,0.4,5.1,885.1,1
39,52,39,15,2,1,0,0,15,1,14,1986,0
39,53,6,2.4,0.4,0.1,0,0.2,2.4,0.1,1.7,295,1
39,54,2,0.8,0.1,0,0,0.1,0.8,0,0.6,98.3,1
39,55,32.5,11,0,0,0,2,11,0,11,1362,0
39,56,52,23,8,2,1,0,22,1,20,2624,0
39,57,54,18,2,3,0,3,18,1,10,1829,0
39,58,65,28,5,2,0,1,28,0,27,3050,0
39,59,6,2.6,0.5,0.1,0,0,2.6,0.2,1.9,306.5,1
39,60,2,0.9,0.2,0,0,0,0.9,0.1,0.6,102.2,1
39,61,88,30,1,3,0,3,30,2,20,3159,0
39,62,36.5,22,11,0,6,1,16,1,12,2037,0
39,63,15,6.6,1.9,0,0,0.3,6.6,0.3,5.8,832.6,1
39,64,23,10.1,3,0,0,0.5,10.1,0.5,8.9,1276.6,1
39,67,29,12,0,0,0,1,12,1,11,1254,0
39,68,38.5,11,0,2,0,0,11,1,8,1069,0
39,70,8.5,3.8,1.3,0.3,0,0.3,3.8,0.5,1.6,341.6,1
39,71,19,8.3,1.9,0.6,0,1.3,8.3,2.6,5.4,782.4,1
39,73,24.5,11,2,1,0,2,11,0,8,1118,0
39,74,20,8.7,2,0.7,0,1.3,8.7,2.7,5.7,823.5,1
39,76,11,4,0.8,0.5,0,0.1,4,0.1,3.3,452.8,1
39,77,15,5.5,1,0.7,0,0.2,5.5,0.2,4.5,617.4,1
39,78,2,0.7,0.1,0.1,0,0,0.7,0,0.6,82.3,1
39,81,11,3.7,0.6,0.7,0,0.1,3.7,0.4,3,396.3,1
39,82,1,0.3,0.1,0.1,0,0,0.3,0,0.3,36,1
39,86,2,0.9,0.2,0,0,0.1,0.9,0.1,0.5,93.3,1
39,87,1,0.5,0.1,0,0,0,0.5,0,0.2,46.7,1
39,88,11,5.2,1.2,0,0,0.3,5.2,0.3,2.8,513.3,1
39,91,2,0.8,0.2,0.1,0,0.1,0.8,0.2,0.6,76.7,1
39,93,13,5.5,1,0.3,0,0.3,5.5,1.4,4.1,498.8,1
39,98,20,6.9,0.5,1,0,0.3,6.9,0.5,6.4,777.2,1
39,106,8,3.7,1.6,0.3,0,0.3,3.7,0.9,2.3,340.7,1
39,107,9,4.1,1.8,0.4,0,0.4,4.1,1,2.5,383.3,1
39,108,2,0.9,0.4,0.1,0,0.1,0.9,0.2,0.6,85.2,1
39,111,2,0.7,0.1,0.2,0,0.1,0.7,0.2,0.5,68.8,1
39,116,8,3.4,1,0,0,0.4,3.4,1,2.6,368.1,1
39,118,2,0.9,0.2,0,0,0.1,0.9,0.2,0.7,92,1
39,122,4,1.7,0.5,0,0,0.2,1.7,0.5,1.3,184,1
39,124,4,1.7,0.5,0,0,0.2,1.7,0.5,1.3,184,1
39,126,5,1.9,0.5,0.2,0,0.3,1.9,0.2,1.3,195.8,1
40,0,8,5.3,4,0,3.1,0.4,2.2,0.4,0.4,400.4,1
40,1,6,2.6,1,0.3,0,0.2,2.6,0,1.6,238.4,1
40,2,7,3,1.1,0.4,0,0.2,3,0,1.9,278.1,1
40,5,5,2.2,0.8,0.3,0,0.1,2.2,0,1.4,198.6,1
40,6,7,3.2,1,0,0,0.2,3.2,0.5,1.8,317.3,1
40,7,2,0.9,0.3,0,0,0,0.9,0.1,0.5,90.7,1
40,14,3,1.1,0.2,0.1,0,0.3,1.1,0.1,0.6,102.1,1
40,15,3,1.1,0.2,0.1,0,0.3,1.1,0.1,0.6,102.1,1
40,16,3,1.1,0.1,0,0,0.1,1.1,0.3,0.6,108.6,1
40,21,4,1.5,0.3,0.1,0,0.1,1.5,0.1,1.2,135.8,1
40,22,2,0.7,0.2,0.1,0,0.1,0.7,0.1,0.6,67.9,1
40,26,8,3.6,0.8,0.1,0,0,3.6,0.2,3.1,342.6,1
40,27,25,11.2,2.6,0.3,0,0,11.2,0.6,9.6,1070.5,1
40,30,3,1.3,0.3,0,0,0,1.3,0.1,1.2,128.5,1
40,31,3,1.4,0.3,0.1,0,0.1,1.4,0,1.2,133.5,1
40,32,38,12,1,0,0,0,12,1,11,1617,0
40,39,3,1.5,0.5,0.1,0,0,1.5,0.1,1.1,168.9,1
40,40,1,0.5,0.2,0,0,0,0.5,0,0.4,56.3,1
40,41,3,1.5,0.5,0.1,0,0,1.5,0.1,1.1,168.9,1
40,47,1,0.4,0.1,0,0,0.1,0.4,0.1,0.3,51.2,1
40,52,13.5,5.4,1,0.3,0,0.5,5.4,0.3,3.8,663.8,1
40,53,25,11,3,0,0,0,11,1,11,1537,0
40,54,9,3.6,0.6,0.2,0,0.3,3.6,0.2,2.6,442.5,1
40,55,1,0.4,0.1,0,0,0,0.4,0,0.3,49.2,1
40,56,34,17,6,0,0,1,17,1,14,1889,0
40,57,14,6.1,1.2,0.2,0,0,6.1,0.4,4.5,715.2,1
40,58,36,18,5,0,0,1,18,0,16,1902,0
40,60,5,2.2,0.4,0.1,0,0,2.2,0.1,1.6,255.4,1
40,61,48,17,3,2,0,0,17,0,2,1597,0
40,62,94,43,16,1,0,4,43,4,21,4022,0
40,63,71,26,3,1,0,4,26,1,19,2570,0
40,64,60,20,2,1,0,0,20,0,20,2090,0
40,71,22,12,5,0,1,1,11,1,5,1223,0
40,72,30,14,3,0,0,0,14,1,12,1399,0
40,73,19,8.3,1.9,0.6,0,1.3,8.3,2.6,5.4,782.4,1
40,74,36.5,15,3,0,0,1,15,0,9,1476,0
40,77,5,1.8,0.3,0.2,0,0.1,1.8,0.1,1.5,205.8,1
40,81,20,6.8,1,1.2,0,0.2,6.8,0.7,5.4,720.5,1
40,82,13,4.4,0.7,0.8,0,0.1,4.4,0.4,3.5,468.3,1
40,86,3,1.4,0.3,0,0,0.1,1.4,0.1,0.8,140,1
40,87,3,1.4,0.3,0,0,0.1,1.4,0.1,0.8,140,1
40,88,2,0.9,0.2,0,0,0.1,0.9,0.1,0.5,93.3,1
40,89,4,1.9,0.4,0,0,0.1,1.9,0.1,1,186.7,1
40,93,6,2.5,0.5,0.2,0,0.2,2.5,0.6,1.9,230.2,1
40,95,2,0.8,0.2,0.1,0,0.1,0.8,0.2,0.6,76.7,1
40,96,17,5.9,0.4,0.9,0,0.2,5.9,0.4,5.4,660.6,1
40,97,12,4.2,0.3,0.6,0,0.2,4.2,0.3,3.8,466.3,1
40,98,9,3.1,0.2,0.5,0,0.1,3.1,0.2,2.9,349.7,1
40,99,11,3.8,0.3,0.6,0,0.1,3.8,0.3,3.5,427.4,1
40,100,2,0.7,0.1,0.1,0,0,0.7,0.1,0.6,77.7,1
40,103,2,0.8,0.2,0,0,0.2,0.8,0.1,0.6,81.1,1
40,106,7,3.2,1.4,0.3,0,0.3,3.2,0.8,2,298.1,1
40,114,4,1.3,0.2,0.3,0,0.1,1.3,0.4,1,137.7,1
40,119,5,2.1,0.6,0,0,0.2,2.1,0.6,1.6,230.1,1
41,0,2,1.3,1,0,0.8,0.1,0.5,0.1,0.1,100.1,1
41,3,1,0.4,0.2,0.1,0,0,0.4,0,0.3,39.7,1
41,18,4,1.4,0.2,0,0,0.1,1.4,0.4,0.8,144.9,1
41,19,7,2.5,0.3,0,0,0.1,2.5,0.7,1.4,253.5,1
41,25,17,6.3,1.4,0.5,0,0.5,6.3,0.5,5.1,577,1
41,26,2,0.9,0.2,0,0,0,0.9,0.1,0.8,85.6,1
41,27,9,4,0.9,0.1,0,0,4,0.2,3.5,385.4,1
41,28,2,0.9,0.2,0,0,0,0.9,0.1,0.8,85.6,1
41,30,3,1.3,0.3,0,0,0,1.3,0.1,1.2,128.5,1
41,31,5,2.3,0.5,0.2,0,0.2,2.3,0,2,222.5,1
41,32,17,7.7,1.9,0.5,0,0.5,7.7,0,6.9,756.5,1
41,33,8,3.6,0.9,0.2,0,0.2,3.6,0,3.2,356,1
41,40,13,6.3,2.4,0.4,0,0,6.3,0.4,4.7,731.9,1
41,41,1,0.5,0.2,0,0,0,0.5,0,0.4,56.3,1
41,44,4,1.9,0.7,0.1,0,0,1.9,0.1,1.5,225.2,1
41,45,1,0.5,0.2,0,0,0,0.5,0,0.4,56.3,1
41,51,2,0.8,0.1,0,0,0.1,0.8,0,0.6,98.3,1
41,52,5,2,0.4,0.1,0,0.2,2,0.1,1.4,245.9,1
41,53,4,1.6,0.3,0.1,0,0.1,1.6,0.1,1.1,196.7,1
41,54,23,9.3,1.6,0.5,0,0.8,9.3,0.5,6.5,1130.9,1
41,55,65.5,25,3,3,0,10,25,1,5,2189,0
41,56,1,0.4,0.1,0,0,0,0.4,0,0.3,51.1,1
41,57,37,13,1,0,0,2,13,3,6,1337,0
41,58,4,1.7,0.3,0.1,0,0,1.7,0.1,1.3,204.3,1
41,60,11,4.8,1,0.2,0,0,4.8,0.3,3.5,562,1
41,61,48,22,3,0,0,1,22,1,21,2459,0
41,62,87,35,6,1,0,0,35,1,30,3866,0
41,63,113.5,38,2,4,0,4,38,3,32,4347,0
41,64,62,19,2,4,0,1,19,0,16,2288,0
41,71,10,4.4,1,0.3,0,0.7,4.4,1.3,2.9,411.8,1
41,72,45,18,3,0,0,0,18,1,15,1961,0
41,73,3,1.3,0.3,0.1,0,0.2,1.3,0.4,0.9,123.5,1
41,76,4,1.5,0.3,0.2,0,0,1.5,0,1.2,164.6,1
41,79,2,0.7,0.1,0.1,0,0,0.7,0,0.6,82.3,1
41,80,3,1.1,0.2,0.1,0,0,1.1,0,0.9,123.5,1
41,83,13,4.4,0.7,0.8,0,0.1,4.4,0.4,3.5,468.3,1
41,84,26,8.8,1.3,1.5,0,0.2,8.8,0.9,7.1,936.7,1
41,85,3,1,0.2,0.2,0,0,1,0.1,0.8,108.1,1
41,88,2,0.9,0.2,0,0,0.1,0.9,0.1,0.5,93.3,1
41,93,2,0.8,0.2,0.1,0,0.1,0.8,0.2,0.6,76.7,1
41,100,2,0.7,0.1,0.1,0,0,0.7,0.1,0.6,77.7,1
41,101,4,1.6,0.4,0.1,0,0.4,1.6,0.2,1.2,162.2,1
41,102,5,2,0.4,0.1,0,0.4,2,0.2,1.6,202.8,1
41,103,2,0.8,0.2,0,0,0.2,0.8,0.1,0.6,81.1,1
41,107,5,2.3,1,0.2,0,0.2,2.3,0.5,1.4,212.9,1
41,108,1,0.5,0.2,0,0,0,0.5,0.1,0.3,42.6,1
41,116,4,1.7,0.5,0,0,0.2,1.7,0.5,1.3,184,1
41,119,2,0.9,0.2,0,0,0.1,0.9,0.2,0.7,92,1
41,121,11,4.7,1.3,0,0,0.5,4.7,1.3,3.6,506.1,1
41,125,3,1.3,0.4,0,0,0.1,1.3,0.4,1,138,1
42,0,2,0.8,0.1,0,0,0,0.8,0,0.7,86.7,1
42,1,1,0.4,0.2,0,0,0,0.4,0.1,0.3,52.8,1
42,7,1,0.5,0.2,0,0,0,0.5,0.1,0.4,60.3,1
42,9,5,2.5,1,0.2,0,0,2.5,0.7,2.2,301.7,1
42,10,6,3,1.2,0.2,0,0,3,0.8,2.6,362,1
42,11,4,1.3,0.3,0.3,0,0,1.3,0.2,1.2,161.3,1
42,27,5,2.2,0.5,0,0,0.1,2.2,0,2,254.9,1
42,30,10,4.5,0.9,0,0,0.2,4.5,0,3.9,509.7,1
42,31,5,1.9,0.3,0.2,0,0.2,1.9,0,1.4,226.7,1
42,32,10,3.8,0.6,0.3,0,0.3,3.8,0,2.8,453.4,1
42,33,2,0.8,0.1,0.1,0,0.1,0.8,0,0.6,90.7,1
42,37,3,1.1,0.2,0,0,0,1.1,0,0.9,127.7,1
42,40,18,6.9,0.9,0,0,0.2,6.9,0.2,5.2,765.9,1
42,43,1,0.4,0.1,0,0,0,0.4,0,0.4,43.9,1
42,44,11,4.4,1,0.4,0.1,0.1,4.3,0.4,4,483.3,1
42,45,3,1.2,0.3,0.1,0,0,1.2,0.1,1.1,131.8,1
42,50,13,5.4,1.7,0.6,0,0.4,5.4,0.2,5,568.7,1
42,51,18,7.6,2.2,0,0,0,7.6,1.4,7,927.3,1
42,53,2,0.8,0.2,0,0,0,0.8,0.2,0.8,103,1
42,54,64.5,19,2,3,0,0,19,1,18,2358,0
42,55,50.5,21,4,0,0,4,21,1,12,2305.9,0
42,56,19,7.9,1.8,0.6,0,0.6,7.9,0,7,980.1,1
42,57,2,0.8,0.2,0.1,0,0.1,0.8,0,0.7,103.2,1
42,58,1,0.4,0.1,0,0,0,0.4,0,0.4,51.6,1
42,60,44,17,0,0,0,0,17,0,14,1811,0
42,61,75,36,10,1,0,2,36,1,33,3258,0
42,62,76.5,38,11,1,0,3,38,3,32,3467,0
42,63,81,36,9,1,0,0,36,0,32,3765,0
42,64,30,11,1,0,0,1,11,0,10,1326,0
42,75,5,2.2,0.4,0.1,0,0,2.2,0.2,2,231.4,1
42,79,10,3.9,1.4,0.3,0,0.3,3.9,0.8,2.8,355.8,1
42,84,7,2.2,0.3,0.2,0,0,2.2,0,1.7,249.1,1
42,88,5,1.8,0.2,0.2,0,0,1.8,0.1,1.4,224.2,1
42,98,2,0.8,0.2,0.1,0,0.1,0.8,0.1,0.5,76.1,1
42,103,2,0.9,0.3,0.1,0,0,0.9,0.1,0.6,105,1
42,105,10,4.6,1.4,0.3,0,0,4.6,0.3,2.9,525.1,1
42,109,4,1.6,0.4,0,0,0,1.6,0.3,1.3,163.4,1
42,114,2,0.8,0.2,0,0,0,0.8,0.1,0.6,81.7,1
42,118,1,0.4,0.1,0,0,0,0.4,0.1,0.3,39.3,1
42,119,2,0.8,0.1,0,0,0,0.8,0.1,0.6,78.6,1
42,120,2,0.8,0.1,0,0,0,0.8,0.1,0.6,78.6,1
42,121,2,0.7,0.1,0.1,0,0,0.7,0,0.4,76.5,1
42,125,1,0.3,0.1,0,0,0,0.3,0,0.2,38.2,1
43,0,4,1.5,0.2,0.1,0,0,1.5,0.1,1.3,173.4,1
43,1,2,0.9,0.3,0.1,0.1,0,0.8,0.2,0.5,105.6,1
43,2,3,1.3,0.5,0.1,0.1,0.1,1.2,0.3,0.8,158.4,1
43,6,2,1,0.4,0.1,0,0,1,0.3,0.9,120.7,1
43,15,2,0.7,0.2,0.2,0,0,0.7,0.1,0.6,80.7,1
43,22,3,1,0.1,0.1,0,0.1,1,0,0.9,114.5,1
43,23,1,0.3,0,0,0,0,0.3,0,0.3,38.2,1
43,24,29,14,7,1,0,0,14,1,13,1473,0
43,27,6,2.7,0.6,0,0,0.1,2.7,0,2.4,305.8,1
43,29,2,0.9,0.2,0,0,0,0.9,0,0.8,101.9,1
43,30,4,1.8,0.4,0,0,0.1,1.8,0,1.6,203.9,1
43,32,7,2.6,0.4,0.2,0,0.2,2.6,0,2,317.4,1
43,33,4,1.5,0.2,0.1,0,0.1,1.5,0,1.1,181.4,1
43,36,2,0.8,0.1,0,0,0,0.8,0,0.6,85.1,1
43,37,2,0.8,0.1,0,0,0,0.8,0,0.6,85.1,1
43,38,2,0.8,0.1,0,0,0,0.8,0,0.6,85.1,1
43,40,33,15,4,0,0,1,15,0,11,1277,0
43,41,74,31,6,2,0,1,31,1,25,3052,0
43,42,13,5.2,1.2,0.5,0.1,0.1,5.1,0.4,4.7,571.2,1
43,43,11,4.4,1,0.4,0.1,0.1,4.3,0.4,4,483.3,1
43,44,5,2,0.4,0.2,0,0,2,0.2,1.8,219.7,1
43,47,5,2.1,0.6,0.2,0,0.2,2.1,0.1,1.9,218.7,1
43,50,10,4.1,1.3,0.5,0,0.3,4.1,0.2,3.8,437.5,1
43,52,8,3.4,1,0,0,0,3.4,0.6,3.1,412.2,1
43,53,10,4.2,1.2,0,0,0,4.2,0.8,3.9,515.2,1
43,54,53,18,3,3,0,0,18,1,16,1988,0
43,55,6,2.5,0.7,0,0,0,2.5,0.5,2.3,309.1,1
43,56,12,5,1.1,0.4,0,0.4,5,0,4.4,619,1
43,57,36,14,4,1,0,0,14,1,14,1556,0
43,58,2,0.8,0.2,0.1,0,0.1,0.8,0,0.7,103.2,1
43,60,6,2.5,0.6,0.2,0,0.2,2.5,0,2.2,309.5,1
43,61,12.5,5.8,0.7,0,0,0.7,5.8,0.2,4.3,561.5,1
43,62,8,3.7,0.5,0,0,0.5,3.7,0.2,2.8,359.4,1
43,63,8,3.7,0.5,0,0,0.5,3.7,0.2,2.8,359.4,1
43,64,4,1.8,0.2,0,0,0.2,1.8,0.1,1.4,179.7,1
43,72,9,4,0.7,0.1,0,0,4,0.4,3.6,416.6,1
43,73,2,0.9,0.2,0,0,0,0.9,0.1,0.8,92.6,1
43,76,1,0.4,0.1,0,0,0,0.4,0.1,0.3,35.6,1
43,77,1,0.4,0.1,0,0,0,0.4,0.1,0.3,35.6,1
43,79,5,1.9,0.7,0.1,0,0.1,1.9,0.4,1.4,177.9,1
43,88,1,0.4,0,0,0,0,0.4,0,0.3,44.8,1
43,91,4,1.8,0.6,0,0,0.1,1.8,0.3,1.2,196.2,1
43,92,1,0.4,0.2,0,0,0,0.4,0.1,0.3,49.1,1
43,95,2,0.9,0.3,0,0,0.1,0.9,0.2,0.6,98.1,1
43,98,5,2.1,0.6,0.2,0,0.2,2.1,0.2,1.4,190.2,1
43,99,2,0.8,0.2,0.1,0,0.1,0.8,0.1,0.5,76.1,1
43,101,2,0.9,0.3,0.1,0,0,0.9,0.1,0.6,105,1
43,102,3,1.4,0.4,0.1,0,0,1.4,0.1,0.9,157.5,1
43,109,4,1.6,0.4,0,0,0,1.6,0.3,1.3,163.4,1
43,118,7,2.7,0.5,0.1,0,0.1,2.7,0.4,2,275,1
43,119,3,1.1,0.2,0.1,0,0.1,1.1,0.2,0.9,117.9,1
43,120,4,1.5,0.3,0.1,0,0.1,1.5,0.2,1.2,157.2,1
43,125,2,0.7,0.1,0.1,0,0,0.7,0,0.4,76.5,1
43,126,9,3.8,0.9,0.5,0,0,3.8,0.6,2.7,391.6,1
44,0,35,14,4,1,0,0,14,5,12,1355,0
44,1,27,11.9,4.4,1.3,0.6,0.6,11.3,3.1,6.9,1426,1
44,6,4,2,0.8,0.1,0,0,2,0.5,1.7,241.3,1
44,8,2,1,0.4,0.1,0,0,1,0.3,0.9,120.7,1
44,13,4,1.3,0.3,0.3,0,0,1.3,0.2,1.2,161.3,1
44,14,10,3.3,0.8,0.8,0,0,3.3,0.5,3.1,403.3,1
44,15,4,1.3,0.3,0.3,0,0,1.3,0.2,1.2,161.3,1
44,23,8,2.6,0.3,0.3,0,0.2,2.6,0.1,2.4,305.4,1
44,24,57,28,14,1,0,1,28,3,20,2713,0
44,25,18,6,0.7,0.7,0,0.4,6,0.3,5.4,687.2,1
44,26,1,0.4,0.1,0,0,0,0.4,0,0.4,51,1
44,27,4,1.8,0.4,0,0,0.1,1.8,0,1.6,203.9,1
44,28,5.5,2.5,0.5,0,0,0.1,2.5,0,2.2,280.3,1
44,38,9,3.4,0.5,0,0,0.1,3.4,0.1,2.6,383,1
44,39,32,11,1,0,0,0,11,0,11,1137,0
44,40,18,6.9,0.9,0,0,0.2,6.9,0.2,5.2,765.9,1
44,41,60,33,17,0,4,1,29,1,23,2818,0
44,42,13,5.2,1.2,0.5,0.1,0.1,5.1,0.4,4.7,571.2,1
44,43,6,2.4,0.5,0.2,0,0,2.4,0.2,2.2,263.6,1
44,44,12,4.8,1.1,0.5,0.1,0.1,4.7,0.4,4.4,527.2,1
44,47,15,6.2,1.9,0.7,0,0.5,6.2,0.2,5.7,656.2,1
44,48,10,4.1,1.3,0.5,0,0.3,4.1,0.2,3.8,437.5,1
44,50,3,1.2,0.4,0.1,0,0.1,1.2,0,1.1,131.2,1
44,51,7,3,0.9,0,0,0,3,0.5,2.7,360.6,1
44,52,1,0.4,0.1,0,0,0,0.4,0.1,0.4,51.5,1
44,55,1,0.4,0.1,0,0,0,0.4,0.1,0.4,51.5,1
44,56,9,3.7,0.8,0.3,0,0.3,3.7,0,3.3,464.3,1
44,57,25,11,1,0,0,1,11,2,5,1034,0
44,58,8,3.3,0.7,0.2,0,0.2,3.3,0,3,412.7,1
44,71,7,3.1,0.6,0.1,0,0,3.1,0.3,2.8,324,1
44,72,36,11,2,3,0,0,11,1,10,1133,0
44,73,16,7.1,1.3,0.3,0,0,7.1,0.8,6.3,740.6,1
44,77,3,1.2,0.4,0.1,0,0.1,1.2,0.2,0.8,106.8,1
44,78,1,0.4,0.1,0,0,0,0.4,0.1,0.3,35.6,1
44,79,5,1.9,0.7,0.1,0,0.1,1.9,0.4,1.4,177.9,1
44,86,4,1.4,0.2,0.2,0,0,1.4,0.1,1.1,179.3,1
44,87,11,3.9,0.5,0.5,0,0,3.9,0.2,3,493.2,1
44,96,2,0.8,0.2,0.1,0,0.1,0.8,0.1,0.5,76.1,1
44,101,2,0.9,0.3,0.1,0,0,0.9,0.1,0.6,105,1
44,103,1,0.5,0.1,0,0,0,0.5,0,0.3,52.5,1
44,108,5,2,0.5,0.1,0,0.1,2,0.4,1.6,204.3,1
44,109,2,0.8,0.2,0,0,0,0.8,0.1,0.6,81.7,1
44,112,2,0.8,0.2,0,0,0,0.8,0.1,0.6,81.7,1
44,114,9,3.6,1,0.1,0,0.1,3.6,0.7,2.9,367.7,1
44,120,2,0.8,0.1,0,0,0,0.8,0.1,0.6,78.6,1
44,121,15,5.2,0.9,0.6,0,0.3,5.2,0.3,3.4,573.5,1
44,122,32.5,11.2,2,1.3,0,0.7,11.2,0.7,7.3,1242.6,1
44,123,28,9.7,1.7,1.1,0,0.6,9.7,0.6,6.3,1070.5,1
45,0,32,18,10,1,0,0,18,2,14,1564,0
45,1,24,13,6,1,3,0,10,2,5,1064,0
45,5,8,3.5,1.3,0.4,0.2,0.2,3.3,0.9,2,422.5,1
45,6,4,2,0.8,0.1,0,0,2,0.5,1.7,241.3,1
45,12,5,1.7,0.4,0.4,0,0,1.7,0.3,1.5,201.7,1
45,13,3,1,0.2,0.2,0,0,1,0.2,0.9,121,1
45,22,6,2,0.2,0.2,0,0.1,2,0.1,1.8,229.1,1
45,23,36,11.9,1.4,1.4,0,0.8,11.9,0.6,10.8,1374.4,1
45,24,26,8.6,1,1,0,0.6,8.6,0.4,7.8,992.6,1
45,25,32,10.6,1.2,1.2,0,0.7,10.6,0.5,9.6,1221.7,1
45,26,4,1.8,0.4,0,0,0.1,1.8,0,1.6,203.9,1
45,29,4,1.8,0.4,0,0,0.1,1.8,0,1.6,203.9,1
45,30,2,0.9,0.2,0,0,0,0.9,0,0.8,101.9,1
45,36,8,3.1,0.4,0,0,0.1,3.1,0.1,2.3,340.4,1
45,39,55,20,0,2,0,1,20,0,19,2065,0
45,40,104,38,8,6,0,2,38,1,22,3851,0
45,41,18,7.3,1.6,0.7,0.2,0.1,7.1,0.6,6.5,790.8,1
45,42,2,0.8,0.2,0.1,0,0,0.8,0.1,0.7,87.9,1
45,43,10,4,0.9,0.4,0.1,0.1,3.9,0.3,3.6,439.4,1
45,44,4,1.6,0.4,0.2,0,0,1.6,0.1,1.5,175.7,1
45,47,2,0.8,0.3,0.1,0,0.1,0.8,0,0.8,87.5,1
45,48,3,1.2,0.4,0.1,0,0.1,1.2,0,1.1,131.2,1
45,50,1,0.4,0.1,0,0,0,0.4,0,0.4,43.7,1
45,51,8,3.4,1,0,0,0,3.4,0.6,3.1,412.2,1
45,52,3,1.3,0.4,0,0,0,1.3,0.2,1.2,154.6,1
45,53,1,0.4,0.1,0,0,0,0.4,0.1,0.4,51.5,1
45,54,1,0.4,0.1,0,0,0,0.4,0.1,0.4,51.5,1
45,55,4,1.7,0.5,0,0,0,1.7,0.3,1.5,206.1,1
45,63,11.5,5.3,0.7,0,0,0.7,5.3,0.2,4,516.6,1
45,64,3,1.4,0.2,0,0,0.2,1.4,0.1,1,134.8,1
45,65,2,0.9,0.1,0,0,0.1,0.9,0,0.7,89.8,1
45,73,16,7.1,1.3,0.3,0,0,7.1,0.8,6.3,740.6,1
45,74,3,1.3,0.2,0,0,0,1.3,0.1,1.2,138.9,1
45,78,7,2.7,1,0.2,0,0.2,2.7,0.6,1.9,249.1,1
45,81,5,1.6,0.2,0.1,0,0,1.6,0,1.2,177.9,1
45,85,16,5.1,0.8,0.4,0,0,5.1,0,3.9,569.4,1
45,86,21,7.4,0.9,0.9,0,0,7.4,0.4,5.7,941.5,1
45,92,5,2.2,0.8,0,0,0.1,2.2,0.4,1.4,245.3,1
45,93,1,0.4,0.2,0,0,0,0.4,0.1,0.3,49.1,1
45,98,3,1.3,0.4,0.1,0,0.1,1.3,0.1,0.8,114.1,1
45,100,2,0.8,0.2,0.1,0,0.1,0.8,0.1,0.5,76.1,1
45,101,5,2.3,0.7,0.1,0,0,2.3,0.1,1.4,262.6,1
45,102,3,1.4,0.4,0.1,0,0,1.4,0.1,0.9,157.5,1
45,105,5,2.3,0.7,0.1,0,0,2.3,0.1,1.4,262.6,1
45,107,2,0.8,0.2,0,0,0,0.8,0.1,0.6,81.7,1
45,109,2,0.8,0.2,0,0,0,0.8,0.1,0.6,81.7,1
45,114,4,1.6,0.4,0,0,0,1.6,0.3,1.3,163.4,1
45,121,7,2.4,0.4,0.3,0,0.1,2.4,0.1,1.6,267.6,1
45,122,1,0.3,0.1,0,0,0,0.3,0,0.2,38.2,1
45,123,4,1.4,0.2,0.2,0,0.1,1.4,0.1,0.9,152.9,1
46,0,18,6.8,1,0.3,0,0,6.8,0.3,6,780.3,1
46,3,2,0.9,0.3,0.1,0.1,0,0.8,0.2,0.5,105.6,1
46,10,2,1,0.4,0.1,0,0,1,0.3,0.9,120.7,1
46,12,7,2.3,0.5,0.5,0,0,2.3,0.4,2.2,282.3,1
46,26,6,2.7,0.6,0,0,0.1,2.7,0,2.4,305.8,1
46,35,4,1.5,0.2,0.1,0,0.1,1.5,0,1.1,181.4,1
46,36,14,5.3,0.7,0,0,0.2,5.3,0.2,4.1,595.7,1
46,40,86,29,4,5,0,4,29,1,20,3018,0
46,41,7,2.8,0.6,0.3,0,0.1,2.8,0.2,2.5,307.5,1
46,42,4,1.6,0.4,0.2,0,0,1.6,0.1,1.5,175.7,1
46,43,4,1.6,0.4,0.2,0,0,1.6,0.1,1.5,175.7,1
46,48,1,0.4,0.1,0,0,0,0.4,0,0.4,43.7,1
46,53,2,0.8,0.2,0,0,0,0.8,0.2,0.8,103,1
46,54,16,6.8,2,0,0,0,6.8,1.2,6.2,824.3,1
46,55,18,7.6,2.2,0,0,0,7.6,1.4,7,927.3,1
46,58,6,2.5,0.6,0.2,0,0.2,2.5,0,2.2,309.5,1
46,64,3,1.4,0.2,0,0,0.2,1.4,0.1,1,134.8,1
46,68,2,0.8,0.1,0,0,0,0.8,0,0.7,89.9,1
46,69,1,0.4,0,0,0,0,0.4,0,0.3,44.9,1
46,70,1,0.4,0,0,0,0,0.4,0,0.3,44.9,1
46,74,5,2.2,0.4,0.1,0,0,2.2,0.2,2,231.4,1
46,79,3,1.2,0.4,0.1,0,0.1,1.2,0.2,0.8,106.8,1
46,85,13,4.1,0.6,0.3,0,0,4.1,0,3.2,462.6,1
46,86,6,2.1,0.2,0.2,0,0,2.1,0.1,1.6,269,1
46,92,4,1.8,0.6,0,0,0.1,1.8,0.3,1.2,196.2,1
46,97,3,1.3,0.4,0.1,0,0.1,1.3,0.1,0.8,114.1,1
46,98,2,0.8,0.2,0.1,0,0.1,0.8,0.1,0.5,76.1,1
46,102,2,0.9,0.3,0.1,0,0,0.9,0.1,0.6,105,1
46,114,1,0.4,0.1,0,0,0,0.4,0.1,0.3,40.9,1
46,116,3,1.1,0.2,0.1,0,0.1,1.1,0.2,0.9,117.9,1
46,121,4,1.4,0.2,0.2,0,0.1,1.4,0.1,0.9,152.9,1
46,125,2,0.7,0.1,0.1,0,0,0.7,0,0.4,76.5,1
46,126,2,0.8,0.2,0.1,0,0,0.8,0.1,0.6,87,1
47,10,6,2,0.1,0.1,0,0.1,2,0,1.1,217.5,1
47,11,1,0.5,0.2,0,0,0,0.5,0.1,0.4,60.3,1
47,20,1,0.4,0.1,0.1,0,0,0.4,0,0.3,41.3,1
47,21,2,1.2,0.6,0,0,0.1,1.2,0.2,0.8,122.8,1
47,33,4,1.5,0,0,0,0.2,1.5,0.1,1.2,164.4,1
47,34,4,1.5,0,0,0,0.2,1.5,0.1,1.2,164.4,1
47,36,2,0.8,0.2,0.1,0,0.1,0.8,0,0.6,76.9,1
47,40,9,3.8,1,0.2,0,0.2,3.8,0,2.8,346.2,1
47,43,5,1.8,0.5,0.3,0,0,1.8,0.1,1.6,201.2,1
47,49,6,2.3,0.4,0.1,0,0,2.3,0.3,2,246.4,1
47,50,2,0.8,0.1,0,0,0,0.8,0.1,0.7,82.1,1
47,53,2,0.8,0.2,0.1,0,0.1,0.8,0,0.7,88.7,1
47,55,5,1.9,0.4,0.3,0,0.2,1.9,0.1,1.6,221.6,1
47,59,8,3.6,0.8,0.2,0,0.4,3.6,0,2.9,390.5,1
47,60,1,0.5,0.1,0,0,0,0.5,0,0.4,48.8,1
47,62,4,1.8,0.6,0.1,0,0,1.8,0.3,1.4,172.2,1
47,63,17,7.8,2.8,0.5,0,0,7.8,1.4,6,731.9,1
47,64,4,1.8,0.6,0.1,0,0,1.8,0.3,1.4,172.2,1
47,65,1,0.5,0.2,0,0,0,0.5,0.1,0.4,43.1,1
47,71,2,0.8,0.1,0,0,0,0.8,0,0.7,89.9,1
47,74,10,4.1,0.4,0,0,0.2,4.1,0,3.5,449.4,1
47,76,2,0.8,0.2,0.1,0,0.1,0.8,0.3,0.7,75.6,1
47,83,4,1.7,0.4,0.2,0.1,0.2,1.6,0.6,1.4,151.2,1
47,85,2,0.8,0.2,0.1,0,0.1,0.8,0.3,0.7,75.6,1
47,87,1,0.5,0.1,0,0,0,0.5,0.1,0.3,47.7,1
47,89,13,5.9,1.5,0.5,0,0.5,5.9,1,3.9,620.5,1
47,90,4.5,2,0.5,0.2,0,0.2,2,0.3,1.4,214.8,1
47,93,15,6.7,2.4,0,0,0.4,6.7,1.2,4.3,735.8,1
47,104,4,1.5,0.5,0.4,0,0,1.5,0.2,1.1,140.1,1
47,110,4,1.6,0.4,0,0,0,1.6,0.3,1.3,163.4,1
47,115,5,2,0.5,0.1,0,0.1,2,0.4,1.6,204.3,1
47,116,2,0.8,0.1,0,0,0,0.8,0.1,0.6,78.6,1
47,118,4,1.5,0.3,0.1,0,0.1,1.5,0.2,1.2,157.2,1
48,8,2,0.7,0,0,0,0,0.7,0,0.4,72.5,1
48,10,14.5,4.9,0.3,0.3,0,0.3,4.9,0,2.6,525.6,1
48,17,2,0.7,0.2,0.1,0,0,0.7,0,0.6,82.6,1
48,18,18,6.6,1.7,0.9,0.1,0.4,6.5,0.3,5.4,743.4,1
48,19,24,8.8,2.2,1.2,0.2,0.5,8.6,0.3,7.3,991.3,1
48,20,12,4.4,1.1,0.6,0.1,0.3,4.3,0.2,3.6,495.6,1
48,21,6,3.6,1.8,0,0,0.2,3.6,0.5,2.5,368.4,1
48,36,2,0.8,0.2,0.1,0,0.1,0.8,0,0.6,76.9,1
48,37,1,0.4,0.1,0,0,0,0.4,0,0.3,38.5,1
48,38,4,1.7,0.4,0.1,0,0.1,1.7,0,1.2,153.9,1
48,40,7,2.9,0.8,0.2,0,0.2,2.9,0,2.1,269.3,1
48,42,3,1.1,0.3,0.2,0,0,1.1,0,1,120.7,1
48,45,4,1.5,0.4,0.3,0,0,1.5,0.1,1.3,160.9,1
48,46,3,1.2,0.2,0.1,0,0,1.2,0.1,1,123.2,1
48,55,1,0.4,0.1,0.1,0,0,0.4,0,0.3,44.3,1
48,61,1,0.5,0.2,0,0,0,0.5,0.1,0.4,43.1,1
48,62,1,0.5,0.2,0,0,0,0.5,0.1,0.4,43.1,1
48,75,6,2.4,0.2,0,0,0.1,2.4,0,2.1,269.6,1
48,76,3,1.2,0.3,0.1,0,0.1,1.2,0.5,1,113.4,1
48,82,6,2.5,0.6,0.2,0.1,0.2,2.4,0.9,2,226.9,1
48,83,5,2.1,0.5,0.2,0.1,0.2,2,0.8,1.7,189.1,1
48,88,2,0.9,0.2,0.1,0,0.1,0.9,0.2,0.6,95.5,1
48,93,2,0.9,0.3,0,0,0.1,0.9,0.2,0.6,98.1,1
48,99,1,0.4,0.1,0,0,0,0.4,0,0.3,38,1
48,100,4,1.7,0.5,0.1,0,0.1,1.7,0.1,1.1,152.1,1
48,101,5,1.9,0.6,0.5,0,0,1.9,0.3,1.4,175.1,1
48,102,8,3,1,0.8,0,0,3,0.5,2.2,280.1,1
48,108,1,0.4,0.1,0,0,0,0.4,0.1,0.3,40.9,1
48,111,2,0.8,0.2,0,0,0,0.8,0.1,0.6,81.7,1
48,118,4,1.5,0.3,0.1,0,0.1,1.5,0.2,1.2,157.2,1
48,120,6,2.3,0.4,0.1,0,0.1,2.3,0.3,1.7,235.7,1
49,8,8,2.7,0.2,0.2,0,0.2,2.7,0,1.4,290,1
49,10,7,2.4,0.2,0.2,0,0.2,2.4,0,1.3,253.7,1
49,11,3,1.5,0.6,0.1,0,0,1.5,0.4,1.3,181,1
49,18,12,4.4,1.1,0.6,0.1,0.3,4.3,0.2,3.6,495.6,1
49,19,37,13.6,3.5,1.9,0.3,0.8,13.3,0.5,11.2,1528.2,1
49,21,53,30,19,1,13,3,17,5,5,2381,0
49,22,51,22,4,2,0,4,22,0,17,2142,0
49,24,21,12.7,6.4,0,0,0.6,12.7,1.9,8.9,1289.3,1
49,25,1,0.6,0.3,0,0,0,0.6,0.1,0.4,61.4,1
49,38,1,0.4,0.1,0,0,0,0.4,0,0.3,38.5,1
49,39,3,1.2,0.3,0.1,0,0.1,1.2,0,0.9,115.4,1
49,40,5,2.1,0.6,0.1,0,0.1,2.1,0,1.5,192.4,1
49,45,4,1.5,0.4,0.3,0,0,1.5,0.1,1.3,160.9,1
49,50,7,2.7,0.5,0.2,0,0,2.7,0.3,2.4,287.5,1
49,51,1,0.4,0.1,0.1,0,0,0.4,0,0.3,44.3,1
49,52,20,7.6,1.7,1.2,0,1,7.6,0.5,6.6,886.6,1
49,53,3,1.1,0.3,0.2,0,0.1,1.1,0.1,1,133,1
49,54,17,6.4,1.5,1,0,0.8,6.4,0.4,5.6,753.6,1
49,55,5,1.9,0.4,0.3,0,0.2,1.9,0.1,1.6,221.6,1
49,56,5,2.3,0.5,0.1,0,0.2,2.3,0,1.8,244,1
49,58,3,1.4,0.3,0.1,0,0.1,1.4,0,1.1,146.4,1
49,63,8,3.7,1.3,0.2,0,0,3.7,0.6,2.8,344.4,1
49,64,1,0.5,0.2,0,0,0,0.5,0.1,0.4,43.1,1
49,69,5,2,0.3,0,0,0.3,2,0.2,1.8,215.3,1
49,70,4.5,1.8,0.3,0,0,0.3,1.8,0.2,1.6,193.7,1
49,75,22,9,0.9,0,0,0.4,9,0,7.6,988.7,1
49,76,2,0.8,0.2,0.1,0,0.1,0.8,0.3,0.7,75.6,1
49,82,2,0.8,0.2,0.1,0,0.1,0.8,0.3,0.7,75.6,1
49,83,2,0.8,0.2,0.1,0,0.1,0.8,0.3,0.7,75.6,1
49,86,2,0.9,0.2,0.1,0,0.1,0.9,0.2,0.6,95.5,1
49,91,1,0.4,0.2,0,0,0,0.4,0.1,0.3,49.1,1
49,92,1,0.4,0.2,0,0,0,0.4,0.1,0.3,49.1,1
49,104,6,2.2,0.8,0.6,0,0,2.2,0.4,1.7,210.1,1
49,107,5,2,0.5,0.1,0,0.1,2,0.4,1.6,204.3,1
49,108,4,1.6,0.4,0,0,0,1.6,0.3,1.3,163.4,1
49,114,2,0.8,0.2,0,0,0,0.8,0.1,0.6,81.7,1
49,119,4,1.5,0.3,0.1,0,0.1,1.5,0.2,1.2,157.2,1
49,120,5,1.9,0.4,0.1,0,0.1,1.9,0.3,1.5,196.5,1
49,121,1,0.3,0.1,0.1,0,0,0.3,0.1,0.2,35.4,1
49,122,4,1.3,0.3,0.3,0,0.1,1.3,0.3,1,141.4,1
49,123,2,0.7,0.1,0.1,0,0,0.7,0.1,0.5,70.7,1
49,125,2,0.7,0.1,0.1,0,0,0.7,0.1,0.5,70.7,1
49,126,3,1.3,0.3,0.2,0,0,1.3,0.2,0.9,130.5,1
49,127,5,2.1,0.5,0.3,0,0,2.1,0.3,1.5,217.5,1
50,0,6,2.7,0.7,0,0,0,2.7,0.2,1.8,269.5,1
50,1,2,1.1,0.3,0,0,0.2,1.1,0.4,0.9,149.7,1
50,4,3,1.6,0.4,0,0,0.3,1.6,0.5,1.3,224.5,1
50,7,2,0.7,0,0,0,0,0.7,0,0.4,72.5,1
50,8,1,0.3,0,0,0,0,0.3,0,0.2,36.2,1
50,17,1,0.4,0.1,0.1,0,0,0.4,0,0.3,41.3,1
50,18,1,0.4,0.1,0.1,0,0,0.4,0,0.3,41.3,1
50,19,9,3.3,0.8,0.5,0.1,0.2,3.2,0.1,2.7,371.7,1
50,20,10,3.7,0.9,0.5,0.1,0.2,3.6,0.1,3,413,1
50,21,57,25,6,0,0,0,25,2,21,2631,0
50,22,52,34,22,0,27,5,7,11,7,2838,0
50,23,49,25,10,1,1,4,24,2,14,2215,0
50,24,135,70,33,2,26,6,44,10,23,5481,0
50,25,3,1.8,0.9,0,0,0.1,1.8,0.3,1.3,184.2,1
50,26,4.5,2.3,0.9,0.1,0,0.3,2.3,0.1,2.2,219.3,1
50,31,2,0.8,0,0,0,0.1,0.8,0,0.6,82.2,1
50,34,8,3,0,0,0,0.4,3,0.2,2.5,328.8,1
50,36,2,0.8,0.2,0.1,0,0.1,0.8,0,0.6,76.9,1
50,43,6,2.2,0.6,0.4,0,0,2.2,0.1,1.9,241.4,1
50,46,20,7.7,1.4,0.5,0,0,7.7,0.9,6.8,821.4,1
50,47,45,16,1,0,0,1,16,0,15,1813,0
50,48,3,1.2,0.2,0.1,0,0,1.2,0.1,1,123.2,1
50,51,6,2.3,0.5,0.4,0,0.3,2.3,0.1,2,266,1
50,54,4,1.5,0.3,0.2,0,0.2,1.5,0.1,1.3,177.3,1
50,55,18,6.8,1.5,1.1,0,0.9,6.8,0.4,5.9,797.9,1
50,56,12,5.4,1.1,0.3,0,0.6,5.4,0,4.3,585.7,1
50,58,6,2.7,0.6,0.1,0,0.3,2.7,0,2.1,292.9,1
50,69,1,0.4,0.1,0,0,0.1,0.4,0,0.4,43.1,1
50,71,5,2,0.2,0,0,0.1,2,0,1.7,224.7,1
50,76,5,2.1,0.5,0.2,0.1,0.2,2,0.8,1.7,189.1,1
50,77,1,0.4,0.1,0,0,0,0.4,0.2,0.3,37.8,1
50,81,2,0.8,0.2,0.1,0,0.1,0.8,0.3,0.7,75.6,1
50,97,7,3,0.8,0.2,0,0.2,3,0.2,1.9,266.2,1
50,103,8,3,1,0.8,0,0,3,0.5,2.2,280.1,1
50,114,1,0.4,0.1,0,0,0,0.4,0.1,0.3,40.9,1
50,117,2,0.8,0.1,0,0,0,0.8,0.1,0.6,78.6,1
50,122,4,1.3,0.3,0.3,0,0.1,1.3,0.3,1,141.4,1
50,126,4,1.7,0.4,0.2,0,0,1.7,0.3,1.2,174,1
51,0,9,4.1,1.1,0,0,0,4.1,0.3,2.7,404.2,1
51,1,2,1.1,0.3,0,0,0.2,1.1,0.4,0.9,149.7,1
51,2,2,1.1,0.3,0,0,0.2,1.1,0.4,0.9,149.7,1
51,3,1,0.5,0.1,0,0,0.1,0.5,0.2,0.4,74.8,1
51,4,8.5,4.5,1.1,0,0,0.8,4.5,1.5,3.8,636.2,1
51,5,4,2.1,0.5,0,0,0.4,2.1,0.7,1.8,299.4,1
51,8,4,1.3,0.1,0.1,0,0.1,1.3,0,0.7,145,1
51,20,12,4.4,1.1,0.6,0.1,0.3,4.3,0.2,3.6,495.6,1
51,21,58,27,7,1,0,4,27,1,17,2292.7,0
51,22,69,30,11,2,0,4,30,5,13,2413,0
51,23,66.5,46,31,1,31,3,15,2,7,3116,0
51,24,107,57,20,0,25,10,32,10,19,4804,0
51,25,49.5,23,4,1,0,6,23,1,12,2122,0
51,26,37,18.7,7.1,0.9,0,2.7,18.7,0.9,17.8,1802.9,1
51,31,14,5.3,0,0,0,0.7,5.3,0.3,4.3,575.3,1
51,32,8,3,0,0,0,0.4,3,0.2,2.5,328.8,1
51,34,2,0.8,0,0,0,0.1,0.8,0,0.6,82.2,1
51,42,13,4.8,1.3,0.9,0,0,4.8,0.2,4.1,523,1
51,43,21,7.7,2.1,1.4,0,0,7.7,0.3,6.6,844.9,1
51,44,2,0.7,0.2,0.1,0,0,0.7,0,0.6,80.5,1
51,45,2,0.7,0.2,0.1,0,0,0.7,0,0.6,80.5,1
51,46,3,1.2,0.2,0.1,0,0,1.2,0.1,1,123.2,1
51,47,47,14,0,2,0,1,14,0,14,1825,0
51,48,32,11,1,1,0,0,11,0,11,1260,0
51,56,2,0.9,0.2,0,0,0.1,0.9,0,0.7,97.6,1
51,58,5,2.3,0.5,0.1,0,0.2,2.3,0,1.8,244,1
51,68,16,6.3,1.1,0,0,1.1,6.3,0.7,5.6,688.9,1
51,69,19,7.5,1.3,0,0,1.3,7.5,0.8,6.7,818,1
51,77,3,1.2,0.3,0.1,0,0.1,1.2,0.5,1,113.4,1
51,78,2,0.8,0.2,0.1,0,0.1,0.8,0.3,0.7,75.6,1
51,79,2,0.8,0.2,0.1,0,0.1,0.8,0.3,0.7,75.6,1
51,80,7,2.9,0.7,0.3,0.1,0.3,2.8,1.1,2.4,264.7,1
51,81,1,0.4,0.1,0,0,0,0.4,0.2,0.3,37.8,1
51,85,2,0.8,0.2,0.1,0,0.1,0.8,0.3,0.7,75.6,1
51,86,1,0.5,0.1,0,0,0,0.5,0.1,0.3,47.7,1
51,88,3,1.4,0.3,0.1,0,0.1,1.4,0.2,0.9,143.2,1
51,95,2,0.9,0.3,0,0,0.1,0.9,0.2,0.6,98.1,1
51,102,1,0.4,0.1,0.1,0,0,0.4,0.1,0.3,35,1
51,110,6,2.4,0.7,0.1,0,0.1,2.4,0.4,1.9,245.1,1
51,111,8,3.2,0.9,0.1,0,0.1,3.2,0.6,2.5,326.8,1
51,112,3,1.2,0.3,0,0,0,1.2,0.2,1,122.6,1
51,113,4,1.6,0.4,0,0,0,1.6,0.3,1.3,163.4,1
51,118,3,1.1,0.2,0.1,0,0.1,1.1,0.2,0.9,117.9,1
51,119,1,0.4,0.1,0,0,0,0.4,0.1,0.3,39.3,1
51,121,10,3.3,0.7,0.7,0,0.2,3.3,0.7,2.4,353.6,1
51,123,11,3.7,0.8,0.8,0,0.3,3.7,0.8,2.6,388.9,1
51,125,8,2.7,0.6,0.6,0,0.2,2.7,0.6,1.9,282.9,1
51,126,7,3,0.7,0.4,0,0,3,0.5,2.1,304.6,1
52,2,4,1.4,0.4,0.3,0,0,1.4,0.3,1,146.2,1
52,3,8,2.9,0.8,0.5,0,0,2.9,0.5,2.1,292.3,1
52,4,1,0.4,0.1,0.1,0,0,0.4,0.1,0.3,36.5,1
52,5,7,2.5,0.7,0.5,0,0,2.5,0.5,1.8,255.8,1
52,6,3,1.1,0.4,0.2,0,0,1.1,0.2,0.9,142.1,1
52,8,4,1.5,0.6,0.3,0,0,1.5,0.3,1.2,189.4,1
52,12,1,0.4,0.1,0,0,0,0.4,0.1,0.4,42.7,1
52,21,5,2.1,0.7,0.2,0,0.1,2.1,0.2,1.7,245.6,1
52,22,107,49,15,1,26,18,23,13,14,4061,0
52,23,65.5,29,10,2,3,7,26,3,15,2520,0
52,24,81,39,14,0,2,8,37,7,19,3270,0
52,25,58.5,30,9,0,1,2,29,1,21,2730,0
52,26,47,21,4,0,0,1,21,0,20,2266,0
52,31,2,1,0.3,0.1,0,0.1,1,0,0.6,110.2,1
52,33,1,0.5,0.1,0,0,0,0.5,0,0.3,55.1,1
52,37,2,0.7,0.1,0,0,0,0.7,0,0.6,77.1,1
52,40,2,0.7,0.1,0,0,0,0.7,0,0.6,77.1,1
52,42,14.5,5.2,0.9,0.5,0,0.5,5.2,0.4,4.9,577,1
52,43,14,5.1,0.9,0.5,0,0.5,5.1,0.4,4.7,557.1,1
52,44,1,0.4,0.1,0,0,0,0.4,0,0.3,39.8,1
52,45,4,1.4,0.3,0.1,0,0.1,1.4,0.1,1.3,159.2,1
52,47,16,5.5,1,0.3,0,0.1,5.5,0.1,4.8,611.3,1
52,48,10,3.4,0.6,0.2,0,0.1,3.4,0.1,3,382.1,1
52,49,17,5.9,1,0.3,0,0.1,5.9,0.1,5.1,649.5,1
52,50,4,1.4,0.2,0.1,0,0,1.4,0,1.2,152.8,1
52,51,11,4.2,1,0.3,0,0.1,4.2,0.3,3.9,466.9,1
52,52,20,7.6,1.8,0.5,0,0.2,7.6,0.5,7.1,848.8,1
52,53,2,0.8,0.2,0.1,0,0,0.8,0.1,0.7,84.9,1
52,54,7,2.7,0.6,0.2,0,0.1,2.7,0.2,2.5,297.1,1
52,55,2,0.8,0.2,0.1,0,0,0.8,0.1,0.7,84.9,1
52,58,7,2.4,0.3,0,0,0.2,2.4,0.2,1.9,288.8,1
52,63,3,1,0.1,0.2,0,0.1,1,0.1,0.8,114.3,1
52,64,5,1.6,0.1,0.3,0,0.1,1.6,0.1,1.4,190.5,1
52,65,15,4.8,0.4,0.8,0,0.4,4.8,0.4,4.2,571.6,1
52,67,4,1.5,0.2,0.1,0,0.2,1.5,0.1,1.2,166.2,1
52,68,14,5.2,0.6,0.2,0,0.6,5.2,0.2,4.1,581.8,1
52,69,23,8.6,0.9,0.3,0,0.9,8.6,0.3,6.7,955.9,1
52,70,5,1.9,0.2,0.1,0,0.2,1.9,0.1,1.5,207.8,1
52,86,2,0.8,0.1,0.1,0,0,0.8,0.1,0.7,91,1
52,90,4,1.5,0.3,0.1,0,0.1,1.5,0.2,1.3,181.9,1
52,99,1,0.4,0.1,0,0,0,0.4,0.1,0.4,37.5,1
52,100,4,1.5,0.5,0.1,0,0,1.5,0.3,1.5,150,1
52,101,19,7.4,0.8,0.3,0,1.5,7.4,1.5,4.4,835.5,1
52,105,2,0.8,0.1,0,0,0.2,0.8,0.2,0.5,87.9,1
52,107,2,0.8,0.1,0.1,0,0.1,0.8,0.2,0.6,74.1,1
52,109,2,0.8,0.1,0.1,0,0.1,0.8,0.2,0.6,74.1,1
52,114,3,1.1,0.2,0.2,0,0.2,1.1,0.4,0.9,111.1,1
52,115,2,0.8,0.1,0.1,0,0.1,0.8,0.2,0.6,74.1,1
52,116,7,2.9,0.8,0.1,0,0.3,2.9,0.6,2.3,253.6,1
52,120,5,2.1,0.6,0.1,0,0.2,2.1,0.4,1.7,181.2,1
52,121,23,9.7,2.6,0,0,1,9.7,2,7.7,975.7,1
52,122,7,3,0.8,0,0,0.3,3,0.6,2.3,297,1
52,125,1,0.4,0.1,0,0,0,0.4,0.1,0.3,42.4,1
52,126,4,1.8,0.5,0,0,0.2,1.8,0,1.7,177,1
52,127,6,2.8,0.8,0,0,0.2,2.8,0,2.5,265.5,1
53,10,1,0.4,0.1,0.1,0,0,0.4,0.1,0.3,47.4,1
53,21,14,5.8,1.9,0.5,0,0.2,5.8,0.5,4.9,687.6,1
53,22,50.5,27,14,1,5,2,22,5,17,2178,0
53,23,78.5,43,16,0,19,6,24,6,16,3529,0
53,24,92.5,36,5,2,0,6,36,1,25,3434,0
53,25,86,36,10,3,0,6,36,2,17,3358,0
53,26,29,14,4,0,0,0,14,1,14,1528,0
53,31,1,0.5,0.1,0,0,0,0.5,0,0.3,55.1,1
53,33,2,1,0.3,0.1,0,0.1,1,0,0.6,110.2,1
53,35,1,0.5,0.1,0,0,0,0.5,0,0.3,55.1,1
53,36,3,1.1,0.1,0,0,0,1.1,0,0.9,115.6,1
53,37,7,2.6,0.3,0,0,0.1,2.6,0.1,2.2,269.7,1
53,41,4,1.4,0.3,0.1,0,0.1,1.4,0.1,1.3,159.2,1
53,45,3,1.1,0.2,0.1,0,0.1,1.1,0.1,1,119.4,1
53,49,4,1.4,0.2,0.1,0,0,1.4,0,1.2,152.8,1
53,50,16,5.5,1,0.3,0,0.1,5.5,0.1,4.8,611.3,1
53,51,10,3.8,0.9,0.3,0,0.1,3.8,0.3,3.5,424.4,1
53,52,20,7.6,1.8,0.5,0,0.2,7.6,0.5,7.1,848.8,1
53,53,5,1.9,0.4,0.1,0,0,1.9,0.1,1.8,212.2,1
53,54,2,0.8,0.2,0.1,0,0,0.8,0.1,0.7,84.9,1
53,55,4,1.5,0.4,0.1,0,0,1.5,0.1,1.4,169.8,1
53,56,7,2.4,0.3,0,0,0.2,2.4,0.2,1.9,288.8,1
53,62,8,2.6,0.2,0.4,0,0.2,2.6,0.2,2.3,304.9,1
53,63,2,0.6,0.1,0.1,0,0.1,0.6,0.1,0.6,76.2,1
53,65,16,5.2,0.4,0.9,0,0.4,5.2,0.4,4.5,609.7,1
53,66,2,0.7,0.1,0,0,0.1,0.7,0,0.6,83.1,1
53,70,5,1.9,0.2,0.1,0,0.2,1.9,0.1,1.5,207.8,1
53,73,10,4,0.8,0.2,0,0.2,4,0.2,3.4,402.1,1
53,74,2,0.8,0.2,0,0,0,0.8,0,0.7,80.4,1
53,78,19.5,7.1,0.8,0.8,0,0.4,7.1,0.4,5.9,698.5,1
53,80,3,1.1,0.1,0.1,0,0.1,1.1,0.1,0.9,107.5,1
53,81,2,0.7,0.1,0.1,0,0,0.7,0,0.7,86,1
53,85,2,0.7,0.1,0.1,0,0,0.7,0,0.7,86,1
53,88,2,0.8,0.1,0.1,0,0,0.8,0.1,0.7,91,1
53,89,1,0.4,0.1,0,0,0,0.4,0.1,0.3,45.5,1
53,94,2,0.8,0.3,0.1,0,0,0.8,0.1,0.4,84.1,1
53,95,3,1.1,0.4,0.2,0,0,1.1,0.2,0.6,126.1,1
53,96,1,0.4,0.1,0,0,0,0.4,0.1,0.4,37.5,1
53,97,6,2.3,0.7,0.1,0,0,2.3,0.5,2.2,225,1
53,99,13,4.9,1.6,0.2,0,0,4.9,1,4.7,487.5,1
53,100,29,11,3.5,0.4,0,0,11,2.2,10.5,1087.5,1
53,101,26,10.2,1.1,0.4,0,2.1,10.2,2.1,6,1143.3,1
53,108,4,1.5,0.2,0.2,0,0.2,1.5,0.5,1.2,148.1,1
53,109,4,1.5,0.2,0.2,0,0.2,1.5,0.5,1.2,148.1,1
53,115,1,0.4,0.1,0.1,0,0.1,0.4,0.1,0.3,37,1
53,120,5,2.1,0.6,0.1,0,0.2,2.1,0.4,1.7,181.2,1
53,121,4,1.7,0.4,0,0,0.2,1.7,0.4,1.3,169.7,1
53,122,2,0.8,0.2,0,0,0.1,0.8,0.2,0.7,84.8,1
54,0,2,0.7,0.2,0.1,0,0,0.7,0.1,0.5,73.1,1
54,16,3,1.4,0.2,0,0,0.1,1.4,0.2,1.3,145.6,1
54,18,1,0.5,0.1,0,0,0,0.5,0.1,0.4,48.5,1
54,19,2,0.9,0.1,0,0,0.1,0.9,0.1,0.9,97.1,1
54,20,6,2.8,0.4,0,0,0.2,2.8,0.4,2.6,291.2,1
54,22,42.5,20,7,1,0,2,20,3,17,2188,0
54,23,70,37,19,2,0,3,37,5,4,2704,0
54,24,69,35,17,2,0,2,35,1,16,3086,0
54,25,29.5,13,4,0,0,3,13,0,11,1433,0
54,26,21,10.5,2.8,0,0,0.7,10.5,0.7,9.1,1085,1
54,27,3,1.5,0.4,0,0,0.1,1.5,0.1,1.3,155,1
54,32,5,2.4,0.7,0.2,0,0.2,2.4,0,1.5,275.4,1
54,35,7,3.3,0.9,0.3,0,0.3,3.3,0,2.1,385.6,1
54,37,1,0.4,0,0,0,0,0.4,0,0.3,38.5,1
54,38,2,0.7,0.1,0,0,0,0.7,0,0.6,77.1,1
54,39,16,5.8,0.7,0,0,0.2,5.8,0.2,5,616.5,1
54,48,1,0.3,0.1,0,0,0,0.3,0,0.3,38.2,1
54,49,36,11,2,1,0,0,11,0,11,1229,0
54,50,12,4.1,0.7,0.2,0,0.1,4.1,0.1,3.6,458.5,1
54,51,24,12,6,1,0,0,12,1,10,1285,0
54,52,36,13,1,2,0,0,13,1,9,1318,0
54,53,6,2.3,0.5,0.2,0,0.1,2.3,0.2,2.1,254.7,1
54,55,4,1.5,0.4,0.1,0,0,1.5,0.1,1.4,169.8,1
54,62,8.5,2.7,0.2,0.5,0,0.2,2.7,0.2,2.4,323.9,1
54,63,12,3.9,0.3,0.6,0,0.3,3.9,0.3,3.4,457.3,1
54,69,11,4.1,0.4,0.1,0,0.4,4.1,0.1,3.2,457.2,1
54,70,9,3.4,0.4,0.1,0,0.4,3.4,0.1,2.6,374,1
54,73,2,0.8,0.2,0,0,0,0.8,0,0.7,80.4,1
54,76,7,2.5,0.3,0.3,0,0.1,2.5,0.1,2.1,250.7,1
54,77,3,1.1,0.1,0.1,0,0.1,1.1,0.1,0.9,107.5,1
54,78,6,2.2,0.2,0.2,0,0.1,2.2,0.1,1.8,214.9,1
54,82,1,0.4,0,0,0,0,0.4,0,0.3,43,1
54,84,3,1.1,0.1,0.1,0,0.1,1.1,0.1,1,129,1
54,85,1,0.4,0,0,0,0,0.4,0,0.3,43,1
54,89,1,0.4,0.1,0,0,0,0.4,0.1,0.3,45.5,1
54,91,3,1.1,0.4,0.2,0,0,1.1,0.2,0.6,126.1,1
54,93,1,0.4,0.1,0.1,0,0,0.4,0.1,0.2,42,1
54,95,7,2.7,1,0.4,0,0,2.7,0.4,1.4,294.2,1
54,96,1,0.4,0.1,0,0,0,0.4,0.1,0.4,37.5,1
54,97,2,0.8,0.2,0,0,0,0.8,0.2,0.7,75,1
54,98,5,1.9,0.6,0.1,0,0,1.9,0.4,1.8,187.5,1
54,102,10,3.9,0.4,0.1,0,0.8,3.9,0.8,2.3,439.7,1
54,105,4,1.6,0.2,0.1,0,0.3,1.6,0.3,0.9,175.9,1
54,113,2,0.8,0.1,0.1,0,0.1,0.8,0.2,0.6,74.1,1
54,120,4,1.7,0.5,0.1,0,0.2,1.7,0.3,1.3,144.9,1
54,124,1,0.4,0.1,0,0,0,0.4,0.1,0.3,42.4,1
55,4,4,1.4,0.4,0.3,0,0,1.4,0.3,1,146.2,1
55,14,9,3.7,1.1,0,0,0,3.7,0.5,3.3,384.5,1
55,15,22,9.1,2.7,0,0,0,9.1,1.1,8,939.9,1
55,21,12,5,1.7,0.4,0,0.2,5,0.4,4.2,589.4,1
55,22,26,11,2,0,0,0,11,0,9,1137,0
55,23,3,1.3,0.4,0.1,0,0.1,1.3,0.1,1,147.3,1
55,24,11,4.6,1.5,0.4,0,0.2,4.6,0.4,3.8,540.2,1
55,26,4,2,0.5,0,0,0.1,2,0.1,1.7,206.7,1
55,28,2,1,0.3,0,0,0.1,1,0.1,0.9,103.3,1
55,37,4,1.5,0.2,0,0,0,1.5,0,1.2,154.1,1
55,39,12,4.4,0.5,0,0,0.1,4.4,0.1,3.7,462.4,1
55,40,31.5,11.5,1.4,0,0,0.3,11.5,0.3,9.7,1213.7,1
55,41,19,6.9,1.2,0.7,0,0.7,6.9,0.5,6.4,756,1
55,44,2,0.7,0.1,0.1,0,0.1,0.7,0.1,0.7,79.6,1
55,45,2,0.7,0.1,0.1,0,0.1,0.7,0.1,0.7,79.6,1
55,49,17,5.9,1,0.3,0,0.1,5.9,0.1,5.1,649.5,1
55,50,12,4.1,0.7,0.2,0,0.1,4.1,0.1,3.6,458.5,1
55,51,6,2.3,0.5,0.2,0,0.1,2.3,0.2,2.1,254.7,1
55,52,4,1.5,0.4,0.1,0,0,1.5,0.1,1.4,169.8,1
55,53,1,0.4,0.1,0,0,0,0.4,0,0.4,42.4,1
55,57,2,0.7,0.1,0,0,0,0.7,0,0.5,82.5,1
55,58,9,3.1,0.4,0,0,0.2,3.1,0.2,2.5,371.2,1
55,59,15,5.1,0.7,0,0,0.3,5.1,0.3,4.1,618.8,1
55,72,4,1.6,0.3,0.1,0,0.1,1.6,0.1,1.4,160.9,1
55,73,7,2.8,0.6,0.1,0,0.1,2.8,0.1,2.4,281.5,1
55,78,2,0.7,0.1,0.1,0,0,0.7,0,0.6,71.6,1
55,79,2,0.7,0.1,0.1,0,0,0.7,0,0.6,71.6,1
55,86,27,10.2,1.8,0.9,0,0.6,10.2,1.5,9,1227.9,1
55,87,10,3.8,0.7,0.3,0,0.2,3.8,0.6,3.3,454.8,1
55,88,1,0.4,0.1,0,0,0,0.4,0.1,0.3,45.5,1
55,96,3,1.1,0.4,0,0,0,1.1,0.2,1.1,112.5,1
55,99,1,0.4,0.1,0,0,0,0.4,0.1,0.4,37.5,1
55,101,4,1.6,0.2,0.1,0,0.3,1.6,0.3,0.9,175.9,1
55,102,2,0.8,0.1,0,0,0.2,0.8,0.2,0.5,87.9,1
55,105,2,0.8,0.1,0,0,0.2,0.8,0.2,0.5,87.9,1
55,110,5,1.9,0.3,0.3,0,0.3,1.9,0.6,1.5,185.1,1
55,120,2,0.8,0.2,0,0,0.1,0.8,0.2,0.7,72.5,1
55,124,6,2.5,0.7,0,0,0.3,2.5,0.5,2,254.5,1
56,2,2,0.7,0.2,0.1,0,0,0.7,0.1,0.5,73.1,1
56,3,1,0.4,0.1,0.1,0,0,0.4,0.1,0.3,36.5,1
56,12,4,1.7,0.5,0,0,0,1.7,0.2,1.4,170.9,1
56,15,22,9.1,2.7,0,0,0,9.1,1.1,8,939.9,1
56,16,22,10.4,1.3,0,0,0.6,10.4,1.3,9.7,1067.6,1
56,17,28,12,3,0,0,1,12,0,8,1197.5,0
56,18,29,11,2,2,0,1,11,1,9,1210,0
56,22,8.5,3.5,1.2,0.3,0,0.1,3.5,0.3,3,417.5,1
56,23,4,1.7,0.6,0.1,0,0.1,1.7,0.1,1.4,196.5,1
56,32,2,1,0.3,0.1,0,0.1,1,0,0.6,110.2,1
56,35,2,1,0.3,0.1,0,0.1,1,0,0.6,110.2,1
56,37,5,1.8,0.2,0,0,0.1,1.8,0.1,1.5,192.7,1
56,40,5,1.8,0.2,0,0,0.1,1.8,0.1,1.5,192.7,1
56,41,3,1.1,0.2,0.1,0,0.1,1.1,0.1,1,119.4,1
56,42,2,0.7,0.1,0.1,0,0.1,0.7,0.1,0.7,79.6,1
56,43,2,0.7,0.1,0.1,0,0.1,0.7,0.1,0.7,79.6,1
56,44,26,9.4,1.6,0.9,0,0.9,9.4,0.7,8.7,1034.6,1
56,45,14,5.1,0.9,0.5,0,0.5,5.1,0.4,4.7,557.1,1
56,46,2,0.7,0.1,0,0,0,0.7,0,0.6,76.4,1
56,48,5,1.7,0.3,0.1,0,0,1.7,0,1.5,191,1
56,51,5,1.9,0.4,0.1,0,0,1.9,0.1,1.8,212.2,1
56,55,4,1.5,0.4,0.1,0,0,1.5,0.1,1.4,169.8,1
56,59,4,1.4,0.2,0,0,0.1,1.4,0.1,1.1,165,1
56,62,4,1.3,0.1,0.2,0,0.1,1.3,0.1,1.1,152.4,1
56,65,1,0.3,0,0.1,0,0,0.3,0,0.3,38.1,1
56,68,2,0.7,0.1,0,0,0.1,0.7,0,0.6,83.1,1
56,72,2,0.8,0.2,0,0,0,0.8,0,0.7,80.4,1
56,79,3,1.1,0.1,0.1,0,0.1,1.1,0.1,0.9,107.5,1
56,80,4,1.5,0.2,0.2,0,0.1,1.5,0.1,1.2,143.3,1
56,83,6,2.2,0.3,0.3,0,0.1,2.2,0.1,2.1,258.1,1
56,85,5,1.8,0.2,0.2,0,0.1,1.8,0.1,1.7,215.1,1
56,86,23,8.7,1.5,0.8,0,0.5,8.7,1.3,7.7,1046,1
56,87,17,6.4,1.1,0.6,0,0.4,6.4,0.9,5.7,773.1,1
56,89,2,0.8,0.1,0.1,0,0,0.8,0.1,0.7,91,1
56,95,1,0.4,0.1,0.1,0,0,0.4,0.1,0.2,42,1
56,101,3,1.2,0.1,0,0,0.2,1.2,0.2,0.7,131.9,1
56,104,2,0.8,0.1,0,0,0.2,0.8,0.2,0.5,87.9,1
56,106,5,1.9,0.3,0.3,0,0.3,1.9,0.6,1.5,185.1,1
56,112,4,1.5,0.2,0.2,0,0.2,1.5,0.5,1.2,148.1,1
56,119,8,3.4,0.9,0.1,0,0.3,3.4,0.7,2.7,289.9,1
56,122,1,0.4,0.1,0,0,0,0.4,0.1,0.3,42.4,1
56,126,2,0.9,0.2,0,0,0.1,0.9,0,0.8,88.5,1
57,1,30,9,1,1.4,0,0,9,1,7.6,844.3,1
57,2,11,3.3,0.3,0.5,0,0,3.3,0.3,2.8,309.6,1
57,8,1,0.4,0.1,0.1,0,0,0.4,0,0.3,51.2,1
57,17,8,2.5,0.3,0.6,0,0.2,2.5,0.2,2,273.8,1
57,18,25,7.7,0.9,1.9,0,0.5,7.7,0.5,6.1,855.6,1
57,19,34,10.5,1.2,2.6,0,0.7,10.5,0.7,8.4,1163.6,1
57,20,14,4.3,0.5,1.1,0,0.3,4.3,0.3,3.4,479.1,1
57,21,3,1.2,0.2,0,0,0.1,1.2,0.1,0.9,111.9,1
57,22,2,0.8,0.2,0,0,0.1,0.8,0.1,0.6,74.6,1
57,25,6,2.4,0.5,0.1,0,0.2,2.4,0.2,1.8,223.8,1
57,26,18,7,1.3,0.8,0,0.3,7,0.5,6.2,758.3,1
57,27,14.5,5.6,1,0.6,0,0.2,5.6,0.4,5,610.9,1
57,30,2,0.8,0.1,0.1,0,0,0.8,0.1,0.7,84.3,1
57,31,7,2.4,0,0.3,0,0.3,2.4,0.1,1.8,259.4,1
57,32,11,3.7,0,0.4,0,0.4,3.7,0.2,2.9,407.7,1
57,35,2,0.7,0,0.1,0,0.1,0.7,0,0.5,74.1,1
57,44,4,1.7,0.6,0.1,0,0.2,1.7,0.4,1.7,171.8,1
57,45,10,4.1,1.5,0.2,0,0.5,4.1,1,4.1,429.5,1
57,48,2,0.8,0.2,0,0,0.1,0.8,0.1,0.7,86,1
57,49,2,0.8,0.2,0,0,0.1,0.8,0.1,0.7,86,1
57,56,6,2.5,0.5,0.1,0,0,2.5,0.1,1.8,313.9,1
57,57,3,1.2,0.3,0.1,0,0,1.2,0.1,0.9,157,1
57,58,6,2.5,0.5,0.1,0,0,2.5,0.1,1.8,313.9,1
57,61,5,1.8,0.5,0.2,0,0,1.8,0.2,1.6,195.1,1
57,62,6,2.2,0.6,0.2,0,0,2.2,0.3,1.9,234.1,1
57,63,5,1.8,0.5,0.2,0,0,1.8,0.2,1.6,195.1,1
57,65,4,1.5,0.4,0.2,0,0,1.5,0.2,1.2,156.1,1
57,67,3,1.2,0.2,0.1,0,0.1,1.2,0.1,1,120.6,1
57,68,2,0.8,0.2,0,0,0,0.8,0,0.7,80.4,1
57,71,3,1.1,0.2,0.2,0,0.1,1.1,0.1,1,127.6,1
57,75,6,2.2,0.4,0.4,0,0.2,2.2,0.2,2.1,255.3,1
57,77,4,1.5,0.2,0.2,0,0.1,1.5,0.1,1.4,172,1
57,81,1,0.4,0.1,0.1,0,0,0.4,0.1,0.1,29.1,1
57,82,17,6,1.4,0.9,0,0.5,6,0.9,1.4,494.4,1
57,85,6,2.1,0.5,0.3,0,0.2,2.1,0.3,0.5,174.5,1
57,86,24,11,2,0,0,0,11,2,8,1061,0
57,88,1,0.4,0.1,0,0,0.1,0.4,0.1,0.3,55.1,1
57,92,3,1.1,0.4,0.2,0,0,1.1,0.2,0.6,126.1,1
57,97,10,3.8,1.4,0.7,0.3,0.5,3.5,0.3,2.6,377.6,1
57,101,4,1.6,0.4,0.1,0,0.1,1.6,0.2,1.1,149.7,1
57,105,1,0.4,0.1,0,0,0,0.4,0,0.3,37.4,1
57,106,7,3.1,1.4,0.3,0,0.5,3.1,0.7,2.7,329.3,1
57,107,1,0.4,0.2,0,0,0.1,0.4,0.1,0.4,47,1
57,108,1,0.4,0.2,0,0,0.1,0.4,0.1,0.4,47,1
57,109,12,5.3,2.3,0.6,0,0.9,5.3,1.2,4.7,564.6,1
57,111,6,2.3,0.6,0.1,0,0,2.3,0.1,1.4,293.9,1
57,113,3,1.2,0.3,0.1,0,0,1.2,0.1,0.7,147,1
57,114,9,3.5,0.8,0.2,0,0,3.5,0.2,2.1,440.9,1
57,115,4,1.5,0.4,0.1,0,0,1.5,0.1,1,196,1
57,118,2,0.8,0.2,0,0,0.1,0.8,0.2,0.7,72.5,1
57,121,1,0.4,0.1,0,0,0,0.4,0.1,0.3,36.2,1
57,123,2,0.8,0.2,0,0,0.1,0.8,0.2,0.7,72.5,1
57,126,4,2,0.8,0,0,0,2,0.2,1.6,170.6,1
57,127,1,0.5,0.2,0,0,0,0.5,0,0.4,42.7,1
58,4,1,0.3,0,0,0,0,0.3,0,0.3,28.1,1
58,8,7,2.8,0.6,0.4,0,0,2.8,0.2,2.4,358.6,1
58,9,2,0.8,0.2,0.1,0,0,0.8,0.1,0.7,102.5,1
58,11,4,1.5,0.6,0.3,0,0,1.5,0.3,1.2,189.4,1
58,13,4,1.5,0.6,0.3,0,0,1.5,0.3,1.2,189.4,1
58,18,5,1.5,0.2,0.4,0,0.1,1.5,0.1,1.2,171.1,1
58,19,6,1.9,0.2,0.5,0,0.1,1.9,0.1,1.5,205.3,1
58,20,2,0.6,0.1,0.2,0,0,0.6,0,0.5,68.4,1
58,22,5,2,0.4,0.1,0,0.2,2,0.2,1.5,186.5,1
58,25,2,0.8,0.2,0,0,0.1,0.8,0.1,0.6,74.6,1
58,26,8,3.1,0.6,0.3,0,0.1,3.1,0.2,2.8,337,1
58,27,13,5.1,0.9,0.6,0,0.2,5.1,0.4,4.5,547.7,1
58,28,4,1.6,0.3,0.2,0,0.1,1.6,0.1,1.4,168.5,1
58,29,1,0.4,0.1,0,0,0,0.4,0,0.3,42.1,1
58,36,8,3.5,1.2,0.2,0,0.2,3.5,0.2,2.8,429,1
58,44,5,2.1,0.7,0.1,0,0.2,2.1,0.5,2.1,214.8,1
58,45,2,0.8,0.3,0,0,0.1,0.8,0.2,0.8,85.9,1
58,49,5,2,0.5,0.1,0,0.2,2,0.2,1.6,214.9,1
58,54,11,4.4,1,0.2,0,0.4,4.4,0.4,3.6,472.8,1
58,55,11,4.4,1,0.2,0,0.4,4.4,0.4,3.6,472.8,1
58,58,4,1.6,0.4,0.1,0,0,1.6,0.1,1.2,209.3,1
58,60,15,6.1,1.4,0.3,0,0,6.1,0.3,4.4,784.8,1
58,61,30,11,3.1,1.2,0,0.2,11,1.4,9.4,1170.5,1
58,62,36,15,5,1,0,2,15,3,11,1426,0
58,63,31,11.4,3.2,1.2,0,0.2,11.4,1.5,9.7,1209.5,1
58,64,4,1.5,0.4,0.2,0,0,1.5,0.2,1.2,156.1,1
58,68,8,3.2,0.6,0.2,0,0.2,3.2,0.2,2.7,321.7,1
58,71,2,0.7,0.1,0.1,0,0.1,0.7,0.1,0.7,85.1,1
58,72,15,5.6,1,1,0,0.5,5.6,0.5,5.2,638.2,1
58,73,10,3.7,0.7,0.7,0,0.3,3.7,0.3,3.5,425.5,1
58,88,2,0.8,0.2,0,0,0.2,0.8,0.2,0.6,110.3,1
58,93,10,3.8,1.4,0.6,0,0,3.8,0.6,2.1,420.3,1
58,95,15,5.7,2.1,1,0,0,5.7,1,3.1,630.5,1
58,102,1,0.4,0.1,0,0,0,0.4,0,0.3,37.4,1
58,104,3,1.2,0.3,0.1,0,0.1,1.2,0.1,0.9,112.3,1
58,106,1,0.4,0.2,0,0,0.1,0.4,0.1,0.4,47,1
58,107,6,2.6,1.2,0.3,0,0.4,2.6,0.6,2.3,282.3,1
58,111,2,0.8,0.2,0,0,0,0.8,0,0.5,98,1
58,113,1,0.4,0.1,0,0,0,0.4,0,0.2,49,1
58,114,7,2.7,0.6,0.1,0,0,2.7,0.1,1.7,342.9,1
58,115,2,0.8,0.2,0,0,0,0.8,0,0.5,98,1
58,123,1,0.4,0.1,0,0,0,0.4,0.1,0.3,36.2,1
58,127,3,1.5,0.6,0,0,0,1.5,0.1,1.2,128,1
59,0,4,1.3,0.2,0.1,0,0.1,1.3,0.2,1,143.1,1
59,1,4,1.2,0.1,0.2,0,0,1.2,0.1,1,112.6,1
59,8,2,0.8,0.2,0.1,0,0,0.8,0.1,0.7,102.5,1
59,9,7,2.8,0.6,0.4,0,0,2.8,0.2,2.4,358.6,1
59,13,12,4.6,1.7,0.9,0,0,4.6,0.9,3.7,568.3,1
59,14,6,2.3,0.9,0.4,0,0,2.3,0.4,1.9,284.1,1
59,17,2,0.6,0.1,0.2,0,0,0.6,0,0.5,68.4,1
59,21,4,1.6,0.3,0.1,0,0.1,1.6,0.1,1.2,149.2,1
59,24,4,1.6,0.3,0.1,0,0.1,1.6,0.1,1.2,149.2,1
59,26,3,1.2,0.2,0.1,0,0,1.2,0.1,1,126.4,1
59,31,4,1.4,0,0.2,0,0.2,1.4,0.1,1,148.2,1
59,34,3,1,0,0.1,0,0.1,1,0.1,0.8,111.2,1
59,37,2,0.9,0.3,0.1,0,0.1,0.9,0.1,0.7,107.2,1
59,38,1,0.4,0.2,0,0,0,0.4,0,0.3,53.6,1
59,40,1,0.4,0.2,0,0,0,0.4,0,0.3,53.6,1
59,43,1,0.4,0.1,0,0,0,0.4,0.1,0.4,43,1
59,44,8,3.3,1.2,0.2,0,0.4,3.3,0.8,3.3,343.6,1
59,45,9,3.7,1.3,0.2,0,0.4,3.7,0.9,3.7,386.6,1
59,46,1,0.4,0.1,0,0,0,0.4,0,0.3,43,1
59,49,2,0.8,0.2,0,0,0.1,0.8,0.1,0.7,86,1
59,62,6,2.2,0.6,0.2,0,0,2.2,0.3,1.9,234.1,1
59,68,7,2.8,0.6,0.1,0,0.1,2.8,0.1,2.4,281.5,1
59,71,1,0.4,0.1,0.1,0,0,0.4,0,0.3,42.5,1
59,72,15,5.6,1,1,0,0.5,5.6,0.5,5.2,638.2,1
59,73,9,3.3,0.6,0.6,0,0.3,3.3,0.3,3.1,382.9,1
59,74,5,1.9,0.3,0.3,0,0.2,1.9,0.2,1.7,212.7,1
59,84,4,1.4,0.3,0.2,0,0.1,1.4,0.2,0.3,116.3,1
59,85,5,1.8,0.4,0.3,0,0.1,1.8,0.3,0.4,145.4,1
59,88,2,0.8,0.2,0,0,0.2,0.8,0.2,0.6,110.3,1
59,90,7,2.9,0.7,0,0,0.7,2.9,0.7,1.9,386,1
59,91,1,0.4,0.1,0.1,0,0,0.4,0.1,0.2,42,1
59,93,3,1.1,0.4,0.2,0,0,1.1,0.2,0.6,126.1,1
59,94,4,1.5,0.6,0.3,0,0,1.5,0.3,0.8,168.1,1
59,96,2,0.8,0.3,0.1,0.1,0.1,0.7,0.1,0.5,75.5,1
59,98,3,1.1,0.4,0.2,0.1,0.2,1,0.1,0.8,113.3,1
59,101,6,2.4,0.6,0.1,0,0.2,2.4,0.3,1.7,224.6,1
59,102,4,1.6,0.4,0.1,0,0.1,1.6,0.2,1.1,149.7,1
59,103,16,6.4,1.7,0.3,0,0.5,6.4,0.7,4.6,598.9,1
59,104,19,7.6,2,0.4,0,0.6,7.6,0.8,5.4,711.1,1
59,105,9,3.6,1,0.2,0,0.3,3.6,0.4,2.6,336.9,1
59,109,6,2.6,1.2,0.3,0,0.4,2.6,0.6,2.3,282.3,1
59,116,6,2.5,0.7,0.1,0,0.3,2.5,0.5,2,217.4,1
59,126,2,1,0.4,0,0,0,1,0.1,0.8,85.3,1
59,127,4,2,0.8,0,0,0,2,0.2,1.6,170.6,1
60,1,3,0.9,0.1,0.1,0,0,0.9,0.1,0.8,84.4,1
60,5,10,3,0.3,0.5,0,0,3,0.3,2.5,281.4,1
60,8,4,1.6,0.3,0.2,0,0,1.6,0.1,1.4,204.9,1
60,9,4,1.6,0.3,0.2,0,0,1.6,0.1,1.4,204.9,1
60,14,1,0.4,0.1,0.1,0,0,0.4,0.1,0.3,47.4,1
60,16,5,1.5,0.2,0.4,0,0.1,1.5,0.1,1.2,171.1,1
60,20,5,1.5,0.2,0.4,0,0.1,1.5,0.1,1.2,171.1,1
60,21,7,2.8,0.6,0.1,0,0.2,2.8,0.2,2.1,261.1,1
60,24,9,3.5,0.7,0.1,0,0.3,3.5,0.3,2.7,335.7,1
60,25,4,1.6,0.3,0.1,0,0.1,1.6,0.1,1.2,149.2,1
60,31,10,3.4,0,0.4,0,0.4,3.4,0.2,2.6,370.6,1
60,36,5,2.2,0.8,0.2,0,0.2,2.2,0.2,1.7,268.1,1
60,37,4,1.8,0.6,0.1,0,0.1,1.8,0.1,1.4,214.5,1
60,38,2,0.9,0.3,0.1,0,0.1,0.9,0.1,0.7,107.2,1
60,44,1,0.4,0.1,0,0,0,0.4,0.1,0.4,43,1
60,45,1,0.4,0.1,0,0,0,0.4,0.1,0.4,43,1
60,49,5,2,0.5,0.1,0,0.2,2,0.2,1.6,214.9,1
60,50,1,0.4,0.1,0,0,0,0.4,0,0.3,43,1
60,52,4,1.6,0.4,0.1,0,0.1,1.6,0.1,1.3,171.9,1
60,56,5,2,0.5,0.1,0,0,2,0.1,1.5,261.6,1
60,61,3,1.1,0.3,0.1,0,0,1.1,0.1,0.9,117,1
60,62,19,7,2,0.8,0,0.2,7,0.9,5.9,741.3,1
60,63,6,2.2,0.6,0.2,0,0,2.2,0.3,1.9,234.1,1
60,71,3,1.1,0.2,0.2,0,0.1,1.1,0.1,1,127.6,1
60,75,2,0.7,0.1,0.1,0,0.1,0.7,0.1,0.7,85.1,1
60,76,5,1.8,0.2,0.2,0,0.1,1.8,0.1,1.7,215.1,1
60,77,2,0.7,0.1,0.1,0,0,0.7,0,0.7,86,1
60,80,2,0.7,0.1,0.1,0,0,0.7,0,0.7,86,1
60,87,5,2.1,0.5,0,0,0.5,2.1,0.5,1.4,275.7,1
60,88,8,3.3,0.8,0,0,0.8,3.3,0.8,2.2,441.1,1
60,91,3,1.1,0.4,0.2,0,0,1.1,0.2,0.6,126.1,1
60,94,2,0.8,0.3,0.1,0,0,0.8,0.1,0.4,84.1,1
60,95,5,1.9,0.7,0.3,0,0,1.9,0.3,1,210.2,1
60,97,20,7.6,2.8,1.4,0.7,1,6.9,0.7,5.2,755.2,1
60,101,13.5,5.4,1.4,0.3,0,0.4,5.4,0.6,3.9,505.3,1
60,102,9,3.6,1,0.2,0,0.3,3.6,0.4,2.6,336.9,1
60,109,3,1.3,0.6,0.1,0,0.2,1.3,0.3,1.2,141.1,1
60,111,10,3.9,0.9,0.2,0,0,3.9,0.2,2.4,489.9,1
60,114,7.5,2.9,0.7,0.1,0,0,2.9,0.1,1.8,367.4,1
60,117,1,0.4,0.1,0,0,0,0.4,0.1,0.3,36.2,1
60,122,2,0.8,0.2,0,0,0.1,0.8,0.2,0.7,72.5,1
60,123,1,0.4,0.1,0,0,0,0.4,0.1,0.3,36.2,1
60,125,4,1.7,0.5,0.1,0,0.2,1.7,0.3,1.3,144.9,1
61,5,4,1.2,0.1,0.2,0,0,1.2,0.1,1,112.6,1
61,6,2,0.8,0.2,0.1,0,0,0.8,0.1,0.7,102.5,1
61,8,6,2.4,0.5,0.3,0,0,2.4,0.2,2.1,307.4,1
61,9,33,11,3,1,0,1,11,1,9,1312,0
61,11,1,0.4,0.1,0.1,0,0,0.4,0.1,0.3,47.4,1
61,13,6,2.3,0.9,0.4,0,0,2.3,0.4,1.9,284.1,1
61,16,25,7.7,0.9,1.9,0,0.5,7.7,0.5,6.1,855.6,1
61,17,3.5,1.1,0.1,0.3,0,0.1,1.1,0.1,0.9,119.8,1
61,19,4,1.2,0.1,0.3,0,0.1,1.2,0.1,1,136.9,1
61,20,4,1.2,0.1,0.3,0,0.1,1.2,0.1,1,136.9,1
61,22,1,0.4,0.1,0,0,0,0.4,0,0.3,37.3,1
61,24,2,0.8,0.2,0,0,0.1,0.8,0.1,0.6,74.6,1
61,25,12,4.7,1,0.2,0,0.4,4.7,0.4,3.5,447.5,1
61,27,6,2.3,0.4,0.3,0,0.1,2.3,0.2,2.1,252.8,1
61,31,8,2.7,0,0.3,0,0.3,2.7,0.2,2.1,296.5,1
61,33,3,1,0,0.1,0,0.1,1,0.1,0.8,111.2,1
61,34,2,0.7,0,0.1,0,0.1,0.7,0,0.5,74.1,1
61,36,2,0.9,0.3,0.1,0,0.1,0.9,0.1,0.7,107.2,1
61,37,4,1.8,0.6,0.1,0,0.1,1.8,0.1,1.4,214.5,1
61,39,3,1.3,0.5,0.1,0,0.1,1.3,0.1,1,160.9,1
61,55,11,4.4,1,0.2,0,0.4,4.4,0.4,3.6,472.8,1
61,57,2,0.8,0.2,0,0,0,0.8,0,0.6,104.6,1
61,59,3,1.2,0.3,0.1,0,0,1.2,0.1,0.9,157,1
61,62,6,2.2,0.6,0.2,0,0,2.2,0.3,1.9,234.1,1
61,67,3,1.2,0.2,0.1,0,0.1,1.2,0.1,1,120.6,1
61,71,4,1.5,0.3,0.3,0,0.1,1.5,0.1,1.4,170.2,1
61,72,11,4.1,0.8,0.8,0,0.4,4.1,0.4,3.8,468,1
61,77,6,2.2,0.3,0.3,0,0.1,2.2,0.1,2.1,258.1,1
61,79,4.5,1.7,0.2,0.2,0,0.1,1.7,0.1,1.6,193.6,1
61,83,2,0.7,0.2,0.1,0,0.1,0.7,0.1,0.2,58.2,1
61,84,2,0.7,0.2,0.1,0,0.1,0.7,0.1,0.2,58.2,1
61,87,4,1.7,0.4,0,0,0.4,1.7,0.4,1.1,220.6,1
61,99,16,6.1,2.2,1.1,0.6,0.8,5.5,0.6,4.1,604.1,1
61,100,7,2.7,1,0.5,0.3,0.4,2.4,0.2,1.8,264.3,1
61,105,9,3.6,1,0.2,0,0.3,3.6,0.4,2.6,336.9,1
61,109,3,1.3,0.6,0.1,0,0.2,1.3,0.3,1.2,141.1,1
61,110,1,0.4,0.2,0,0,0.1,0.4,0.1,0.4,47,1
61,112,2,0.8,0.2,0,0,0,0.8,0,0.5,98,1
61,113,1,0.4,0.1,0,0,0,0.4,0,0.2,49,1
61,116,1,0.4,0.1,0,0,0,0.4,0.1,0.3,36.2,1
61,117,10,4.2,1.2,0.1,0,0.4,4.2,0.9,3.3,362.3,1
61,120,1,0.4,0.1,0,0,0,0.4,0.1,0.3,36.2,1
61,121,2,0.8,0.2,0,0,0.1,0.8,0.2,0.7,72.5,1
61,122,2,0.8,0.2,0,0,0.1,0.8,0.2,0.7,72.5,1
61,124,2,0.8,0.2,0,0,0.1,0.8,0.2,0.7,72.5,1
62,6,16,7.2,2.5,0.4,0.9,0.8,6.3,0,4.6,691.4,1
62,8,2,0.9,0.3,0.1,0.1,0.1,0.8,0,0.6,86.4,1
62,9,3,1.3,0.5,0.1,0.1,0.2,1.2,0,0.9,129.6,1
62,10,4,1.8,0.6,0.1,0.2,0.2,1.6,0,1.2,172.8,1
62,11,5,2,0.3,0.1,0,0.2,2,0.6,1.3,168.5,1
62,16,4,1.6,0.5,0.1,0,0.1,1.6,0.2,1.5,174.9,1
62,22,12,4.5,0.4,0.4,0,0.4,4.5,0.8,3.9,436.1,1
62,23,23,8.6,0.7,0.7,0,0.7,8.6,1.4,7.5,835.9,1
62,31,2,0.8,0.3,0.1,0,0.1,0.8,0.1,0.7,82.2,1
62,33,2,0.8,0.3,0.1,0,0.1,0.8,0.1,0.7,82.2,1
62,36,5,2.1,0.5,0.2,0,0,2.1,0.2,1.8,242.3,1
62,37,2,0.8,0.2,0.1,0,0,0.8,0.1,0.7,96.9,1
62,40,1,0.4,0.1,0,0,0,0.4,0,0.4,48.5,1
62,53,6,1.8,0.1,0.4,0,0.4,1.8,0,1.3,237.5,1
62,54,12,3.6,0.3,0.8,0,0.8,3.6,0,2.5,475,1
62,56,2,0.8,0.2,0.1,0,0.1,0.8,0.1,0.6,89.9,1
62,57,1,0.4,0.1,0,0,0,0.4,0,0.3,44.9,1
62,71,3,1.1,0.2,0.1,0,0.1,1.1,0.1,0.8,116.2,1
62,72,14,5.2,1.1,0.5,0,0.3,5.2,0.4,3.7,542.3,1
62,76,1,0.4,0.1,0,0,0,0.4,0.1,0.3,38.5,1
62,82,2,0.7,0.1,0.1,0,0.1,0.7,0.2,0.6,76.9,1
62,84,1,0.4,0.1,0,0,0,0.4,0.1,0.3,38.5,1
62,86,5,2.3,1,0.2,0,0.4,2.3,0.2,1.5,223.5,1
62,93,6,2.1,0.3,0.2,0,0.2,2.1,0,1.4,197.7,1
62,94,3,1,0.2,0.1,0,0.1,1,0,0.7,98.8,1
62,95,1,0.3,0.1,0,0,0,0.3,0,0.2,32.9,1
62,97,9,3.4,0.9,0.3,0,0.2,3.4,0.8,1.9,320.7,1
62,98,10,3.8,1,0.3,0,0.2,3.8,0.8,2.1,356.4,1
62,99,16,6,1.7,0.5,0,0.3,6,1.3,3.3,570.2,1
62,100,36,22,13,0,2,3,20,4,10,2234,0
62,107,2,0.9,0.2,0,0,0.1,0.9,0.1,0.7,93.2,1
62,110,1,0.4,0.1,0,0,0,0.4,0,0.4,46.6,1
62,119,2,0.7,0.1,0.1,0,0.1,0.7,0.1,0.5,74,1
62,120,2,0.7,0.1,0.1,0,0.1,0.7,0.1,0.5,74,1
63,0,3,1.5,0.4,0,0,0.1,1.5,0.4,1.1,128.1,1
63,5,2,1,0.3,0,0,0,1,0.2,0.7,85.4,1
63,6,3,1.3,0.5,0.1,0.1,0.2,1.2,0,0.9,129.6,1
63,7,5,2.2,0.8,0.1,0.2,0.3,2,0,1.4,216.1,1
63,16,4,1.6,0.5,0.1,0,0.1,1.6,0.2,1.5,174.9,1
63,18,4,1.6,0.5,0.1,0,0.1,1.6,0.2,1.5,174.9,1
63,19,2,0.8,0.3,0.1,0,0.1,0.8,0.1,0.7,87.5,1
63,23,2,0.8,0.1,0.1,0,0.1,0.8,0.1,0.7,72.7,1
63,33,3,1.2,0.4,0.1,0,0.1,1.2,0.1,1,123.3,1
63,34,1,0.4,0.1,0,0,0,0.4,0,0.3,41.1,1
63,36,9,3.8,0.8,0.3,0,0,3.8,0.3,3.3,436.1,1
63,37,5,2.1,0.5,0.2,0,0,2.1,0.2,1.8,242.3,1
63,41,3,1.1,0.2,0.1,0,0.1,1.1,0.1,0.7,119.8,1
63,43,9,3.3,0.7,0.4,0,0.4,3.3,0.4,2.2,359.4,1
63,44,3,1.1,0.2,0.1,0,0.1,1.1,0.1,0.7,119.8,1
63,46,2,0.9,0.2,0,0,0.1,0.9,0,0.8,99.2,1
63,48,2,0.9,0.2,0,0,0.1,0.9,0,0.8,99.2,1
63,55,7,2.1,0.2,0.5,0,0.5,2.1,0,1.5,277.1,1
63,56,30,11,1,0,0,1,11,0,11,1290,0
63,57,17,6.9,1.4,0.5,0,0.7,6.9,0.5,5.4,763.7,1
63,62,4,1.8,0.6,0,0,0.1,1.8,0.1,1.3,181.8,1
63,71,2,0.7,0.2,0.1,0,0,0.7,0.1,0.5,77.5,1
63,72,1,0.4,0.1,0,0,0,0.4,0,0.3,38.7,1
63,73,1,0.4,0.1,0,0,0,0.4,0,0.3,38.7,1
63,80,5,1.9,0.3,0.2,0,0.2,1.9,0.4,1.6,192.3,1
63,83,5,1.9,0.3,0.2,0,0.2,1.9,0.4,1.6,192.3,1
63,84,3,1.1,0.2,0.1,0,0.1,1.1,0.2,0.9,115.4,1
63,85,4,1.5,0.3,0.2,0,0.1,1.5,0.3,1.3,153.8,1
63,90,1,0.5,0.2,0,0,0.1,0.5,0,0.3,44.7,1
63,97,23,8.6,2.4,0.7,0,0.5,8.6,1.9,4.8,819.6,1
63,100,14,5.2,1.5,0.4,0,0.3,5.2,1.2,2.9,498.9,1
63,101,19,7.4,2.1,0.7,0,0.7,7.4,1.8,6.3,759.6,1
63,111,2,0.9,0.2,0,0,0.1,0.9,0.1,0.7,93.2,1
63,117,20.5,6.8,1,1,0,0.6,6.8,0.6,5.2,758.3,1
63,118,4,1.3,0.2,0.2,0,0.1,1.3,0.1,1,148,1
64,0,2,1,0.3,0,0,0,1,0.2,0.7,85.4,1
64,1,2,1,0.3,0,0,0,1,0.2,0.7,85.4,1
64,3,2,1,0.3,0,0,0,1,0.2,0.7,85.4,1
64,9,4,1.8,0.6,0.1,0.2,0.2,1.6,0,1.2,172.8,1
64,18,3,1.2,0.4,0.1,0,0.1,1.2,0.2,1.1,131.2,1
64,19,8,3.2,1.1,0.2,0,0.2,3.2,0.4,3,349.9,1
64,21,2,0.8,0.1,0.1,0,0.1,0.8,0.1,0.7,72.7,1
64,28,4,1.4,0.1,0.1,0,0,1.4,0,1.3,147.4,1
64,30,15,5.2,0.4,0.5,0,0.2,5.2,0,4.8,552.9,1
64,32,2,0.8,0.3,0.1,0,0.1,0.8,0.1,0.7,82.2,1
64,34,1,0.4,0.1,0,0,0,0.4,0,0.3,41.1,1
64,35,8,3.3,1.1,0.4,0,0.3,3.3,0.4,2.6,328.8,1
64,40,2,0.8,0.2,0.1,0,0,0.8,0.1,0.7,96.9,1
64,45,3,1.1,0.2,0.1,0,0.1,1.1,0.1,0.7,119.8,1
64,46,2,0.9,0.2,0,0,0.1,0.9,0,0.8,99.2,1
64,52,4,1.2,0.1,0.3,0,0.3,1.2,0,0.8,158.3,1
64,56,20,8.1,1.7,0.6,0,0.9,8.1,0.6,6.4,898.5,1
64,57,19,7.7,1.6,0.6,0,0.8,7.7,0.6,6.1,853.6,1
64,58,5,2,0.4,0.2,0,0.2,2,0.2,1.6,224.6,1
64,64,1,0.4,0.2,0,0,0,0.4,0,0.3,45.5,1
64,67,3,1,0.2,0.1,0,0.1,1,0.2,0.9,103.4,1
64,72,22,8.1,1.8,0.8,0,0.4,8.1,0.6,5.7,852.3,1
64,73,14,5.2,1.1,0.5,0,0.3,5.2,0.4,3.7,542.3,1
64,74,24,8.9,1.9,0.9,0,0.4,8.9,0.6,6.3,929.7,1
64,75,3,1.1,0.2,0.1,0,0.1,1.1,0.1,0.8,116.2,1
64,80,2,0.7,0.1,0.1,0,0.1,0.7,0.2,0.6,76.9,1
64,86,5,2.3,1,0.2,0,0.4,2.3,0.2,1.5,223.5,1
64,94,6,2.1,0.3,0.2,0,0.2,2.1,0,1.4,197.7,1
64,95,4,1.4,0.2,0.1,0,0.1,1.4,0,0.9,131.8,1
64,99,12,4.5,1.2,0.4,0,0.2,4.5,1,2.5,427.6,1
64,100,6,2.2,0.6,0.2,0,0.1,2.2,0.5,1.2,213.8,1
64,101,3,1.2,0.3,0.1,0,0.1,1.2,0.3,1,119.9,1
64,102,4,1.6,0.4,0.1,0,0.1,1.6,0.4,1.3,159.9,1
64,109,2,0.9,0.2,0,0,0.1,0.9,0.1,0.7,93.2,1
64,110,3,1.3,0.3,0,0,0.1,1.3,0.1,1.1,139.8,1
64,111,17,7.3,1.8,0.3,0,0.8,7.3,0.5,6.3,791.9,1
64,117,4,1.3,0.2,0.2,0,0.1,1.3,0.1,1,148,1
64,118,9,3,0.4,0.4,0,0.3,3,0.3,2.3,332.9,1
64,120,4,1.3,0.2,0.2,0,0.1,1.3,0.1,1,148,1
64,125,32,11.1,2.2,1.7,0,0.6,11.1,1.1,10,1172,1
64,126,18,6.6,0.7,0.7,0,0.7,6.6,1,5.5,771.9,1
64,127,5,1.8,0.2,0.2,0,0.2,1.8,0.3,1.5,214.4,1
65,1,6,3,0.9,0,0,0.1,3,0.7,2.2,256.1,1
65,3,4,2,0.6,0,0,0.1,2,0.5,1.5,170.8,1
65,10,1,0.4,0.2,0,0,0.1,0.4,0,0.3,43.2,1
65,13,3,1.2,0.2,0.1,0,0.1,1.2,0.3,0.8,101.1,1
65,14,3,1.2,0.2,0.1,0,0.1,1.2,0.3,0.8,101.1,1
65,17,1,0.4,0.1,0,0,0,0.4,0.1,0.4,43.7,1
65,19,3,1.2,0.4,0.1,0,0.1,1.2,0.2,1.1,131.2,1
65,24,2,0.8,0.1,0.1,0,0.1,0.8,0.1,0.7,72.7,1
65,25,11,4.1,0.3,0.3,0,0.3,4.1,0.7,3.6,399.8,1
65,26,5,1.7,0.1,0.2,0,0.1,1.7,0,1.6,184.3,1
65,27,5,1.7,0.1,0.2,0,0.1,1.7,0,1.6,184.3,1
65,28,14,4.8,0.3,0.5,0,0.2,4.8,0,4.5,516,1
65,29,13,4.5,0.3,0.5,0,0.2,4.5,0,4.2,479.1,1
65,30,26,9,0.6,0.9,0,0.3,9,0,8.4,958.3,1
65,31,17.5,7.2,2.3,0.8,0,0.6,7.2,0.8,5.7,719.3,1
65,32,11,4.5,1.5,0.5,0,0.4,4.5,0.5,3.6,452.1,1
65,35,12,4.9,1.6,0.6,0,0.4,4.9,0.6,3.9,493.2,1
65,39,3,1.3,0.3,0.1,0,0,1.3,0.1,1.1,145.4,1
65,40,2,0.8,0.2,0.1,0,0,0.8,0.1,0.7,96.9,1
65,46,4,1.7,0.3,0,0,0.2,1.7,0,1.6,198.4,1
65,49,2,0.9,0.2,0,0,0.1,0.9,0,0.8,99.2,1
65,50,2,0.9,0.2,0,0,0.1,0.9,0,0.8,99.2,1
65,52,2,0.6,0,0.1,0,0.1,0.6,0,0.4,79.2,1
65,56,4,1.6,0.3,0.1,0,0.2,1.6,0.1,1.3,179.7,1
65,57,18,7.3,1.5,0.6,0,0.8,7.3,0.6,5.7,808.7,1
65,61,4,1.8,0.6,0,0,0.1,1.8,0.1,1.3,181.8,1
65,67,3,1,0.2,0.1,0,0.1,1,0.2,0.9,103.4,1
65,72,2,0.7,0.2,0.1,0,0,0.7,0.1,0.5,77.5,1
65,73,5,1.8,0.4,0.2,0,0.1,1.8,0.1,1.3,193.7,1
65,76,6,2.2,0.4,0.3,0,0.2,2.2,0.5,1.9,230.7,1
65,77,4,1.5,0.3,0.2,0,0.1,1.5,0.3,1.3,153.8,1
65,88,8,3.7,1.5,0.3,0,0.6,3.7,0.3,2.5,357.5,1
65,91,7,2.4,0.4,0.2,0,0.2,2.4,0,1.7,230.6,1
65,92,10,3.4,0.5,0.3,0,0.3,3.4,0,2.4,329.5,1
65,95,1,0.3,0.1,0,0,0,0.3,0,0.2,32.9,1
65,100,1,0.4,0.1,0,0,0,0.4,0.1,0.2,35.6,1
65,111,15,6.5,1.6,0.2,0,0.7,6.5,0.5,5.5,698.8,1
65,112,2,0.9,0.2,0,0,0.1,0.9,0.1,0.7,93.2,1
65,114,2,0.9,0.2,0,0,0.1,0.9,0.1,0.7,93.2,1
65,115,2,0.9,0.2,0,0,0.1,0.9,0.1,0.7,93.2,1
65,125,19.5,6.8,1.4,1,0,0.3,6.8,0.7,6.1,714.2,1
65,126,17,6.2,0.7,0.7,0,0.7,6.2,1,5.2,729,1
66,11,4,1.6,0.3,0.1,0,0.2,1.6,0.4,1.1,134.8,1
66,14,2,0.8,0.1,0,0,0.1,0.8,0.2,0.5,67.4,1
66,20,8.5,3.4,1.1,0.2,0,0.2,3.4,0.5,3.2,371.7,1
66,22,4,1.5,0.1,0.1,0,0.1,1.5,0.2,1.3,145.4,1
66,24,2,0.8,0.1,0.1,0,0.1,0.8,0.1,0.7,72.7,1
66,25,6,2.2,0.2,0.2,0,0.2,2.2,0.4,2,218.1,1
66,30,2,0.7,0,0.1,0,0,0.7,0,0.6,73.7,1
66,31,13,5.4,1.7,0.6,0,0.5,5.4,0.6,4.3,534.3,1
66,32,8,3.3,1.1,0.4,0,0.3,3.3,0.4,2.6,328.8,1
66,33,2,0.8,0.3,0.1,0,0.1,0.8,0.1,0.7,82.2,1
66,38,3,1.3,0.3,0.1,0,0,1.3,0.1,1.1,145.4,1
66,39,1,0.4,0.1,0,0,0,0.4,0,0.4,48.5,1
66,45,2,0.7,0.2,0.1,0,0.1,0.7,0.1,0.5,79.9,1
66,47,2,0.9,0.2,0,0,0.1,0.9,0,0.8,99.2,1
66,48,7,3,0.6,0,0,0.4,3,0,2.8,347.2,1
66,49,12,5.1,1,0,0,0.7,5.1,0,4.8,595.2,1
66,51,8,2.4,0.2,0.6,0,0.6,2.4,0,1.7,316.7,1
66,52,4,1.2,0.1,0.3,0,0.3,1.2,0,0.8,158.3,1
66,57,8,3.2,0.7,0.3,0,0.3,3.2,0.3,2.6,359.4,1
66,62,14,6.3,2.1,0,0,0.3,6.3,0.3,4.6,636.3,1
66,67,28,9.3,2,0.7,0,0.7,9.3,2,8,965.3,1
66,68,8,2.7,0.6,0.2,0,0.2,2.7,0.6,2.3,275.8,1
66,72,20,7.4,1.6,0.7,0,0.4,7.4,0.5,5.2,774.8,1
66,76,3,1.1,0.2,0.1,0,0.1,1.1,0.2,0.9,115.4,1
66,77,4,1.5,0.3,0.2,0,0.1,1.5,0.3,1.3,153.8,1
66,80,1,0.4,0.1,0,0,0,0.4,0.1,0.3,38.5,1
66,83,2,0.7,0.1,0.1,0,0.1,0.7,0.2,0.6,76.9,1
66,85,4,1.5,0.3,0.2,0,0.1,1.5,0.3,1.3,153.8,1
66,87,2,0.9,0.4,0.1,0,0.2,0.9,0.1,0.6,89.4,1
66,88,5,2.3,1,0.2,0,0.4,2.3,0.2,1.5,223.5,1
66,98,3,1.1,0.3,0.1,0,0.1,1.1,0.2,0.6,106.9,1
66,99,2,0.8,0.2,0.1,0,0,0.8,0.2,0.4,71.3,1
66,104,2,0.8,0.2,0.1,0,0.1,0.8,0.2,0.7,80,1
66,111,2,0.9,0.2,0,0,0.1,0.9,0.1,0.7,93.2,1
66,114,2,0.9,0.2,0,0,0.1,0.9,0.1,0.7,93.2,1
66,115,3,1.3,0.3,0,0,0.1,1.3,0.1,1.1,139.8,1
66,117,5,1.7,0.2,0.2,0,0.2,1.7,0.2,1.3,185,1
66,122,1,0.3,0.1,0.1,0,0,0.3,0,0.3,36.6,1
66,124,2,0.7,0.1,0.1,0,0,0.7,0.1,0.6,73.3,1
66,125,3,1,0.2,0.2,0,0.1,1,0.1,0.9,109.9,1
67,3,3,1.4,0.6,0,0,0.1,1.4,0.3,0.9,120.7,1
67,7,5,2,0.3,0.1,0,0.2,2,0.6,1.3,168.5,1
67,8,5,2,0.3,0.1,0,0.2,2,0.6,1.3,168.5,1
67,10,4,1.6,0.3,0.1,0,0.2,1.6,0.4,1.1,134.8,1
67,14,3,1.1,0.3,0.2,0,0,1.1,0.1,0.8,133.9,1
67,18,7,3,1,0.3,0,0.1,3,0.7,2.3,273.2,1
67,19,2,0.9,0.3,0.1,0,0,0.9,0.2,0.7,78.1,1
67,21,17,5.9,0,0.4,0,0,5.9,0,5.1,670.9,1
67,22,3,1,0,0.1,0,0,1,0,0.9,118.4,1
67,26,4,1.4,0.1,0.3,0,0,1.4,0.1,1,148.6,1
67,28,5,1.8,0.2,0.3,0,0,1.8,0.2,1.3,185.8,1
67,36,4,1.7,0.3,0.1,0,0.1,1.7,0.1,1.4,170,1
67,38,6,2.5,0.4,0.1,0,0.1,2.5,0.2,2.1,255,1
67,41,8,2.9,0.7,0.3,0,0.3,2.9,0.3,2,319.5,1
67,44,2,0.7,0.2,0.1,0,0.1,0.7,0.1,0.5,79.9,1
67,45,1,0.4,0.1,0,0,0,0.4,0,0.2,39.9,1
67,48,5,2.3,0.7,0.1,0,0.1,2.3,0.3,2.2,252.4,1
67,49,9,4.1,1.2,0.2,0,0.2,4.1,0.5,3.9,454.4,1
67,51,6,2.2,0.5,0.2,0,0.2,2.2,0.3,2.2,237.9,1
67,52,14,5.1,1.2,0.4,0,0.4,5.1,0.8,5.1,555.1,1
67,53,8,2.9,0.7,0.2,0,0.2,2.9,0.4,2.9,317.2,1
67,56,14,5.7,0.8,0.2,0,1.1,5.7,1.1,4,551.5,1
67,57,27,15,9,1,0,0,15,4,8,1160,0
67,59,2,0.8,0.1,0,0,0.2,0.8,0.2,0.6,78.8,1
67,72,21.5,13,9,1,7,1,6,2,3,904,0
67,73,25,8,0.9,1.7,0,0,8,0.9,6.9,948.9,1
67,87,6,3.3,1.5,0,0,0,3.3,0.3,1.8,285.6,1
67,91,11,4.8,1.3,0.4,0,0.9,4.8,0.4,1.8,418.4,1
67,96,4,1.7,0.3,0,0,0.2,1.7,0.1,1.4,171.8,1
67,102,4,1.6,0.4,0.1,0,0.1,1.6,0.4,1.3,159.9,1
67,111,6,2.4,0.6,0,0,0.2,2.4,0.2,1.6,240.9,1
67,112,4,1.6,0.4,0,0,0.2,1.6,0.2,1.1,160.6,1
67,114,1,0.4,0.1,0,0,0,0.4,0,0.3,40.2,1
67,116,3,1.7,0.7,0.1,0,0.2,1.7,0.2,1.3,155.1,1
67,120,1,0.6,0.2,0,0,0.1,0.6,0.1,0.4,51.7,1
68,0,4,1.6,0.2,0,0,0.1,1.6,0.2,0.8,154.9,1
68,4,1,0.5,0.2,0,0,0,0.5,0.1,0.3,40.2,1
68,5,7,3.3,1.3,0,0,0.2,3.3,0.7,2.2,281.5,1
68,8,4,1.6,0.3,0.1,0,0.2,1.6,0.4,1.1,134.8,1
68,9,2,0.8,0.1,0,0,0.1,0.8,0.2,0.5,67.4,1
68,10,1,0.4,0.1,0,0,0,0.4,0.1,0.3,33.7,1
68,14,20,7.3,2,1.4,0,0,7.3,0.8,5.1,893,1
68,15,1,0.4,0.1,0.1,0,0,0.4,0,0.3,44.6,1
68,16,4,1.7,0.5,0.2,0,0.1,1.7,0.4,1.3,156.1,1
68,18,1,0.4,0.1,0,0,0,0.4,0.1,0.3,39,1
68,21,5,1.7,0,0.1,0,0,1.7,0,1.5,197.3,1
68,22,4,1.4,0,0.1,0,0,1.4,0,1.2,157.9,1
68,23,4,1.4,0,0.1,0,0,1.4,0,1.2,157.9,1
68,24,4,1.4,0,0.1,0,0,1.4,0,1.2,157.9,1
68,28,11,3.9,0.4,0.7,0,0,3.9,0.4,2.8,408.8,1
68,29,7,2.5,0.2,0.5,0,0,2.5,0.2,1.8,260.1,1
68,32,2,0.8,0.1,0.1,0,0.1,0.8,0,0.7,88.2,1
68,33,3,1.2,0.1,0.2,0,0.1,1.2,0,1.1,132.2,1
68,34,4,1.5,0.1,0.2,0,0.1,1.5,0,1.4,176.3,1
68,37,34,16,8,0,0,0,16,2,13,1582,0
68,38,37,18,6,1,0,1,18,2,12,1655,0
68,39,2,0.8,0.1,0,0,0,0.8,0.1,0.7,85,1
68,41,6,2.2,0.5,0.2,0,0.2,2.2,0.2,1.5,239.6,1
68,43,5,1.8,0.4,0.2,0,0.2,1.8,0.2,1.2,199.7,1
68,52,1,0.4,0.1,0,0,0,0.4,0.1,0.4,39.7,1
68,57,15,6.1,0.9,0.2,0,1.1,6.1,1.1,4.3,590.9,1
68,58,3,1.2,0.2,0,0,0.2,1.2,0.2,0.9,118.2,1
68,68,2,0.9,0.4,0.1,0,0.1,0.9,0.1,0.6,98.2,1
68,70,1,0.5,0.2,0,0,0,0.5,0,0.3,49.1,1
68,71,7.5,2.4,0.3,0.5,0,0,2.4,0.3,2.1,284.7,1
68,72,30,13,4,0,0,2,13,2,9,1109,0
68,73,24,7.7,0.8,1.6,0,0,7.7,0.8,6.6,910.9,1
68,76,4,1.5,0.3,0.2,0,0.1,1.5,0.3,1.3,153.8,1
68,77,3,1.1,0.2,0.1,0,0.1,1.1,0.2,0.9,115.4,1
68,79,2,0.7,0.1,0.1,0,0.1,0.7,0.2,0.6,76.9,1
68,82,12,4.5,0.8,0.5,0,0.4,4.5,0.9,3.8,461.4,1
68,86,4,2.2,1,0,0,0,2.2,0.2,1.2,190.4,1
68,87,1,0.6,0.2,0,0,0,0.6,0,0.3,47.6,1
68,92,2,0.9,0.2,0.1,0,0.2,0.9,0.1,0.3,76.1,1
68,93,3,1.3,0.4,0.1,0,0.2,1.3,0.1,0.5,114.1,1
68,96,10,4.2,0.8,0,0,0.5,4.2,0.3,3.4,429.5,1
68,98,4,1.7,0.3,0,0,0.2,1.7,0.1,1.4,171.8,1
68,99,1,0.4,0.1,0,0,0.1,0.4,0,0.3,42.9,1
68,107,4,1.7,0.4,0.1,0,0.2,1.7,0.1,1.5,186.3,1
68,111,4,1.6,0.4,0,0,0.2,1.6,0.2,1.1,160.6,1
68,112,2,0.8,0.2,0,0,0.1,0.8,0.1,0.5,80.3,1
68,119,9,5,2.1,0.2,0,0.6,5,0.6,4,465.3,1
68,120,3,1.7,0.7,0.1,0,0.2,1.7,0.2,1.3,155.1,1
68,127,4,1.4,0.1,0.1,0,0.1,1.4,0,1,160.6,1
69,5,5,2.3,0.9,0,0,0.2,2.3,0.5,1.6,201.1,1
69,9,2,0.8,0.1,0,0,0.1,0.8,0.2,0.5,67.4,1
69,10,4.5,1.8,0.3,0.1,0,0.2,1.8,0.5,1.2,151.7,1
69,11,10,3.7,1,0.7,0,0,3.7,0.4,2.5,446.5,1
69,14,13,4.8,1.3,0.9,0,0,4.8,0.5,3.3,580.4,1
69,15,7,2.6,0.7,0.5,0,0,2.6,0.3,1.8,312.5,1
69,16,8,3.4,1.1,0.3,0,0.2,3.4,0.8,2.6,312.2,1
69,20,1,0.4,0.1,0,0,0,0.4,0.1,0.3,39,1
69,24,3,1,0,0.1,0,0,1,0,0.9,118.4,1
69,30,2,0.7,0.1,0.1,0,0,0.7,0.1,0.5,74.3,1
69,34,3,1.2,0.1,0.2,0,0.1,1.2,0,1.1,132.2,1
69,35,2,0.8,0.1,0.1,0,0.1,0.8,0,0.7,88.2,1
69,36,6,2.5,0.4,0.1,0,0.1,2.5,0.2,2.1,255,1
69,37,15,6.3,1.1,0.2,0,0.2,6.3,0.4,5.1,637.6,1
69,38,15,6.3,1.1,0.2,0,0.2,6.3,0.4,5.1,637.6,1
69,40,3,1.3,0.2,0,0,0,1.3,0.1,1,127.5,1
69,41,3,1.1,0.2,0.1,0,0.1,1.1,0.1,0.7,119.8,1
69,51,4,1.4,0.3,0.1,0,0.1,1.4,0.2,1.4,158.6,1
69,54,11,4,0.9,0.3,0,0.3,4,0.6,4,436.2,1
69,58,2,0.8,0.1,0,0,0.2,0.8,0.2,0.6,78.8,1
69,61,10,4.5,1.5,0,0,0.2,4.5,0.2,3.2,454.5,1
69,67,2,0.9,0.4,0.1,0,0.1,0.9,0.1,0.6,98.2,1
69,68,1,0.5,0.2,0,0,0,0.5,0,0.3,49.1,1
69,69,1,0.5,0.2,0,0,0,0.5,0,0.3,49.1,1
69,72,36,14,6,2,0,1,14,6,5,1196,0
69,73,24,11,3,0,0,0,11,1,9,1310,0
69,74,13,4.2,0.4,0.9,0,0,4.2,0.4,3.6,493.4,1
69,78,2,0.7,0.1,0.1,0,0.1,0.7,0.2,0.6,76.9,1
69,82,7,2.6,0.5,0.3,0,0.2,2.6,0.6,2.2,269.2,1
69,88,2,1.1,0.5,0,0,0,1.1,0.1,0.6,95.2,1
69,94,1,0.4,0.1,0,0,0.1,0.4,0,0.2,38,1
69,100,3,1.3,0.2,0,0,0.2,1.3,0.1,1,128.8,1
69,101,3,1.2,0.3,0.1,0,0.1,1.2,0.3,1,119.9,1
69,102,5,1.9,0.6,0.2,0,0.2,1.9,0.5,1.7,199.9,1
69,105,4,1.6,0.4,0.1,0,0.1,1.6,0.4,1.3,159.9,1
69,108,1,0.4,0.1,0,0,0,0.4,0,0.4,46.6,1
69,109,1,0.4,0.1,0,0,0,0.4,0,0.4,46.6,1
69,111,3,1.2,0.3,0,0,0.1,1.2,0.1,0.8,120.5,1
69,112,5,2,0.5,0,0,0.2,2,0.2,1.3,200.8,1
69,117,2,1.1,0.5,0,0,0.1,1.1,0.1,0.9,103.4,1
69,119,14,7.7,3.3,0.3,0,0.9,7.7,0.9,6.3,723.8,1
69,120,1,0.6,0.2,0,0,0.1,0.6,0.1,0.4,51.7,1
69,122,1,0.3,0,0,0,0,0.3,0,0.3,37,1
70,1,3,1.4,0.6,0,0,0.1,1.4,0.3,0.9,120.7,1
70,2,6,2.8,1.1,0,0,0.2,2.8,0.6,1.9,241.3,1
70,4,1,0.5,0.2,0,0,0,0.5,0.1,0.3,40.2,1
70,12,5,1.8,0.5,0.4,0,0,1.8,0.2,1.3,223.2,1
70,14,4,1.5,0.4,0.3,0,0,1.5,0.2,1,178.6,1
70,16,2,0.9,0.3,0.1,0,0,0.9,0.2,0.7,78.1,1
70,17,4,1.7,0.5,0.2,0,0.1,1.7,0.4,1.3,156.1,1
70,19,12.5,5.3,1.7,0.5,0,0.2,5.3,1.2,4.1,487.9,1
70,20,8,3.4,1.1,0.3,0,0.2,3.4,0.8,2.6,312.2,1
70,24,3,1,0,0.1,0,0,1,0,0.9,118.4,1
70,29,2,0.7,0.1,0.1,0,0,0.7,0.1,0.5,74.3,1
70,32,3,1.2,0.1,0.2,0,0.1,1.2,0,1.1,132.2,1
70,34,4,1.5,0.1,0.2,0,0.1,1.5,0,1.4,176.3,1
70,39,2,0.8,0.1,0,0,0,0.8,0.1,0.7,85,1
70,46,7,3.2,0.9,0.2,0,0.2,3.2,0.4,3,353.4,1
70,49,7,3.2,0.9,0.2,0,0.2,3.2,0.4,3,353.4,1
70,50,2,0.9,0.3,0.1,0,0.1,0.9,0.1,0.9,101,1
70,51,3,1.1,0.2,0.1,0,0.1,1.1,0.2,1.1,119,1
70,52,2,0.7,0.2,0.1,0,0.1,0.7,0.1,0.7,79.3,1
70,53,4,1.4,0.3,0.1,0,0.1,1.4,0.2,1.4,158.6,1
70,54,1,0.4,0.1,0,0,0,0.4,0.1,0.4,39.7,1
70,56,36,12,3,3,0,2,12,0,9,1208,0
70,58,7,2.9,0.4,0.1,0,0.5,2.9,0.5,2,275.8,1
70,59,9,3.7,0.5,0.1,0,0.7,3.7,0.7,2.6,354.5,1
70,61,4,1.8,0.6,0,0,0.1,1.8,0.1,1.3,181.8,1
70,67,5,2.3,0.9,0.2,0,0.2,2.3,0.2,1.5,245.6,1
70,68,10,4.5,1.8,0.3,0,0.3,4.5,0.3,3,491.2,1
70,69,2,0.9,0.4,0.1,0,0.1,0.9,0.1,0.6,98.2,1
70,72,2,0.6,0.1,0.1,0,0,0.6,0.1,0.5,75.9,1
70,73,2,0.6,0.1,0.1,0,0,0.6,0.1,0.5,75.9,1
70,74,1,0.3,0,0.1,0,0,0.3,0,0.3,38,1
70,76,2,0.7,0.1,0.1,0,0.1,0.7,0.2,0.6,76.9,1
70,78,1,0.4,0.1,0,0,0,0.4,0.1,0.3,38.5,1
70,81,7.5,2.8,0.5,0.3,0,0.3,2.8,0.6,2.4,288.4,1
70,86,2,1.1,0.5,0,0,0,1.1,0.1,0.6,95.2,1
70,89,1,0.6,0.2,0,0,0,0.6,0,0.3,47.6,1
70,93,1,0.4,0.1,0,0,0.1,0.4,0,0.2,38,1
70,98,6,2.5,0.5,0,0,0.3,2.5,0.2,2.1,257.7,1
70,100,2,0.8,0.2,0,0,0.1,0.8,0.1,0.7,85.9,1
70,101,2,0.8,0.2,0.1,0,0.1,0.8,0.2,0.7,80,1
70,104,3,1.2,0.3,0.1,0,0.1,1.2,0.3,1,119.9,1
70,105,2,0.8,0.2,0.1,0,0.1,0.8,0.2,0.7,80,1
70,111,1,0.4,0.1,0,0,0,0.4,0,0.3,40.2,1
70,112,2,0.8,0.2,0,0,0.1,0.8,0.1,0.5,80.3,1
70,114,12,4.8,1.1,0,0,0.5,4.8,0.5,3.2,481.8,1
70,118,9,5,2.1,0.2,0,0.6,5,0.6,4,465.3,1
70,119,2,1.1,0.5,0,0,0.1,1.1,0.1,0.9,103.4,1
70,121,5,1.7,0.2,0.2,0,0.2,1.7,0.2,1.3,185,1
71,1,1,0.5,0.2,0,0,0,0.5,0.1,0.3,40.2,1
71,3,2,0.9,0.4,0,0,0.1,0.9,0.2,0.6,80.4,1
71,5,3,1.4,0.6,0,0,0.1,1.4,0.3,0.9,120.7,1
71,11,8,2.9,0.8,0.6,0,0,2.9,0.3,2,357.2,1
71,19,2,0.9,0.3,0.1,0,0,0.9,0.2,0.7,78.1,1
71,32,4,1.5,0.1,0.2,0,0.1,1.5,0,1.4,176.3,1
71,34,14,5.4,0.4,0.7,0,0.4,5.4,0,5,617.1,1
71,36,2,0.8,0.1,0,0,0,0.8,0.1,0.7,85,1
71,37,7,2.9,0.5,0.1,0,0.1,2.9,0.2,2.4,297.6,1
71,39,5,2.1,0.4,0.1,0,0.1,2.1,0.1,1.7,212.5,1
71,45,4,1.5,0.3,0.2,0,0.2,1.5,0.2,1,159.8,1
71,46,2,0.9,0.3,0.1,0,0.1,0.9,0.1,0.9,101,1
71,47,2,0.9,0.3,0.1,0,0.1,0.9,0.1,0.9,101,1
71,48,3,1.4,0.4,0.1,0,0.1,1.4,0.2,1.3,151.5,1
71,51,6,2.2,0.5,0.2,0,0.2,2.2,0.3,2.2,237.9,1
71,55,12,4.3,1,0.3,0,0.3,4.3,0.7,4.3,475.8,1
71,56,40,11,1,2,0,0,11,2,10,1324,0
71,57,10,4.1,0.6,0.2,0,0.8,4.1,0.8,2.9,393.9,1
71,58,2,0.8,0.1,0,0,0.2,0.8,0.2,0.6,78.8,1
71,59,2,0.8,0.1,0,0,0.2,0.8,0.2,0.6,78.8,1
71,63,3,1.3,0.4,0,0,0.1,1.3,0.1,1,136.3,1
71,69,8,3.6,1.5,0.2,0,0.2,3.6,0.2,2.4,393,1
71,70,1,0.5,0.2,0,0,0,0.5,0,0.3,49.1,1
71,72,1,0.3,0,0.1,0,0,0.3,0,0.3,38,1
71,73,12,3.8,0.4,0.8,0,0,3.8,0.4,3.3,455.5,1
71,83,1,0.4,0.1,0,0,0,0.4,0.1,0.3,38.5,1
71,86,1,0.6,0.2,0,0,0,0.6,0,0.3,47.6,1
71,87,3,1.6,0.8,0,0,0,1.6,0.1,0.9,142.8,1
71,93,3,1.3,0.4,0.1,0,0.2,1.3,0.1,0.5,114.1,1
71,94,4,1.8,0.5,0.2,0,0.3,1.8,0.2,0.6,152.2,1
71,96,2,0.8,0.2,0,0,0.1,0.8,0.1,0.7,85.9,1
71,99,4,1.7,0.3,0,0,0.2,1.7,0.1,1.4,171.8,1
71,100,2,0.8,0.2,0,0,0.1,0.8,0.1,0.7,85.9,1
71,104,2,0.8,0.2,0.1,0,0.1,0.8,0.2,0.7,80,1
71,105,1,0.4,0.1,0,0,0,0.4,0.1,0.3,40,1
71,108,1,0.4,0.1,0,0,0,0.4,0,0.4,46.6,1
71,109,3,1.3,0.3,0,0,0.1,1.3,0.1,1.1,139.8,1
71,111,3,1.2,0.3,0,0,0.1,1.2,0.1,0.8,120.5,1
71,112,3,1.2,0.3,0,0,0.1,1.2,0.1,0.8,120.5,1
71,114,7,2.8,0.7,0,0,0.3,2.8,0.3,1.8,281.1,1
71,117,2,1.1,0.5,0,0,0.1,1.1,0.1,0.9,103.4,1
71,118,1,0.6,0.2,0,0,0.1,0.6,0.1,0.4,51.7,1
71,121,2,0.7,0.1,0.1,0,0.1,0.7,0.1,0.5,74,1
71,122,5,1.7,0.2,0.2,0,0.2,1.7,0.2,1.3,185,1
72,4,1,0.4,0.1,0,0,0,0.4,0,0.3,37.7,1
72,6,5,2.1,0.3,0.1,0,0.1,2.1,0.3,1.2,228.6,1
72,12,3,1.3,0.5,0,0,0.1,1.3,0.2,1.1,124.8,1
72,18,2,0.9,0.3,0,0,0,0.9,0.2,0.6,93.7,1
72,19,1,0.5,0.1,0,0,0,0.5,0.1,0.3,46.8,1
72,23,6,2.8,0.9,0.1,0,0,2.8,0.5,1.9,281,1
72,24,2,0.9,0.3,0,0,0,0.9,0.2,0.6,93.7,1
72,31,4,2,0.8,0,0,0.3,2,0.2,1.7,184.5,1
72,44,2,1,0.4,0,0,0,1,0.1,0.8,93.2,1
72,47,10,3.9,1.1,0.3,0,0.2,3.9,0.5,3.5,434.9,1
72,48,2,0.8,0.2,0.1,0,0,0.8,0.1,0.7,87,1
72,49,4,1.6,0.4,0.1,0,0.1,1.6,0.2,1.4,173.9,1
72,50,2,0.8,0.2,0.1,0,0,0.8,0.1,0.7,87,1
72,55,5,2.7,0.9,0,0,0.4,2.7,0.1,1.9,241.5,1
72,56,5,2.3,0.8,0.1,0,0.1,2.3,0.4,1.8,215.2,1
72,57,18,8.2,3,0.5,0,0.5,8.2,1.4,6.5,774.7,1
72,59,7,3.2,1.2,0.2,0,0.2,3.2,0.5,2.5,301.3,1
72,60,1,0.5,0.2,0,0,0,0.5,0.1,0.4,43,1
72,69,7,3.6,1.3,0,0,0.3,3.6,0.3,3.3,399.4,1
72,70,4,2.1,0.8,0,0,0.2,2.1,0.2,1.9,228.2,1
72,74,2,0.7,0.1,0.1,0,0,0.7,0.1,0.5,73.2,1
72,78,3,1.1,0.3,0.1,0,0,1.1,0.1,1.1,118.1,1
72,81,3,1.3,0.5,0.1,0,0,1.3,0.3,1,121.7,1
72,82,4,1.7,0.6,0.1,0,0,1.7,0.4,1.3,162.3,1
72,85,4,1.7,0.6,0.1,0,0,1.7,0.4,1.3,162.3,1
72,88,4,1.6,0.5,0.1,0,0.1,1.6,0.4,1.2,191.3,1
72,89,7,2.7,0.9,0.3,0,0.1,2.7,0.6,2.1,334.7,1
72,94,2,0.9,0.2,0,0,0,0.9,0,0.7,92.1,1
72,97,14,5.8,1.8,0.2,0,0.2,5.8,1.2,4,609.6,1
72,98,6,2.5,0.8,0.1,0,0.1,2.5,0.5,1.7,261.3,1
72,99,1,0.4,0.1,0,0,0,0.4,0.1,0.3,43.5,1
72,102,6,3.3,1.1,0,0,0.5,3.3,0.3,3,331.4,1
72,112,9,3.4,0.5,0.2,0.5,0.2,2.9,0.5,2.4,372.4,1
72,113,6,2.3,0.3,0.2,0.3,0.2,2,0.3,1.6,248.3,1
72,116,2,0.7,0.1,0.1,0,0,0.7,0.2,0.4,63.1,1
72,122,2.5,1.1,0.1,0,0,0.1,1.1,0.3,0.9,107.4,1
72,125,2,0.9,0.1,0,0,0.1,0.9,0.2,0.7,85.9,1
73,4,1,0.4,0.1,0,0,0,0.4,0,0.3,37.7,1
73,5,5,2.2,0.7,0.2,0,0,2.2,0.2,1.5,188.4,1
73,6,16,6.7,1.1,0.4,0,0.4,6.7,1.1,3.7,731.5,1
73,7,10,4.2,0.7,0.2,0,0.2,4.2,0.7,2.3,457.2,1
73,14,4,1.8,0.7,0,0,0.1,1.8,0.3,1.5,166.4,1
73,26,13,4.6,0.3,0.3,0,0.3,4.6,0.9,3.7,530.5,1
73,31,6,3,1.2,0,0,0.5,3,0.2,2.5,276.8,1
73,40,7,2.8,0.7,0.4,0,0,2.8,0.4,2.4,274.1,1
73,42,1,0.5,0.2,0,0,0,0.5,0,0.4,46.6,1
73,45,3,1.4,0.6,0,0,0,1.4,0.1,1.2,139.8,1
73,46,10,3.9,1.1,0.3,0,0.2,3.9,0.5,3.5,434.9,1
73,48,2,0.8,0.2,0.1,0,0,0.8,0.1,0.7,87,1
73,49,13.5,5.3,1.5,0.4,0,0.3,5.3,0.7,4.7,587.1,1
73,55,8,4.3,1.5,0,0,0.6,4.3,0.2,3,386.4,1
73,59,17,7.7,2.9,0.4,0,0.4,7.7,1.3,6.2,731.7,1
73,60,7,3.2,1.2,0.2,0,0.2,3.2,0.5,2.5,301.3,1
73,69,12,6.2,2.3,0,0,0.6,6.2,0.6,5.6,684.7,1
73,82,1,0.4,0.2,0,0,0,0.4,0.1,0.3,40.6,1
73,97,16,6.6,2,0.3,0,0.3,6.6,1.4,4.6,696.7,1
73,100,2,0.8,0.2,0,0,0,0.8,0.2,0.6,87.1,1
73,101,2,1.1,0.4,0,0,0.2,1.1,0.1,1,110.5,1
73,105,4,2.2,0.7,0,0,0.4,2.2,0.2,2,220.9,1
73,106,2,1,0.4,0,0,0.1,1,0.2,0.7,108.4,1
73,109,2,1,0.4,0,0,0.1,1,0.2,0.7,108.4,1
73,115,2,0.8,0.1,0.1,0.1,0.1,0.7,0.1,0.5,82.8,1
73,116,9,3.2,0.5,0.5,0,0.2,3.2,0.7,1.8,283.9,1
73,117,13,4.6,0.8,0.8,0,0.3,4.6,1,2.5,410.1,1
73,120,5,1.8,0.3,0.3,0,0.1,1.8,0.4,1,157.7,1
73,121,6,2.7,0.2,0,0,0.2,2.7,0.6,2.1,257.7,1
73,122,8,3.6,0.3,0,0,0.3,3.6,0.8,2.8,343.6,1
73,125,2,0.9,0.1,0,0,0.1,0.9,0.2,0.7,85.9,1
73,126,13,4.8,1.1,0.3,0,0,4.8,0.5,3.4,457.7,1
74,0,1,0.4,0.1,0,0,0,0.4,0,0.3,37.7,1
74,6,2,0.8,0.1,0,0,0,0.8,0.1,0.5,91.4,1
74,7,2,0.8,0.1,0,0,0,0.8,0.1,0.5,91.4,1
74,9,4,1.7,0.3,0.1,0,0.1,1.7,0.3,0.9,182.9,1
74,12,5,2.2,0.9,0,0,0.1,2.2,0.3,1.9,208,1
74,16,6,2.8,0.9,0.1,0,0,2.8,0.5,1.9,281,1
74,21,2,0.9,0.3,0,0,0,0.9,0.2,0.6,93.7,1
74,23,16,7.3,2.3,0.3,0,0,7.3,1.3,5,749.3,1
74,26,2,0.7,0,0,0,0,0.7,0.1,0.6,81.6,1
74,28,4,1.4,0.1,0.1,0,0.1,1.4,0.3,1.1,163.2,1
74,33,3,1.5,0.6,0,0,0.2,1.5,0.1,1.2,138.4,1
74,37,9,3.7,0.8,0.6,0,0,3.7,0.6,3.1,352.4,1
74,40,2,0.8,0.2,0.1,0,0,0.8,0.1,0.7,78.3,1
74,46,7,2.7,0.8,0.2,0,0.1,2.7,0.4,2.5,304.4,1
74,49,5,2,0.6,0.2,0,0.1,2,0.3,1.8,217.4,1
74,50,1,0.4,0.1,0,0,0,0.4,0.1,0.4,43.5,1
74,52,6,3.2,1.1,0,0,0.5,3.2,0.2,2.3,289.8,1
74,54,9,4.9,1.7,0,0,0.7,4.9,0.2,3.4,434.7,1
74,55,1,0.5,0.2,0,0,0.1,0.5,0,0.4,48.3,1
74,70,3,1.6,0.6,0,0,0.1,1.6,0.1,1.4,171.2,1
74,75,15,5.5,1.1,0.5,0,0.3,5.5,0.5,4.1,549,1
74,76,27,10.3,2.9,0.6,0,0,10.3,1.1,10.3,1062.8,1
74,81,2,0.9,0.3,0.1,0,0,0.9,0.2,0.6,81.1,1
74,83,8,3.5,1.3,0.2,0,0,3.5,0.9,2.6,324.5,1
74,84,1,0.4,0.2,0,0,0,0.4,0.1,0.3,40.6,1
74,85,1,0.4,0.2,0,0,0,0.4,0.1,0.3,40.6,1
74,86,4,1.6,0.5,0.1,0,0.1,1.6,0.4,1.2,191.3,1
74,87,2,0.8,0.3,0.1,0,0,0.8,0.2,0.6,95.6,1
74,88,2,0.8,0.3,0.1,0,0,0.8,0.2,0.6,95.6,1
74,97,3,1.2,0.4,0.1,0,0.1,1.2,0.3,0.9,130.6,1
74,98,10,4.1,1.2,0.2,0,0.2,4.1,0.9,2.9,435.4,1
74,103,1,0.5,0.2,0,0,0.1,0.5,0,0.5,55.2,1
74,105,1,0.5,0.2,0,0,0.1,0.5,0,0.5,55.2,1
74,106,6,3,1.1,0,0,0.4,3,0.6,2.1,325.3,1
74,111,2,0.8,0.1,0.1,0.1,0.1,0.7,0.1,0.5,82.8,1
74,115,5,1.9,0.3,0.1,0.3,0.1,1.6,0.3,1.4,206.9,1
74,116,11,3.9,0.6,0.6,0,0.2,3.9,0.9,2.2,347,1
74,117,3,1.1,0.2,0.2,0,0.1,1.1,0.2,0.6,94.6,1
74,120,2,0.7,0.1,0.1,0,0,0.7,0.2,0.4,63.1,1
74,121,4,1.8,0.1,0,0,0.1,1.8,0.4,1.4,171.8,1
74,126,5,1.8,0.4,0.1,0,0,1.8,0.2,1.3,176,1
75,5,4,1.8,0.6,0.2,0,0,1.8,0.2,1.2,150.8,1
75,6,3,1.3,0.2,0.1,0,0.1,1.3,0.2,0.7,137.2,1
75,12,11,4.9,1.9,0,0,0.2,4.9,0.7,4.2,457.6,1
75,32,4,2,0.8,0,0,0.3,2,0.2,1.7,184.5,1
75,34,2,1,0.4,0,0,0.2,1,0.1,0.8,92.2,1
75,36,1,0.4,0.1,0.1,0,0,0.4,0.1,0.3,39.2,1
75,38,6,2.4,0.6,0.4,0,0,2.4,0.4,2.1,234.9,1
75,41,3,1.4,0.6,0,0,0,1.4,0.1,1.2,139.8,1
75,42,1,0.5,0.2,0,0,0,0.5,0,0.4,46.6,1
75,43,4,1.9,0.7,0,0,0,1.9,0.1,1.6,186.4,1
75,46,1,0.4,0.1,0,0,0,0.4,0.1,0.4,43.5,1
75,47,4,1.6,0.4,0.1,0,0.1,1.6,0.2,1.4,173.9,1
75,52,1,0.5,0.2,0,0,0.1,0.5,0,0.4,48.3,1
75,53,2,1.1,0.4,0,0,0.2,1.1,0.1,0.8,96.6,1
75,55,2,1.1,0.4,0,0,0.2,1.1,0.1,0.8,96.6,1
75,57,4,1.8,0.7,0.1,0,0.1,1.8,0.3,1.5,172.2,1
75,59,6,2.7,1,0.2,0,0.2,2.7,0.5,2.2,258.2,1
75,62,2,0.7,0.1,0.1,0,0,0.7,0,0.6,81.6,1
75,66,3,1.6,0.6,0,0,0.1,1.6,0.1,1.4,171.2,1
75,68,3,1.6,0.6,0,0,0.1,1.6,0.1,1.4,171.2,1
75,69,4.5,2.3,0.8,0,0,0.2,2.3,0.2,2.1,256.8,1
75,70,1,0.5,0.2,0,0,0,0.5,0,0.5,57.1,1
75,74,2,0.7,0.1,0.1,0,0,0.7,0.1,0.5,73.2,1
75,75,3,1.1,0.2,0.1,0,0.1,1.1,0.1,0.8,109.8,1
75,78,9,3.4,1,0.2,0,0,3.4,0.4,3.4,354.3,1
75,91,5,2.2,0.5,0,0,0,2.2,0,1.7,230.2,1
75,92,14,6.1,1.3,0,0,0,6.1,0,4.8,644.4,1
75,97,1,0.4,0.1,0,0,0,0.4,0.1,0.3,43.5,1
75,98,2,0.8,0.2,0,0,0,0.8,0.2,0.6,87.1,1
75,102,2,1.1,0.4,0,0,0.2,1.1,0.1,1,110.5,1
75,104,2,1.1,0.4,0,0,0.2,1.1,0.1,1,110.5,1
75,109,2,1,0.4,0,0,0.1,1,0.2,0.7,108.4,1
75,111,1,0.4,0.1,0,0.1,0,0.3,0.1,0.3,41.4,1
75,112,2,0.8,0.1,0.1,0.1,0.1,0.7,0.1,0.5,82.8,1
75,113,8,3,0.4,0.2,0.4,0.2,2.6,0.4,2.2,331,1
75,116,2,0.7,0.1,0.1,0,0,0.7,0.2,0.4,63.1,1
75,117,2,0.7,0.1,0.1,0,0,0.7,0.2,0.4,63.1,1
75,119,2,0.7,0.1,0.1,0,0,0.7,0.2,0.4,63.1,1
75,122,2,0.9,0.1,0,0,0.1,0.9,0.2,0.7,85.9,1
76,1,3,1.3,0.4,0.1,0,0,1.3,0.1,0.9,113.1,1
76,2,1,0.4,0.1,0,0,0,0.4,0,0.3,37.7,1
76,6,1,0.4,0.1,0,0,0,0.4,0.1,0.2,45.7,1
76,12,3,1.3,0.5,0,0,0.1,1.3,0.2,1.1,124.8,1
76,15,2,0.9,0.3,0,0,0,0.9,0.1,0.8,83.2,1
76,17,2,0.9,0.3,0,0,0,0.9,0.2,0.6,93.7,1
76,18,1,0.5,0.1,0,0,0,0.5,0.1,0.3,46.8,1
76,20,1,0.5,0.1,0,0,0,0.5,0.1,0.3,46.8,1
76,26,4,1.4,0.1,0.1,0,0.1,1.4,0.3,1.1,163.2,1
76,27,14,5,0.3,0.3,0,0.3,5,1,4,571.3,1
76,28,5,1.8,0.1,0.1,0,0.1,1.8,0.4,1.4,204,1
76,31,3,1.5,0.6,0,0,0.2,1.5,0.1,1.2,138.4,1
76,35,2,1,0.4,0,0,0.2,1,0.1,0.8,92.2,1
76,40,7,2.8,0.7,0.4,0,0,2.8,0.4,2.4,274.1,1
76,41,2,1,0.4,0,0,0,1,0.1,0.8,93.2,1
76,43,11,5.3,2,0,0,0,5.3,0.4,4.5,512.5,1
76,46,1,0.4,0.1,0,0,0,0.4,0.1,0.4,43.5,1
76,47,20,7.8,2.2,0.6,0,0.4,7.8,1,7,869.7,1
76,48,13,5.1,1.4,0.4,0,0.3,5.1,0.7,4.6,565.3,1
76,49,4,1.6,0.4,0.1,0,0.1,1.6,0.2,1.4,173.9,1
76,53,3,1.6,0.6,0,0,0.2,1.6,0.1,1.1,144.9,1
76,57,11,5,1.9,0.3,0,0.3,5,0.9,4,473.4,1
76,59,1,0.5,0.2,0,0,0,0.5,0.1,0.4,43,1
76,67,4,2.1,0.8,0,0,0.2,2.1,0.2,1.9,228.2,1
76,68,1,0.5,0.2,0,0,0,0.5,0,0.5,57.1,1
76,74,5,1.8,0.4,0.2,0,0.1,1.8,0.2,1.4,183,1
76,76,2,0.8,0.2,0,0,0,0.8,0.1,0.8,78.7,1
76,78,5,1.9,0.5,0.1,0,0,1.9,0.2,1.9,196.8,1
76,79,1,0.4,0.1,0,0,0,0.4,0,0.4,39.4,1
76,81,3,1.3,0.5,0.1,0,0,1.3,0.3,1,121.7,1
76,85,2,0.9,0.3,0.1,0,0,0.9,0.2,0.6,81.1,1
76,87,2,0.8,0.3,0.1,0,0,0.8,0.2,0.6,95.6,1
76,91,1,0.4,0.1,0,0,0,0.4,0,0.3,46,1
76,92,8,3.5,0.8,0,0,0,3.5,0,2.8,368.2,1
76,93,2,0.9,0.2,0,0,0,0.9,0,0.7,92.1,1
76,100,1,0.4,0.1,0,0,0,0.4,0.1,0.3,43.5,1
76,103,3,1.6,0.5,0,0,0.3,1.6,0.1,1.5,165.7,1
76,104,1,0.5,0.2,0,0,0.1,0.5,0,0.5,55.2,1
76,108,1,0.5,0.2,0,0,0.1,0.5,0.1,0.3,54.2,1
76,115,2,0.8,0.1,0.1,0.1,0.1,0.7,0.1,0.5,82.8,1
76,122,2,0.9,0.1,0,0,0.1,0.9,0.2,0.7,85.9,1
76,127,4,1.5,0.3,0.1,0,0,1.5,0.2,1.1,140.8,1
77,1,3,1.3,0.4,0.1,0,0,1.3,0.1,0.9,113.1,1
77,4,2,0.9,0.3,0.1,0,0,0.9,0.1,0.6,75.4,1
77,8,2,1.2,0.7,0,0,0.1,1.2,0.2,0.9,109.5,1
77,9,2,1.2,0.7,0,0,0.1,1.2,0.2,0.9,109.5,1
77,12,1,0.4,0.2,0,0,0,0.4,0.1,0.4,41.6,1
77,18,10,3.6,0.8,0.3,0,0.2,3.6,0.7,2.7,369.9,1
77,19,11,4,0.8,0.3,0,0.2,4,0.7,2.9,406.8,1
77,23,2,0.9,0.3,0,0,0,0.9,0.2,0.6,93.7,1
77,26,6,2.6,0.8,0.3,0,0.1,2.6,0.5,1.9,254.3,1
77,27,2,0.9,0.3,0.1,0,0,0.9,0.2,0.6,84.8,1
77,31,2,0.9,0.3,0.1,0,0,0.9,0.2,0.6,84.8,1
77,34,2,0.9,0.3,0.1,0,0,0.9,0.2,0.6,84.8,1
77,35,1,0.4,0.1,0,0,0,0.4,0.1,0.3,42.4,1
77,40,7,2.5,0.7,0.3,0,0.1,2.5,0.3,2,248.4,1
77,43,2,0.9,0.2,0,0,0,0.9,0.2,0.8,83.7,1
77,46,11,3.7,0.3,0.2,0,0.5,3.7,0.2,3.1,388.7,1
77,47,31,10.3,0.9,0.4,0,1.3,10.3,0.4,8.6,1095.3,1
77,48,44,13,1,2,0,0,13,1,10,1470,0
77,52,4,1.9,0.8,0.3,0,0.3,1.9,0.5,1.1,154.4,1
77,55,5,2.3,1,0.3,0,0.3,2.3,0.7,1.3,193,1
77,56,9,3.3,0.6,0.3,0,0.2,3.3,0.2,2.7,367.2,1
77,57,3,1.1,0.2,0.1,0,0.1,1.1,0.1,0.9,122.4,1
77,74,11,4.9,1.7,0.2,0,0.2,4.9,0.6,3.8,534.3,1
77,75,4,1.8,0.6,0.1,0,0.1,1.8,0.2,1.4,194.3,1
77,79,1,0.4,0.2,0.1,0,0,0.4,0.1,0.3,37.9,1
77,82,1,0.4,0.2,0,0,0,0.4,0.1,0.3,40.6,1
77,83,3,1.3,0.5,0.1,0,0,1.3,0.3,1,121.7,1
77,88,3,1.4,0.5,0,0,0.1,1.4,0.4,1.1,146.4,1
77,89,2,1,0.3,0,0,0.1,1,0.3,0.8,97.6,1
77,93,7,2.7,0.9,0.3,0,0.1,2.7,0.6,2.1,334.7,1
77,98,5,2.4,0.9,0.2,0,0,2.4,0.7,1,211.2,1
77,99,4,1.9,0.7,0.1,0,0,1.9,0.6,0.8,169,1
77,100,4,1.9,0.7,0.1,0,0,1.9,0.6,0.8,169,1
77,104,1,0.5,0.3,0,0,0,0.5,0,0.4,52.6,1
77,105,1,0.5,0.3,0,0,0,0.5,0,0.4,52.6,1
77,106,2,0.8,0.1,0,0,0.1,0.8,0.1,0.8,80.7,1
77,108,2,0.8,0.1,0,0,0.1,0.8,0.1,0.8,80.7,1
77,111,2,1,0.4,0,0,0.1,1,0.2,0.7,108.4,1
77,112,3,1.5,0.6,0,0,0.2,1.5,0.3,1,162.7,1
77,114,1,0.5,0.2,0,0,0.1,0.5,0.1,0.3,54.2,1
77,118,1,0.3,0.1,0.1,0,0,0.3,0.1,0.3,33.6,1
77,120,5,1.5,0.3,0.3,0,0,1.5,0.3,1.3,168,1
77,121,4,1.6,0.3,0.1,0,0.1,1.6,0.2,1.2,171,1
77,122,2,0.8,0.2,0.1,0,0.1,0.8,0.1,0.6,85.5,1
77,125,3,1.2,0.2,0.1,0,0.1,1.2,0.1,0.9,128.3,1
77,126,3,1.1,0.2,0.1,0,0,1.1,0.1,0.8,105.6,1
78,6,3,1.8,1,0,0,0.1,1.8,0.3,1.4,164.2,1
78,8,1,0.6,0.3,0,0,0,0.6,0.1,0.5,54.8,1
78,10,3,1.8,1,0,0,0.1,1.8,0.3,1.4,164.2,1
78,14,8,3.6,1.4,0,0,0.2,3.6,0.5,3.1,332.8,1
78,15,1,0.4,0.2,0,0,0,0.4,0.1,0.4,41.6,1
78,17,17,6.2,1.3,0.5,0,0.3,6.2,1.1,4.6,628.8,1
78,18,22,11,5,1,0,0,11,0,9,1026,0
78,19,9.5,3.5,0.7,0.3,0,0.2,3.5,0.6,2.5,351.4,1
78,20,7,2.5,0.5,0.2,0,0.1,2.5,0.5,1.9,258.9,1
78,35,2,0.9,0.3,0.1,0,0,0.9,0.2,0.6,84.8,1
78,37,3,1.1,0.3,0.1,0,0.1,1.1,0.1,0.9,106.4,1
78,43,6,2.7,0.6,0,0,0,2.7,0.6,2.5,251,1
78,46,4,1.3,0.1,0.1,0,0.2,1.3,0.1,1.1,141.3,1
78,47,2,0.7,0.1,0,0,0.1,0.7,0,0.6,70.7,1
78,48,4,1.3,0.1,0.1,0,0.2,1.3,0.1,1.1,141.3,1
78,54,2,0.9,0.4,0.1,0,0.1,0.9,0.3,0.5,77.2,1
78,55,6,2.8,1.2,0.4,0,0.4,2.8,0.8,1.6,231.6,1
78,65,4,1.5,0.3,0.1,0,0.1,1.5,0.1,1.2,163.2,1
78,70,1,0.4,0.1,0,0,0,0.4,0,0.3,36.6,1
78,74,10,4.4,1.5,0.2,0,0.2,4.4,0.6,3.5,485.8,1
78,75,3,1.3,0.5,0.1,0,0.1,1.3,0.2,1,145.7,1
78,77,1,0.4,0.2,0.1,0,0,0.4,0.1,0.3,37.9,1
78,78,1,0.4,0.2,0.1,0,0,0.4,0.1,0.3,37.9,1
78,79,6,2.3,1.2,0.4,0,0,2.3,0.6,2,227.4,1
78,84,3,1.3,0.5,0.1,0,0,1.3,0.3,1,121.7,1
78,86,3,1.4,0.5,0,0,0.1,1.4,0.4,1.1,146.4,1
78,93,6,2.3,0.8,0.2,0,0.1,2.3,0.6,1.8,286.9,1
78,95,8,3.1,1,0.3,0,0.1,3.1,0.7,2.4,382.5,1
78,99,1,0.5,0.2,0,0,0,0.5,0.1,0.2,42.2,1
78,101,2,1,0.5,0,0,0,1,0.1,0.8,105.2,1
78,105,2,1,0.5,0,0,0,1,0.1,0.8,105.2,1
78,106,5,2.1,0.3,0,0,0.2,2.1,0.2,1.9,201.7,1
78,107,3,1.2,0.2,0,0,0.1,1.2,0.1,1.1,121,1
78,110,3,1.2,0.2,0,0,0.1,1.2,0.1,1.1,121,1
78,111,1.5,0.8,0.3,0,0,0.1,0.8,0.1,0.5,81.3,1
78,113,1,0.5,0.2,0,0,0.1,0.5,0.1,0.3,54.2,1
78,116,5,1.5,0.3,0.3,0,0,1.5,0.3,1.3,168,1
78,117,3,0.9,0.2,0.2,0,0,0.9,0.2,0.8,100.8,1
78,118,4,1.2,0.2,0.2,0,0,1.2,0.2,1.1,134.4,1
78,121,23,9.3,1.8,0.6,0,0.6,9.3,1,7.1,983.3,1
78,122,5,2,0.4,0.1,0,0.1,2,0.2,1.6,213.8,1
78,125,11,4.5,0.9,0.3,0,0.3,4.5,0.5,3.4,470.3,1
78,126,7,2.6,0.6,0.1,0,0,2.6,0.3,1.9,246.4,1
79,6,2,1.2,0.7,0,0,0.1,1.2,0.2,0.9,109.5,1
79,7,3,1.8,1,0,0,0.1,1.8,0.3,1.4,164.2,1
79,9,4,2.4,1.4,0,0,0.1,2.4,0.4,1.9,219,1
79,10,2,1.2,0.7,0,0,0.1,1.2,0.2,0.9,109.5,1
79,11,1,0.4,0.2,0,0,0,0.4,0.1,0.4,41.6,1
79,17,2,0.7,0.2,0.1,0,0,0.7,0.1,0.5,74,1
79,18,18,6.5,1.4,0.5,0,0.3,6.5,1.2,4.8,665.7,1
79,19,4,1.5,0.3,0.1,0,0.1,1.5,0.3,1.1,147.9,1
79,28,9,3.8,1.2,0.4,0,0.2,3.8,0.8,2.8,381.4,1
79,30,1,0.4,0.1,0,0,0,0.4,0.1,0.3,42.4,1
79,32,4,1.7,0.5,0.2,0,0.1,1.7,0.4,1.3,169.5,1
79,33,3,1.3,0.4,0.1,0,0.1,1.3,0.3,0.9,127.1,1
79,36,3,1.1,0.3,0.1,0,0.1,1.1,0.1,0.9,106.4,1
79,37,14,5,1.5,0.6,0,0.3,5,0.6,4.1,496.7,1
79,38,13,4.6,1.4,0.5,0,0.3,4.6,0.5,3.8,461.2,1
79,40,3,1.1,0.3,0.1,0,0.1,1.1,0.1,0.9,106.4,1
79,41,11,5,1.1,0,0,0,5,1.1,4.6,460.2,1
79,43,2,0.9,0.2,0,0,0,0.9,0.2,0.8,83.7,1
79,45,4,1.8,0.4,0,0,0,1.8,0.4,1.7,167.4,1
79,47,8,2.7,0.2,0.1,0,0.3,2.7,0.1,2.2,282.7,1
79,48,2,0.7,0.1,0,0,0.1,0.7,0,0.6,70.7,1
79,53,2,0.9,0.4,0.1,0,0.1,0.9,0.3,0.5,77.2,1
79,54,2,0.9,0.4,0.1,0,0.1,0.9,0.3,0.5,77.2,1
79,57,5,1.8,0.3,0.2,0,0.1,1.8,0.1,1.5,204,1
79,60,2,0.7,0.1,0.1,0,0,0.7,0,0.6,81.6,1
79,62,2,0.7,0.1,0.1,0,0,0.7,0,0.6,81.6,1
79,65,4,1.5,0.3,0.1,0,0.1,1.5,0.1,1.2,163.2,1
79,66,5,1.8,0.4,0.2,0,0.1,1.8,0.2,1.4,183,1
79,68,4,1.5,0.3,0.1,0,0.1,1.5,0.1,1.1,146.4,1
79,74,13,5.8,2,0.2,0,0.2,5.8,0.8,4.5,631.5,1
79,75,3,1.3,0.5,0.1,0,0.1,1.3,0.2,1,145.7,1
79,76,2,0.8,0.4,0.1,0,0,0.8,0.2,0.7,75.8,1
79,79,1,0.4,0.2,0.1,0,0,0.4,0.1,0.3,37.9,1
79,85,1,0.4,0.2,0,0,0,0.4,0.1,0.3,40.6,1
79,86,2,1,0.3,0,0,0.1,1,0.3,0.8,97.6,1
79,87,5,2.4,0.9,0,0,0.2,2.4,0.7,1.9,244,1
79,89,2,1,0.3,0,0,0.1,1,0.3,0.8,97.6,1
79,101,8,4.1,2.1,0,0,0,4.1,0.3,3.3,420.7,1
79,114,3,1.5,0.6,0,0,0.2,1.5,0.3,1,162.7,1
79,117,6,1.8,0.3,0.3,0,0,1.8,0.3,1.6,201.6,1
79,118,11,3.4,0.6,0.6,0,0,3.4,0.6,3,369.6,1
79,121,5,2,0.4,0.1,0,0.1,2,0.2,1.6,213.8,1
79,122,4,1.6,0.3,0.1,0,0.1,1.6,0.2,1.2,171,1
80,0,3,1.5,0.6,0.1,0,0,1.5,0.3,1.2,135.8,1
80,2,7,3.1,1,0.3,0,0,3.1,0.3,2,263.8,1
80,7,1,0.6,0.3,0,0,0,0.6,0.1,0.5,54.8,1
80,18,13,4.7,1,0.4,0,0.2,4.7,0.9,3.5,480.8,1
80,19,11,4,0.8,0.3,0,0.2,4,0.7,2.9,406.8,1
80,22,2,0.9,0.3,0,0,0,0.9,0.2,0.6,93.7,1
80,25,2,0.9,0.3,0,0,0,0.9,0.2,0.6,93.7,1
80,30,2,0.9,0.3,0.1,0,0,0.9,0.2,0.6,84.8,1
80,31,1.5,0.6,0.2,0.1,0,0,0.6,0.1,0.5,63.6,1
80,40,5,1.8,0.5,0.2,0,0.1,1.8,0.2,1.5,177.4,1
80,43,1,0.5,0.1,0,0,0,0.5,0.1,0.4,41.8,1
80,48,1,0.3,0,0,0,0,0.3,0,0.3,35.3,1
80,50,3,1,0.1,0,0,0.1,1,0,0.8,106,1
80,52,1,0.5,0.2,0.1,0,0.1,0.5,0.1,0.3,38.6,1
80,53,2,0.9,0.4,0.1,0,0.1,0.9,0.3,0.5,77.2,1
80,55,2,0.9,0.4,0.1,0,0.1,0.9,0.3,0.5,77.2,1
80,58,3,1.1,0.2,0.1,0,0.1,1.1,0.1,0.9,122.4,1
80,59,6,2.2,0.4,0.2,0,0.1,2.2,0.1,1.8,244.8,1
80,61,5,1.8,0.3,0.2,0,0.1,1.8,0.1,1.5,204,1
80,63,3.5,1.3,0.2,0.1,0,0.1,1.3,0.1,1,142.8,1
80,66,2,0.7,0.1,0.1,0,0,0.7,0.1,0.5,73.2,1
80,69,5,1.8,0.4,0.2,0,0.1,1.8,0.2,1.4,183,1
80,70,6,2.2,0.4,0.2,0,0.1,2.2,0.2,1.6,219.6,1
80,75,1,0.4,0.2,0,0,0,0.4,0.1,0.3,48.6,1
80,78,3,1.2,0.6,0.2,0,0,1.2,0.3,1,113.7,1
80,80,2,0.8,0.4,0.1,0,0,0.8,0.2,0.7,75.8,1
80,89,1,0.5,0.2,0,0,0,0.5,0.1,0.4,48.8,1
80,94,4,1.6,0.5,0.1,0,0.1,1.6,0.4,1.2,191.3,1
80,96,7,3.4,1.2,0.2,0,0,3.4,1,1.4,295.7,1
80,98,2,1,0.3,0.1,0,0,1,0.3,0.4,84.5,1
80,100,1,0.5,0.2,0,0,0,0.5,0.1,0.2,42.2,1
80,104,7,3.6,1.8,0,0,0,3.6,0.3,2.9,368.1,1
80,107,2,0.8,0.1,0,0,0.1,0.8,0.1,0.8,80.7,1
80,108,4,1.7,0.3,0,0,0.1,1.7,0.1,1.5,161.4,1
80,111,4,2,0.8,0,0,0.3,2,0.4,1.4,216.9,1
80,112,2,1,0.4,0,0,0.1,1,0.2,0.7,108.4,1
80,116,4,1.2,0.2,0.2,0,0,1.2,0.2,1.1,134.4,1
80,117,4,1.2,0.2,0.2,0,0,1.2,0.2,1.1,134.4,1
80,120,4,1.2,0.2,0.2,0,0,1.2,0.2,1.1,134.4,1
80,122,18,7.3,1.4,0.5,0,0.5,7.3,0.8,5.6,769.5,1
80,123,28,14,2,0,0,1,14,2,9,1186,0
80,124,15,6.1,1.2,0.4,0,0.4,6.1,0.6,4.7,641.3,1
80,125,2,0.8,0.2,0.1,0,0.1,0.8,0.1,0.6,85.5,1
80,126,5,1.8,0.4,0.1,0,0,1.8,0.2,1.3,176,1
81,5,2,0.9,0.3,0.1,0,0,0.9,0.1,0.6,75.4,1
81,10,9,5.3,3.1,0,0,0.3,5.3,0.8,4.2,492.8,1
81,11,8,3.6,1.4,0,0,0.2,3.6,0.5,3.1,332.8,1
81,17,2,0.7,0.2,0.1,0,0,0.7,0.1,0.5,74,1
81,22,1,0.5,0.1,0,0,0,0.5,0.1,0.3,46.8,1
81,24,2,0.9,0.3,0,0,0,0.9,0.2,0.6,93.7,1
81,29,6,2.6,0.8,0.3,0,0.1,2.6,0.5,1.9,254.3,1
81,31,3,1.3,0.4,0.1,0,0.1,1.3,0.3,0.9,127.1,1
81,41,2,0.9,0.2,0,0,0,0.9,0.2,0.8,83.7,1
81,43,2,0.9,0.2,0,0,0,0.9,0.2,0.8,83.7,1
81,45,1,0.5,0.1,0,0,0,0.5,0.1,0.4,41.8,1
81,46,5,1.7,0.1,0.1,0,0.2,1.7,0.1,1.4,176.7,1
81,47,1,0.3,0,0,0,0,0.3,0,0.3,35.3,1
81,53,2,0.9,0.4,0.1,0,0.1,0.9,0.3,0.5,77.2,1
81,54,2,0.9,0.4,0.1,0,0.1,0.9,0.3,0.5,77.2,1
81,58,2,0.7,0.1,0.1,0,0,0.7,0,0.6,81.6,1
81,59,1,0.4,0.1,0,0,0,0.4,0,0.3,40.8,1
81,61,4,1.5,0.3,0.1,0,0.1,1.5,0.1,1.2,163.2,1
81,62,2,0.7,0.1,0.1,0,0,0.7,0,0.6,81.6,1
81,67,1,0.4,0.1,0,0,0,0.4,0,0.3,36.6,1
81,69,4,1.5,0.3,0.1,0,0.1,1.5,0.1,1.1,146.4,1
81,73,2,0.9,0.3,0,0,0,0.9,0.1,0.7,97.2,1
81,74,2,0.9,0.3,0,0,0,0.9,0.1,0.7,97.2,1
81,75,3,1.3,0.5,0.1,0,0.1,1.3,0.2,1,145.7,1
81,76,7,2.7,1.4,0.5,0,0,2.7,0.7,2.4,265.3,1
81,78,11,4.3,2.1,0.8,0,0,4.3,1.1,3.8,416.9,1
81,79,1,0.4,0.2,0.1,0,0,0.4,0.1,0.3,37.9,1
81,80,5,2,1,0.4,0,0,2,0.5,1.7,189.5,1
81,86,1,0.5,0.2,0,0,0,0.5,0.1,0.4,48.8,1
81,89,7,3.4,1.2,0,0,0.2,3.4,1,2.7,341.6,1
81,90,3,1.4,0.5,0,0,0.1,1.4,0.4,1.1,146.4,1
81,91,1,0.4,0.1,0,0,0,0.4,0.1,0.3,47.8,1
81,93,5,1.9,0.6,0.2,0,0.1,1.9,0.5,1.5,239.1,1
81,94,2,0.8,0.3,0.1,0,0,0.8,0.2,0.6,95.6,1
81,96,4,1.9,0.7,0.1,0,0,1.9,0.6,0.8,169,1
81,98,1,0.5,0.2,0,0,0,0.5,0.1,0.2,42.2,1
81,103,3,1.6,0.8,0,0,0,1.6,0.1,1.2,157.8,1
81,104,2,1,0.5,0,0,0,1,0.1,0.8,105.2,1
81,105,1,0.5,0.3,0,0,0,0.5,0,0.4,52.6,1
81,108,2,0.8,0.1,0,0,0.1,0.8,0.1,0.8,80.7,1
81,109,3,1.2,0.2,0,0,0.1,1.2,0.1,1.1,121,1
81,110,3,1.2,0.2,0,0,0.1,1.2,0.1,1.1,121,1
81,114,1,0.5,0.2,0,0,0.1,0.5,0.1,0.3,54.2,1
81,116,1,0.3,0.1,0.1,0,0,0.3,0.1,0.3,33.6,1
81,117,4,1.2,0.2,0.2,0,0,1.2,0.2,1.1,134.4,1
81,122,14,5.7,1.1,0.4,0,0.4,5.7,0.6,4.3,598.5,1
81,123,28,12,3,0,0,5,12,1,3,1022,0
81,124,10,4.1,0.8,0.3,0,0.3,4.1,0.4,3.1,427.5,1
82,2,5,2.1,0.9,0.4,0,0.1,2.1,0.2,1.9,204.5,1
82,4,1,0.4,0.2,0.1,0,0,0.4,0,0.4,40.9,1
82,6,1,0.4,0.1,0.1,0,0,0.4,0.1,0.3,39,1
82,7,4,1.5,0.4,0.2,0,0.1,1.5,0.2,1.2,155.9,1
82,9,3,1.1,0.3,0.2,0,0,1.1,0.2,0.9,116.9,1
82,10,2,0.8,0.2,0.1,0,0,0.8,0.1,0.6,77.9,1
82,13,3,1.2,0.2,0.1,0,0.1,1.2,0.2,0.9,162.4,1
82,14,3,1.2,0.2,0.1,0,0.1,1.2,0.2,0.9,162.4,1
82,23,2,0.9,0.2,0.1,0,0,0.9,0.1,0.8,84.9,1
82,27,1,0.4,0.1,0,0,0.1,0.4,0.1,0.3,45.4,1
82,34,4,1.7,0.3,0.1,0,0.2,1.7,0.5,1.4,181.7,1
82,35,7,3,0.6,0.2,0,0.4,3,0.8,2.4,318.1,1
82,37,2,0.9,0.3,0,0,0,0.9,0.1,0.7,93,1
82,40,3,1.3,0.4,0.1,0,0,1.3,0.1,1,139.5,1
82,46,6,1.9,0.2,0.3,0,0,1.9,0.2,1.8,197.8,1
82,56,16,6.3,1.3,0.6,0,0.6,6.3,1.3,6.3,593.9,1
82,57,1,0.4,0.1,0,0,0,0.4,0.1,0.4,37.1,1
82,61,2,0.8,0.2,0.1,0,0.1,0.8,0.2,0.8,74.2,1
82,69,1,0.5,0.1,0,0,0,0.5,0.1,0.3,49.2,1
82,72,3,1.5,0.4,0.1,0,0.1,1.5,0.2,1,147.7,1
82,74,4,2,0.6,0.1,0,0.2,2,0.3,1.4,196.9,1
82,78,4,1.8,0.5,0,0,0,1.8,0.3,1.5,189.2,1
82,83,2,0.8,0.2,0.1,0,0,0.8,0.2,0.6,89.6,1
82,85,1,0.4,0.1,0,0,0,0.4,0.1,0.3,44.8,1
82,96,6,2.6,0.7,0.2,0,0.4,2.6,0.2,1.8,259.5,1
82,99,8.5,3.6,1,0.3,0,0.6,3.6,0.3,2.5,367.6,1
82,100,7,3,0.8,0.2,0,0.5,3,0.2,2.1,302.8,1
82,103,1,0.4,0.1,0.1,0,0,0.4,0,0.2,36.5,1
82,109,9,4.2,1.5,0.2,0,0.2,4.2,0.4,3.3,364.2,1
82,111,1,0.4,0.1,0,0,0,0.4,0,0.3,46.7,1
82,112,2,0.8,0.1,0,0,0,0.8,0,0.7,93.5,1
82,115,3,1.2,0.2,0.1,0,0,1.2,0.1,1,140.2,1
82,116,5,2.4,1,0,0,0.1,2.4,0.2,1.9,214,1
82,120,1,0.5,0.2,0,0,0,0.5,0,0.4,42.8,1
82,124,6,2.2,0.3,0,0,0,2.2,0.2,1.3,220.7,1
82,126,3,1.3,0.5,0,0,0,1.3,0.1,1,130.7,1
83,1,8,3.4,1.4,0.6,0,0.2,3.4,0.4,3,327.2,1
83,2,6,2.5,1,0.4,0,0.1,2.5,0.3,2.2,245.4,1
83,3,2,0.9,0.4,0.2,0,0,0.9,0.1,0.8,81.8,1
83,6,1,0.4,0.1,0.1,0,0,0.4,0.1,0.3,39,1
83,7,2,0.8,0.2,0.1,0,0,0.8,0.1,0.6,77.9,1
83,8,6,2.3,0.5,0.4,0,0.1,2.3,0.4,1.8,233.8,1
83,9,9,3.4,0.8,0.5,0,0.1,3.4,0.5,2.7,350.7,1
83,10,4,1.5,0.4,0.2,0,0.1,1.5,0.2,1.2,155.9,1
83,11,1,0.4,0.1,0,0,0,0.4,0.1,0.3,54.1,1
83,12,2,0.8,0.2,0,0,0,0.8,0.2,0.6,108.2,1
83,16,7,2.6,0.4,0.4,0,0.2,2.6,0.6,2.6,347.1,1
83,17,3,1.1,0.2,0.2,0,0.1,1.1,0.3,1.1,148.8,1
83,19,2,0.7,0.1,0.1,0,0.1,0.7,0.2,0.7,99.2,1
83,28,2,0.8,0.2,0.1,0,0.1,0.8,0.2,0.7,90.9,1
83,31,1.5,0.6,0.1,0,0,0.1,0.6,0.2,0.5,68.2,1
83,39,2,0.9,0.3,0,0,0,0.9,0.1,0.7,93,1
83,40,3,1.3,0.4,0.1,0,0,1.3,0.1,1,139.5,1
83,42,3,1.3,0.4,0.1,0,0,1.3,0.1,1,139.5,1
83,45,5,2.2,0.7,0.1,0,0,2.2,0.2,1.7,232.5,1
83,46,11,3.5,0.4,0.6,0,0,3.5,0.4,3.4,362.6,1
83,51,1,0.4,0.1,0,0,0.1,0.4,0,0.3,43.4,1
83,56,9,3.5,0.7,0.4,0,0.4,3.5,0.7,3.5,334.1,1
83,70,3,1.5,0.4,0.1,0,0.1,1.5,0.2,1,147.7,1
83,73,4,2,0.6,0.1,0,0.2,2,0.3,1.4,196.9,1
83,83,2,0.8,0.2,0.1,0,0,0.8,0.2,0.6,89.6,1
83,84,1,0.4,0.1,0,0,0,0.4,0.1,0.3,44.8,1
83,85,1,0.4,0.1,0,0,0,0.4,0.1,0.3,44.8,1
83,86,3.5,1.4,0.4,0.1,0,0.2,1.4,0.1,1.2,145,1
83,94,3,1.2,0.3,0.1,0,0.2,1.2,0.1,1,124.3,1
83,95,7,2.9,0.8,0.2,0,0.5,2.9,0.2,2.4,290,1
83,99,17,7.2,2,0.6,0,1.2,7.2,0.6,5.1,735.3,1
83,100,43,22,11,1,0,6,22,8,9,1834,0
83,101,8,2.9,0.4,0.4,0,0.1,2.9,0.3,2,291.8,1
83,106,4,1.9,0.7,0.1,0,0.1,1.9,0.2,1.5,161.9,1
83,113,2,0.8,0.1,0,0,0,0.8,0,0.7,93.5,1
83,114,3,1.2,0.2,0.1,0,0,1.2,0.1,1,140.2,1
83,118,3,1.4,0.6,0,0,0.1,1.4,0.1,1.1,128.4,1
83,119,1,0.5,0.2,0,0,0,0.5,0,0.4,42.8,1
83,121,2,0.7,0.1,0,0,0,0.7,0.1,0.4,73.6,1
84,2,1,0.4,0.2,0.1,0,0,0.4,0,0.4,40.9,1
84,11,3,1.2,0.2,0.1,0,0.1,1.2,0.2,0.9,162.4,1
84,12,3,1.2,0.2,0.1,0,0.1,1.2,0.2,0.9,162.4,1
84,13,5,2.1,0.4,0.1,0,0.1,2.1,0.4,1.6,270.6,1
84,18,2,0.7,0.1,0.1,0,0.1,0.7,0.2,0.7,99.2,1
84,19,2,0.7,0.1,0.1,0,0.1,0.7,0.2,0.7,99.2,1
84,21,2,0.9,0.2,0.1,0,0,0.9,0.1,0.8,84.9,1
84,22,4,1.7,0.4,0.1,0,0,1.7,0.1,1.6,169.8,1
84,30,2,0.8,0.2,0.1,0,0.1,0.8,0.2,0.7,90.9,1
84,34,4,1.7,0.3,0.1,0,0.2,1.7,0.5,1.4,181.7,1
84,35,2,0.8,0.2,0.1,0,0.1,0.8,0.2,0.7,90.9,1
84,37,2,0.9,0.3,0,0,0,0.9,0.1,0.7,93,1
84,38,5,2.2,0.7,0.1,0,0,2.2,0.2,1.7,232.5,1
84,51,6,2.6,0.8,0.3,0,0.4,2.6,0.3,1.7,260.6,1
84,52,1,0.4,0.1,0,0,0.1,0.4,0,0.3,43.4,1
84,53,5,2.2,0.6,0.2,0,0.3,2.2,0.2,1.4,217.2,1
84,56,4,1.6,0.3,0.2,0,0.2,1.6,0.3,1.6,148.5,1
84,62,2,0.8,0.2,0.1,0,0.1,0.8,0.2,0.8,74.2,1
84,73,2,1,0.3,0.1,0,0.1,1,0.2,0.7,98.4,1
84,74,5,2.5,0.7,0.2,0,0.2,2.5,0.4,1.7,246.1,1
84,80,6,2.7,0.7,0,0,0,2.7,0.4,2.3,283.9,1
84,81,2,0.8,0.2,0.1,0,0,0.8,0.2,0.6,89.6,1
84,87,1,0.4,0.1,0,0,0.1,0.4,0,0.3,41.4,1
84,90,1,0.4,0.1,0,0,0.1,0.4,0,0.3,41.4,1
84,92,2,0.8,0.2,0,0,0.1,0.8,0,0.7,82.9,1
84,93,6,2.5,0.7,0.1,0,0.4,2.5,0.1,2.1,248.6,1
84,96,1,0.4,0.1,0,0,0.1,0.4,0,0.3,43.3,1
84,97,6,2.6,0.7,0.2,0,0.4,2.6,0.2,1.8,259.5,1
84,100,23.5,10,2.7,0.8,0,1.6,10,0.8,7,1016.4,1
84,101,2,0.7,0.1,0.1,0,0,0.7,0.1,0.5,72.9,1
84,105,2,0.7,0.1,0.1,0,0,0.7,0.1,0.5,72.9,1
84,106,1,0.5,0.2,0,0,0,0.5,0,0.4,40.5,1
84,107,1,0.5,0.2,0,0,0,0.5,0,0.4,40.5,1
84,115,5,2.1,0.4,0.1,0,0,2.1,0.1,1.7,233.7,1
84,118,4,1.9,0.8,0,0,0.1,1.9,0.2,1.5,171.2,1
84,123,4,1.5,0.2,0,0,0,1.5,0.2,0.9,147.1,1
84,127,20,9,3.3,0.3,0,0.3,9,0.6,6.9,871.3,1
85,0,2,1,0.3,0,0,0.1,1,0.2,0.7,87.6,1
85,3,2,0.9,0.4,0.2,0,0,0.9,0.1,0.8,81.8,1
85,7,10,3.8,0.9,0.6,0,0.2,3.8,0.6,3,389.7,1
85,12,2,0.8,0.2,0,0,0,0.8,0.2,0.6,108.2,1
85,15,13,5.4,1.1,0.3,0,0.3,5.4,1.1,4.1,703.6,1
85,17,5,1.9,0.3,0.3,0,0.1,1.9,0.4,1.9,247.9,1
85,19,6,2.2,0.3,0.3,0,0.2,2.2,0.5,2.2,297.5,1
85,20,2,0.7,0.1,0.1,0,0.1,0.7,0.2,0.7,99.2,1
85,22,4,1.7,0.4,0.1,0,0,1.7,0.1,1.6,169.8,1
85,27,5,2.1,0.4,0.1,0,0.3,2.1,0.6,1.7,227.2,1
85,28,1,0.4,0.1,0,0,0.1,0.4,0.1,0.3,45.4,1
85,36,2,0.9,0.3,0,0,0,0.9,0.1,0.7,93,1
85,41,2,0.9,0.3,0,0,0,0.9,0.1,0.7,93,1
85,44,1,0.4,0.1,0,0,0,0.4,0,0.3,46.5,1
85,46,2,0.6,0.1,0.1,0,0,0.6,0.1,0.6,65.9,1
85,47,4,1.3,0.1,0.2,0,0,1.3,0.1,1.2,131.9,1
85,51,17.5,7.5,2.3,0.8,0,1.1,7.5,0.8,4.9,760.2,1
85,52,7,3,0.9,0.3,0,0.5,3,0.3,2,304.1,1
85,55,3,1.3,0.4,0.1,0,0.2,1.3,0.1,0.8,130.3,1
85,66,1,0.5,0.1,0,0,0,0.5,0.1,0.3,49.2,1
85,67,1,0.5,0.1,0,0,0,0.5,0.1,0.3,49.2,1
85,68,2,1,0.3,0.1,0,0.1,1,0.2,0.7,98.4,1
85,80,7,3.2,0.8,0,0,0,3.2,0.5,2.7,331.2,1
85,81,15,6.3,1.8,0.6,0,0,6.3,1.5,4.8,672,1
85,82,3,1.3,0.4,0.1,0,0,1.3,0.3,1,134.4,1
85,83,9,3.8,1.1,0.4,0,0,3.8,0.9,2.9,403.2,1
85,89,2,0.8,0.2,0,0,0.1,0.8,0,0.7,82.9,1
85,90,5,2.1,0.6,0.1,0,0.3,2.1,0.1,1.7,207.1,1
85,96,5,2.1,0.6,0.2,0,0.3,2.1,0.2,1.5,216.3,1
85,97,2,0.9,0.2,0.1,0,0.1,0.9,0.1,0.6,86.5,1
85,101,3,1.1,0.2,0.2,0,0.1,1.1,0.1,0.7,109.4,1
85,103,9,3.3,0.5,0.5,0,0.2,3.3,0.3,2.2,328.3,1
85,106,3,1.4,0.5,0.1,0,0.1,1.4,0.1,1.1,121.4,1
85,110,11,5.1,1.8,0.3,0,0.3,5.1,0.5,4.1,445.1,1
85,111,2,0.8,0.1,0,0,0,0.8,0,0.7,93.5,1
85,114,3,1.2,0.2,0.1,0,0,1.2,0.1,1,140.2,1
85,115,12,5,0.9,0.3,0,0,5,0.3,4.1,560.8,1
85,116,18,8.6,3.8,0,0,0.4,8.6,0.8,6.8,770.2,1
85,117,5,2.4,1,0,0,0.1,2.4,0.2,1.9,214,1
85,120,1,0.5,0.2,0,0,0,0.5,0,0.4,42.8,1
85,123,8,3,0.4,0,0,0,3,0.3,1.8,294.3,1
85,127,6,2.7,1,0.1,0,0.1,2.7,0.2,2.1,261.4,1
86,1,1,0.4,0.2,0.1,0,0,0.4,0,0.4,40.9,1
86,3,9,3.8,1.6,0.7,0,0.2,3.8,0.4,3.4,368.1,1
86,4,5,2.1,0.9,0.4,0,0.1,2.1,0.2,1.9,204.5,1
86,6,6,2.3,0.5,0.4,0,0.1,2.3,0.4,1.8,233.8,1
86,7,2,0.8,0.2,0.1,0,0,0.8,0.1,0.6,77.9,1
86,8,5,1.9,0.5,0.3,0,0.1,1.9,0.3,1.5,194.8,1
86,9,2,0.8,0.2,0.1,0,0,0.8,0.1,0.6,77.9,1
86,10,9,3.4,0.8,0.5,0,0.1,3.4,0.5,2.7,350.7,1
86,14,4,1.7,0.3,0.1,0,0.1,1.7,0.3,1.2,216.5,1
86,15,9,3.8,0.8,0.2,0,0.2,3.8,0.8,2.8,487.1,1
86,17,2,0.7,0.1,0.1,0,0.1,0.7,0.2,0.7,99.2,1
86,18,4,1.5,0.2,0.2,0,0.1,1.5,0.3,1.5,198.4,1
86,21,3,1.3,0.3,0.1,0,0,1.3,0.1,1.2,127.4,1
86,22,5,2.2,0.5,0.1,0,0,2.2,0.1,2.1,212.3,1
86,25,1,0.4,0.1,0,0,0,0.4,0,0.4,42.5,1
86,27,4,1.7,0.3,0.1,0,0.2,1.7,0.5,1.4,181.7,1
86,31,2,0.8,0.2,0.1,0,0.1,0.8,0.2,0.7,90.9,1
86,40,4,1.8,0.6,0.1,0,0,1.8,0.1,1.3,186,1
86,41,1,0.4,0.1,0,0,0,0.4,0,0.3,46.5,1
86,43,4,1.8,0.6,0.1,0,0,1.8,0.1,1.3,186,1
86,52,2,0.9,0.3,0.1,0,0.1,0.9,0.1,0.6,86.9,1
86,55,4,1.7,0.5,0.2,0,0.3,1.7,0.2,1.1,173.8,1
86,57,3,1.2,0.2,0.1,0,0.1,1.2,0.2,1.2,111.4,1
86,60,3,1.2,0.2,0.1,0,0.1,1.2,0.2,1.2,111.4,1
86,61,3,1.2,0.2,0.1,0,0.1,1.2,0.2,1.2,111.4,1
86,62,6,2.4,0.5,0.2,0,0.2,2.4,0.5,2.4,222.7,1
86,63,2,0.8,0.2,0.1,0,0.1,0.8,0.2,0.8,74.2,1
86,74,5,2.5,0.7,0.2,0,0.2,2.5,0.4,1.7,246.1,1
86,79,4,1.8,0.5,0,0,0,1.8,0.3,1.5,189.2,1
86,83,8,3.4,1,0.3,0,0,3.4,0.8,2.6,358.4,1
86,84,6,2.5,0.7,0.2,0,0,2.5,0.6,1.9,268.8,1
86,88,2,0.8,0.2,0,0,0.1,0.8,0,0.7,82.9,1
86,92,6,2.5,0.7,0.1,0,0.4,2.5,0.1,2.1,248.6,1
86,93,2,0.8,0.2,0,0,0.1,0.8,0,0.7,82.9,1
86,95,3,1.2,0.3,0.1,0,0.2,1.2,0.1,1,124.3,1
86,96,3,1.3,0.3,0.1,0,0.2,1.3,0.1,0.9,129.8,1
86,97,4,1.7,0.5,0.1,0,0.3,1.7,0.1,1.2,173,1
86,100,4,1.7,0.5,0.1,0,0.3,1.7,0.1,1.2,173,1
86,103,20,7.4,1.1,1.1,0,0.4,7.4,0.7,4.9,729.5,1
86,104,10,3.7,0.5,0.5,0,0.2,3.7,0.4,2.5,364.7,1
86,105,2,0.7,0.1,0.1,0,0,0.7,0.1,0.5,72.9,1
86,108,9,4.2,1.5,0.2,0,0.2,4.2,0.4,3.3,364.2,1
86,109,3,1.4,0.5,0.1,0,0.1,1.4,0.1,1.1,121.4,1
86,110,2,0.9,0.3,0,0,0,0.9,0.1,0.7,80.9,1
86,114,8,3.3,0.6,0.2,0,0,3.3,0.2,2.7,373.9,1
86,115,36.5,15,5,1,0,0,15,1,12,1503,0
86,116,5,2.4,1,0,0,0.1,2.4,0.2,1.9,214,1
86,117,4,1.9,0.8,0,0,0.1,1.9,0.2,1.5,171.2,1
86,120,1,0.5,0.2,0,0,0,0.5,0,0.4,42.8,1
86,126,3,1.3,0.5,0,0,0,1.3,0.1,1,130.7,1
87,0,13,5,1.1,0.2,0,0.2,5,0.3,3.8,491.7,1
87,5,2,1,0.3,0,0,0.1,1,0.2,1,130.3,1
87,10,3,1,0,0.1,0,0,1,0.1,0.8,107.1,1
87,12,9,2.9,0.1,0.3,0,0,2.9,0.4,2.5,321.4,1
87,13,2,0.6,0,0.1,0,0,0.6,0.1,0.6,71.4,1
87,18,2,0.9,0.3,0.1,0,0,0.9,0.2,0.7,84.7,1
87,27,4,1.6,0.3,0,0,0,1.6,0.2,1.4,162.3,1
87,30,2,0.8,0.2,0,0,0,0.8,0.1,0.7,81.1,1
87,31,7,2.7,0.7,0.5,0,0,2.7,0.4,2.1,277.4,1
87,32,4,1.6,0.4,0.3,0,0,1.6,0.2,1.2,158.5,1
87,33,1,0.4,0.1,0.1,0,0,0.4,0.1,0.3,39.6,1
87,37,3,1.4,0.5,0.2,0,0.2,1.4,0.4,1.1,120.1,1
87,38,1,0.5,0.2,0.1,0,0.1,0.5,0.1,0.4,40,1
87,46,2,0.6,0.1,0.1,0,0,0.6,0.1,0.6,65.9,1
87,47,4,1.3,0.1,0.2,0,0,1.3,0.1,1.2,131.9,1
87,48,2,0.6,0.1,0.1,0,0,0.6,0.1,0.6,65.9,1
87,51,4,1.6,0.6,0.1,0,0,1.6,0.2,1.3,146.4,1
87,55,4,1.6,0.6,0.1,0,0,1.6,0.2,1.3,146.4,1
87,57,2,0.9,0.4,0,0,0,0.9,0.1,0.6,93.6,1
87,60,9,4.2,1.6,0,0,0,4.2,0.6,2.9,421.4,1
87,61,19,7.8,1.7,0,0,0.8,7.8,1.4,5,956.1,1
87,62,23,9.5,2,0,0,1,9.5,1.7,6.1,1157.4,1
87,63,7,2.9,0.6,0,0,0.3,2.9,0.5,1.9,352.3,1
87,65,2,0.8,0.2,0,0,0.1,0.8,0.1,0.5,100.6,1
87,68,2,1,0.3,0.1,0,0.1,1,0.2,0.7,98.4,1
87,72,2,1,0.3,0.1,0,0.1,1,0.2,0.7,98.4,1
87,74,1,0.5,0.1,0,0,0,0.5,0.1,0.3,49.2,1
87,79,4,1.8,0.5,0,0,0,1.8,0.3,1.5,189.2,1
87,80,3,1.4,0.4,0,0,0,1.4,0.2,1.1,141.9,1
87,81,2,0.9,0.3,0.1,0,0.1,0.9,0.1,0.5,87.8,1
87,82,4,1.7,0.5,0.1,0,0.1,1.7,0.2,1.1,175.6,1
87,83,5,2.2,0.6,0.2,0,0.2,2.2,0.3,1.4,219.5,1
87,84,4.5,1.9,0.6,0.2,0,0.2,1.9,0.2,1.2,197.6,1
87,85,6,2.6,0.8,0.2,0,0.2,2.6,0.3,1.6,263.5,1
87,87,1,0.5,0.2,0,0,0.1,0.5,0,0.3,44.4,1
87,92,3,1.6,0.7,0,0,0,1.6,0.5,1.3,127.5,1
87,93,2,1.1,0.5,0,0,0,1.1,0.4,0.8,85,1
87,95,2,1.1,0.5,0,0,0,1.1,0.4,0.8,85,1
87,100,1,0.5,0.3,0,0,0,0.5,0.1,0.5,57.1,1
87,103,3,1.6,0.8,0.1,0,0,1.6,0.3,1.4,171.4,1
87,108,5,1.9,0.6,0.3,0,0.1,1.9,0.1,1.2,220,1
87,114,2,0.8,0.2,0.1,0,0.1,0.8,0.1,0.6,81.3,1
87,115,14,5.7,1.1,0.7,0,0.7,5.7,0.7,4.3,569.3,1
87,117,3.5,1.3,0.2,0,0,0,1.3,0.1,0.8,128.8,1
87,120,3,1.1,0.2,0,0,0,1.1,0.1,0.7,110.4,1
88,0,3,1.2,0.2,0,0,0,1.2,0.1,0.9,113.5,1
88,2,5,2.6,0.7,0,0,0.2,2.6,0.5,2.4,325.7,1
88,3,2,1,0.3,0,0,0.1,1,0.2,1,130.3,1
88,11,4,1.3,0.1,0.1,0,0,1.3,0.2,1.1,142.8,1
88,14,3,1,0,0.1,0,0,1,0.1,0.8,107.1,1
88,15,2,0.6,0,0.1,0,0,0.6,0.1,0.6,71.4,1
88,18,2,0.9,0.3,0.1,0,0,0.9,0.2,0.7,84.7,1
88,19,3,1.4,0.5,0.1,0,0,1.4,0.3,1.1,127.1,1
88,22,1,0.4,0.1,0,0,0,0.4,0,0.4,42.5,1
88,28,4,1.6,0.3,0,0,0,1.6,0.2,1.4,162.3,1
88,30,5,2.1,0.4,0,0,0,2.1,0.3,1.8,202.8,1
88,31,13,5,1.4,1,0,0,5,0.8,3.9,515.1,1
88,32,5,1.9,0.5,0.4,0,0,1.9,0.3,1.5,198.1,1
88,33,5,1.9,0.5,0.4,0,0,1.9,0.3,1.5,198.1,1
88,37,7,3.2,1.2,0.4,0,0.4,3.2,1,2.6,280.2,1
88,40,1,0.5,0.2,0.1,0,0.1,0.5,0.1,0.4,40,1
88,43,1,0.4,0.1,0,0,0,0.4,0,0.3,46.5,1
88,47,6,1.9,0.2,0.3,0,0,1.9,0.2,1.8,197.8,1
88,50,2,0.6,0.1,0.1,0,0,0.6,0.1,0.6,65.9,1
88,51,3,1.2,0.5,0,0,0,1.2,0.2,1,109.8,1
88,52,2,0.8,0.3,0,0,0,0.8,0.1,0.6,73.2,1
88,54,4,1.6,0.6,0.1,0,0,1.6,0.2,1.3,146.4,1
88,55,1,0.4,0.2,0,0,0,0.4,0.1,0.3,36.6,1
88,57,4,1.9,0.7,0,0,0,1.9,0.3,1.3,187.3,1
88,58,1,0.5,0.2,0,0,0,0.5,0.1,0.3,46.8,1
88,62,5,2.1,0.4,0,0,0.2,2.1,0.4,1.3,251.6,1
88,63,7,2.9,0.6,0,0,0.3,2.9,0.5,1.9,352.3,1
88,66,1,0.5,0.1,0,0,0,0.5,0.1,0.3,49.2,1
88,67,1.5,0.7,0.2,0,0,0.1,0.7,0.1,0.5,73.8,1
88,75,1,0.5,0.1,0,0,0,0.5,0.1,0.3,49.2,1
88,77,1,0.5,0.1,0,0,0,0.5,0.1,0.4,47.3,1
88,78,4,1.8,0.5,0,0,0,1.8,0.3,1.5,189.2,1
88,83,2,0.9,0.3,0.1,0,0.1,0.9,0.1,0.5,87.8,1
88,84,13,5.6,1.6,0.5,0,0.5,5.6,0.7,3.5,570.8,1
88,85,3,1.3,0.4,0.1,0,0.1,1.3,0.2,0.8,131.7,1
88,90,16,7.6,2.5,0,0,0.8,7.6,0,5.5,711.2,1
88,91,3,1.6,0.7,0,0,0,1.6,0.5,1.3,127.5,1
88,94,1,0.5,0.2,0,0,0,0.5,0.2,0.4,42.5,1
88,95,1,0.5,0.2,0,0,0,0.5,0.2,0.4,42.5,1
88,106,1,0.4,0.1,0.1,0,0,0.4,0,0.2,44,1
88,108,7,2.7,0.8,0.4,0,0.2,2.7,0.2,1.6,308,1
88,112,5,2.1,0.4,0.3,0,0.3,2.1,0.3,1.5,203.3,1
88,113,2,0.8,0.2,0.1,0,0.1,0.8,0.1,0.6,81.3,1
88,114,1,0.4,0.1,0.1,0,0.1,0.4,0.1,0.3,40.7,1
88,115,2,0.8,0.2,0.1,0,0.1,0.8,0.1,0.6,81.3,1
88,118,10,3.7,0.6,0,0,0,3.7,0.4,2.2,367.9,1
88,119,3,1.1,0.2,0,0,0,1.1,0.1,0.7,110.4,1
88,122,3,1.1,0.2,0,0,0,1.1,0.1,0.7,110.4,1
88,123,7,2.6,0.4,0,0,0,2.6,0.3,1.5,257.5,1
89,0,2,0.8,0.2,0,0,0,0.8,0,0.6,75.7,1
89,1,6,3.1,0.9,0,0,0.3,3.1,0.6,2.9,390.9,1
89,2,1,0.5,0.1,0,0,0,0.5,0.1,0.5,65.1,1
89,8,3,1,0,0.1,0,0,1,0.1,0.8,107.1,1
89,9,6,1.9,0.1,0.2,0,0,1.9,0.3,1.7,214.2,1
89,12,6,1.9,0.1,0.2,0,0,1.9,0.3,1.7,214.2,1
89,14,7,2.3,0.1,0.2,0,0,2.3,0.3,2,249.9,1
89,15,4,1.3,0.1,0.1,0,0,1.3,0.2,1.1,142.8,1
89,18,1,0.5,0.2,0,0,0,0.5,0.1,0.4,42.4,1
89,19,2,0.9,0.3,0.1,0,0,0.9,0.2,0.7,84.7,1
89,20,1,0.5,0.2,0,0,0,0.5,0.1,0.4,42.4,1
89,21,2,0.9,0.2,0.1,0,0,0.9,0.1,0.8,84.9,1
89,23,4,1.7,0.4,0.1,0,0,1.7,0.1,1.6,169.8,1
89,28,8,3.3,0.6,0,0,0,3.3,0.4,2.9,324.5,1
89,29,4,1.6,0.3,0,0,0,1.6,0.2,1.4,162.3,1
89,31,11,4.3,1.1,0.8,0,0,4.3,0.7,3.3,435.9,1
89,32,8,3.1,0.8,0.6,0,0,3.1,0.5,2.4,317,1
89,33,5,1.9,0.5,0.4,0,0,1.9,0.3,1.5,198.1,1
89,39,6,2.7,1,0.3,0,0.3,2.7,0.9,2.2,240.2,1
89,43,1,0.4,0.1,0,0,0,0.4,0,0.3,46.5,1
89,47,5,1.6,0.2,0.3,0,0,1.6,0.2,1.5,164.8,1
89,48,4,1.3,0.1,0.2,0,0,1.3,0.1,1.2,131.9,1
89,53,19,7.5,3.1,0.3,0,0,7.5,1.1,6.1,695.5,1
89,54,4,1.6,0.6,0.1,0,0,1.6,0.2,1.3,146.4,1
89,55,3,1.2,0.5,0,0,0,1.2,0.2,1,109.8,1
89,56,5,2.3,0.9,0,0,0,2.3,0.4,1.6,234.1,1
89,59,1,0.5,0.2,0,0,0,0.5,0.1,0.3,46.8,1
89,68,3,1.5,0.4,0.1,0,0.1,1.5,0.2,1,147.7,1
89,69,2,1,0.3,0.1,0,0.1,1,0.2,0.7,98.4,1
89,74,2,1,0.3,0.1,0,0.1,1,0.2,0.7,98.4,1
89,76,4,1.8,0.5,0,0,0,1.8,0.3,1.5,189.2,1
89,77,4,1.8,0.5,0,0,0,1.8,0.3,1.5,189.2,1
89,81,2,0.9,0.3,0.1,0,0.1,0.9,0.1,0.5,87.8,1
89,84,1,0.4,0.1,0,0,0,0.4,0.1,0.3,43.9,1
89,85,2,0.9,0.3,0.1,0,0.1,0.9,0.1,0.5,87.8,1
89,88,3,1.4,0.5,0,0,0.2,1.4,0,1,133.3,1
89,89,1,0.5,0.2,0,0,0.1,0.5,0,0.3,44.4,1
89,90,7,3.3,1.1,0,0,0.4,3.3,0,2.4,311.1,1
89,94,2,1.1,0.5,0,0,0,1.1,0.4,0.8,85,1
89,102,2,1,0.5,0.1,0,0,1,0.2,1,114.3,1
89,103,5,2.6,1.3,0.2,0,0,2.6,0.4,2.4,285.7,1
89,104,2,1,0.5,0.1,0,0,1,0.2,1,114.3,1
89,106,5,1.9,0.6,0.3,0,0.1,1.9,0.1,1.2,220,1
89,107,9,3.4,1.1,0.5,0,0.3,3.4,0.3,2.1,396,1
89,112,1,0.4,0.1,0.1,0,0.1,0.4,0.1,0.3,40.7,1
89,122,4,1.5,0.2,0,0,0,1.5,0.2,0.9,147.1,1
89,123,7,2.6,0.4,0,0,0,2.6,0.3,1.5,257.5,1
90,0,5,1.9,0.4,0.1,0,0.1,1.9,0.1,1.5,189.1,1
90,3,1,0.5,0.1,0,0,0,0.5,0.1,0.5,65.1,1
90,5,2,1,0.3,0,0,0.1,1,0.2,1,130.3,1
90,7,6,1.9,0.1,0.2,0,0,1.9,0.3,1.7,214.2,1
90,12,8,2.6,0.1,0.2,0,0,2.6,0.4,2.2,285.6,1
90,16,4,1.8,0.6,0.1,0,0,1.8,0.4,1.5,169.5,1
90,18,3,1.4,0.5,0.1,0,0,1.4,0.3,1.1,127.1,1
90,19,4,1.8,0.6,0.1,0,0,1.8,0.4,1.5,169.5,1
90,20,6,2.7,0.9,0.2,0,0,2.7,0.5,2.2,254.2,1
90,22,8,3.5,0.8,0.2,0,0,3.5,0.2,3.3,339.7,1
90,27,1,0.4,0.1,0,0,0,0.4,0.1,0.4,40.6,1
90,29,2,0.8,0.2,0,0,0,0.8,0.1,0.7,81.1,1
90,30,3,1.2,0.2,0,0,0,1.2,0.2,1.1,121.7,1
90,32,1,0.4,0.1,0.1,0,0,0.4,0.1,0.3,39.6,1
90,33,7,2.7,0.7,0.5,0,0,2.7,0.4,2.1,277.4,1
90,36,2,0.9,0.3,0.1,0,0.1,0.9,0.3,0.7,80.1,1
90,37,10,4.6,1.7,0.6,0,0.6,4.6,1.4,3.7,400.3,1
90,43,6,2.7,0.9,0.1,0,0,2.7,0.2,2,279,1
90,44,2,0.9,0.3,0,0,0,0.9,0.1,0.7,93,1
90,45,3,1.3,0.4,0.1,0,0,1.3,0.1,1,139.5,1
90,46,4,1.3,0.1,0.2,0,0,1.3,0.1,1.2,131.9,1
90,52,6,2.4,1,0.1,0,0,2.4,0.4,1.9,219.6,1
90,53,5,2,0.8,0.1,0,0,2,0.3,1.6,183,1
90,54,8,3.2,1.3,0.1,0,0,3.2,0.5,2.6,292.8,1
90,55,1,0.4,0.2,0,0,0,0.4,0.1,0.3,36.6,1
90,57,3,1.4,0.5,0,0,0,1.4,0.2,1,140.5,1
90,60,1,0.5,0.2,0,0,0,0.5,0.1,0.3,46.8,1
90,61,3,1.2,0.3,0,0,0.1,1.2,0.2,0.8,151,1
90,62,2,0.8,0.2,0,0,0.1,0.8,0.1,0.5,100.6,1
90,69,1,0.5,0.1,0,0,0,0.5,0.1,0.3,49.2,1
90,81,2,0.9,0.3,0.1,0,0.1,0.9,0.1,0.5,87.8,1
90,83,2,0.9,0.3,0.1,0,0.1,0.9,0.1,0.5,87.8,1
90,85,2,0.9,0.3,0.1,0,0.1,0.9,0.1,0.5,87.8,1
90,87,3,1.4,0.5,0,0,0.2,1.4,0,1,133.3,1
90,89,1,0.5,0.2,0,0,0.1,0.5,0,0.3,44.4,1
90,93,8.5,4.5,2.1,0,0,0,4.5,1.5,3.6,361.2,1
90,94,2,1.1,0.5,0,0,0,1.1,0.4,0.8,85,1
90,104,4,2.1,1,0.2,0,0,2.1,0.3,1.9,228.5,1
90,106,3,1.1,0.4,0.2,0,0.1,1.1,0.1,0.7,132,1
90,107,1,0.4,0.1,0.1,0,0,0.4,0,0.2,44,1
90,111,8,3.3,0.6,0.4,0,0.4,3.3,0.4,2.5,325.3,1
90,117,2,0.7,0.1,0,0,0,0.7,0.1,0.4,73.6,1
90,118,3,1.1,0.2,0,0,0,1.1,0.1,0.7,110.4,1
91,3,2,1,0.3,0,0,0.1,1,0.2,1,130.3,1
91,6,2,0.6,0,0.1,0,0,0.6,0.1,0.6,71.4,1
91,8,3,1,0,0.1,0,0,1,0.1,0.8,107.1,1
91,19,5,2.3,0.8,0.2,0,0,2.3,0.5,1.8,211.8,1
91,22,1,0.4,0.1,0,0,0,0.4,0,0.4,42.5,1
91,24,2,0.9,0.2,0.1,0,0,0.9,0.1,0.8,84.9,1
91,27,4,1.6,0.3,0,0,0,1.6,0.2,1.4,162.3,1
91,29,2,0.8,0.2,0,0,0,0.8,0.1,0.7,81.1,1
91,37,3,1.4,0.5,0.2,0,0.2,1.4,0.4,1.1,120.1,1
91,40,2,0.9,0.3,0.1,0,0.1,0.9,0.3,0.7,80.1,1
91,42,1,0.4,0.1,0,0,0,0.4,0,0.3,46.5,1
91,45,1,0.4,0.1,0,0,0,0.4,0,0.3,46.5,1
91,46,3,1,0.1,0.2,0,0,1,0.1,0.9,98.9,1
91,47,4,1.3,0.1,0.2,0,0,1.3,0.1,1.2,131.9,1
91,51,2,0.8,0.3,0,0,0,0.8,0.1,0.6,73.2,1
91,53,1,0.4,0.2,0,0,0,0.4,0.1,0.3,36.6,1
91,54,1,0.4,0.2,0,0,0,0.4,0.1,0.3,36.6,1
91,60,2,0.9,0.4,0,0,0,0.9,0.1,0.6,93.6,1
91,67,2,1,0.3,0.1,0,0.1,1,0.2,0.7,98.4,1
91,73,5,2.5,0.7,0.2,0,0.2,2.5,0.4,1.7,246.1,1
91,74,4,2,0.6,0.1,0,0.2,2,0.3,1.4,196.9,1
91,75,2,1,0.3,0.1,0,0.1,1,0.2,0.7,98.4,1
91,80,1,0.5,0.1,0,0,0,0.5,0.1,0.4,47.3,1
91,81,5,2.2,0.6,0.2,0,0.2,2.2,0.3,1.4,219.5,1
91,88,4,1.9,0.6,0,0,0.2,1.9,0,1.4,177.8,1
91,89,2,0.9,0.3,0,0,0.1,0.9,0,0.7,88.9,1
91,91,2,1.1,0.5,0,0,0,1.1,0.4,0.8,85,1
91,92,1,0.5,0.2,0,0,0,0.5,0.2,0.4,42.5,1
91,95,1,0.5,0.2,0,0,0,0.5,0.2,0.4,42.5,1
91,97,4,2.1,1,0.2,0,0,2.1,0.3,1.9,228.5,1
91,101,2,1,0.5,0.1,0,0,1,0.2,1,114.3,1
91,106,3,1.1,0.4,0.2,0,0.1,1.1,0.1,0.7,132,1
91,112,2,0.8,0.2,0.1,0,0.1,0.8,0.1,0.6,81.3,1
91,113,2,0.8,0.2,0.1,0,0.1,0.8,0.1,0.6,81.3,1
91,119,4,1.5,0.2,0,0,0,1.5,0.2,0.9,147.1,1
91,124,3,1.1,0.2,0,0,0,1.1,0.1,0.7,110.4,1
91,126,4,1.5,0.2,0.1,0,0.1,1.5,0.3,1.1,158.6,1
92,0,4,1.5,0.5,0.2,0,0.1,1.5,0.5,1.1,143.9,1
92,2,3,1.2,0.3,0.1,0,0.1,1.2,0.3,0.8,107.9,1
92,3,6,2.3,0.7,0.3,0,0.1,2.3,0.7,1.6,215.9,1
92,4,1,0.4,0.1,0,0,0,0.4,0.1,0.3,36,1
92,6,1,0.4,0.1,0,0,0,0.4,0,0.4,47.7,1
92,9,2,0.9,0.3,0,0,0,0.9,0,0.8,95.4,1
92,12,3,1.7,0.8,0,0,0,1.7,0.2,1,191.1,1
92,14,4,2.2,1.1,0,0,0,2.2,0.2,1.4,254.8,1
92,16,2,0.8,0.3,0.1,0,0,0.8,0,0.7,88.7,1
92,17,2,0.8,0.3,0.1,0,0,0.8,0,0.7,88.7,1
92,18,3,1.2,0.4,0.1,0,0,1.2,0.1,1,133.1,1
92,19,1,0.4,0.1,0,0,0,0.4,0,0.3,44.4,1
92,20,7,2.9,1,0.3,0,0.1,2.9,0.1,2.3,310.6,1
92,23,6,2.5,0.3,0.1,0,0.1,2.5,0.4,2,280.9,1
92,26,2,0.8,0.2,0.2,0,0,0.8,0.3,0.7,89.5,1
92,27,1,0.4,0.1,0.1,0,0,0.4,0.2,0.4,44.7,1
92,49,5,2.3,0.4,0,0,0,2.3,0.2,2.1,199.2,1
92,52,3,1.1,0.2,0.1,0,0.1,1.1,0.1,0.8,99.3,1
92,53,6,2.2,0.5,0.2,0,0.3,2.2,0.3,1.7,198.7,1
92,60,1,0.5,0.3,0,0,0,0.5,0,0.4,41.9,1
92,62,3,1.3,0.5,0.1,0,0,1.3,0.3,0.9,125.8,1
92,71,1,0.5,0.2,0.1,0,0.1,0.5,0,0.5,44.3,1
92,77,5,2.3,1,0.1,0,0.1,2.3,0.4,1.8,230.2,1
92,78,11,5.1,2.1,0.2,0,0.2,5.1,0.9,4,506.5,1
92,82,9,3.6,0.7,0.2,0,0,3.6,0.2,3.1,388.4,1
92,83,10,3.9,0.8,0.3,0,0,3.9,0.3,3.4,431.6,1
92,84,4,1.6,0.3,0.1,0,0,1.6,0.1,1.4,172.6,1
92,88,6,2.2,0.1,0.1,0,0.4,2.2,0.2,1.6,256.6,1
92,90,4,1.5,0.1,0.1,0,0.2,1.5,0.2,1.1,171.1,1
92,91,10,4,0.9,0.5,0,0.4,4,0.7,2.5,406.7,1
92,97,4,2.2,1.1,0,0,0.1,2.2,0.7,1.3,194.2,1
92,102,2,1.1,0.5,0,0,0.1,1.1,0.4,0.7,97.1,1
92,120,2,0.9,0.1,0,0,0.1,0.9,0.1,0.7,94,1
92,123,2,0.7,0.2,0.1,0,0,0.7,0,0.6,75,1
93,2,1,0.4,0.1,0,0,0,0.4,0.1,0.3,36,1
93,6,2,0.9,0.3,0,0,0,0.9,0,0.8,95.4,1
93,7,7,3.1,1,0,0,0.2,3.1,0.2,2.7,333.8,1
93,12,2,1.1,0.6,0,0,0,1.1,0.1,0.7,127.4,1
93,14,3,1.7,0.8,0,0,0,1.7,0.2,1,191.1,1
93,18,23.5,9.7,3.5,1.1,0,0.2,9.7,0.4,7.7,1042.8,1
93,19,32,14,3,1,0,1,14,1,12,1561,0
93,20,4,1.6,0.6,0.2,0,0,1.6,0.1,1.3,177.5,1
93,22,6,2.5,0.3,0.1,0,0.1,2.5,0.4,2,280.9,1
93,26,5,2,0.6,0.5,0,0,2,0.8,1.8,223.6,1
93,29,12,4.7,1.5,1.1,0,0,4.7,1.8,4.4,536.7,1
93,32,6,2.2,0.5,0.3,0,0.1,2.2,0.3,1.7,231.1,1
93,33,19,6.9,1.4,1.1,0,0.4,6.9,1.1,5.4,731.8,1
93,34,5,1.8,0.4,0.3,0,0.1,1.8,0.3,1.4,192.6,1
93,35,2,0.7,0.2,0.1,0,0,0.7,0.1,0.6,77,1
93,36,5,2.5,0.9,0,0,0.1,2.5,0.4,1.9,224.4,1
93,37,2,1,0.3,0,0,0.1,1,0.2,0.8,89.8,1
93,39,3,1.5,0.5,0,0,0.1,1.5,0.2,1.2,134.6,1
93,40,4,2,0.7,0,0,0.1,2,0.3,1.5,179.5,1
93,45,3,1.5,0.5,0,0,0.1,1.5,0.2,1.2,134.6,1
93,46,4,1.8,0.3,0,0,0,1.8,0.2,1.7,159.4,1
93,49,1,0.5,0.1,0,0,0,0.5,0,0.4,39.8,1
93,51,10,3.6,0.8,0.4,0,0.4,3.6,0.4,2.8,331.1,1
93,52,19.5,7,1.5,0.7,0,0.8,7,0.8,5.5,645.7,1
93,54,2,0.7,0.2,0.1,0,0.1,0.7,0.1,0.6,66.2,1
93,57,2,1,0.5,0.1,0,0,1,0.1,0.7,83.8,1
93,58,3,1.5,0.8,0.1,0,0,1.5,0.1,1.1,125.7,1
93,63,5,2.1,0.8,0.2,0,0,2.1,0.5,1.5,209.7,1
93,67,2,1,0.4,0.1,0,0,1,0.1,0.8,95.7,1
93,68,5,2.6,1,0.2,0,0,2.6,0.3,2.1,239.2,1
93,70,2,1,0.4,0.1,0,0,1,0.1,0.8,95.7,1
93,71,3,1.4,0.6,0.2,0,0.2,1.4,0.1,1.4,132.9,1
93,76,1,0.5,0.2,0,0,0,0.5,0.1,0.4,46,1
93,77,4,1.9,0.8,0.1,0,0.1,1.9,0.3,1.4,184.2,1
93,80,2,0.9,0.4,0,0,0,0.9,0.2,0.7,92.1,1
93,81,2,0.8,0.2,0.1,0,0,0.8,0.1,0.7,86.3,1
93,84,3,1.2,0.2,0.1,0,0,1.2,0.1,1,129.5,1
93,87,11,4.1,0.2,0.2,0,0.6,4.1,0.4,3,470.4,1
93,88,8,3,0.2,0.2,0,0.5,3,0.3,2.2,342.1,1
93,90,2,0.7,0,0,0,0.1,0.7,0.1,0.5,85.5,1
93,91,5,2,0.5,0.3,0,0.2,2,0.4,1.3,203.4,1
93,97,1,0.5,0.3,0,0,0,0.5,0.2,0.3,48.5,1
93,101,9,4.9,2.5,0,0,0.3,4.9,1.6,3,436.9,1
93,102,4,2.2,1.1,0,0,0.1,2.2,0.7,1.3,194.2,1
93,106,5,1.9,0.6,0.2,0,0,1.9,0.5,1.7,204.3,1
93,108,1,0.4,0.1,0,0,0,0.4,0.1,0.3,40.9,1
93,109,2,0.8,0.2,0.1,0,0,0.8,0.2,0.7,81.7,1
93,114,2,0.8,0.2,0.1,0,0,0.8,0.2,0.7,81.7,1
93,116,4,1.7,0.3,0,0,0.3,1.7,0.3,1.5,187.9,1
93,119,3,1.3,0.2,0,0,0.2,1.3,0.2,1.1,141,1
93,121,1,0.4,0.1,0.1,0,0,0.4,0,0.3,37.5,1
93,127,4,1.6,0.5,0.2,0.1,0.1,1.5,0.5,1.1,159.2,1
94,3,2,0.8,0.2,0.1,0,0,0.8,0.2,0.5,72,1
94,7,6,2.6,0.9,0,0,0.1,2.6,0.1,2.3,286.1,1
94,9,2,0.9,0.3,0,0,0,0.9,0,0.8,95.4,1
94,12,2,1.1,0.6,0,0,0,1.1,0.1,0.7,127.4,1
94,15,5,2.8,1.4,0,0,0,2.8,0.3,1.7,318.4,1
94,16,24.5,12,3,0,0,1,12,1,9,1272,0
94,17,5,2.1,0.7,0.2,0,0,2.1,0.1,1.6,221.9,1
94,18,34,15,7,1,0,0,15,0,13,1593,0
94,19,7,2.9,1,0.3,0,0.1,2.9,0.1,2.3,310.6,1
94,20,10.5,4.3,1.6,0.5,0,0.1,4.3,0.2,3.4,465.9,1
94,21,3,1.3,0.1,0.1,0,0.1,1.3,0.2,1,140.5,1
94,22,1,0.4,0,0,0,0,0.4,0.1,0.3,46.8,1
94,23,2,0.8,0.1,0,0,0,0.8,0.1,0.7,93.6,1
94,31,1,0.4,0.1,0.1,0,0,0.4,0.1,0.3,38.5,1
94,32,2.5,0.9,0.2,0.1,0,0,0.9,0.1,0.7,96.3,1
94,37,1,0.5,0.2,0,0,0,0.5,0.1,0.4,44.9,1
94,44,5,2.5,0.9,0,0,0.1,2.5,0.4,1.9,224.4,1
94,46,4,1.8,0.3,0,0,0,1.8,0.2,1.7,159.4,1
94,49,4,1.8,0.3,0,0,0,1.8,0.2,1.7,159.4,1
94,50,2,0.9,0.2,0,0,0,0.9,0.1,0.8,79.7,1
94,51,4,1.4,0.3,0.1,0,0.2,1.4,0.2,1.1,132.5,1
94,52,35,16,4,0,0,0,16,1,9,1645,0
94,53,17,6.1,1.3,0.6,0,0.7,6.1,0.7,4.8,562.9,1
94,54,13,4.7,1,0.5,0,0.5,4.7,0.5,3.7,430.5,1
94,55,5,1.8,0.4,0.2,0,0.2,1.8,0.2,1.4,165.6,1
94,56,1,0.5,0.3,0,0,0,0.5,0,0.4,41.9,1
94,58,4,2,1.1,0.1,0,0,2,0.1,1.5,167.6,1
94,59,1,0.5,0.3,0,0,0,0.5,0,0.4,41.9,1
94,65,4,1.7,0.6,0.1,0,0,1.7,0.4,1.2,167.8,1
94,66,1,0.5,0.2,0,0,0,0.5,0.1,0.4,47.8,1
94,67,3,1.5,0.6,0.1,0,0,1.5,0.2,1.3,143.5,1
94,68,4,2.1,0.8,0.1,0,0,2.1,0.3,1.7,191.4,1
94,75,2,0.9,0.4,0.2,0,0.2,0.9,0.1,0.9,88.6,1
94,76,2,0.9,0.4,0,0,0,0.9,0.2,0.7,92.1,1
94,77,1,0.5,0.2,0,0,0,0.5,0.1,0.4,46,1
94,80,3,1.4,0.6,0.1,0,0.1,1.4,0.3,1.1,138.1,1
94,81,2,0.8,0.2,0.1,0,0,0.8,0.1,0.7,86.3,1
94,90,15,5.6,0.3,0.3,0,0.9,5.6,0.6,4.1,641.5,1
94,94,1,0.4,0.1,0.1,0,0,0.4,0.1,0.3,40.7,1
94,109,2,0.8,0.2,0.1,0,0,0.8,0.2,0.7,81.7,1
94,110,4,1.5,0.5,0.2,0,0,1.5,0.4,1.3,163.5,1
94,113,2,0.8,0.2,0.1,0,0,0.8,0.2,0.7,81.7,1
94,114,1,0.4,0.1,0,0,0,0.4,0.1,0.3,40.9,1
94,121,5,1.8,0.4,0.4,0,0,1.8,0.1,1.6,187.4,1
94,125,4,1.4,0.4,0.3,0,0,1.4,0.1,1.3,149.9,1
95,1,4,1.5,0.5,0.2,0,0.1,1.5,0.5,1.1,143.9,1
95,2,1,0.4,0.1,0,0,0,0.4,0.1,0.3,36,1
95,3,3,1.2,0.3,0.1,0,0.1,1.2,0.3,0.8,107.9,1
95,11,2,1.1,0.6,0,0,0,1.1,0.1,0.7,127.4,1
95,12,2,1.1,0.6,0,0,0,1.1,0.1,0.7,127.4,1
95,15,130,56,21,5,0,10,56,7,9,4583,0
95,16,50,28,11,1,0,2,28,1,11,2346,0
95,17,98,39,13,6,1,2,38,10,14,3504,0
95,18,56,29,11,2,0,1,29,0,16,2530,0
95,19,7,2.9,1,0.3,0,0.1,2.9,0.1,2.3,310.6,1
95,20,1,0.4,0.1,0,0,0,0.4,0,0.3,44.4,1
95,26,9,3.5,1.1,0.8,0,0,3.5,1.4,3.3,402.5,1
95,27,1,0.4,0.1,0.1,0,0,0.4,0.2,0.4,44.7,1
95,28,3,1.2,0.4,0.3,0,0,1.2,0.5,1.1,134.2,1
95,34,1,0.4,0.1,0.1,0,0,0.4,0.1,0.3,38.5,1
95,37,2,1,0.3,0,0,0.1,1,0.2,0.8,89.8,1
95,38,2,1,0.3,0,0,0.1,1,0.2,0.8,89.8,1
95,43,2,1,0.3,0,0,0.1,1,0.2,0.8,89.8,1
95,47,2,0.9,0.2,0,0,0,0.9,0.1,0.8,79.7,1
95,51,20,7.2,1.5,0.7,0,0.8,7.2,0.8,5.6,662.3,1
95,52,27.5,12,3,1,0,3,12,2,7,1025,0
95,53,5.5,2,0.4,0.2,0,0.2,2,0.2,1.5,182.1,1
95,54,7,2.5,0.5,0.2,0,0.3,2.5,0.3,2,231.8,1
95,56,8,4,2.1,0.3,0,0,4,0.3,2.9,335.2,1
95,58,10,5,2.7,0.3,0,0,5,0.3,3.7,419,1
95,65,2,0.8,0.3,0.1,0,0,0.8,0.2,0.6,83.9,1
95,66,2,1,0.4,0.1,0,0,1,0.1,0.8,95.7,1
95,67,2,1,0.4,0.1,0,0,1,0.1,0.8,95.7,1
95,68,2,1,0.4,0.1,0,0,1,0.1,0.8,95.7,1
95,69,2,1,0.4,0.1,0,0,1,0.1,0.8,95.7,1
95,72,5,2.3,1,0.4,0,0.4,2.3,0.2,2.3,221.5,1
95,73,4,1.8,0.8,0.3,0,0.3,1.8,0.2,1.8,177.2,1
95,77,6,2.8,1.1,0.1,0,0.1,2.8,0.5,2.2,276.3,1
95,78,1,0.5,0.2,0,0,0,0.5,0.1,0.4,46,1
95,79,1,0.5,0.2,0,0,0,0.5,0.1,0.4,46,1
95,84,2,0.8,0.2,0.1,0,0,0.8,0.1,0.7,86.3,1
95,85,3,1.2,0.2,0.1,0,0,1.2,0.1,1,129.5,1
95,95,2,0.8,0.2,0.1,0,0.1,0.8,0.1,0.5,81.3,1
95,97,2,1.1,0.5,0,0,0.1,1.1,0.4,0.7,97.1,1
95,103,1,0.5,0.3,0,0,0,0.5,0.2,0.3,48.5,1
95,121,2,0.7,0.2,0.1,0,0,0.7,0,0.6,75,1
95,123,2,0.7,0.2,0.1,0,0,0.7,0,0.6,75,1
95,124,7,2.5,0.6,0.5,0,0,2.5,0.1,2.2,262.4,1
95,125,2,0.7,0.2,0.1,0,0,0.7,0,0.6,75,1
96,3,2,0.8,0.2,0.1,0,0,0.8,0.2,0.5,72,1
96,5,2,0.8,0.2,0.1,0,0,0.8,0.2,0.5,72,1
96,11,9,5.1,2.5,0,0,0,5.1,0.6,3.1,573.2,1
96,15,23,12,5,1,0,0,12,0,11,1169,0
96,16,21,8.6,3.1,1,0,0.2,8.6,0.4,6.9,931.9,1
96,17,52,21,7,2,0,2,21,4,9,1981,0
96,18,47,23,11,1,0,3,23,3,3,1582,0
96,19,13,5.3,1.9,0.6,0,0.1,5.3,0.2,4.3,576.9,1
96,25,2,0.8,0.1,0,0,0,0.8,0.1,0.7,93.6,1
96,31,4,1.4,0.3,0.2,0,0.1,1.4,0.2,1.1,154.1,1
96,33,8,2.9,0.6,0.5,0,0.2,2.9,0.5,2.3,308.1,1
96,34,4,1.4,0.3,0.2,0,0.1,1.4,0.2,1.1,154.1,1
96,36,2,1,0.3,0,0,0.1,1,0.2,0.8,89.8,1
96,41,1,0.5,0.2,0,0,0,0.5,0.1,0.4,44.9,1
96,42,4,2,0.7,0,0,0.1,2,0.3,1.5,179.5,1
96,45,1,0.5,0.2,0,0,0,0.5,0.1,0.4,44.9,1
96,46,2,0.9,0.2,0,0,0,0.9,0.1,0.8,79.7,1
96,48,2,0.9,0.2,0,0,0,0.9,0.1,0.8,79.7,1
96,52,20,7.2,1.5,0.7,0,0.8,7.2,0.8,5.6,662.3,1
96,53,10,3.6,0.8,0.4,0,0.4,3.6,0.4,2.8,331.1,1
96,66,2,1,0.4,0.1,0,0,1,0.1,0.8,95.7,1
96,68,3,1.5,0.6,0.1,0,0,1.5,0.2,1.3,143.5,1
96,70,1,0.5,0.2,0,0,0,0.5,0.1,0.4,47.8,1
96,71,6,2.8,1.2,0.5,0,0.5,2.8,0.2,2.8,265.8,1
96,74,3,1.4,0.6,0.2,0,0.2,1.4,0.1,1.4,132.9,1
96,77,5,2.3,1,0.1,0,0.1,2.3,0.4,1.8,230.2,1
96,78,5,2.3,1,0.1,0,0.1,2.3,0.4,1.8,230.2,1
96,81,2,0.8,0.2,0.1,0,0,0.8,0.1,0.7,86.3,1
96,83,1,0.4,0.1,0,0,0,0.4,0,0.3,43.2,1
96,88,5,1.9,0.1,0.1,0,0.3,1.9,0.2,1.4,213.8,1
96,94,3,1.2,0.3,0.2,0,0.1,1.2,0.2,0.8,122,1
96,100,7,3.8,1.9,0,0,0.2,3.8,1.3,2.3,339.8,1
96,105,3,1.6,0.8,0,0,0.1,1.6,0.5,1,145.6,1
96,108,2,0.8,0.2,0.1,0,0,0.8,0.2,0.7,81.7,1
96,109,5,1.9,0.6,0.2,0,0,1.9,0.5,1.7,204.3,1
96,121,7,2.5,0.6,0.5,0,0,2.5,0.1,2.2,262.4,1
96,122,9,3.2,0.8,0.6,0,0,3.2,0.2,2.9,337.3,1
96,123,10,3.6,0.9,0.7,0,0,3.6,0.2,3.2,374.8,1
96,124,5,1.8,0.4,0.4,0,0,1.8,0.1,1.6,187.4,1
96,126,5,2,0.6,0.2,0.1,0.1,1.9,0.6,1.4,199,1
97,1,3,1.9,0.9,0,0,0.2,1.9,0.7,1.2,201,1
97,8,1,0.4,0.1,0,0,0,0.4,0,0.4,47.7,1
97,11,2,0.9,0.3,0,0,0.1,0.9,0,0.8,109.9,1
97,12,1,0.5,0.1,0,0,0,0.5,0,0.4,54.9,1
97,14,4,1.9,0.6,0.1,0.1,0.1,1.8,0.1,1.6,219.7,1
97,15,32,12,1,0,0,2,12,0,12,1431,0
97,16,5,1.7,0.4,0.1,0,0.1,1.7,0.1,1.7,207.3,1
97,17,7,2.4,0.5,0.2,0,0.2,2.4,0.2,2.4,290.2,1
97,18,4,1.4,0.3,0.1,0,0.1,1.4,0.1,1.4,165.9,1
97,22,2,0.8,0.1,0,0,0,0.8,0.1,0.7,93.6,1
97,28,1,0.4,0.1,0,0,0,0.4,0,0.3,35.2,1
97,29,17,6.1,1.2,0.8,0,0,6.1,0.6,5.7,599.1,1
97,32,6,2,0.4,0.4,0,0.1,2,0.4,1.8,192.5,1
97,35,1,0.3,0.1,0.1,0,0,0.3,0.1,0.3,32.1,1
97,43,2,1,0.3,0,0,0.1,1,0.2,0.8,89.8,1
97,47,3,1.3,0.4,0.1,0,0,1.3,0.3,1,126.1,1
97,49,4,1.8,0.5,0.2,0,0,1.8,0.4,1.3,168.1,1
97,50,1,0.4,0.1,0,0,0,0.4,0.1,0.3,42,1
97,51,1,0.4,0.1,0,0,0,0.4,0.1,0.3,43.2,1
97,52,6,2.3,0.4,0.2,0,0,2.3,0.4,1.9,259,1
97,57,2,0.8,0.3,0.1,0,0,0.8,0.2,0.6,83.9,1
97,58,3,1.3,0.5,0.1,0,0,1.3,0.3,0.9,125.8,1
97,60,1,0.4,0.2,0,0,0,0.4,0.1,0.3,41.9,1
97,61,6,3.1,2.3,0.3,0,0,3.1,1.4,2.3,270.6,1
97,66,3,1.2,0.3,0.1,0,0,1.2,0.1,1,121.6,1
97,68,2,0.8,0.2,0.1,0,0,0.8,0,0.7,81.1,1
97,69,4,1.6,0.4,0.2,0,0,1.6,0.1,1.4,162.2,1
97,70,2,0.8,0.2,0.1,0,0,0.8,0,0.7,81.1,1
97,73,3,1.2,0.4,0.1,0.1,0.1,1.1,0.1,0.9,108.5,1
97,77,7,3.4,0.8,0,0,0.1,3.4,0.4,2.7,330.5,1
97,78,11,5.3,1.3,0,0,0.2,5.3,0.7,4.2,519.3,1
97,82,3,1.3,0.2,0,0,0.2,1.3,0.3,0.9,155.2,1
97,86,3,1.2,0.3,0.2,0,0.1,1.2,0.2,0.8,122,1
97,89,7,2.8,0.6,0.4,0,0.3,2.8,0.5,1.8,284.7,1
97,90,6,2.4,0.5,0.3,0,0.2,2.4,0.4,1.5,244,1
97,92,5,2,0.5,0.3,0,0.2,2,0.4,1.3,203.4,1
97,96,3,1.3,0.6,0.1,0,0.1,1.3,0.3,0.7,142.9,1
97,98,2,0.9,0.4,0,0,0,0.9,0.2,0.5,95.3,1
97,100,4,1.8,0.8,0.1,0,0.1,1.8,0.4,1,190.5,1
97,111,1,0.5,0.2,0,0,0.1,0.5,0,0.4,51.6,1
97,113,2,1.1,0.5,0,0,0.1,1.1,0.1,0.9,103.1,1
97,115,1,0.5,0.2,0,0,0.1,0.5,0,0.4,51.6,1
97,116,3,1.2,0.3,0.1,0,0.1,1.2,0,0.9,125.1,1
98,1,3,1.9,0.9,0,0,0.2,1.9,0.7,1.2,201,1
98,2,2,1.3,0.6,0,0,0.1,1.3,0.5,0.8,134,1
98,11,8,3.8,1.1,0.1,0.1,0.2,3.7,0.1,3.3,439.5,1
98,12,3,1.4,0.4,0,0,0.1,1.4,0,1.2,164.8,1
98,14,10,4.7,1.4,0.1,0.1,0.3,4.6,0.1,4.1,549.4,1
98,15,3,1.4,0.4,0,0,0.1,1.4,0,1.2,164.8,1
98,17,5,1.7,0.4,0.1,0,0.1,1.7,0.1,1.7,207.3,1
98,19,4,1.4,0.3,0.1,0,0.1,1.4,0.1,1.4,165.9,1
98,22,5,2.1,0.2,0.1,0,0.1,2.1,0.3,1.7,234.1,1
98,27,2,0.7,0.1,0.1,0,0,0.7,0.1,0.7,70.5,1
98,29,6,2.2,0.4,0.3,0,0,2.2,0.2,2,211.5,1
98,30,3,1.1,0.2,0.1,0,0,1.1,0.1,1,105.7,1
98,34,2,0.7,0.1,0.1,0,0,0.7,0.1,0.6,64.2,1
98,43,6,3,1,0,0,0.2,3,0.5,2.3,269.3,1
98,45,2,1,0.3,0,0,0.1,1,0.2,0.8,89.8,1
98,46,7,3.1,0.9,0.3,0,0,3.1,0.7,2.2,294.2,1
98,47,3,1.3,0.4,0.1,0,0,1.3,0.3,1,126.1,1
98,51,4,1.5,0.3,0.1,0,0,1.5,0.3,1.2,172.7,1
98,52,2,0.8,0.1,0.1,0,0,0.8,0.1,0.6,86.3,1
98,53,3,1.1,0.2,0.1,0,0,1.1,0.2,0.9,129.5,1
98,65,8,4.2,3,0.4,0,0,4.2,1.9,3,360.8,1
98,66,15,6,1.5,0.8,0,0,6,0.4,5.2,608.2,1
98,67,1,0.4,0.1,0,0,0,0.4,0,0.4,40.6,1
98,75,2,0.8,0.3,0.1,0.1,0,0.7,0,0.6,72.4,1
98,81,1,0.4,0.1,0,0,0.1,0.4,0.1,0.3,51.7,1
98,82,8,3.5,0.5,0,0,0.5,3.5,0.7,2.4,413.9,1
98,94,2,0.8,0.2,0.1,0,0.1,0.8,0.1,0.5,81.3,1
98,98,3,1.3,0.6,0.1,0,0.1,1.3,0.3,0.7,142.9,1
98,101,4,2.2,1.1,0,0,0,2.2,0.5,1.8,242,1
98,103,4,2.2,1.1,0,0,0,2.2,0.5,1.8,242,1
98,108,4,1.5,0.5,0.2,0,0,1.5,0.4,1.3,163.5,1
98,112,2,1.1,0.5,0,0,0.1,1.1,0.1,0.9,103.1,1
98,116,9,3.6,0.8,0.2,0,0.2,3.6,0.1,2.6,375.2,1
98,118,5,2,0.4,0.1,0,0.1,2,0,1.4,208.4,1
98,126,1,0.4,0.1,0,0,0,0.4,0.1,0.3,39.8,1
99,2,6,3.9,1.8,0,0,0.4,3.9,1.4,2.5,402,1
99,3,2,1.3,0.6,0,0,0.1,1.3,0.5,0.8,134,1
99,7,3,1.3,0.4,0,0,0.1,1.3,0.1,1.2,143,1
99,11,2,0.9,0.3,0,0,0.1,0.9,0,0.8,109.9,1
99,12,4,1.9,0.6,0.1,0.1,0.1,1.8,0.1,1.6,219.7,1
99,14,2,0.9,0.3,0,0,0.1,0.9,0,0.8,109.9,1
99,17,1,0.3,0.1,0,0,0,0.3,0,0.3,41.5,1
99,18,3,1,0.2,0.1,0,0.1,1,0.1,1,124.4,1
99,19,1,0.3,0.1,0,0,0,0.3,0,0.3,41.5,1
99,21,2,0.8,0.1,0,0,0,0.8,0.1,0.7,93.6,1
99,22,2,0.8,0.1,0,0,0,0.8,0.1,0.7,93.6,1
99,23,4,1.7,0.2,0.1,0,0.1,1.7,0.3,1.3,187.3,1
99,27,2,0.7,0.1,0.1,0,0,0.7,0.1,0.7,70.5,1
99,28,2,0.7,0.1,0.1,0,0,0.7,0.1,0.7,70.5,1
99,29,20,7.2,1.4,0.9,0,0,7.2,0.7,6.7,704.9,1
99,30,14,5,1,0.6,0,0,5,0.5,4.7,493.4,1
99,31,7,2.4,0.4,0.4,0,0.1,2.4,0.4,2.1,224.6,1
99,32,4,1.4,0.2,0.2,0,0.1,1.4,0.2,1.2,128.3,1
99,34,6,2,0.4,0.4,0,0.1,2,0.4,1.8,192.5,1
99,37,4,2,0.7,0,0,0.1,2,0.3,1.5,179.5,1
99,39,2,1,0.3,0,0,0.1,1,0.2,0.8,89.8,1
99,40,1,0.5,0.2,0,0,0,0.5,0.1,0.4,44.9,1
99,46,5,2.2,0.6,0.2,0,0,2.2,0.5,1.6,210.1,1
99,47,2,0.9,0.2,0.1,0,0,0.9,0.2,0.6,84,1
99,50,1,0.4,0.1,0,0,0,0.4,0.1,0.3,42,1
99,51,5,1.9,0.3,0.2,0,0,1.9,0.3,1.6,215.9,1
99,52,2,0.8,0.1,0.1,0,0,0.8,0.1,0.6,86.3,1
99,55,6,2.3,0.4,0.2,0,0,2.3,0.4,1.9,259,1
99,59,1,0.4,0.2,0,0,0,0.4,0.1,0.3,41.9,1
99,60,5,2.1,0.8,0.2,0,0,2.1,0.5,1.5,209.7,1
99,69,5,2,0.5,0.2,0,0,2,0.1,1.8,202.8,1
99,74,2,0.8,0.3,0.1,0.1,0,0.7,0,0.6,72.4,1
99,76,3,1.5,0.4,0,0,0.1,1.5,0.2,1.2,141.6,1
99,80,2,1,0.2,0,0,0,1,0.1,0.8,94.4,1
99,98,9.5,4.2,1.9,0.2,0,0.2,4.2,0.9,2.3,452.5,1
99,99,2,0.9,0.4,0,0,0,0.9,0.2,0.5,95.3,1
99,103,6,3.3,1.6,0,0,0,3.3,0.8,2.7,363,1
99,106,6,2.3,0.7,0.3,0,0,2.3,0.6,2,245.2,1
99,108,3,1.2,0.4,0.2,0,0,1.2,0.3,1,122.6,1
99,109,7,2.7,0.8,0.3,0,0,2.7,0.7,2.3,286.1,1
99,110,1,0.4,0.1,0,0,0,0.4,0.1,0.3,40.9,1
99,114,1,0.5,0.2,0,0,0.1,0.5,0,0.4,51.6,1
99,116,6,2.4,0.5,0.2,0,0.2,2.4,0.1,1.7,250.1,1
99,117,2,0.8,0.2,0.1,0,0.1,0.8,0,0.6,83.4,1
99,119,8.5,3.4,0.7,0.2,0,0.2,3.4,0.1,2.4,354.4,1
99,120,4,1.6,0.3,0.1,0,0.1,1.6,0,1.1,166.8,1
99,123,4,1.7,0.3,0,0,0.3,1.7,0.3,1.5,187.9,1
99,125,1,0.4,0.1,0,0,0.1,0.4,0.1,0.4,47,1
100,0,2,0.8,0.2,0,0,0,0.8,0.1,0.6,78.6,1
100,1,1,0.6,0.3,0,0,0.1,0.6,0.2,0.4,67,1
100,6,2,0.9,0.3,0,0,0,0.9,0,0.8,95.4,1
100,8,5,2.2,0.7,0,0,0.1,2.2,0.1,2,238.4,1
100,9,4,1.8,0.6,0,0,0.1,1.8,0.1,1.6,190.7,1
100,11,1,0.5,0.1,0,0,0,0.5,0,0.4,54.9,1
100,12,15,7.1,2.1,0.2,0.2,0.4,6.9,0.2,6.2,824,1
100,14,9,4.3,1.3,0.1,0.1,0.2,4.2,0.1,3.7,494.4,1
100,21,2,0.8,0.1,0,0,0,0.8,0.1,0.7,93.6,1
100,22,6,2.5,0.3,0.1,0,0.1,2.5,0.4,2,280.9,1
100,26,7,2.5,0.5,0.3,0,0,2.5,0.3,2.3,246.7,1
100,29,7,2.5,0.5,0.3,0,0,2.5,0.3,2.3,246.7,1
100,30,30,10.8,2.2,1.4,0,0,10.8,1.1,10,1057.3,1
100,31,9,3.1,0.5,0.5,0,0.2,3.1,0.5,2.7,288.7,1
100,32,4,1.4,0.2,0.2,0,0.1,1.4,0.2,1.2,128.3,1
100,33,4,1.4,0.2,0.2,0,0.1,1.4,0.2,1.2,128.3,1
100,34,2,0.7,0.1,0.1,0,0,0.7,0.1,0.6,64.2,1
100,36,2,1,0.3,0,0,0.1,1,0.2,0.8,89.8,1
100,39,2,1,0.3,0,0,0.1,1,0.2,0.8,89.8,1
100,40,2,1,0.3,0,0,0.1,1,0.2,0.8,89.8,1
100,42,4,2,0.7,0,0,0.1,2,0.3,1.5,179.5,1
100,43,3,1.5,0.5,0,0,0.1,1.5,0.2,1.2,134.6,1
100,57,4,1.7,0.6,0.1,0,0,1.7,0.4,1.2,167.8,1
100,58,2,0.8,0.3,0.1,0,0,0.8,0.2,0.6,83.9,1
100,68,3,1.2,0.3,0.1,0,0,1.2,0.1,1,121.6,1
100,69,5,2,0.5,0.2,0,0,2,0.1,1.8,202.8,1
100,73,5,2,0.7,0.2,0.2,0.1,1.8,0.1,1.4,180.9,1
100,74,7,2.8,0.9,0.3,0.3,0.2,2.5,0.2,2,253.2,1
100,76,7.5,3.6,0.9,0,0,0.2,3.6,0.5,2.9,354.1,1
100,77,1,0.5,0.1,0,0,0,0.5,0.1,0.4,47.2,1
100,83,2,0.9,0.1,0,0,0.1,0.9,0.2,0.6,103.5,1
100,84,3,1.3,0.2,0,0,0.2,1.3,0.3,0.9,155.2,1
100,85,10,4.4,0.6,0,0,0.6,4.4,0.9,2.9,517.4,1
100,88,1,0.4,0.1,0.1,0,0,0.4,0.1,0.3,40.7,1
100,92,2,0.8,0.2,0.1,0,0.1,0.8,0.1,0.5,81.3,1
100,96,1,0.4,0.2,0,0,0,0.4,0.1,0.2,47.6,1
100,97,1,0.4,0.2,0,0,0,0.4,0.1,0.2,47.6,1
100,99,6,2.7,1.2,0.1,0,0.1,2.7,0.6,1.5,285.8,1
100,100,4,1.8,0.8,0.1,0,0.1,1.8,0.4,1,190.5,1
100,102,2,1.1,0.5,0,0,0,1.1,0.3,0.9,121,1
100,103,2,1.1,0.5,0,0,0,1.1,0.3,0.9,121,1
100,106,11,4.2,1.3,0.5,0,0,4.2,1.1,3.7,449.5,1
100,111,4,2.1,1,0,0,0.3,2.1,0.1,1.7,206.3,1
100,112,3,1.6,0.8,0,0,0.2,1.6,0.1,1.3,154.7,1
100,113,2,1.1,0.5,0,0,0.1,1.1,0.1,0.9,103.1,1
100,114,6,3.2,1.5,0,0,0.4,3.2,0.2,2.6,309.4,1
100,117,1,0.4,0.1,0,0,0,0.4,0,0.3,41.7,1
100,118,20,8,1.7,0.5,0,0.5,8,0.2,5.7,833.8,1
100,119,28,15,6,0,0,0,15,1,12,1272,0
100,120,14,5.6,1.2,0.4,0,0.4,5.6,0.1,4,583.6,1
100,121,2,0.9,0.1,0,0,0.1,0.9,0.1,0.7,94,1
100,122,3.5,1.5,0.2,0,0,0.2,1.5,0.2,1.3,164.5,1
100,123,9.5,4.1,0.6,0,0,0.6,4.1,0.6,3.5,446.4,1
100,124,1,0.4,0.1,0,0,0.1,0.4,0.1,0.4,47,1
100,127,6,2.4,0.7,0.2,0.1,0.1,2.3,0.7,1.7,238.8,1
101,0,1,0.4,0.1,0,0,0,0.4,0,0.3,39.3,1
101,7,2,0.9,0.3,0,0,0,0.9,0,0.8,95.4,1
101,10,4,1.8,0.6,0,0,0.1,1.8,0.1,1.6,190.7,1
101,13,1,0.5,0.1,0,0,0,0.5,0,0.4,54.9,1
101,14,7,3.3,1,0.1,0.1,0.2,3.2,0.1,2.9,384.6,1
101,15,6,2.8,0.8,0.1,0.1,0.2,2.7,0.1,2.5,329.6,1
101,16,5,1.7,0.4,0.1,0,0.1,1.7,0.1,1.7,207.3,1
101,19,2,0.7,0.1,0,0,0,0.7,0,0.7,82.9,1
101,20,4,1.4,0.3,0.1,0,0.1,1.4,0.1,1.4,165.9,1
101,22,2,0.8,0.1,0,0,0,0.8,0.1,0.7,93.6,1
101,31,5,1.7,0.3,0.3,0,0.1,1.7,0.3,1.5,160.4,1
101,37,4,2,0.7,0,0,0.1,2,0.3,1.5,179.5,1
101,39,1,0.5,0.2,0,0,0,0.5,0.1,0.4,44.9,1
101,41,1,0.5,0.2,0,0,0,0.5,0.1,0.4,44.9,1
101,43,2,1,0.3,0,0,0.1,1,0.2,0.8,89.8,1
101,46,7,3.1,0.9,0.3,0,0,3.1,0.7,2.2,294.2,1
101,50,8,3.5,1,0.4,0,0,3.5,0.8,2.5,336.2,1
101,58,1,0.4,0.2,0,0,0,0.4,0.1,0.3,41.9,1
101,61,5,2.6,1.9,0.2,0,0,2.6,1.2,1.9,225.5,1
101,62,1,0.5,0.4,0,0,0,0.5,0.2,0.4,45.1,1
101,65,1,0.5,0.4,0,0,0,0.5,0.2,0.4,45.1,1
101,74,23,9.2,3.1,1,1,0.5,8.2,0.5,6.6,832.1,1
101,75,3,1.2,0.4,0.1,0.1,0.1,1.1,0.1,0.9,108.5,1
101,76,17,8.2,2.1,0,0,0.3,8.2,1,6.5,802.6,1
101,78,1,0.5,0.1,0,0,0,0.5,0.1,0.4,47.2,1
101,82,3,1.3,0.2,0,0,0.2,1.3,0.3,0.9,155.2,1
101,83,2,0.9,0.1,0,0,0.1,0.9,0.2,0.6,103.5,1
101,85,2,0.9,0.1,0,0,0.1,0.9,0.2,0.6,103.5,1
101,92,2,0.8,0.2,0.1,0,0.1,0.8,0.1,0.5,81.3,1
101,93,6,2.4,0.5,0.3,0,0.2,2.4,0.4,1.5,244,1
101,97,1,0.4,0.2,0,0,0,0.4,0.1,0.2,47.6,1
101,100,4,1.8,0.8,0.1,0,0.1,1.8,0.4,1,190.5,1
101,103,1,0.5,0.3,0,0,0,0.5,0.1,0.5,60.5,1
101,104,3,1.6,0.8,0,0,0,1.6,0.4,1.4,181.5,1
101,109,1,0.4,0.1,0,0,0,0.4,0.1,0.3,40.9,1
101,110,1,0.4,0.1,0,0,0,0.4,0.1,0.3,40.9,1
101,113,4,2.1,1,0,0,0.3,2.1,0.1,1.7,206.3,1
101,114,2,1.1,0.5,0,0,0.1,1.1,0.1,0.9,103.1,1
101,117,4,1.6,0.3,0.1,0,0.1,1.6,0,1.1,166.8,1
101,118,28,11.2,2.4,0.7,0,0.7,11.2,0.2,8,1167.3,1
101,119,36,17,7,1,0,2,17,2,9,1775,0
101,120,11,4.4,1,0.3,0,0.3,4.4,0.1,3.1,458.6,1
101,127,1,0.4,0.1,0,0,0,0.4,0.1,0.3,39.8,1
102,0,1,0.4,0.1,0,0,0,0.4,0,0.3,41,1
102,7,11,4,1,0.3,0,0.7,4,0.3,3.3,425.5,1
102,9,6,2.2,0.5,0.2,0,0.4,2.2,0.2,1.8,232.1,1
102,10,3,1.1,0.3,0.1,0,0.2,1.1,0.1,0.9,116,1
102,13,8,2.9,0.5,0.2,0,0.2,2.9,0.1,2.5,411.8,1
102,15,2,0.7,0.1,0.1,0,0.1,0.7,0,0.6,102.9,1
102,16,1,0.6,0.4,0,0,0,0.6,0.2,0.5,74.3,1
102,20,8,4.9,3.1,0,0,0,4.9,1.3,4,594.7,1
102,32,1,0.4,0.2,0,0,0,0.4,0.1,0.4,39.3,1
102,36,1,0.5,0.1,0,0,0,0.5,0.1,0.3,53.8,1
102,37,2,0.9,0.2,0,0,0,0.9,0.2,0.7,107.5,1
102,45,4,1.8,0.3,0,0,0.1,1.8,0.5,1.4,215.1,1
102,47,1,0.4,0.1,0,0,0.1,0.4,0,0.3,35,1
102,48,3,1.2,0.2,0.1,0,0.2,1.2,0.1,0.9,105,1
102,50,4,1.6,0.2,0.1,0,0.2,1.6,0.1,1.2,140.1,1
102,51,4,1.4,0.4,0.3,0,0.1,1.4,0.4,1.1,166.7,1
102,52,2,0.7,0.2,0.1,0,0,0.7,0.2,0.5,83.3,1
102,54,3,1.1,0.3,0.2,0,0.1,1.1,0.3,0.8,125,1
102,60,1,0.6,0.2,0,0,0,0.6,0.2,0.4,45.5,1
102,62,3,1.2,0.2,0,0,0.1,1.2,0.1,0.9,112.8,1
102,63,4,1.6,0.3,0,0,0.1,1.6,0.1,1.3,150.4,1
102,71,1,0.5,0.2,0,0,0,0.5,0,0.3,48.6,1
102,72,4,1.9,0.7,0.1,0,0.1,1.9,0.2,1.4,194.2,1
102,73,4,1.9,0.7,0.1,0,0.1,1.9,0.2,1.4,194.2,1
102,74,23,11.1,4,0.3,0,0.6,11.1,1,7.9,1116.9,1
102,75,39,14,3,0,0,1,14,0,11,1486,0
102,76,19,7.5,1.4,0.5,0.4,0.6,7.1,0.8,6,817.9,1
102,77,26,10.3,1.9,0.7,0.5,0.9,9.8,1.1,8.2,1119.2,1
102,78,21.5,8.5,1.6,0.6,0.4,0.7,8.1,0.9,6.8,925.5,1
102,79,2,0.8,0.1,0.1,0,0.1,0.8,0.1,0.6,86.1,1
102,81,9,3.7,1,0.2,0,0.3,3.7,0.5,3.2,367.9,1
102,82,15,6.1,1.6,0.3,0,0.4,6.1,0.8,5.3,613.2,1
102,85,5,2,0.5,0.1,0,0.1,2,0.3,1.8,204.4,1
102,87,6,2.2,0.1,0,0,0.3,2.2,0.3,1.6,259.1,1
102,88,4,1.5,0.1,0,0,0.2,1.5,0.2,1.1,172.7,1
102,89,4,1.5,0.1,0,0,0.2,1.5,0.2,1.1,172.7,1
102,92,10,4.4,1.3,0,0,0.3,4.4,1.8,3.3,432.8,1
102,107,4,1.3,0.3,0.3,0,0,1.3,0.2,0.9,148.4,1
102,108,1,0.3,0.1,0.1,0,0,0.3,0.1,0.2,37.1,1
102,109,1,0.3,0.1,0.1,0,0,0.3,0.1,0.2,37.1,1
102,113,2,0.9,0.2,0.1,0,0,0.9,0.1,0.8,88.4,1
102,114,1,0.5,0.1,0,0,0,0.5,0,0.4,44.2,1
102,116,1,0.4,0.2,0.1,0,0.1,0.4,0.1,0.3,42.8,1
102,119,18,8,3,1,0,1,8,1.5,5,769.5,1
102,120,4,1.8,0.7,0.2,0,0.2,1.8,0.3,1.1,171,1
102,122,3,1.2,0.4,0,0,0,1.2,0.4,0.9,130.7,1
102,123,5,2.1,0.7,0,0,0,2.1,0.6,1.5,217.8,1
102,125,4,1.6,0.6,0,0,0,1.6,0.5,1.2,174.2,1
102,127,2,0.8,0.2,0,0,0,0.8,0.1,0.6,82.4,1
103,1,3,1.1,0.2,0.1,0,0.2,1.1,0.2,0.9,123.5,1
103,2,7,2.6,0.6,0.2,0,0.4,2.6,0.4,2.1,288.1,1
103,7,8,2.9,0.7,0.2,0,0.5,2.9,0.2,2.4,309.5,1
103,8,1,0.4,0.1,0,0,0.1,0.4,0,0.3,38.7,1
103,11,3,1.1,0.2,0.1,0,0.1,1.1,0.1,0.9,154.4,1
103,13,9,3.3,0.6,0.2,0,0.2,3.3,0.2,2.8,463.3,1
103,14,4,1.5,0.3,0.1,0,0.1,1.5,0.1,1.3,205.9,1
103,23,1,0.4,0.2,0,0,0,0.4,0.1,0.4,44.5,1
103,36,3,1.4,0.2,0,0,0.1,1.4,0.3,1,161.3,1
103,47,4,1.6,0.2,0.1,0,0.2,1.6,0.1,1.2,140.1,1
103,48,3,1.2,0.2,0.1,0,0.2,1.2,0.1,0.9,105,1
103,50,1,0.4,0.1,0,0,0.1,0.4,0,0.3,35,1
103,61,1,0.4,0.1,0,0,0,0.4,0,0.3,37.6,1
103,62,4,1.6,0.3,0,0,0.1,1.6,0.1,1.3,150.4,1
103,65,3,1.2,0.2,0,0,0.1,1.2,0.1,0.9,112.8,1
103,66,7,2.8,0.6,0.3,0,0,2.8,0.6,2.2,293.3,1
103,68,1,0.4,0.1,0,0,0,0.4,0.1,0.3,41.9,1
103,70,1,0.4,0.1,0,0,0,0.4,0.1,0.3,41.9,1
103,71,10,4.8,1.7,0.1,0,0.3,4.8,0.4,3.4,485.6,1
103,72,18,8.7,3.1,0.3,0,0.5,8.7,0.8,6.2,874.1,1
103,73,12,5.8,2.1,0.2,0,0.3,5.8,0.5,4.1,582.7,1
103,74,22,10.6,3.8,0.3,0,0.6,10.6,0.9,7.5,1068.3,1
103,75,74.5,36,14,2,0,9,36,7,7,3239,0
103,76,72,33,13,2,0,5,33,4,17,3057,0
103,77,51.5,23,6,1,0,4,23,2,12,1958,0
103,78,15,6,1.1,0.4,0.3,0.5,5.7,0.6,4.7,645.7,1
103,80,2,0.8,0.1,0.1,0,0.1,0.8,0.1,0.6,86.1,1
103,81,8,3.3,0.8,0.2,0,0.2,3.3,0.5,2.8,327,1
103,85,6,2.5,0.6,0.1,0,0.2,2.5,0.3,2.1,245.3,1
103,86,2,0.7,0,0,0,0.1,0.7,0.1,0.5,86.4,1
103,87,7,2.5,0.2,0,0,0.3,2.5,0.3,1.9,302.3,1
103,91,3,1.3,0.4,0,0,0.1,1.3,0.5,1,129.8,1
103,111,8,3.8,1,0.2,0,0,3.8,0.2,3,353.5,1
103,112,3,1.4,0.4,0.1,0,0,1.4,0.1,1.1,132.6,1
103,123,2,0.8,0.3,0,0,0,0.8,0.2,0.6,87.1,1
103,125,3,1.2,0.4,0,0,0,1.2,0.4,0.9,130.7,1
104,1,6,2.3,0.5,0.2,0,0.3,2.3,0.3,1.8,247,1
104,4,2,0.8,0.2,0.1,0,0.1,0.8,0.1,0.6,82.3,1
104,5,3,1.1,0.2,0.1,0,0.2,1.1,0.2,0.9,123.5,1
104,10,11,4,1,0.3,0,0.7,4,0.3,3.3,425.5,1
104,11,7,2.6,0.5,0.2,0,0.2,2.6,0.1,2.2,360.3,1
104,13,20,7.3,1.4,0.5,0,0.5,7.3,0.3,6.3,1029.5,1
104,17,1,0.6,0.4,0,0,0,0.6,0.2,0.5,74.3,1
104,20,1,0.6,0.4,0,0,0,0.6,0.2,0.5,74.3,1
104,21,1,0.4,0.2,0,0,0,0.4,0.1,0.4,44.5,1
104,22,1,0.4,0.2,0,0,0,0.4,0.1,0.4,44.5,1
104,23,1,0.4,0.2,0,0,0,0.4,0.1,0.4,44.5,1
104,25,1,0.4,0.2,0,0,0,0.4,0.1,0.4,44.5,1
104,26,3,1.3,0.5,0.1,0,0.1,1.3,0.4,1.2,117.9,1
104,41,2,0.9,0.2,0,0,0,0.9,0.2,0.7,107.5,1
104,42,1,0.5,0.1,0,0,0,0.5,0.1,0.3,53.8,1
104,46,7,2.7,0.4,0.2,0,0.4,2.7,0.2,2.2,245.1,1
104,50,2,0.8,0.1,0.1,0,0.1,0.8,0.1,0.6,70,1
104,56,7,3.9,1.6,0.3,0,0.3,3.9,1.6,2.9,318.6,1
104,58,1,0.6,0.2,0,0,0,0.6,0.2,0.4,45.5,1
104,59,2,1.1,0.4,0.1,0,0.1,1.1,0.4,0.8,91,1
104,60,2,1.1,0.4,0.1,0,0.1,1.1,0.4,0.8,91,1
104,62,2,0.8,0.1,0,0,0.1,0.8,0,0.6,75.2,1
104,63,3,1.2,0.2,0,0,0.1,1.2,0.1,0.9,112.8,1
104,64,11,4.5,0.8,0,0,0.4,4.5,0.2,3.5,413.5,1
104,65,3,1.2,0.2,0,0,0.1,1.2,0.1,0.9,112.8,1
104,68,2,0.8,0.2,0.1,0,0,0.8,0.2,0.6,83.8,1
104,71,4,1.9,0.7,0.1,0,0.1,1.9,0.2,1.4,194.2,1
104,72,10,4.8,1.7,0.1,0,0.3,4.8,0.4,3.4,485.6,1
104,73,62,31,12,2,4,4,27,5,14,2988,0
104,74,88,55,29,1,20,4,35,5,16,4253,0
104,75,58,35,22,1,22,0,13,4,8,2439,0
104,76,95,44,17,2,8,5,36,8,8,3260,0
104,77,14,5.6,1,0.4,0.3,0.5,5.3,0.6,4.4,602.7,1
104,79,2,0.8,0.1,0.1,0,0.1,0.8,0.1,0.6,86.1,1
104,81,20,8.2,2.1,0.4,0,0.6,8.2,1.1,7,817.6,1
104,82,6,2.5,0.6,0.1,0,0.2,2.5,0.3,2.1,245.3,1
104,90,6,2.2,0.1,0,0,0.3,2.2,0.3,1.6,259.1,1
104,97,4,1.9,0.6,0,0,0.1,1.9,0.3,1.8,174,1
104,104,4,1.9,0.6,0,0,0.1,1.9,0.3,1.8,174,1
104,111,1,0.5,0.1,0,0,0,0.5,0,0.4,44.2,1
104,112,5,2.3,0.6,0.2,0,0,2.3,0.2,1.9,220.9,1
104,120,1,0.4,0.2,0.1,0,0.1,0.4,0.1,0.3,42.8,1
104,121,4,1.6,0.6,0,0,0,1.6,0.5,1.2,174.2,1
104,124,1,0.4,0.1,0,0,0,0.4,0.1,0.3,43.6,1
104,125,5,2.1,0.7,0,0,0,2.1,0.6,1.5,217.8,1
105,0,1,0.4,0.1,0,0,0,0.4,0,0.3,41,1
105,1,4,1.5,0.3,0.1,0,0.2,1.5,0.2,1.2,164.6,1
105,2,2,0.8,0.2,0.1,0,0.1,0.8,0.1,0.6,82.3,1
105,4,1,0.4,0.1,0,0,0.1,0.4,0.1,0.3,41.2,1
105,5,5,1.9,0.4,0.1,0,0.3,1.9,0.3,1.5,205.8,1
105,9,5,1.8,0.5,0.2,0,0.3,1.8,0.2,1.5,193.4,1
105,10,4,1.5,0.4,0.1,0,0.2,1.5,0.1,1.2,154.7,1
105,11,12,4.4,0.8,0.3,0,0.3,4.4,0.2,3.8,617.7,1
105,12,5,1.8,0.3,0.1,0,0.1,1.8,0.1,1.6,257.4,1
105,13,19,6.9,1.3,0.5,0,0.5,6.9,0.3,6,978,1
105,25,4,1.7,0.7,0.2,0,0,1.7,0.2,1.5,178,1
105,27,4,1.8,0.7,0.1,0,0.1,1.8,0.5,1.6,157.3,1
105,29,1,0.4,0.2,0,0,0,0.4,0.1,0.4,39.3,1
105,30,1,0.4,0.2,0,0,0,0.4,0.1,0.4,39.3,1
105,34,1,0.4,0.2,0,0,0,0.4,0.1,0.4,39.3,1
105,38,5,2.3,0.4,0,0,0.1,2.3,0.6,1.7,268.8,1
105,40,3,1.4,0.2,0,0,0.1,1.4,0.3,1,161.3,1
105,44,2,0.9,0.2,0,0,0,0.9,0.2,0.7,107.5,1
105,53,5,1.8,0.4,0.3,0,0.1,1.8,0.4,1.3,208.3,1
105,58,1,0.6,0.2,0,0,0,0.6,0.2,0.4,45.5,1
105,63,4,1.6,0.3,0,0,0.1,1.6,0.1,1.3,150.4,1
105,66,11,4.4,1,0.4,0,0,4.4,1,3.4,460.9,1
105,67,2,0.8,0.2,0.1,0,0,0.8,0.2,0.6,83.8,1
105,71,2,1,0.3,0,0,0.1,1,0.1,0.7,97.1,1
105,73,48,25,14,2,0,0,25,0,5,1966,0
105,74,53,32,15,0,5,2,27,6,19,2855,0
105,75,77,45,26,1,14,6,31,8,20,3722,0
105,76,30,19,10,0,1,1,18,1,14,1711,0
105,77,6,2.4,0.4,0.2,0.1,0.2,2.3,0.2,1.9,258.3,1
105,78,7,2.8,0.5,0.2,0.2,0.2,2.6,0.3,2.2,301.3,1
105,80,19,7.5,1.4,0.5,0.4,0.6,7.1,0.8,6,817.9,1
105,81,14,5.7,1.5,0.3,0,0.4,5.7,0.8,4.9,572.3,1
105,82,12,4.9,1.3,0.3,0,0.3,4.9,0.7,4.2,490.6,1
105,83,1,0.4,0.1,0,0,0,0.4,0.1,0.4,40.9,1
105,84,5,2,0.5,0.1,0,0.1,2,0.3,1.8,204.4,1
105,85,1,0.4,0.1,0,0,0,0.4,0.1,0.4,40.9,1
105,90,8,2.9,0.2,0,0,0.4,2.9,0.4,2.2,345.5,1
105,91,16,7,2.1,0,0,0.4,7,2.9,5.3,692.5,1
105,93,1,0.4,0.1,0,0,0,0.4,0.2,0.3,43.3,1
105,94,3,1.3,0.4,0,0,0.1,1.3,0.5,1,129.8,1
105,96,2,0.9,0.3,0,0,0.1,0.9,0.2,0.9,87,1
105,98,2,0.9,0.3,0,0,0.1,0.9,0.2,0.9,87,1
105,99,1,0.5,0.1,0,0,0,0.5,0.1,0.4,43.5,1
105,108,10,3.2,0.8,0.8,0,0,3.2,0.5,2.3,371,1
105,109,2,0.6,0.2,0.2,0,0,0.6,0.1,0.5,74.2,1
105,110,4,1.3,0.3,0.3,0,0,1.3,0.2,0.9,148.4,1
105,111,1,0.5,0.1,0,0,0,0.5,0,0.4,44.2,1
105,115,3,1.4,0.4,0.1,0,0,1.4,0.1,1.1,132.6,1
105,119,9,4,1.5,0.5,0,0.5,4,0.8,2.5,384.8,1
105,123,3,1.2,0.4,0,0,0,1.2,0.4,0.9,130.7,1
105,125,4,1.6,0.6,0,0,0,1.6,0.5,1.2,174.2,1
105,126,1,0.4,0.1,0,0,0,0.4,0,0.3,41.2,1
106,5,4,1.5,0.3,0.1,0,0.2,1.5,0.2,1.2,164.6,1
106,12,14,5.1,0.9,0.4,0,0.4,5.1,0.2,4.4,720.6,1
106,13,9,3.3,0.6,0.2,0,0.2,3.3,0.2,2.8,463.3,1
106,15,6,2.2,0.4,0.2,0,0.2,2.2,0.1,1.9,308.8,1
106,18,6,3.7,2.3,0,0,0,3.7,1,3,446,1
106,19,1,0.6,0.4,0,0,0,0.6,0.2,0.5,74.3,1
106,24,2,0.9,0.4,0.1,0,0,0.9,0.1,0.7,89,1
106,26,3,1.3,0.5,0.1,0,0.1,1.3,0.4,1.2,117.9,1
106,31,7,3.1,1.2,0.2,0,0.1,3.1,0.9,2.8,275.2,1
106,32,1,0.4,0.2,0,0,0,0.4,0.1,0.4,39.3,1
106,41,2,0.9,0.2,0,0,0,0.9,0.2,0.7,107.5,1
106,44,3,1.4,0.2,0,0,0.1,1.4,0.3,1,161.3,1
106,45,4,1.8,0.3,0,0,0.1,1.8,0.5,1.4,215.1,1
106,46,6,2.3,0.3,0.2,0,0.3,2.3,0.2,1.9,210.1,1
106,48,2,0.8,0.1,0.1,0,0.1,0.8,0.1,0.6,70,1
106,49,1.5,0.6,0.1,0,0,0.1,0.6,0,0.5,52.5,1
106,50,4,1.6,0.2,0.1,0,0.2,1.6,0.1,1.2,140.1,1
106,52,2,0.7,0.2,0.1,0,0,0.7,0.2,0.5,83.3,1
106,54,2,0.7,0.2,0.1,0,0,0.7,0.2,0.5,83.3,1
106,61,3,1.2,0.2,0,0,0.1,1.2,0.1,0.9,112.8,1
106,63,11,4.5,0.8,0,0,0.4,4.5,0.2,3.5,413.5,1
106,64,2,0.8,0.1,0,0,0.1,0.8,0,0.6,75.2,1
106,66,6,2.4,0.5,0.2,0,0,2.4,0.5,1.9,251.4,1
106,68,3,1.2,0.3,0.1,0,0,1.2,0.3,0.9,125.7,1
106,71,1,0.5,0.2,0,0,0,0.5,0,0.3,48.6,1
106,73,15,7.2,2.6,0.2,0,0.4,7.2,0.6,5.1,728.4,1
106,74,17,8.2,3,0.2,0,0.5,8.2,0.7,5.8,825.5,1
106,75,90,61,39,0,18,7,43,9,21,4171,0
106,76,71,39,17,1,0,0,39,2,10,2845,0
106,77,1,0.4,0.1,0,0,0,0.4,0,0.3,43,1
106,78,2,0.8,0.1,0.1,0,0.1,0.8,0.1,0.6,86.1,1
106,80,12,4.8,0.9,0.3,0.3,0.4,4.5,0.5,3.8,516.6,1
106,81,10,4.1,1.1,0.2,0,0.3,4.1,0.6,3.5,408.8,1
106,82,15,6.1,1.6,0.3,0,0.4,6.1,0.8,5.3,613.2,1
106,84,6,2.5,0.6,0.1,0,0.2,2.5,0.3,2.1,245.3,1
106,85,9,3.7,1,0.2,0,0.3,3.7,0.5,3.2,367.9,1
106,88,3,1.1,0.1,0,0,0.1,1.1,0.1,0.8,129.5,1
106,90,4,1.5,0.1,0,0,0.2,1.5,0.2,1.1,172.7,1
106,93,3,1.3,0.4,0,0,0.1,1.3,0.5,1,129.8,1
106,95,3,1.3,0.4,0,0,0.1,1.3,0.5,1,129.8,1
106,96,1,0.5,0.1,0,0,0,0.5,0.1,0.4,43.5,1
106,99,4,1.9,0.6,0,0,0.1,1.9,0.3,1.8,174,1
106,105,10,4.7,1.4,0,0,0.3,4.7,0.8,4.4,435,1
106,106,20.5,6.5,1.6,1.6,0,0,6.5,1,4.7,760.5,1
106,108,13,4.1,1,1,0,0,4.1,0.7,3,482.2,1
106,109,18,5.7,1.4,1.4,0,0,5.7,0.9,4.1,667.7,1
106,110,5,1.6,0.4,0.4,0,0,1.6,0.3,1.1,185.5,1
106,112,4,1.9,0.5,0.1,0,0,1.9,0.1,1.5,176.8,1
106,115,4,1.9,0.5,0.1,0,0,1.9,0.1,1.5,176.8,1
106,117,2,0.9,0.3,0.1,0,0.1,0.9,0.2,0.6,85.5,1
106,118,1,0.4,0.2,0.1,0,0.1,0.4,0.1,0.3,42.8,1
106,126,2,0.8,0.2,0,0,0,0.8,0.1,0.6,82.4,1
107,0,3,1.1,0.1,0.1,0,0,1.1,0.1,1,127.7,1
107,8,4,1.5,0.1,0,0,0.1,1.5,0,1.1,192,1
107,13,1,0.4,0.1,0,0,0.1,0.4,0,0.3,38.7,1
107,15,5,1.8,0.5,0.2,0,0.3,1.8,0.2,1.5,193.4,1
107,17,6,2.6,1.1,0.2,0,0,2.6,0.4,2.2,266.9,1
107,18,4,1.7,0.7,0.2,0,0,1.7,0.2,1.5,178,1
107,26,2,0.9,0.4,0.1,0,0,0.9,0.2,0.8,78.6,1
107,30,4,1.8,0.7,0.1,0,0.1,1.8,0.5,1.6,157.3,1
107,34,5,2.2,0.9,0.2,0,0.1,2.2,0.6,2,196.6,1
107,44,5,2.2,0.9,0.1,0.1,0.4,2.1,0.3,1.4,187.7,1
107,49,13.5,4.9,1.2,0.9,0,0.3,4.9,1.2,3.6,562.4,1
107,50,4,1.4,0.4,0.3,0,0.1,1.4,0.4,1.1,166.7,1
107,52,4,1.6,0.6,0,0,0,1.6,0,1.3,185.8,1
107,53,8,3.3,1.2,0,0,0,3.3,0,2.6,371.5,1
107,54,5,2.1,0.7,0,0,0,2.1,0,1.6,232.2,1
107,55,1,0.4,0.1,0,0,0,0.4,0,0.3,46.4,1
107,57,2,1.1,0.4,0.1,0,0.1,1.1,0.4,0.8,91,1
107,59,2,1.1,0.4,0.1,0,0.1,1.1,0.4,0.8,91,1
107,60,2,1.1,0.4,0.1,0,0.1,1.1,0.4,0.8,91,1
107,62,9,3.4,1.1,0.6,0,0,3.4,0.3,2.8,363.1,1
107,65,4,1.5,0.5,0.2,0,0,1.5,0.1,1.2,161.4,1
107,69,2,0.8,0.2,0.1,0,0,0.8,0.2,0.6,83.8,1
107,72,2,0.7,0.1,0.1,0,0.1,0.7,0,0.6,70.5,1
107,74,41,31,23,0,4,1,27,5,2,1733,0
107,75,36,19,7,1,0,2,19,0,15,1935,0
107,76,14,6,2,0.5,0.2,0.6,5.8,0.9,4.6,607.8,1
107,77,4,1.7,0.6,0.1,0,0.2,1.7,0.3,1.3,173.7,1
107,81,10,4.3,1.5,0.2,0,0,4.3,0.6,3.9,403.7,1
107,85,4,1.7,0.6,0.1,0,0,1.7,0.2,1.6,161.5,1
107,93,1,0.5,0.2,0,0,0,0.5,0.1,0.4,43.7,1
107,107,5,1.6,0.4,0.4,0,0.1,1.6,0.3,1.4,167.1,1
107,108,10,3.1,0.7,0.7,0,0.2,3.1,0.6,2.8,334.3,1
107,109,12,3.8,0.9,0.9,0,0.2,3.8,0.7,3.3,401.1,1
107,112,2,1,0.1,0.1,0,0.1,1,0.1,0.8,103,1
107,115,2,1,0.1,0.1,0,0.1,1,0.1,0.8,103,1
107,117,3,1.3,0.3,0,0,0.2,1.3,0.3,1,139.8,1
107,119,4,1.8,0.4,0,0,0.2,1.8,0.4,1.4,186.4,1
107,125,6,2.3,0.4,0,0,0.1,2.3,0.3,1.7,248.4,1
108,2,11,4.7,0.8,0.4,0,0.4,4.7,0,3.4,468.3,1
108,5,4,1.7,0.3,0.2,0,0.2,1.7,0,1.2,170.3,1
108,6,6,2.2,0.1,0,0,0.1,2.2,0,1.7,288,1
108,7,2,0.7,0,0,0,0,0.7,0,0.6,96,1
108,8,8,3,0.2,0,0,0.2,3,0,2.3,384,1
108,9,30,11,1,1,0,1,11,1,10,1223,0
108,10,9,3.3,0.2,0,0,0.2,3.3,0,2.5,432,1
108,28,2,0.9,0.4,0.1,0,0,0.9,0.2,0.8,78.6,1
108,37,4,1.8,0.3,0,0,0.1,1.8,0.5,1.4,215.1,1
108,42,6,2.7,1,0.2,0.1,0.5,2.6,0.3,1.6,225.3,1
108,44,2,0.9,0.3,0.1,0,0.2,0.9,0.1,0.5,75.1,1
108,45,3,1.3,0.5,0.1,0,0.3,1.3,0.2,0.8,112.6,1
108,54,1,0.4,0.1,0,0,0,0.4,0,0.3,46.4,1
108,57,2,1.1,0.4,0.1,0,0.1,1.1,0.4,0.8,91,1
108,58,2,1.1,0.4,0.1,0,0.1,1.1,0.4,0.8,91,1
108,59,1,0.6,0.2,0,0,0,0.6,0.2,0.4,45.5,1
108,64,2,0.8,0.2,0.1,0,0,0.8,0.1,0.6,80.7,1
108,68,7,2.8,0.6,0.3,0,0,2.8,0.6,2.2,293.3,1
108,69,4,1.6,0.4,0.1,0,0,1.6,0.4,1.2,167.6,1
108,74,8,2.8,0.3,0.5,0,0.3,2.8,0,2.5,281.9,1
108,75,30,15,5,0,0,2,15,1,5,1171,0
108,76,5,2.1,0.7,0.2,0,0.2,2.1,0.3,1.6,217.1,1
108,77,26,11,3,0,0,1,11,1,10,1064,0
108,79,4,1.7,0.6,0.1,0,0.2,1.7,0.3,1.3,173.7,1
108,80,8,3.4,1.1,0.3,0.1,0.4,3.3,0.5,2.6,347.3,1
108,81,8,3.4,1.2,0.1,0,0,3.4,0.4,3.1,323,1
108,82,2,0.9,0.3,0,0,0,0.9,0.1,0.8,80.7,1
108,83,2,0.9,0.3,0,0,0,0.9,0.1,0.8,80.7,1
108,84,3,1.3,0.4,0.1,0,0,1.3,0.2,1.2,121.1,1
108,85,1,0.4,0.1,0,0,0,0.4,0.1,0.4,40.4,1
108,88,5,2.3,0.9,0.2,0,0.2,2.3,0.4,2.1,218.5,1
108,89,1,0.5,0.2,0,0,0,0.5,0.1,0.4,43.7,1
108,97,5,2.4,0.7,0,0,0.1,2.4,0.4,2.2,217.5,1
108,98,2,0.9,0.3,0,0,0.1,0.9,0.2,0.9,87,1
108,104,1,0.5,0.2,0,0,0,0.5,0,0.5,46.1,1
108,107,4,1.3,0.3,0.3,0,0.1,1.3,0.2,1.1,133.7,1
108,108,2,0.6,0.1,0.1,0,0,0.6,0.1,0.6,66.9,1
108,111,9,4.3,0.6,0.3,0,0.6,4.3,0.3,3.4,463.7,1
108,113,2,1,0.1,0.1,0,0.1,1,0.1,0.8,103,1
108,123,6,2.3,0.4,0,0,0.1,2.3,0.3,1.7,248.4,1
108,125,22,8.4,1.4,0,0,0.5,8.4,0.9,6.1,910.9,1
108,126,6,2.6,0.6,0.2,0,0.4,2.6,0.3,2.1,250.8,1
109,2,2,0.8,0.2,0.1,0,0.1,0.8,0,0.6,85.2,1
109,9,5,1.8,0.1,0,0,0.1,1.8,0,1.4,240,1
109,10,2,0.7,0,0,0,0,0.7,0,0.6,96,1
109,13,1,0.4,0.1,0,0,0.1,0.4,0,0.3,38.7,1
109,18,10,4.3,1.8,0.4,0,0,4.3,0.6,3.7,444.9,1
109,21,1,0.4,0.2,0,0,0,0.4,0.1,0.4,44.5,1
109,24,1,0.4,0.2,0,0,0,0.4,0.1,0.4,44.5,1
109,27,3,1.3,0.5,0.1,0,0.1,1.3,0.4,1.2,117.9,1
109,31,4,1.8,0.7,0.1,0,0.1,1.8,0.5,1.6,157.3,1
109,44,12,5.3,2.1,0.3,0.2,1,5.1,0.7,3.3,450.5,1
109,47,4,1.4,0.4,0.3,0,0.1,1.4,0.4,1.1,166.7,1
109,48,3,1.1,0.3,0.2,0,0.1,1.1,0.3,0.8,125,1
109,57,2,1.1,0.4,0.1,0,0.1,1.1,0.4,0.8,91,1
109,61,7,2.6,0.9,0.4,0,0,2.6,0.2,2.2,282.4,1
109,65,7,2.6,0.9,0.4,0,0,2.6,0.2,2.2,282.4,1
109,70,2,0.8,0.2,0.1,0,0,0.8,0.2,0.6,83.8,1
109,74,18,6.4,0.7,1.1,0,0.7,6.4,0,5.6,634.2,1
109,76,11,4.7,1.6,0.4,0.1,0.5,4.6,0.7,3.6,477.6,1
109,77,17,7.3,2.4,0.6,0.2,0.7,7.1,1.1,5.6,738.1,1
109,78,3,1.3,0.4,0.1,0,0.1,1.3,0.2,1,130.3,1
109,83,2,0.9,0.3,0,0,0,0.9,0.1,0.8,80.7,1
109,84,5,2.1,0.7,0.1,0,0,2.1,0.3,1.9,201.9,1
109,90,1,0.5,0.2,0,0,0,0.5,0.1,0.4,43.7,1
109,91,8,3.7,1.4,0.4,0,0.4,3.7,0.6,3.3,349.7,1
109,95,7,3.2,1.2,0.3,0,0.3,3.2,0.5,2.9,306,1
109,101,2,1,0.4,0,0,0,1,0.1,1,92.2,1
109,103,2,1,0.4,0,0,0,1,0.1,1,92.2,1
109,104,2,1,0.4,0,0,0,1,0.1,1,92.2,1
109,111,2,1,0.1,0.1,0,0.1,1,0.1,0.8,103,1
109,114,2,1,0.1,0.1,0,0.1,1,0.1,0.8,103,1
109,115,4,1.9,0.3,0.1,0,0.3,1.9,0.1,1.5,206.1,1
109,120,3,1.3,0.3,0,0,0.2,1.3,0.3,1,139.8,1
109,121,6,2.3,0.4,0,0,0.1,2.3,0.3,1.7,248.4,1
109,127,4,1.7,0.4,0.1,0,0.3,1.7,0.2,1.4,167.2,1
110,1,2,0.8,0.2,0.1,0,0.1,0.8,0,0.6,85.2,1
110,3,2,0.8,0.2,0.1,0,0.1,0.8,0,0.6,85.2,1
110,7,6,2.2,0.1,0,0,0.1,2.2,0,1.7,288,1
110,14,10,3.6,0.9,0.3,0,0.6,3.6,0.3,3,386.8,1
110,23,7,3,1.2,0.3,0,0,3,0.4,2.6,311.4,1
110,28,1,0.4,0.2,0,0,0,0.4,0.1,0.4,39.3,1
110,29,3,1.3,0.5,0.1,0,0.1,1.3,0.4,1.2,117.9,1
110,31,4,1.8,0.7,0.1,0,0.1,1.8,0.5,1.6,157.3,1
110,39,2,0.9,0.2,0,0,0,0.9,0.2,0.7,107.5,1
110,40,1,0.5,0.1,0,0,0,0.5,0.1,0.3,53.8,1
110,42,2,0.9,0.3,0.1,0,0.2,0.9,0.1,0.5,75.1,1
110,43,21,9.3,3.6,0.6,0.3,1.8,9,1.2,5.7,788.4,1
110,44,8,3.5,1.4,0.2,0.1,0.7,3.4,0.5,2.2,300.3,1
110,45,4,1.8,0.7,0.1,0.1,0.3,1.7,0.2,1.1,150.2,1
110,47,1,0.4,0.1,0.1,0,0,0.4,0.1,0.3,41.7,1
110,51,7,2.9,1,0,0,0,2.9,0,2.3,325.1,1
110,64,3,1.1,0.4,0.2,0,0,1.1,0.1,0.9,121,1
110,73,2,0.7,0.1,0.1,0,0.1,0.7,0,0.6,70.5,1
110,74,12,4.2,0.5,0.7,0,0.5,4.2,0,3.8,422.8,1
110,77,11,4.7,1.6,0.4,0.1,0.5,4.6,0.7,3.6,477.6,1
110,78,2,0.9,0.3,0.1,0,0.1,0.9,0.1,0.7,86.8,1
110,79,1,0.4,0.1,0,0,0,0.4,0.1,0.3,43.4,1
110,81,2,0.9,0.3,0,0,0,0.9,0.1,0.8,80.7,1
110,82,4,1.7,0.6,0.1,0,0,1.7,0.2,1.6,161.5,1
110,90,3,1.4,0.5,0.1,0,0.1,1.4,0.2,1.2,131.1,1
110,92,3,1.4,0.5,0.1,0,0.1,1.4,0.2,1.2,131.1,1
110,93,2,0.9,0.3,0.1,0,0.1,0.9,0.1,0.8,87.4,1
110,94,1,0.5,0.2,0,0,0,0.5,0.1,0.4,43.7,1
110,95,2,0.9,0.3,0.1,0,0.1,0.9,0.1,0.8,87.4,1
110,101,2,1,0.4,0,0,0,1,0.1,1,92.2,1
110,103,6,3.1,1.3,0,0,0,3.1,0.3,2.9,276.5,1
110,107,6,1.9,0.4,0.4,0,0.1,1.9,0.3,1.7,200.6,1
110,114,2,1,0.1,0.1,0,0.1,1,0.1,0.8,103,1
110,115,1,0.5,0.1,0,0,0.1,0.5,0,0.4,51.5,1
110,116,5,2.2,0.5,0,0,0.3,2.2,0.5,1.7,233,1
110,117,4,1.8,0.4,0,0,0.2,1.8,0.4,1.4,186.4,1
110,118,7,3.1,0.7,0,0,0.4,3.1,0.7,2.4,326.2,1
110,121,2,0.8,0.1,0,0,0,0.8,0.1,0.6,82.8,1
111,1,5,2.1,0.4,0.2,0,0.2,2.1,0,1.5,212.9,1
111,6,2,0.7,0,0,0,0,0.7,0,0.6,96,1
111,7,2,0.7,0,0,0,0,0.7,0,0.6,96,1
111,18,6,2.6,1.1,0.2,0,0,2.6,0.4,2.2,266.9,1
111,19,5,2.2,0.9,0.2,0,0,2.2,0.3,1.9,222.5,1
111,26,3,1.3,0.5,0.1,0,0.1,1.3,0.4,1.2,117.9,1
111,31,4,1.8,0.7,0.1,0,0.1,1.8,0.5,1.6,157.3,1
111,37,7,3.2,0.5,0,0,0.1,3.2,0.8,2.4,376.4,1
111,38,3,1.4,0.2,0,0,0.1,1.4,0.3,1,161.3,1
111,39,3,1.4,0.2,0,0,0.1,1.4,0.3,1,161.3,1
111,41,1,0.4,0.2,0,0,0.1,0.4,0.1,0.3,37.5,1
111,43,6,2.7,1,0.2,0.1,0.5,2.6,0.3,1.6,225.3,1
111,47,1,0.4,0.1,0.1,0,0,0.4,0.1,0.3,41.7,1
111,51,5,2.1,0.7,0,0,0,2.1,0,1.6,232.2,1
111,52,1,0.4,0.1,0,0,0,0.4,0,0.3,46.4,1
111,54,2,0.8,0.3,0,0,0,0.8,0,0.6,92.9,1
111,68,1,0.4,0.1,0,0,0,0.4,0.1,0.3,41.9,1
111,69,6,2.4,0.5,0.2,0,0,2.4,0.5,1.9,251.4,1
111,72,9,3.2,0.4,0.5,0,0.4,3.2,0,2.8,317.1,1
111,77,5,2.1,0.7,0.2,0,0.2,2.1,0.3,1.6,217.1,1
111,79,4.5,1.9,0.6,0.1,0,0.2,1.9,0.3,1.5,195.4,1
111,80,1.5,0.6,0.2,0,0,0.1,0.6,0.1,0.5,65.1,1
111,81,9,3.8,1.3,0.2,0,0,3.8,0.5,3.5,363.3,1
111,84,2,0.9,0.3,0,0,0,0.9,0.1,0.8,80.7,1
111,94,2,0.9,0.3,0.1,0,0.1,0.9,0.1,0.8,87.4,1
111,95,5,2.3,0.9,0.2,0,0.2,2.3,0.4,2.1,218.5,1
111,99,1,0.5,0.1,0,0,0,0.5,0.1,0.4,43.5,1
111,103,3,1.6,0.7,0,0,0,1.6,0.1,1.4,138.3,1
111,104,5,2.6,1.1,0,0,0,2.6,0.2,2.4,230.4,1
111,106,11,3.5,0.8,0.8,0,0.2,3.5,0.6,3.1,367.7,1
111,110,4,1.3,0.3,0.3,0,0.1,1.3,0.2,1.1,133.7,1
111,113,1,0.5,0.1,0,0,0.1,0.5,0,0.4,51.5,1
111,115,2,1,0.1,0.1,0,0.1,1,0.1,0.8,103,1
111,118,1,0.4,0.1,0,0,0.1,0.4,0.1,0.3,46.6,1
111,120,5,2.2,0.5,0,0,0.3,2.2,0.5,1.7,233,1
111,124,1,0.4,0.1,0,0,0,0.4,0,0.3,41.4,1
111,125,4,1.5,0.3,0,0,0.1,1.5,0.2,1.1,165.6,1
112,0,4,1.8,0.4,0.1,0,0.1,1.8,0.2,1.5,189,1
112,4,2,1,0.5,0.1,0,0.1,1,0.2,0.9,112.7,1
112,7,1,0.4,0.1,0,0,0,0.4,0.1,0.3,38.5,1
112,8,6.5,2.7,0.8,0.2,0,0.3,2.7,0.5,2,250,1
112,10,5,2.1,0.7,0.2,0,0.2,2.1,0.4,1.5,192.3,1
112,11,5,2.1,0.7,0.2,0,0.2,2.1,0.4,1.5,192.3,1
112,18,2,0.7,0.1,0,0,0,0.7,0.1,0.7,94.6,1
112,19,2,0.7,0.1,0,0,0,0.7,0.1,0.7,94.6,1
112,20,3,1.1,0.2,0.1,0,0,1.1,0.1,1,141.9,1
112,24,4,1.7,0.4,0.1,0,0.2,1.7,0.4,1.4,170.7,1
112,25,2,0.8,0.2,0,0,0.1,0.8,0.2,0.7,85.4,1
112,26,2,0.7,0.1,0.1,0,0,0.7,0,0.4,76.3,1
112,29,4,1.4,0.3,0.2,0,0.1,1.4,0,0.8,152.5,1
112,36,4,1.8,0.3,0,0,0,1.8,0.3,1.6,206.8,1
112,37,2,0.9,0.2,0,0,0,0.9,0.2,0.8,103.4,1
112,43,7,3.2,0.5,0,0,0,3.2,0.5,2.9,361.8,1
112,47,2,0.7,0.2,0.1,0,0,0.7,0.2,0.6,83.8,1
112,61,6,2.7,1,0,0,0,2.7,0.6,2.3,244.3,1
112,65,3,1.3,0.5,0,0,0,1.3,0.3,1.1,122.2,1
112,67,2,0.9,0.3,0,0,0,0.9,0.3,0.7,87.6,1
112,68,6,2.8,0.9,0,0,0,2.8,0.8,2,262.9,1
112,69,2,0.9,0.3,0,0,0,0.9,0.3,0.7,87.6,1
112,78,2,0.8,0.1,0,0,0.1,0.8,0.2,0.6,82.6,1
112,80,4,1.5,0.2,0.1,0,0.1,1.5,0.4,1.2,165.3,1
112,86,3,1.5,0.5,0.1,0,0.1,1.5,0.1,1.3,144.3,1
112,87,1,0.5,0.2,0,0,0,0.5,0,0.4,48.1,1
112,88,1,0.5,0.2,0,0,0,0.5,0,0.4,48.1,1
112,91,6,2.7,0.8,0.2,0,0,2.7,0.5,2.3,216.7,1
112,94,1,0.4,0.1,0,0,0,0.4,0.1,0.4,36.1,1
112,99,5,2.4,0.8,0.2,0,0.2,2.4,0.3,1.9,219.1,1
112,106,3,1.4,0.4,0,0,0,1.4,0.1,1,130.8,1
112,117,11,3.9,0.6,0.3,0,0,3.9,0.3,2.4,379.4,1
112,118,3,1.1,0.2,0.1,0,0,1.1,0.1,0.6,103.5,1
112,120,7,2.5,0.4,0.2,0,0,2.5,0.2,1.5,241.4,1
112,121,2,0.9,0.1,0,0,0.1,0.9,0.1,0.5,86.3,1
112,122,1,0.4,0.1,0,0,0,0.4,0.1,0.3,43.2,1
112,124,13,5.6,0.7,0.2,0,0.3,5.6,0.7,3.5,561.2,1
112,125,2,0.9,0.1,0,0,0.1,0.9,0.1,0.5,86.3,1
113,2,1,0.5,0.2,0.1,0,0,0.5,0.1,0.4,56.3,1
113,3,7,3.4,1.6,0.4,0,0.2,3.4,0.8,3,394.4,1
113,6,4,1.7,0.5,0.1,0,0.2,1.7,0.3,1.2,153.8,1
113,7,11,4.7,1.4,0.4,0,0.5,4.7,0.9,3.4,423,1
113,8,3,1.3,0.4,0.1,0,0.1,1.3,0.2,0.9,115.4,1
113,9,2,0.8,0.3,0.1,0,0.1,0.8,0.2,0.6,76.9,1
113,14,4,1.7,0.5,0.1,0,0.2,1.7,0.3,1.2,153.8,1
113,17,2,0.7,0.1,0,0,0,0.7,0.1,0.7,94.6,1
113,18,2,0.7,0.1,0,0,0,0.7,0.1,0.7,94.6,1
113,28,11,3.9,0.7,0.5,0,0.2,3.9,0,2.1,419.4,1
113,29,5,1.8,0.3,0.2,0,0.1,1.8,0,1,190.6,1
113,32,7,3.7,1.2,0,0.2,0.5,3.5,0.7,3.2,418.5,1
113,35,1,0.5,0.2,0,0,0.1,0.5,0.1,0.5,59.8,1
113,37,2,0.9,0.2,0,0,0,0.9,0.2,0.8,103.4,1
113,39,2,0.9,0.2,0,0,0,0.9,0.2,0.8,103.4,1
113,40,4,1.8,0.3,0,0,0,1.8,0.3,1.6,206.8,1
113,42,1,0.5,0.1,0,0,0,0.5,0.1,0.4,51.7,1
113,46,8,3,0.8,0.4,0,0,3,1,2.4,335.2,1
113,61,6,2.7,1,0,0,0,2.7,0.6,2.3,244.3,1
113,62,5,2.2,0.9,0,0,0,2.2,0.5,1.9,203.6,1
113,65,1,0.4,0.2,0,0,0,0.4,0.1,0.4,40.7,1
113,66,2,0.9,0.3,0,0,0,0.9,0.3,0.7,87.6,1
113,68,1,0.5,0.1,0,0,0,0.5,0.1,0.3,43.8,1
113,72,2,0.8,0.2,0.1,0,0.1,0.8,0.1,0.7,84.1,1
113,74,2,0.8,0.2,0.1,0,0.1,0.8,0.1,0.7,84.1,1
113,75,3,1.2,0.3,0.2,0,0.1,1.2,0.1,1,126.2,1
113,79,1,0.4,0.1,0,0,0,0.4,0.1,0.3,41.3,1
113,84,2,0.8,0.1,0,0,0.1,0.8,0.2,0.6,82.6,1
113,92,6,2.7,0.8,0.2,0,0,2.7,0.5,2.3,216.7,1
113,97,1,0.5,0.2,0,0,0,0.5,0.1,0.4,43.8,1
113,100,1,0.5,0.2,0,0,0,0.5,0.1,0.4,43.8,1
113,111,4,1.9,0.6,0,0,0,1.9,0.2,1.3,174.4,1
113,117,1,0.4,0.1,0,0,0,0.4,0,0.2,34.5,1
113,118,2,0.7,0.1,0.1,0,0,0.7,0.1,0.4,69,1
113,122,14.5,6.2,0.8,0.2,0,0.4,6.2,0.8,3.9,625.9,1
113,123,4,1.7,0.2,0.1,0,0.1,1.7,0.2,1.1,172.7,1
113,127,3,1.2,0.4,0.1,0,0.1,1.2,0.3,0.8,133.7,1
114,3,1,0.5,0.2,0.1,0,0,0.5,0.1,0.4,56.3,1
114,4,1,0.5,0.2,0.1,0,0,0.5,0.1,0.4,56.3,1
114,12,1,0.4,0.1,0,0,0,0.4,0.1,0.3,38.5,1
114,13,4,1.7,0.5,0.1,0,0.2,1.7,0.3,1.2,153.8,1
114,17,4,1.5,0.3,0.1,0,0,1.5,0.2,1.4,189.2,1
114,18,15,5.6,1,0.3,0,0,5.6,0.7,5.2,709.5,1
114,19,2,0.7,0.1,0,0,0,0.7,0.1,0.7,94.6,1
114,22,2,0.8,0.2,0,0,0.1,0.8,0.2,0.7,85.4,1
114,27,2,0.7,0.1,0.1,0,0,0.7,0,0.4,76.3,1
114,28,1,0.4,0.1,0,0,0,0.4,0,0.2,38.1,1
114,29,18,6.4,1.2,0.9,0,0.3,6.4,0,3.5,686.3,1
114,30,5,1.8,0.3,0.2,0,0.1,1.8,0,1,190.6,1
114,34,2,1,0.3,0,0,0.1,1,0.2,0.9,119.6,1
114,39,1,0.5,0.1,0,0,0,0.5,0.1,0.4,51.7,1
114,40,3,1.4,0.2,0,0,0,1.4,0.2,1.2,155.1,1
114,42,2,0.9,0.2,0,0,0,0.9,0.2,0.8,103.4,1
114,49,7,2.6,0.7,0.4,0,0,2.6,0.9,2.1,293.3,1
114,59,2,0.6,0,0.1,0,0,0.6,0,0.4,56.9,1
114,60,13,3.9,0.3,0.6,0,0.3,3.9,0.3,2.4,370,1
114,62,4,1.8,0.7,0,0,0,1.8,0.4,1.5,162.9,1
114,64,3,1.3,0.5,0,0,0,1.3,0.3,1.1,122.2,1
114,66,4,1.9,0.6,0,0,0,1.9,0.5,1.4,175.2,1
114,71,2,0.8,0.2,0.1,0,0.1,0.8,0.1,0.7,84.1,1
114,72,17,6.9,1.6,1,0,0.7,6.9,0.7,5.9,715,1
114,74,5,2,0.5,0.3,0,0.2,2,0.2,1.7,210.3,1
114,75,3,1.2,0.3,0.2,0,0.1,1.2,0.1,1,126.2,1
114,76,10,3.9,0.5,0.2,0,0.4,3.9,1.1,3,413.2,1
114,78,1,0.4,0.1,0,0,0,0.4,0.1,0.3,41.3,1
114,84,1,0.4,0.1,0,0,0,0.4,0.1,0.3,41.3,1
114,92,8,3.6,1.1,0.2,0,0,3.6,0.7,3.1,288.9,1
114,94,1,0.4,0.1,0,0,0,0.4,0.1,0.4,36.1,1
114,98,3,1.4,0.5,0.1,0,0.1,1.4,0.2,1.1,131.4,1
114,100,2,1,0.3,0.1,0,0.1,1,0.1,0.8,87.6,1
114,114,2,0.9,0.3,0,0,0,0.9,0.1,0.6,87.2,1
114,116,6,2.1,0.3,0.2,0,0,2.1,0.2,1.3,206.9,1
114,118,3,1.1,0.2,0.1,0,0,1.1,0.1,0.6,103.5,1
114,119,2,0.7,0.1,0.1,0,0,0.7,0.1,0.4,69,1
114,121,1,0.4,0.1,0,0,0,0.4,0.1,0.3,43.2,1
114,122,31,18,9,0,0,1,18,5,7,1481,0
114,123,4,1.7,0.2,0.1,0,0.1,1.7,0.2,1.1,172.7,1
115,3,3,1.5,0.7,0.2,0,0.1,1.5,0.3,1.3,169,1
115,4,6,2.9,1.4,0.3,0,0.2,2.9,0.7,2.6,338.1,1
115,5,6,2.9,1.4,0.3,0,0.2,2.9,0.7,2.6,338.1,1
115,11,7,3,0.9,0.2,0,0.3,3,0.6,2.2,269.2,1
115,17,5,1.9,0.3,0.1,0,0,1.9,0.2,1.7,236.5,1
115,21,4,1.7,0.4,0.1,0,0.2,1.7,0.4,1.4,170.7,1
115,22,3,1.2,0.3,0.1,0,0.2,1.2,0.3,1,128,1
115,23,6,2.5,0.6,0.1,0,0.3,2.5,0.6,2,256.1,1
115,24,3,1.2,0.3,0.1,0,0.2,1.2,0.3,1,128,1
115,27,8,2.8,0.5,0.4,0,0.1,2.8,0,1.5,305,1
115,29,6,2.1,0.4,0.3,0,0.1,2.1,0,1.2,228.8,1
115,41,2,0.9,0.2,0,0,0,0.9,0.2,0.8,103.4,1
115,46,1,0.4,0.1,0.1,0,0,0.4,0.1,0.3,41.9,1
115,51,4.5,1.7,0.5,0.2,0,0,1.7,0.6,1.4,188.5,1
115,54,1,0.4,0.1,0.1,0,0,0.4,0.1,0.3,41.9,1
115,55,1,0.4,0.1,0.1,0,0,0.4,0.1,0.3,41.9,1
115,66,2,0.9,0.3,0,0,0,0.9,0.3,0.7,87.6,1
115,70,4,1.9,0.6,0,0,0,1.9,0.5,1.4,175.2,1
115,72,5,2,0.5,0.3,0,0.2,2,0.2,1.7,210.3,1
115,73,11,4.4,1.1,0.6,0,0.4,4.4,0.4,3.8,462.6,1
115,75,2,0.8,0.2,0.1,0,0.1,0.8,0.1,0.7,84.1,1
115,81,6,2.3,0.3,0.1,0,0.2,2.3,0.6,1.8,247.9,1
115,87,2,1,0.3,0,0,0.1,1,0,0.9,96.2,1
115,88,3,1.5,0.5,0.1,0,0.1,1.5,0.1,1.3,144.3,1
115,92,1,0.4,0.1,0,0,0,0.4,0.1,0.4,36.1,1
115,94,2,0.9,0.3,0.1,0,0,0.9,0.2,0.8,72.2,1
115,95,2,0.9,0.3,0.1,0,0,0.9,0.2,0.8,72.2,1
115,101,2,1,0.3,0.1,0,0.1,1,0.1,0.8,87.6,1
115,102,1,0.5,0.2,0,0,0,0.5,0.1,0.4,43.8,1
115,104,3,1.4,0.5,0.1,0,0.1,1.4,0.2,1.1,131.4,1
115,106,2,0.9,0.3,0,0,0,0.9,0.1,0.6,87.2,1
115,120,2,0.7,0.1,0.1,0,0,0.7,0.1,0.4,69,1
115,121,3,1.3,0.2,0,0,0.1,1.3,0.2,0.8,129.5,1
115,122,14,6,0.8,0.2,0,0.4,6,0.8,3.8,604.3,1
115,124,2,0.9,0.1,0,0,0.1,0.9,0.1,0.5,86.3,1
116,0,2,0.9,0.2,0,0,0.1,0.9,0.1,0.8,94.5,1
116,3,5,2.4,1.1,0.3,0,0.1,2.4,0.6,2.1,281.7,1
116,4,3,1.5,0.7,0.2,0,0.1,1.5,0.3,1.3,169,1
116,6,2,0.8,0.3,0.1,0,0.1,0.8,0.2,0.6,76.9,1
116,10,4,1.7,0.5,0.1,0,0.2,1.7,0.3,1.2,153.8,1
116,15,2,0.8,0.3,0.1,0,0.1,0.8,0.2,0.6,76.9,1
116,19,6,2.2,0.4,0.1,0,0,2.2,0.3,2.1,283.8,1
116,22,5,2.1,0.5,0.1,0,0.3,2.1,0.5,1.7,213.4,1
116,32,2,1,0.3,0,0,0.1,1,0.2,0.9,119.6,1
116,35,3,1.6,0.5,0,0.1,0.2,1.5,0.3,1.4,179.4,1
116,39,3,1.4,0.2,0,0,0,1.4,0.2,1.2,155.1,1
116,40,2,0.9,0.2,0,0,0,0.9,0.2,0.8,103.4,1
116,41,2,0.9,0.2,0,0,0,0.9,0.2,0.8,103.4,1
116,43,2,0.9,0.2,0,0,0,0.9,0.2,0.8,103.4,1
116,47,1,0.4,0.1,0.1,0,0,0.4,0.1,0.3,41.9,1
116,49,6,2.2,0.6,0.3,0,0,2.2,0.7,1.8,251.4,1
116,50,7,2.6,0.7,0.4,0,0,2.6,0.9,2.1,293.3,1
116,55,4,1.5,0.4,0.2,0,0,1.5,0.5,1.2,167.6,1
116,59,5,1.5,0.1,0.2,0,0.1,1.5,0.1,0.9,142.3,1
116,61,1,0.4,0.2,0,0,0,0.4,0.1,0.4,40.7,1
116,76,2,0.8,0.1,0,0,0.1,0.8,0.2,0.6,82.6,1
116,77,2,0.8,0.1,0,0,0.1,0.8,0.2,0.6,82.6,1
116,89,2,1,0.3,0,0,0.1,1,0,0.9,96.2,1
116,92,3,1.3,0.4,0.1,0,0,1.3,0.2,1.2,108.3,1
116,94,4,1.8,0.6,0.1,0,0,1.8,0.3,1.6,144.4,1
116,95,2,0.9,0.3,0.1,0,0,0.9,0.2,0.8,72.2,1
116,99,1,0.5,0.2,0,0,0,0.5,0.1,0.4,43.8,1
116,102,2,1,0.3,0.1,0,0.1,1,0.1,0.8,87.6,1
116,106,2,0.9,0.3,0,0,0,0.9,0.1,0.6,87.2,1
116,110,6,2.8,0.9,0,0,0,2.8,0.3,1.9,261.7,1
116,111,2,0.9,0.3,0,0,0,0.9,0.1,0.6,87.2,1
116,112,3,1.4,0.4,0,0,0,1.4,0.1,1,130.8,1
116,121,10,4.3,0.5,0.1,0,0.3,4.3,0.5,2.7,431.7,1
116,122,4,1.7,0.2,0.1,0,0.1,1.7,0.2,1.1,172.7,1
116,127,1,0.4,0.1,0,0,0,0.4,0.1,0.3,44.6,1
117,2,1,0.5,0.2,0,0,0,0.5,0,0.4,48.4,1
117,9,4,1.4,0.2,0.1,0,0.1,1.4,0.1,1.1,128.8,1
117,10,2,0.7,0.1,0.1,0,0,0.7,0,0.6,64.4,1
117,12,1,0.4,0.1,0,0,0.1,0.4,0,0.3,36,1
117,15,3,1.2,0.4,0.1,0,0.2,1.2,0.1,1,108.1,1
117,16,2,0.8,0.2,0,0,0.1,0.8,0.2,0.7,85.4,1
117,19,3,1.2,0.3,0.1,0,0.2,1.2,0.3,1,128,1
117,29,3,1.6,0.5,0,0.1,0.2,1.5,0.3,1.4,179.4,1
117,33,2,1,0.3,0,0,0.1,1,0.2,0.9,119.6,1
117,34,3,1.6,0.5,0,0.1,0.2,1.5,0.3,1.4,179.4,1
117,40,4,1.4,0.3,0.1,0,0,1.4,0.3,1.1,123.5,1
117,41,7,4.2,2.4,0.1,0.3,0.6,3.9,0.7,2.8,344.2,1
117,43,1,0.6,0.3,0,0,0.1,0.6,0.1,0.4,49.2,1
117,52,2,0.7,0.2,0.1,0,0,0.7,0.2,0.6,83.8,1
117,59,3,0.9,0.1,0.1,0,0.1,0.9,0.1,0.6,85.4,1
117,61,5,2.4,1.3,0.2,0,0.2,2.4,0.9,1.1,196.5,1
117,62,1,0.5,0.3,0,0,0,0.5,0.2,0.2,39.3,1
117,63,1,0.5,0.3,0,0,0,0.5,0.2,0.2,39.3,1
117,64,1,0.5,0.3,0,0,0,0.5,0.2,0.2,39.3,1
117,66,2,0.9,0.3,0,0,0,0.9,0.3,0.7,87.6,1
117,70,1,0.5,0.1,0,0,0,0.5,0.1,0.3,43.8,1
117,72,2,0.7,0.1,0.1,0,0.1,0.7,0.1,0.7,74.2,1
117,77,3,1.2,0.2,0.1,0,0.1,1.2,0.3,0.9,123.9,1
117,78,4,1.5,0.2,0.1,0,0.1,1.5,0.4,1.2,165.3,1
117,80,4,1.5,0.2,0.1,0,0.1,1.5,0.4,1.2,165.3,1
117,81,3,1.2,0.3,0.1,0,0.2,1.2,0.1,1.1,132.2,1
117,83,2,0.8,0.2,0,0,0.1,0.8,0,0.7,88.1,1
117,87,2,1,0.3,0,0,0.1,1,0,0.9,96.2,1
117,89,6,3,1,0.1,0,0.3,3,0.1,2.6,288.7,1
117,95,2,1,0.3,0,0,0.1,1,0,0.9,96.2,1
117,109,1,0.5,0.1,0,0,0,0.5,0,0.3,43.6,1
117,119,5,2.4,0.6,0,0,0,2.4,0.2,1.4,217.4,1
117,124,9,4.3,1.1,0,0,0,4.3,0.4,2.5,391.3,1
118,2,8,3.7,1.2,0.4,0.2,0.2,3.5,0.4,2.8,386.8,1
118,4,1,0.5,0.2,0,0,0,0.5,0,0.4,48.4,1
118,9,12,4.3,0.5,0.3,0,0.2,4.3,0.2,3.3,386.3,1
118,10,17,6.2,0.7,0.5,0,0.2,6.2,0.2,4.7,547.2,1
118,11,20,11,4,0,6,3,5,2,5,929,0
118,12,1,0.4,0.1,0,0,0.1,0.4,0,0.3,36,1
118,14,3,1.2,0.4,0.1,0,0.2,1.2,0.1,1,108.1,1
118,15,3,1.2,0.4,0.1,0,0.2,1.2,0.1,1,108.1,1
118,18,4,1.7,0.4,0.1,0,0.2,1.7,0.4,1.4,170.7,1
118,19,2,0.8,0.2,0,0,0.1,0.8,0.2,0.7,85.4,1
118,24,8,3.3,0.8,0.2,0,0.5,3.3,0.8,2.7,341.4,1
118,27,1,0.5,0.2,0,0,0.1,0.5,0.1,0.5,59.8,1
118,33,2,1,0.3,0,0,0.1,1,0.2,0.9,119.6,1
118,35,2,1,0.3,0,0,0.1,1,0.2,0.9,119.6,1
118,36,4,1.4,0.3,0.1,0,0,1.4,0.3,1.1,123.5,1
118,37,2,0.7,0.1,0.1,0,0,0.7,0.1,0.5,61.8,1
118,40,25,8.9,1.8,0.9,0,0,8.9,1.8,6.7,771.9,1
118,41,4,2.4,1.3,0.1,0.2,0.3,2.2,0.4,1.6,196.7,1
118,43,2,1.2,0.7,0,0.1,0.2,1.1,0.2,0.8,98.3,1
118,45,2,1.2,0.7,0,0.1,0.2,1.1,0.2,0.8,98.3,1
118,54,2,0.7,0.2,0.1,0,0,0.7,0.2,0.6,83.8,1
118,58,7,2.1,0.2,0.3,0,0.2,2.1,0.2,1.3,199.3,1
118,63,1,0.5,0.3,0,0,0,0.5,0.2,0.2,39.3,1
118,70,1,0.5,0.1,0,0,0,0.5,0.1,0.3,43.8,1
118,73,7,2.6,0.4,0.4,0,0.2,2.6,0.2,2.4,259.8,1
118,74,3,1.1,0.2,0.2,0,0.1,1.1,0.1,1,111.3,1
118,77,2,0.8,0.1,0,0,0.1,0.8,0.2,0.6,82.6,1
118,81,2,0.8,0.2,0,0,0.1,0.8,0,0.7,88.1,1
118,85,14,5.7,1.3,0.3,0,0.8,5.7,0.3,4.9,617,1
118,98,3,1.4,0.5,0.1,0,0.1,1.4,0.2,1.1,131.4,1
118,99,8,3.8,1.3,0.3,0,0.3,3.8,0.5,3,350.5,1
118,100,3,1.4,0.5,0.1,0,0.1,1.4,0.2,1.1,131.4,1
118,101,2,1,0.3,0.1,0,0.1,1,0.1,0.8,87.6,1
118,107,2,0.9,0.3,0,0,0,0.9,0.1,0.6,87.2,1
118,108,4,1.9,0.6,0,0,0,1.9,0.2,1.3,174.4,1
118,110,1,0.5,0.1,0,0,0,0.5,0,0.3,43.6,1
118,111,1,0.5,0.2,0,0,0.1,0.5,0.1,0.4,41.2,1
118,113,8,3.8,1.5,0.2,0,0.8,3.8,0.5,3.5,329.8,1
118,114,2,0.9,0.4,0.1,0,0.2,0.9,0.1,0.9,82.4,1
118,115,4,1.9,0.8,0.1,0,0.4,1.9,0.2,1.8,164.9,1
118,117,2,1,0.2,0,0,0,1,0.1,0.6,87,1
118,122,2,1,0.2,0,0,0,1,0.1,0.6,87,1
118,127,5,2,0.6,0.2,0,0.2,2,0.5,1.3,222.8,1
119,1,9,4.2,1.4,0.4,0.2,0.2,4,0.4,3.2,435.2,1
119,2,1,0.5,0.2,0,0,0,0.5,0,0.4,48.4,1
119,6,4,1.4,0.2,0.1,0,0.1,1.4,0.1,1.1,128.8,1
119,7,4,1.4,0.2,0.1,0,0.1,1.4,0.1,1.1,128.8,1
119,8,5,1.8,0.2,0.1,0,0.1,1.8,0.1,1.4,160.9,1
119,9,1,0.4,0,0,0,0,0.4,0,0.3,32.2,1
119,10,2,0.7,0.1,0.1,0,0,0.7,0,0.6,64.4,1
119,11,5,2,0.6,0.2,0,0.3,2,0.2,1.7,180.2,1
119,12,7,2.8,0.8,0.2,0,0.4,2.8,0.2,2.3,252.2,1
119,15,4,1.6,0.5,0.1,0,0.2,1.6,0.1,1.3,144.1,1
119,18,1,0.4,0.1,0,0,0.1,0.4,0.1,0.3,42.7,1
119,29,4,2.1,0.7,0,0.1,0.3,2,0.4,1.8,239.1,1
119,37,1,0.4,0.1,0,0,0,0.4,0.1,0.3,30.9,1
119,40,11,3.9,0.8,0.4,0,0,3.9,0.8,2.9,339.6,1
119,41,37,19,11,1,0,0,19,6,12,1751,0
119,43,1,0.6,0.3,0,0,0.1,0.6,0.1,0.4,49.2,1
119,45,2,1.2,0.7,0,0.1,0.2,1.1,0.2,0.8,98.3,1
119,46,4,1.5,0.4,0.2,0,0,1.5,0.5,1.2,167.6,1
119,54,1,0.4,0.1,0.1,0,0,0.4,0.1,0.3,41.9,1
119,59,4,1.2,0.1,0.2,0,0.1,1.2,0.1,0.7,113.9,1
119,60,3,0.9,0.1,0.1,0,0.1,0.9,0.1,0.6,85.4,1
119,63,7,3.3,1.8,0.3,0,0.3,3.3,1.2,1.5,275.1,1
119,64,2,1,0.5,0.1,0,0.1,1,0.3,0.4,78.6,1
119,70,6,2.8,0.9,0,0,0,2.8,0.8,2,262.9,1
119,73,5,1.9,0.3,0.3,0,0.1,1.9,0.1,1.7,185.6,1
119,74,7,2.6,0.4,0.4,0,0.2,2.6,0.2,2.4,259.8,1
119,79,4,1.5,0.2,0.1,0,0.1,1.5,0.4,1.2,165.3,1
119,81,5,2,0.5,0.1,0,0.3,2,0.1,1.8,220.4,1
119,82,7,2.9,0.6,0.1,0,0.4,2.9,0.1,2.5,308.5,1
119,83,4,1.6,0.4,0.1,0,0.2,1.6,0.1,1.4,176.3,1
119,84,2,0.8,0.2,0,0,0.1,0.8,0,0.7,88.1,1
119,85,6,2.4,0.6,0.1,0,0.3,2.4,0.1,2.1,264.4,1
119,86,2,1,0.3,0,0,0.1,1,0,0.9,96.2,1
119,94,2,1,0.3,0,0,0.1,1,0,0.9,96.2,1
119,101,5,2.4,0.8,0.2,0,0.2,2.4,0.3,1.9,219.1,1
119,103,3,1.4,0.5,0.1,0,0.1,1.4,0.2,1.1,131.4,1
119,104,3,1.4,0.5,0.1,0,0.1,1.4,0.2,1.1,131.4,1
119,107,2,0.9,0.3,0,0,0,0.9,0.1,0.6,87.2,1
119,109,3,1.4,0.4,0,0,0,1.4,0.1,1,130.8,1
119,111,3,1.4,0.6,0.1,0,0.3,1.4,0.2,1.3,123.7,1
119,112,6,2.8,1.1,0.2,0,0.6,2.8,0.4,2.6,247.3,1
119,114,5,2.3,0.9,0.2,0,0.5,2.3,0.3,2.2,206.1,1
119,115,1,0.5,0.2,0,0,0.1,0.5,0.1,0.4,41.2,1
119,117,4,1.9,0.5,0,0,0,1.9,0.2,1.1,173.9,1
119,127,1,0.4,0.1,0,0,0,0.4,0.1,0.3,44.6,1
120,9,5,1.8,0.2,0.1,0,0.1,1.8,0.1,1.4,160.9,1
120,10,7,2.5,0.3,0.2,0,0.1,2.5,0.1,1.9,225.3,1
120,14,2,0.8,0.2,0.1,0,0.1,0.8,0.1,0.7,72.1,1
120,15,1,0.4,0.1,0,0,0.1,0.4,0,0.3,36,1
120,22,2,0.8,0.2,0,0,0.1,0.8,0.2,0.7,85.4,1
120,30,4,2.1,0.7,0,0.1,0.3,2,0.4,1.8,239.1,1
120,37,3,1.1,0.2,0.1,0,0,1.1,0.2,0.8,92.6,1
120,40,2,0.7,0.1,0.1,0,0,0.7,0.1,0.5,61.8,1
120,41,27,16,10,0,3,0,13,7,10,1554,0
120,42,29,14,3,1,0,1,14,3,2,1113,0
120,47,2,0.7,0.2,0.1,0,0,0.7,0.2,0.6,83.8,1
120,58,6,1.8,0.1,0.3,0,0.1,1.8,0.1,1.1,170.8,1
120,62,3,1.4,0.8,0.1,0,0.1,1.4,0.5,0.7,117.9,1
120,65,1,0.5,0.3,0,0,0,0.5,0.2,0.2,39.3,1
120,66,2,0.9,0.3,0,0,0,0.9,0.3,0.7,87.6,1
120,70,4,1.9,0.6,0,0,0,1.9,0.5,1.4,175.2,1
120,73,6,2.2,0.3,0.3,0,0.2,2.2,0.2,2.1,222.7,1
120,79,2,0.8,0.1,0,0,0.1,0.8,0.2,0.6,82.6,1
120,81,1,0.4,0.1,0,0,0.1,0.4,0,0.4,44.1,1
120,82,6,2.4,0.6,0.1,0,0.3,2.4,0.1,2.1,264.4,1
120,83,2,0.8,0.2,0,0,0.1,0.8,0,0.7,88.1,1
120,86,4,2,0.7,0.1,0,0.2,2,0.1,1.7,192.4,1
120,90,4,2,0.7,0.1,0,0.2,2,0.1,1.7,192.4,1
120,91,4,2,0.7,0.1,0,0.2,2,0.1,1.7,192.4,1
120,92,1,0.5,0.2,0,0,0,0.5,0,0.4,48.1,1
120,93,1,0.5,0.2,0,0,0,0.5,0,0.4,48.1,1
120,94,1,0.5,0.2,0,0,0,0.5,0,0.4,48.1,1
120,125,2,1,0.2,0,0,0,1,0.1,0.6,87,1
121,0,2,0.9,0.3,0.1,0,0,0.9,0.1,0.7,96.7,1
121,1,3,1.4,0.5,0.1,0.1,0.1,1.3,0.1,1.1,145.1,1
121,4,5,2.3,0.8,0.2,0.1,0.1,2.2,0.2,1.8,241.8,1
121,7,6,2.2,0.3,0.2,0,0.1,2.2,0.1,1.7,193.1,1
121,14,3,1.2,0.4,0.1,0,0.2,1.2,0.1,1,108.1,1
121,23,2,0.8,0.2,0,0,0.1,0.8,0.2,0.7,85.4,1
121,26,5,2.6,0.8,0,0.1,0.4,2.5,0.5,2.3,298.9,1
121,27,1,0.5,0.2,0,0,0.1,0.5,0.1,0.5,59.8,1
121,40,4,1.4,0.3,0.1,0,0,1.4,0.3,1.1,123.5,1
121,41,8,4.8,2.7,0.2,0.3,0.6,4.5,0.8,3.2,393.3,1
121,42,12,7.1,4,0.2,0.5,1,6.6,1.2,4.8,590,1
121,43,6,3.6,2,0.1,0.3,0.5,3.3,0.6,2.4,295,1
121,44,2,1.2,0.7,0,0.1,0.2,1.1,0.2,0.8,98.3,1
121,45,3.5,2.1,1.2,0.1,0.1,0.3,2,0.3,1.4,172.1,1
121,47,1,0.4,0.1,0.1,0,0,0.4,0.1,0.3,41.9,1
121,48,2,0.7,0.2,0.1,0,0,0.7,0.2,0.6,83.8,1
121,61,1,0.5,0.3,0,0,0,0.5,0.2,0.2,39.3,1
121,66,2,0.9,0.3,0,0,0,0.9,0.3,0.7,87.6,1
121,69,6,2.8,0.9,0,0,0,2.8,0.8,2,262.9,1
121,73,1,0.4,0.1,0.1,0,0,0.4,0,0.3,37.1,1
121,74,4,1.5,0.2,0.2,0,0.1,1.5,0.1,1.4,148.5,1
121,78,2,0.8,0.1,0,0,0.1,0.8,0.2,0.6,82.6,1
121,80,5,1.9,0.3,0.1,0,0.2,1.9,0.5,1.5,206.6,1
121,87,5,2.5,0.9,0.1,0,0.2,2.5,0.1,2.2,240.5,1
121,108,3,1.4,0.4,0,0,0,1.4,0.1,1,130.8,1
121,109,1,0.5,0.1,0,0,0,0.5,0,0.3,43.6,1
121,113,2,0.9,0.4,0.1,0,0.2,0.9,0.1,0.9,82.4,1
121,118,1,0.5,0.1,0,0,0,0.5,0,0.3,43.5,1
121,126,5,2,0.6,0.2,0,0.2,2,0.5,1.3,222.8,1
122,1,7,2.7,0.8,0.3,0,0.2,2.7,0.4,2.4,276.1,1
122,3,7,2.7,0.8,0.3,0,0.2,2.7,0.4,2.4,276.1,1
122,4,5,1.9,0.5,0.2,0,0.1,1.9,0.3,1.7,197.2,1
122,5,1,0.4,0.1,0,0,0,0.4,0.1,0.3,39.4,1
122,7,1,0.4,0.2,0,0,0,0.4,0,0.3,56.8,1
122,13,2,1.3,0.5,0,0,0.1,1.3,0.4,1.2,92.6,1
122,14,1,0.6,0.3,0,0,0.1,0.6,0.2,0.6,46.3,1
122,21,8,4.6,2.3,0,0,0.2,4.6,1.5,3.4,427.8,1
122,22,1,0.6,0.3,0,0,0,0.6,0.2,0.4,53.5,1
122,26,4,1.8,0.4,0.1,0,0.1,1.8,0.1,1.5,158.3,1
122,27,1,0.4,0.1,0,0,0,0.4,0,0.4,39.6,1
122,30,2,0.9,0.2,0,0,0,0.9,0.1,0.7,79.1,1
122,33,4.5,2,0.4,0.1,0,0.1,2,0.2,1.7,178.1,1
122,34,2,0.9,0.2,0,0,0,0.9,0.1,0.7,79.1,1
122,35,2,0.9,0.2,0,0,0,0.9,0.1,0.7,79.1,1
122,39,1,0.5,0.2,0,0,0,0.5,0,0.4,39.1,1
122,42,2,1,0.2,0,0,0,1,0.2,0.9,86.3,1
122,58,3,1.4,0.4,0,0,0.1,1.4,0.2,1.2,145.2,1
122,62,6,2.4,0.6,0.2,0,0,2.4,0.4,2,218.6,1
122,64,1,0.4,0.1,0,0,0,0.4,0.1,0.3,36.4,1
122,68,2,0.8,0.2,0.1,0,0,0.8,0.2,0.4,74.3,1
122,69,1,0.4,0.1,0.1,0,0,0.4,0.1,0.2,37.1,1
122,70,2,0.8,0.2,0.1,0,0,0.8,0.2,0.4,74.3,1
122,72,2,1,0.4,0.1,0.2,0.1,0.8,0.1,0.4,103,1
122,73,10,4.8,1.9,0.4,0.7,0.4,4.1,0.4,2.2,515.2,1
122,74,1,0.5,0.2,0,0.1,0,0.4,0,0.2,51.5,1
122,75,1,0.5,0.2,0,0.1,0,0.4,0,0.2,51.5,1
122,82,2,1.2,0.6,0,0,0.2,1.2,0.2,0.6,111.2,1
122,86,2,0.7,0.2,0.1,0,0,0.7,0,0.2,64.4,1
122,87,35,11.5,3.8,2.5,0,0.6,11.5,0.6,3.8,1127,1
122,102,1,0.6,0.2,0,0,0,0.6,0.1,0.5,46.1,1
122,103,1,0.6,0.2,0,0,0,0.6,0.1,0.5,46.1,1
122,109,4,1.7,0.5,0,0,0,1.7,0.4,1.3,175.3,1
122,121,3,1.1,0.2,0.1,0,0,1.1,0.3,0.5,103.9,1
122,122,3,1.1,0.2,0.1,0,0,1.1,0.3,0.5,103.9,1
122,123,2,0.7,0.1,0,0,0,0.7,0.2,0.3,69.3,1
123,1,19,7.2,2.1,0.9,0,0.4,7.2,1,6.5,749.4,1
123,2,16,6.1,1.7,0.7,0,0.4,6.1,0.9,5.5,631.1,1
123,3,23,8.7,2.5,1.1,0,0.5,8.7,1.2,7.8,907.2,1
123,6,4,1.8,0.7,0.1,0,0.1,1.8,0,1.4,227.3,1
123,7,2,0.9,0.3,0.1,0,0.1,0.9,0,0.7,113.7,1
123,12,7,4.4,1.8,0,0,0.4,4.4,1.5,4.1,324.2,1
123,15,4,2.5,1.1,0,0,0.2,2.5,0.8,2.3,185.3,1
123,18,2,1.2,0.6,0,0,0.1,1.2,0.4,0.8,106.9,1
123,30,5,2.2,0.5,0.1,0,0.1,2.2,0.2,1.8,197.9,1
123,35,2,0.9,0.2,0,0,0,0.9,0.1,0.7,79.1,1
123,40,2,1,0.3,0.1,0,0,1,0.1,0.8,78.2,1
123,41,2,1,0.2,0,0,0,1,0.2,0.9,86.3,1
123,47,1,0.4,0.1,0,0,0,0.4,0.1,0.2,39.1,1
123,54,4,1.6,0.4,0.2,0,0,1.6,0.4,1,156.4,1
123,59,11,5.2,1.5,0,0,0.3,5.2,0.6,4.3,532.6,1
123,61,5,2,0.5,0.2,0,0,2,0.3,1.7,182.2,1
123,62,2,0.8,0.2,0.1,0,0,0.8,0.1,0.7,72.9,1
123,66,3,1.2,0.3,0.2,0,0,1.2,0.3,0.6,111.4,1
123,67,7,2.8,0.8,0.5,0,0.1,2.8,0.7,1.4,260,1
123,71,1,0.5,0.2,0,0.1,0,0.4,0,0.2,51.5,1
123,72,2,1,0.4,0.1,0.2,0.1,0.8,0.1,0.4,103,1
123,75,1,0.5,0.2,0,0.1,0,0.4,0,0.2,51.5,1
123,81,1,0.6,0.3,0,0,0.1,0.6,0.1,0.3,55.6,1
123,82,5,3,1.4,0,0,0.6,3,0.6,1.4,278,1
123,83,5,3,1.4,0,0,0.6,3,0.6,1.4,278,1
123,87,23,13,7,0,2,1,11,2,8,988,0
123,88,12,3.9,1.3,0.9,0,0.2,3.9,0.2,1.3,386.4,1
123,91,3,1.5,0.6,0.1,0,0.1,1.5,0.3,1.2,154.8,1
123,92,6,2.9,1.2,0.2,0,0.2,2.9,0.6,2.5,309.5,1
123,93,5,2.5,1,0.2,0,0.2,2.5,0.5,2.1,257.9,1
123,94,1,0.5,0.2,0,0,0,0.5,0.1,0.4,51.6,1
123,96,2,1.2,0.5,0,0,0.1,1.2,0.2,1,92.3,1
123,99,4,2.4,0.9,0,0,0.1,2.4,0.5,2,184.6,1
123,101,1,0.6,0.2,0,0,0,0.6,0.1,0.5,46.1,1
123,105,2,1.2,0.5,0,0,0.1,1.2,0.2,1,92.3,1
123,106,1,0.4,0.1,0,0,0,0.4,0.1,0.3,43.8,1
123,120,4,2.1,1,0,0,0,2.1,0.1,1.5,201.9,1
123,123,4,1.5,0.3,0.1,0,0,1.5,0.3,0.6,138.5,1
123,124,2,0.7,0.1,0,0,0,0.7,0.2,0.3,69.3,1
124,0,10,4,0.8,0.4,0.2,0.4,3.8,0.3,3.2,386.1,1
124,1,13,4.9,1.4,0.6,0,0.3,4.9,0.7,4.4,512.7,1
124,2,10,3.8,1.1,0.5,0,0.2,3.8,0.5,3.4,394.4,1
124,6,2,0.9,0.3,0.1,0,0.1,0.9,0,0.7,113.7,1
124,10,1,0.4,0.2,0,0,0,0.4,0,0.3,56.8,1
124,12,2,1.3,0.5,0,0,0.1,1.3,0.4,1.2,92.6,1
124,15,1,0.6,0.3,0,0,0.1,0.6,0.2,0.6,46.3,1
124,19,1,0.6,0.3,0,0,0,0.6,0.2,0.4,53.5,1
124,25,4,2.3,1.2,0,0,0.1,2.3,0.7,1.7,213.9,1
124,26,2,0.9,0.2,0,0,0,0.9,0.1,0.7,79.1,1
124,29,2,0.9,0.2,0,0,0,0.9,0.1,0.7,79.1,1
124,30,2,0.9,0.2,0,0,0,0.9,0.1,0.7,79.1,1
124,33,1,0.4,0.1,0,0,0,0.4,0,0.4,39.6,1
124,38,5,2.6,0.9,0.1,0,0,2.6,0.1,2,195.4,1
124,43,1,0.5,0.1,0,0,0,0.5,0.1,0.4,43.2,1
124,46,1,0.4,0.1,0,0,0,0.4,0.1,0.2,39.1,1
124,48,1,0.4,0.1,0,0,0,0.4,0.1,0.2,39.1,1
124,57,3,1.4,0.4,0,0,0.1,1.4,0.2,1.2,145.2,1
124,64,2,0.8,0.2,0.1,0,0,0.8,0.1,0.7,72.9,1
124,75,4,1.9,0.7,0.1,0.3,0.1,1.6,0.1,0.9,206.1,1
124,81,2,1.2,0.6,0,0,0.2,1.2,0.2,0.6,111.2,1
124,82,1,0.6,0.3,0,0,0.1,0.6,0.1,0.3,55.6,1
124,84,1,0.6,0.3,0,0,0.1,0.6,0.1,0.3,55.6,1
124,87,15,11,8,0,0,0,11,2,6,915,0
124,94,2,1,0.4,0.1,0,0.1,1,0.2,0.8,103.2,1
124,95,1,0.5,0.2,0,0,0,0.5,0.1,0.4,51.6,1
124,99,1,0.6,0.2,0,0,0,0.6,0.1,0.5,46.1,1
124,108,4,1.7,0.5,0,0,0,1.7,0.4,1.3,175.3,1
124,109,3,1.3,0.4,0,0,0,1.3,0.3,1,131.5,1
124,111,3,1.3,0.4,0,0,0,1.3,0.3,1,131.5,1
124,116,6,3.1,1.4,0,0,0,3.1,0.2,2.3,302.9,1
124,123,4,1.5,0.3,0.1,0,0,1.5,0.3,0.6,138.5,1
124,126,2,1.1,0.5,0,0,0.1,1.1,0.2,0.7,113.9,1
125,0,6,2.4,0.5,0.2,0.1,0.3,2.3,0.2,1.9,231.6,1
125,2,4,1.5,0.4,0.2,0,0.1,1.5,0.2,1.4,157.8,1
125,5,4,1.5,0.4,0.2,0,0.1,1.5,0.2,1.4,157.8,1
125,6,2,0.9,0.3,0.1,0,0.1,0.9,0,0.7,113.7,1
125,7,10,4.5,1.7,0.3,0,0.3,4.5,0,3.4,568.3,1
125,8,2,0.9,0.3,0.1,0,0.1,0.9,0,0.7,113.7,1
125,9,2,0.9,0.3,0.1,0,0.1,0.9,0,0.7,113.7,1
125,10,1,0.4,0.2,0,0,0,0.4,0,0.3,56.8,1
125,16,2,1.2,0.6,0,0,0.1,1.2,0.4,0.8,106.9,1
125,20,1,0.6,0.3,0,0,0,0.6,0.2,0.4,53.5,1
125,28,2,0.9,0.2,0,0,0,0.9,0.1,0.7,79.1,1
125,30,2,0.9,0.2,0,0,0,0.9,0.1,0.7,79.1,1
125,32,1,0.4,0.1,0,0,0,0.4,0,0.4,39.6,1
125,34,2,0.9,0.2,0,0,0,0.9,0.1,0.7,79.1,1
125,36,2,1,0.3,0.1,0,0,1,0.1,0.8,78.2,1
125,43,7,3.3,0.6,0,0,0,3.3,0.6,3,302.2,1
125,44,2,1,0.2,0,0,0,1,0.2,0.9,86.3,1
125,45,4,1.9,0.3,0,0,0,1.9,0.3,1.7,172.7,1
125,47,5,2,0.5,0.2,0,0,2,0.5,1.2,195.5,1
125,48,2,0.8,0.2,0.1,0,0,0.8,0.2,0.5,78.2,1
125,61,1,0.4,0.1,0,0,0,0.4,0.1,0.3,36.4,1
125,63,2,0.8,0.2,0.1,0,0,0.8,0.1,0.7,72.9,1
125,64,10,4,1,0.3,0,0,4,0.7,3.3,364.3,1
125,66,2,0.8,0.2,0.1,0,0,0.8,0.2,0.4,74.3,1
125,69,13,5.1,1.5,0.9,0,0.2,5.1,1.3,2.6,482.9,1
125,76,3,1.4,0.2,0.1,0,0.1,1.4,0.1,1.2,142,1
125,78,2,0.9,0.1,0,0,0,0.9,0,0.8,94.6,1
125,81,2,1.2,0.6,0,0,0.2,1.2,0.2,0.6,111.2,1
125,83,5,3,1.4,0,0,0.6,3,0.6,1.4,278,1
125,84,1,0.6,0.3,0,0,0.1,0.6,0.1,0.3,55.6,1
125,86,1,0.3,0.1,0.1,0,0,0.3,0,0.1,32.2,1
125,92,6,2.9,1.2,0.2,0,0.2,2.9,0.6,2.5,309.5,1
125,98,2,1.2,0.5,0,0,0.1,1.2,0.2,1,92.3,1
125,106,4,1.7,0.5,0,0,0,1.7,0.4,1.3,175.3,1
125,116,1,0.5,0.2,0,0,0,0.5,0,0.4,50.5,1
125,117,3,1.6,0.7,0,0,0,1.6,0.1,1.1,151.4,1
125,118,13,6.7,3.1,0,0,0,6.7,0.4,4.9,656.3,1
125,125,1,0.4,0.1,0,0,0,0.4,0.1,0.2,34.6,1
126,1,3,1.1,0.3,0.1,0,0.1,1.1,0.2,1,118.3,1
126,2,9,3.4,1,0.4,0,0.2,3.4,0.5,3.1,355,1
126,3,2,0.8,0.2,0.1,0,0,0.8,0.1,0.7,78.9,1
126,5,6,2.3,0.7,0.3,0,0.1,2.3,0.3,2,236.7,1
126,8,2,0.9,0.3,0.1,0,0.1,0.9,0,0.7,113.7,1
126,14,2,1.3,0.5,0,0,0.1,1.3,0.4,1.2,92.6,1
126,20,2,1.2,0.6,0,0,0.1,1.2,0.4,0.8,106.9,1
126,22,2,1.2,0.6,0,0,0.1,1.2,0.4,0.8,106.9,1
126,25,4,2.3,1.2,0,0,0.1,2.3,0.7,1.7,213.9,1
126,30,4,1.8,0.4,0.1,0,0.1,1.8,0.1,1.5,158.3,1
126,40,2,1,0.3,0.1,0,0,1,0.1,0.8,78.2,1
126,42,2,1,0.2,0,0,0,1,0.2,0.9,86.3,1
126,45,3,1.4,0.3,0,0,0,1.4,0.3,1.3,129.5,1
126,47,2,0.8,0.2,0.1,0,0,0.8,0.2,0.5,78.2,1
126,50,2,0.8,0.2,0.1,0,0,0.8,0.2,0.5,78.2,1
126,59,2,0.9,0.3,0,0,0.1,0.9,0.1,0.8,96.8,1
126,63,1,0.4,0.1,0,0,0,0.4,0.1,0.3,36.4,1
126,66,5,2,0.6,0.3,0,0.1,2,0.5,1,185.7,1
126,67,2,0.8,0.2,0.1,0,0,0.8,0.2,0.4,74.3,1
126,68,20,15,11,0,5,0,10,3,6,1086,0
126,69,18,7.1,2.1,1.2,0,0.3,7.1,1.8,3.5,668.7,1
126,70,6,2.4,0.7,0.4,0,0.1,2.4,0.6,1.2,222.9,1
126,73,5,2.4,0.9,0.2,0.4,0.2,2,0.2,1.1,257.6,1
126,78,1,0.5,0.1,0,0,0,0.5,0,0.4,47.3,1
126,88,4,1.3,0.4,0.3,0,0.1,1.3,0.1,0.4,128.8,1
126,89,1,0.3,0.1,0.1,0,0,0.3,0,0.1,32.2,1
126,91,6,2.9,1.2,0.2,0,0.2,2.9,0.6,2.5,309.5,1
126,92,5,2.5,1,0.2,0,0.2,2.5,0.5,2.1,257.9,1
126,95,1,0.5,0.2,0,0,0,0.5,0.1,0.4,51.6,1
126,102,3,1.8,0.7,0,0,0.1,1.8,0.4,1.5,138.4,1
126,105,2,1.2,0.5,0,0,0.1,1.2,0.2,1,92.3,1
126,112,2,0.9,0.2,0,0,0,0.9,0.2,0.7,87.7,1
126,116,1,0.5,0.2,0,0,0,0.5,0,0.4,50.5,1
126,118,1,0.5,0.2,0,0,0,0.5,0,0.4,50.5,1
126,122,4,1.5,0.3,0.1,0,0,1.5,0.3,0.6,138.5,1
126,126,2,1.1,0.5,0,0,0.1,1.1,0.2,0.7,113.9,1
127,0,20,9.4,1.8,0,0,0.2,9.4,0.2,8.5,1000.4,1
127,3,2,0.9,0.2,0,0,0.1,0.9,0.1,0.5,80.5,1
127,4,3,1.3,0.3,0.1,0,0.2,1.3,0.1,0.7,120.7,1
127,13,3,1.5,0.6,0.1,0,0.2,1.5,0.4,0.5,108,1
127,15,2,1,0.4,0.1,0,0.1,1,0.3,0.4,72,1
127,20,2,0.8,0.1,0,0,0.1,0.8,0.1,0.7,96.9,1
127,27,2,0.9,0.2,0,0,0,0.9,0.1,0.7,79.1,1
127,28,4,1.8,0.4,0.1,0,0.1,1.8,0.1,1.5,158.3,1
127,36,4,2.1,0.7,0.1,0,0,2.1,0.1,1.6,156.3,1
127,43,1,0.5,0.2,0,0,0,0.5,0,0.4,39.1,1
127,48,5,2,0.5,0.2,0,0,2,0.5,1.2,195.5,1
127,63,1,0.5,0.1,0,0,0,0.5,0.1,0.4,48.4,1
127,64,1,0.5,0.1,0,0,0,0.5,0.1,0.4,48.4,1
127,68,30,16.2,8.1,0,1.6,0,14.6,4.1,12.2,1387.3,1
127,69,2,1.1,0.5,0,0.1,0,1,0.3,0.8,92.5,1
127,71,6,2.3,0.4,0.2,0,0.4,2.3,0.2,1,222.2,1
127,72,2,0.8,0.1,0.1,0,0.1,0.8,0.1,0.3,74.1,1
127,74,4,1.5,0.3,0.1,0,0.3,1.5,0.1,0.7,148.1,1
127,75,1,0.4,0.1,0,0,0.1,0.4,0,0.2,37,1
127,82,4,1.9,0.3,0.1,0,0.1,1.9,0.1,1.7,189.3,1
127,87,5,1.9,0.2,0.2,0,0.2,1.9,0.3,1.6,194.8,1
127,88,14,5.3,0.6,0.6,0,0.6,5.3,0.8,4.5,545.4,1
127,89,4,1.5,0.2,0.2,0,0.2,1.5,0.2,1.3,155.8,1
127,93,3,1.5,0.6,0.1,0,0.1,1.5,0.3,1.2,154.8,1
127,96,1,0.6,0.2,0,0,0,0.6,0.1,0.5,46.1,1
127,110,2,0.8,0.2,0.1,0,0,0.8,0.1,0.7,75.6,1
127,111,5,2.1,0.6,0,0,0,2.1,0.5,1.6,219.1,1
127,114,3,1.3,0.4,0,0,0,1.3,0.3,1,131.5,1
127,117,1,0.4,0.2,0,0,0,0.4,0.1,0.3,38.5,1
127,118,4,1.7,0.7,0.1,0,0.1,1.7,0.4,1.3,154,1
127,122,2,0.7,0.1,0,0,0,0.7,0.2,0.3,69.3,1
127,123,6,2.2,0.4,0.1,0,0,2.2,0.5,0.9,207.8,1
127,125,3,1.1,0.2,0.1,0,0,1.1,0.3,0.5,103.9,1
127,126,1,0.5,0.3,0,0,0.1,0.5,0.1,0.4,51.4,1
127,127,1,0.5,0.3,0,0,0.1,0.5,0.1,0.4,51.4,1
