x,y,Ind,Log_45_70,Log_70_90,Log_ap90,Log_av45,Log_inc,Log_soc,imputed
0,16,8,0.2,1.3,1,0.9,0,0,1
0,22,8,0.3,1.3,0.5,1.3,0,0,1
0,23,4,0.2,0.7,0.2,0.6,0,0,1
0,29,17,0.8,1.9,2.2,1.7,0,0,1
0,42,5.5,0,0.4,0.6,1,0,0,1
0,43,12,0,1,1.2,2.1,0,0,1
0,49,2,0,0.2,0.3,0.3,0,0,1
0,52,14,0,0.6,2.3,2.5,0,0,1
0,53,2,0,0.1,0.3,0.4,0,0,1
0,56,39.5,0,4,5,4,0,0,0
0,63,16,0,2.2,2,2.5,0,0,1
0,64,4,0,0.6,0.5,0.6,0,0,1
0,69,20,0.7,1.3,3.6,1.3,0,0,1
0,70,11,0.4,0.7,2,0.7,0,0,1
0,72,15,0.8,1.3,1.4,2.4,0,0,1
0,73,8,0.4,0.7,0.7,1.3,0,0,1
0,79,10,0.1,1.2,1.6,0.4,0,0,1
0,80,16,0.2,1.9,2.5,0.7,0,0,1
0,86,8,0.8,1.4,0.3,0.7,0,0,1
0,87,6,0.6,1,0.3,0.5,0,0,1
0,91,4,0.4,0.7,0.2,0.3,0,0,1
0,92,23,0.4,5.2,1.6,2,0,0,1
0,94,6,0.1,1.4,0.4,0.5,0,0,1
0,95,36,0,7,5,0,0,0,0
0,96,38.5,0,4,6,3,0,0,0
0,97,72,1,7,3,15,0,0,0
0,98,11,0.3,1.7,1.2,1.4,0,0,1
0,99,4,0.1,0.6,0.5,0.5,0,0,1
0,100,33,0,7,5,1,0,0,0
0,103,4,0.1,0.2,0.5,0.4,0,0,1
0,104,13,0.4,0.7,1.4,1.4,0,0,1
0,107,3,0.2,0.2,0.4,0.3,0,0,1
0,109,7,0.4,0.5,0.9,0.8,0,0,1
0,111,3,0.2,0.2,0.4,0.3,0,0,1
0,112,7,0.3,0.8,0.5,0.8,0,0,1
0,113,6,0.3,0.7,0.5,0.6,0,0,1
0,114,1,0,0.1,0.1,0.1,0,0,1
0,115,2,0.1,0.2,0.2,0.2,0,0,1
0,126,21,1.1,2.6,3.4,2.4,0,0,1
0,127,41.5,3,6,7,1,0,0,0
1,6,13,0,2.7,0,3.3,0,0,1
1,7,1,0,0.2,0.1,0.2,0,0,1
1,26,3,0.1,0.5,0.2,0.5,0,0,1
1,37,4,0.2,0.3,0.3,0.8,0,0,1
1,38,13,0.8,0.9,0.9,2.6,0,0,1
1,42,9,0,0.7,0.9,1.6,0,0,1
1,43,3,0,0.3,0.3,0.5,0,0,1
1,56,24.5,0,1,4,4.4,0,0,1
1,57,5,0.1,0.5,0.4,0.9,0.1,0,1
1,62,3,0,0.4,0.4,0.5,0,0,1
1,72,4,0.2,0.4,0.4,0.6,0,0,1
1,85,4,0.4,0.7,0.2,0.3,0,0,1
1,91,2,0.2,0.3,0.1,0.2,0,0,1
1,92,34,0,3,3,6,0,0,0
1,93,5,0.1,1.1,0.4,0.4,0,0,1
1,94,37.5,0,9,3,1,0,0,0
1,96,8,0.2,1.8,0.5,0.7,0,0,1
1,98,8,0.2,1.3,0.9,1,0,0,1
1,99,15,0.4,2.3,1.7,1.9,0,0,1
1,100,33,1,4,6,1,0,0,0
1,107,9.5,0.5,0.7,1.3,1,0,0,1
1,111,5,0.3,0.3,0.7,0.5,0,0,1
1,114,5,0.2,0.6,0.4,0.5,0,0,1
1,124,4,0.2,0.5,0.7,0.4,0,0,1
1,127,1,0.1,0.2,0.1,0.1,0,0,1
2,38,2,0.1,0.1,0.2,0.4,0,0,1
2,42,2,0,0.2,0.2,0.3,0,0,1
2,56,6,0,0.2,1,1.1,0,0,1
2,57,4,0.1,0.4,0.3,0.7,0.1,0,1
2,72,10,0.5,0.9,0.9,1.6,0,0,1
2,76,15,0.8,1.3,1.4,2.4,0,0,1
2,77,7,0.1,0.8,1.1,0.3,0,0,1
2,85,1,0.1,0.2,0,0.1,0,0,1
2,92,16,0.3,3.6,1.1,1.4,0,0,1
2,94,2,0,0.5,0.1,0.2,0,0,1
2,98,2,0.1,0.3,0.2,0.2,0,0,1
2,100,1,0,0.2,0.1,0.1,0,0,1
2,101,8,0.2,1.3,0.9,1,0,0,1
2,103,2,0.1,0.1,0.2,0.2,0,0,1
2,104,5,0.1,0.3,0.6,0.5,0,0,1
2,108,2,0.1,0.1,0.3,0.2,0,0,1
2,110,29,1,1,5,4,0,0,0
2,111,10,0.5,0.7,1.4,1.1,0,0,1
2,124,12,0.6,1.5,2,1.3,0,0,1
2,126,5,0.3,0.6,0.8,0.6,0,0,1
2,127,34,5,4,3,2,0,0,0
3,6,6,0,1.3,0,1.5,0,0,1
3,7,4,0.2,0.7,0.3,1,0,0,1
3,9,6,0.2,1,0.5,1.5,0,0,1
3,22,1,0,0.2,0,0.2,0,0,1
3,27,12,0.6,1.3,1.5,1.2,0,0,1
3,28,14,0.7,1.6,1.8,1.3,0,0,1
3,36,1,0,0.1,0,0.3,0,0,1
3,37,11,0.7,0.7,0.8,2.2,0,0,1
3,48,20,0,2.1,2.4,3.4,0,0,1
3,49,24,0,2.6,2.9,4,0,0,1
3,50,3,0,0.3,0.4,0.5,0,0,1
3,54,3,0,0.1,0.5,0.6,0,0,1
3,59,4,0.1,0.4,0.3,0.7,0.1,0,1
3,60,2,0,0.2,0.2,0.4,0,0,1
3,61,2,0,0.2,0.2,0.4,0,0,1
3,68,14,0.5,0.9,2.5,0.9,0,0,1
3,69,16,0.6,1,2.9,1,0,0,1
3,70,9,0.3,0.6,1.6,0.6,0,0,1
3,71,6,0.2,0.4,1.1,0.4,0,0,1
3,72,4,0.2,0.4,0.4,0.6,0,0,1
3,77,95.5,0,2,24,0,0,0,0
3,78,56,0,8,9,0,0,0,0
3,79,11,0.1,1.3,1.7,0.5,0,0,1
3,82,2,0.2,0.3,0.1,0.2,0,0,1
3,83,2,0.2,0.3,0.1,0.2,0,0,1
3,89,3,0.3,0.5,0.1,0.3,0,0,1
3,94,17,0.3,3.8,1.2,1.5,0,0,1
3,95,3,0,0.7,0.2,0.3,0,0,1
3,97,2,0.1,0.3,0.2,0.2,0,0,1
3,103,1,0,0.1,0.1,0.1,0,0,1
3,104,3,0.1,0.2,0.3,0.3,0,0,1
3,106,4,0.1,0.2,0.5,0.4,0,0,1
3,108,9,0.5,0.6,1.2,1,0,0,1
3,109,9,0.5,0.6,1.2,1,0,0,1
3,121,2,0.1,0.2,0.2,0.2,0,0,1
3,123,10.5,0.6,1.3,1.7,1.2,0,0,1
3,124,59,1,2,11,6,0,0,0
3,125,10,0.5,1.3,1.6,1.1,0,0,1
3,126,15,0.8,1.9,2.4,1.7,0,0,1
3,127,81,2,12,13,10,0,0,0
4,3,1,0,0.2,0,0.3,0,0,1
4,4,2,0,0.4,0,0.5,0,0,1
4,5,2,0,0.4,0,0.5,0,0,1
4,8,2,0.1,0.3,0.2,0.5,0,0,1
4,16,1,0,0.2,0.1,0.1,0,0,1
4,27,8,0.4,0.9,1,0.8,0,0,1
4,28,9,0.4,1,1.2,0.9,0,0,1
4,29,2,0.1,0.2,0.3,0.2,0,0,1
4,32,3,0,0.2,0.1,0.9,0,0,1
4,33,2,0,0.1,0.1,0.6,0,0,1
4,48,13.5,0,1.4,1.7,2.3,0,0,1
4,49,50,2,3,7,1,0,0,0
4,50,3,0,0.3,0.4,0.5,0,0,1
4,61,3,0.1,0.3,0.2,0.5,0.1,0,1
4,62,4,0,0.6,0.5,0.6,0,0,1
4,65,11.5,0,1.6,1.4,1.8,0,0,1
4,66,8,0,1.1,1,1.2,0,0,1
4,68,2,0.1,0.1,0.4,0.1,0,0,1
4,77,34.5,0.4,4,5.5,1.5,0,0,1
4,78,49.5,0,10,7,0,0,0,0
4,79,33,0,9,2,2,0,0,0
4,80,15,0.2,1.8,2.4,0.6,0,0,1
4,83,3,0.3,0.5,0.1,0.3,0,0,1
4,87,6,0.6,1,0.3,0.5,0,0,1
4,88,6,0.6,1,0.3,0.5,0,0,1
4,94,16,0.3,3.6,1.1,1.4,0,0,1
4,95,6,0.1,1.4,0.4,0.5,0,0,1
4,100,20,0.6,3.1,2.3,2.5,0,0,1
4,104,4,0.1,0.2,0.5,0.4,0,0,1
4,105,1,0,0.1,0.1,0.1,0,0,1
4,109,2,0.1,0.1,0.3,0.2,0,0,1
4,110,4,0.2,0.3,0.6,0.4,0,0,1
4,111,9.5,0.5,0.7,1.3,1,0,0,1
4,112,28.5,0,5,2,4,0,0,0
4,113,70,2,3,8,13,0,0,0
4,114,13,0.6,1.5,1,1.4,0,0,1
4,115,27,1.2,3,2.1,2.9,0,0,1
4,116,5,0.2,0.6,0.4,0.5,0,0,1
4,121,22.5,1,2.5,1.7,2.5,0,0,1
4,123,2,0.1,0.3,0.3,0.2,0,0,1
4,126,59,15,3,5,0,0,0,0
4,127,15,1.4,2.9,1.4,1.5,0,0,1
5,14,5,0.1,0.8,0.6,0.6,0,0,1
5,26,2,0.1,0.3,0.1,0.3,0,0,1
5,27,20,0.8,3.2,1.2,3.2,0,0,1
5,33,23,0.4,1.3,0.4,7,0,0,1
5,46,8,0,0.7,0.8,1.4,0,0,1
5,50,1,0,0.1,0.1,0.2,0,0,1
5,63,2,0,0.3,0.2,0.3,0,0,1
5,65,7,0,1,0.8,1.1,0,0,1
5,67,10,0.2,1,1.8,0.8,0,0,1
5,69,2,0,0.2,0.4,0.2,0,0,1
5,71,16,0.3,1.6,2.8,1.3,0,0,1
5,72,6,0.1,0.1,1.3,0.6,0,0,1
5,74,5,0.1,0.1,1.1,0.5,0,0,1
5,75,2,0,0.1,0.4,0.2,0,0,1
5,78,10,0.3,1.2,2.2,0.5,0,0,1
5,81,11,0.3,1.3,2.4,0.6,0,0,1
5,87,2,0.1,0.1,0.1,0.7,0,0,1
5,94,5,0.1,0.7,0.1,1,0,0,1
5,95,2,0,0.3,0,0.4,0,0,1
5,97,3,0,0.4,0.1,0.6,0,0,1
5,98,11,0.1,1.4,0.3,2.3,0,0,1
5,102,8,0.3,0.9,1.4,0.2,0,0.3,1
5,104,22,0.7,2.6,3.8,0.6,0,0.9,1
5,105,18,0.6,2.1,3.1,0.5,0,0.7,1
5,106,39,2,4,6,2,0,0,0
5,110,28.5,1,6,0,7,0,0,0
5,112,44.5,1,7,0,9,0,0,0
5,113,7.5,0.3,0.9,1.1,0.3,0,0,1
5,120,9,0.7,0.8,1.2,0.5,0,0,1
5,121,11,0.8,1,1.5,0.6,0,0,1
5,126,12,1.2,2,0.8,0.8,0,0,1
5,127,22.5,1,1,4,5,0,0,0
6,7,7,0.3,1.2,0.6,1.7,0,0,1
6,21,2,0.1,0.3,0.3,0.2,0,0,1
6,26,4,0.2,0.7,0.2,0.6,0,0,1
6,27,3,0.1,0.5,0.2,0.5,0,0,1
6,46,10,0,0.8,1,1.8,0,0,1
6,55,1,0,0.1,0.1,0.2,0,0,1
6,68,4,0.1,0.4,0.7,0.3,0,0,1
6,70,5,0.1,0.5,0.9,0.4,0,0,1
6,71,11,0.2,1.1,1.9,0.9,0,0,1
6,76,8,0.1,0.1,1.7,0.9,0,0,1
6,77,7,0.2,0.8,1.5,0.4,0,0,1
6,78,74,1,0,18,1,1,0,0
6,81,33.5,1,3,3,4,0,0,0
6,82,23,1.5,1.9,4.1,1.1,0.2,0,1
6,87,39,0,1,11,1,0,0,0
6,88,2,0.1,0.1,0.1,0.7,0,0,1
6,98,2,0,0.3,0,0.4,0,0,1
6,101,1,0,0.2,0,0.2,0,0,1
6,102,12,0.4,1.4,2.1,0.3,0,0.5,1
6,103,6.5,0.2,0.8,1.1,0.2,0,0.3,1
6,104,41,2,5,7,0,0,0,0
6,105,86,4,5,22,0,0,5,0
6,106,8,0.3,0.9,1.4,0.2,0,0.3,1
6,107,2,0,0.3,0.2,0.2,0,0,1
6,110,4,0,0.6,0.4,0.4,0,0,1
6,112,1,0,0.1,0.2,0,0,0,1
6,118,7,0.5,0.6,1,0.4,0,0,1
6,119,5,0.4,0.4,0.7,0.3,0,0,1
6,120,39,1,2,8,4,0,0,0
6,121,11,0.8,1,1.5,0.6,0,0,1
6,127,39.5,0,4,4,7,0,0,0
7,14,2,0.1,0.3,0.3,0.2,0,0,1
7,15,2,0.1,0.3,0.3,0.2,0,0,1
7,20,2,0.1,0.3,0.3,0.2,0,0,1
7,21,2,0.1,0.3,0.3,0.2,0,0,1
7,53,12,0.3,1.2,0.9,2.1,0.3,0,1
7,55,4,0.1,0.4,0.3,0.7,0.1,0,1
7,56,1,0,0.1,0.1,0.2,0,0,1
7,69,52,1,5,7,6,0,0,0
7,70,15,0.3,1.5,2.6,1.2,0,0,1
7,76,25,0.4,0.5,5.3,2.6,0,0,1
7,77,93.5,0,0,25,0,0,0,0
7,79,3,0.1,0.3,0.7,0.2,0,0,1
7,81,4,0.1,0.5,0.9,0.2,0,0,1
7,82,24,1.5,1.9,4.3,1.2,0.2,0,1
7,86,9,0.6,0.7,1.6,0.4,0.1,0,1
7,87,45.5,1,4,3,11,0,0,0
7,88,10,0.3,0.6,0.6,3.4,0,0,1
7,91,16,0.5,0.9,0.9,5.5,0,0,1
7,102,15,0.5,1.8,2.6,0.4,0,0.6,1
7,103,56,3,5,13,1,0,0,0
7,104,84,2,6,23,4,2,0,0
7,105,80.5,2,2,33,2,0,5,0
7,106,34,1.1,4,5.9,0.9,0,1.3,1
7,107,18,0,2.4,2,1.7,0,0,1
7,109,15,0,2.1,1.6,1.4,0,0,1
7,112,30,0,5,3,3,0,0,0
7,113,2,0.1,0.2,0.3,0.1,0,0,1
7,116,2,0.1,0.2,0.3,0.1,0,0,1
7,119,28.5,1,3,5,3,0,0,0
7,120,104,3,8,4,28,0,0,0
7,121,2,0.1,0.2,0.3,0.1,0,0,1
7,127,27,1.4,3.2,3.5,0.7,0.2,0,1
8,2,21,0,4,1.5,3.5,0,0,1
8,3,4,0,0.7,0.3,0.7,0,0,1
8,19,14,0.3,2.3,1.7,1.7,0,0,1
8,20,2,0.1,0.3,0.3,0.2,0,0,1
8,52,2,0,0.2,0.2,0.4,0,0,1
8,66,2,0,0.3,0.2,0.3,0,0,1
8,67,8,0.2,0.8,1.4,0.6,0,0,1
8,69,18,0.4,1.8,3.2,1.4,0,0,1
8,70,5,0.1,0.5,0.9,0.4,0,0,1
8,71,2,0,0.2,0.4,0.2,0,0,1
8,77,24,0.6,2.8,5.4,1.3,0,0,1
8,79,6,0.2,0.7,1.3,0.3,0,0,1
8,80,36,0,11,3,0,0,0,0
8,81,37,0,0,13,0,0,6,0
8,82,146.5,0,1,45,0,0,0,0
8,83,47,0,1,11,4,0,0,0
8,85,26,1.7,2.1,4.6,1.3,0.2,0,1
8,86,2,0.1,0.2,0.4,0.1,0,0,1
8,87,1,0,0.1,0.1,0.3,0,0,1
8,90,4,0.1,0.2,0.2,1.4,0,0,1
8,96,5,0.1,0.7,0.1,1,0,0,1
8,101,7,0.1,0.9,0.2,1.4,0,0,1
8,102,2,0.1,0.2,0.3,0.1,0,0.1,1
8,103,15,0.5,1.8,2.6,0.4,0,0.6,1
8,104,129.5,1,5,5,46,0,0,0
8,105,142.5,4,8,24,25,0,6,0
8,106,26,0.9,3,4.5,0.7,0,1,1
8,107,7,0,0.9,0.8,0.7,0,0,1
8,108,5,0,0.7,0.5,0.5,0,0,1
8,109,14,0,1.9,1.5,1.3,0,0,1
8,110,3,0,0.4,0.3,0.3,0,0,1
8,111,2,0,0.3,0.2,0.2,0,0,1
8,112,7,0.3,0.8,1.1,0.2,0,0,1
8,115,6,0.3,0.7,0.9,0.2,0,0,1
8,116,29,1.1,3.3,4.5,1.1,0,0,1
8,120,23,1.7,2,3,1.4,0,0,1
8,125,39,1,3,5,6,0,0,0
8,126,50,4,3,1,10,0,0,0
8,127,10,0.5,1.2,1.3,0.2,0.1,0,1
9,2,17,0,3.3,1.2,2.8,0,0,1
9,11,4,0.2,0.7,0.3,1,0,0,1
9,13,2,0.1,0.3,0.3,0.2,0,0,1
9,23,5,0.2,0.8,0.3,0.8,0,0,1
9,36,4,0.1,0.2,0.1,1.2,0,0,1
9,37,20,0.4,1.1,0.4,6,0,0,1
9,60,21,0,2,1,9,0,0,0
9,67,5,0.1,0.5,0.9,0.4,0,0,1
9,74,2,0,0.1,0.4,0.2,0,0,1
9,75,1,0,0.1,0.2,0.1,0,0,1
9,76,8,0.1,0.1,1.7,0.9,0,0,1
9,77,11,0.3,1.3,2.4,0.6,0,0,1
9,79,27,2,5,3,2,0,0,0
9,80,69.5,1,27,1,0,0,0,0
9,81,108,0,9,32,0,0,10,0
9,82,95,0,0,32,0,1,0,0
9,83,74,0,4,23,0,2,0,0
9,84,27.5,1.8,2.2,4.9,1.4,0.2,0,1
9,85,12,0.8,1,2.1,0.6,0.1,0,1
9,93,24,0.3,3.1,0.6,4.9,0,0,1
9,94,16,0.2,2,0.4,3.3,0,0,1
9,97,2,0,0.3,0,0.4,0,0,1
9,104,2,0.1,0.2,0.3,0.1,0,0.1,1
9,105,61.5,5,7,5,12,0,0,0
9,106,11,0.4,1.3,1.9,0.3,0,0.4,1
9,107,57,3,19,0,0,0,0,0
9,108,2,0,0.3,0.2,0.2,0,0,1
9,109,2,0,0.3,0.2,0.2,0,0,1
9,112,14,0.5,1.6,2.2,0.5,0,0,1
9,114,34,0,14,0,0,0,0,0
9,115,29,1.1,3.3,4.5,1.1,0,0,1
9,116,7,0.3,0.8,1.1,0.2,0,0,1
9,123,3,0.3,0.5,0.2,0.2,0,0,1
9,125,5,0.5,0.8,0.4,0.3,0,0,1
9,126,10,1,1.6,0.7,0.7,0,0,1
9,127,52,1,11,8,0,0,0,0
10,9,4,0.2,0.4,0.6,0.4,0,0,1
10,10,14,0.8,1.5,2.2,1.2,0,0,1
10,11,4,0.2,0.4,0.6,0.4,0,0,1
10,23,8,0.3,1.1,0.6,1.2,0,0,1
10,24,2,0.1,0.3,0.1,0.3,0,0,1
10,37,4,0,0.2,0.2,1.1,0,0,1
10,52,7,0,0.8,0.8,1,0,0,1
10,55,9,0,1,1.1,1.2,0,0,1
10,60,5,0.2,0.7,0.3,1,0,0,1
10,72,10,0.1,0.7,2.1,0.5,0.1,0,1
10,73,15,0.1,1.1,3.2,0.8,0.1,0,1
10,74,67,0,0,17,0,0,0,0
10,76,58,0,0,20,1,0,0,0
10,77,58.5,3,3,16,0,0,0,0
10,78,64,3,0,17,6,2,0,0
10,79,40,7,6,6,0,0,0,0
10,80,86.5,0,27,8,0,0,0,0
10,81,126,0,3,41,0,0,6,0
10,82,7,0,1,1.2,0.7,0,0,1
10,83,14.5,0,2,2.6,1.5,0,0,1
10,84,11,0,1.5,1.9,1.2,0,0,1
10,89,1,0,0.1,0.1,0.1,0,0,1
10,93,27,0.3,4.8,2.3,2,0,0,1
10,95,4,0.1,0.7,0.3,0.3,0,0,1
10,103,2,0,0.4,0,0.5,0,0,1
10,105,6,0,1.1,0.1,1.6,0,0,1
10,109,2,0.2,0.2,0.2,0.3,0,0,1
10,110,3,0.2,0.4,0.3,0.5,0,0,1
10,112,5,0.1,0.9,0.2,0.7,0,0,1
10,113,29,2,5,3,3,0,0,0
10,114,65,3,9,5,5,0,0,0
10,115,58.5,2,11,1,5,0,0,0
10,116,4,0,0.7,0.2,0.6,0,0,1
10,122,16,0.8,2.8,1.8,0.8,0,0.4,1
10,123,2,0.1,0.4,0.2,0.1,0,0,1
10,124,4,0.2,0.7,0.4,0.2,0,0.1,1
10,126,14.5,0.7,2.6,1.6,0.7,0,0.4,1
10,127,99,0,2,13,18,0,0,0
11,8,9,0.5,1,1.4,0.8,0,0,1
11,9,2,0.1,0.2,0.3,0.2,0,0,1
11,11,7,0.4,0.7,1.1,0.6,0,0,1
11,22,1,0,0.1,0.1,0.2,0,0,1
11,23,1,0,0.1,0.1,0.2,0,0,1
11,25,4,0.2,0.5,0.3,0.6,0,0,1
11,47,8,0,0.9,0.5,1.4,0,0,1
11,48,5,0,0.6,0.3,0.8,0,0,1
11,51,1,0,0.1,0,0.2,0,0,1
11,52,11,0,1.3,1.3,1.4,0,0,1
11,55,12,0,1.4,1.4,1.6,0,0,1
11,62,8,0.2,0.8,0.8,0.7,0.1,0,1
11,63,5,0.1,0.5,0.5,0.4,0.1,0,1
11,65,7,0.2,0.7,0.7,0.6,0.1,0,1
11,72,47,0,1,7,6,0,0,0
11,73,115,0,8,29,0,0,0,0
11,74,77,0,2,21,0,0,9,0
11,75,11,0.1,0.8,2.3,0.6,0.1,0,1
11,76,30,0.2,2.3,6.3,1.6,0.2,0,1
11,77,148.5,7,2,22,32,0,0,0
11,78,89,16,2,28,2,0,3,0
11,79,80,16,12,7,0,0,1,0
11,80,84,2,2,27,0,0,11,0
11,81,22,0.4,1.8,5.6,0,0,0,1
11,83,7,0,1,1.2,0.7,0,0,1
11,84,49,1,1,6,10,0,0,0
11,92,27,0.3,4.8,2.3,2,0,0,1
11,93,5,0,0.9,0.4,0.4,0,0,1
11,103,5.5,0,1,0.1,1.5,0,0,1
11,112,4,0,0.7,0.2,0.6,0,0,1
11,114,84.5,0,1,17,16,0,0,0
11,115,115,2,1,15,31,0,0,0
11,126,19,1,3.3,2.1,0.9,0,0.5,1
11,127,60,2,2,2,16,0,0,0
12,1,8,0.6,1.7,0.6,0.5,0,0,1
12,7,8,0.4,0.9,1.3,0.7,0,0,1
12,11,2.5,0.1,0.3,0.4,0.2,0,0,1
12,12,7,0.2,0.7,0.7,1.3,0,0,1
12,13,10,0.2,1,1,1.9,0,0,1
12,14,5,0.1,0.5,0.5,1,0,0,1
12,32,6,0,0.2,0.4,1.6,0,0,1
12,51,24,0,2.8,1.4,4.1,0,0,1
12,52,19,0,2.2,2.3,2.5,0,0,1
12,60,2,0.1,0.3,0.1,0.4,0,0,1
12,62,12,0.4,1.1,1.1,1.1,0.2,0,1
12,65,4,0.1,0.4,0.4,0.4,0,0,1
12,69,1,0,0.1,0.2,0.1,0,0,1
12,70,14,0.4,1.5,2.3,0.7,0,0,1
12,72,5,0,0.4,1.1,0.3,0,0,1
12,73,21,0.1,1.6,4.4,1.1,0.2,0,1
12,74,26,0.2,1.9,5.5,1.4,0.2,0,1
12,75,64,1,2,13,1,0,0,0
12,76,46,3,3,1,7,0,0,0
12,77,101,2,5,9,28,0,0,0
12,78,116.5,7,6,10,22,0,0,0
12,79,23,0.4,2,5.8,0,0,0,1
12,80,7,0.1,0.6,1.8,0,0,0,1
12,81,5,0.1,0.4,1.3,0,0,0,1
12,84,4,0,0.6,0.7,0.4,0,0,1
12,91,9,0.2,0.6,1.2,0.6,0,0,1
12,92,33,0,5,3,6,0,0,0
12,94,12,0.1,2.2,1,0.9,0,0,1
12,102,5,0,0.9,0.1,1.3,0,0,1
12,103,5.5,0,1,0.1,1.5,0,0,1
12,105,6,0,1.1,0.1,1.6,0,0,1
12,106,2,0,0.4,0,0.5,0,0,1
12,113,13,0.2,2.3,0.6,1.8,0,0,1
12,114,14,0.2,2.5,0.6,2,0,0,1
12,115,41.5,2,4,6,4,0,0,0
12,117,7,0.7,0.6,0.3,0.9,0,0,1
12,126,21,1,3.7,2.4,1,0,0.5,1
12,127,11,0.3,1.2,1.4,1,0,0,1
13,2,6,0.2,0.4,0.7,0.9,0,0,1
13,6,35,0.8,2.6,4.3,5.1,0,0,1
13,7,3,0.1,0.3,0.5,0.3,0,0,1
13,11,3,0.1,0.3,0.5,0.3,0,0,1
13,13,2,0,0.2,0.2,0.4,0,0,1
13,14,5,0.1,0.5,0.5,1,0,0,1
13,25,8,0.3,1.1,0.6,1.2,0,0,1
13,26,7,0.3,0.9,0.5,1.1,0,0,1
13,32,4,0,0.2,0.2,1.1,0,0,1
13,33,3,0,0.1,0.2,0.8,0,0,1
13,51,6,0,0.7,0.4,1,0,0,1
13,63,9,0.3,0.9,0.9,0.8,0.1,0,1
13,69,7,0.2,0.8,1.1,0.4,0,0,1
13,70,5,0.1,0.6,0.8,0.3,0,0,1
13,71,30,0,3,7,1,0,0,0
13,72,3,0,0.2,0.7,0.2,0,0,1
13,74,71.5,0,15,9,1,0,0,0
13,75,43,1,9,4,1,0,0,0
13,76,4,0,0.3,0.9,0.2,0,0,1
13,77,47,0,1,15,0,0,0,0
13,78,2,0,0.2,0.5,0,0,0,1
13,82,25,0,0,5,6,0,0,0
13,83,6,0,0.8,1.1,0.6,0,0,1
13,87,6,0.2,0.4,0.8,0.4,0,0,1
13,88,15,0.4,1,2,1,0,0,1
13,89,12,0.3,0.8,1.6,0.8,0,0,1
13,92,9,0.1,1.6,0.7,0.7,0,0,1
13,93,2,0,0.4,0.2,0.1,0,0,1
13,95,6,0.1,1.1,0.5,0.4,0,0,1
13,97,12,0.7,1.3,1,2.3,0,0,1
13,98,10,0.6,1.1,0.8,1.9,0,0,1
13,99,7,0.4,0.8,0.6,1.3,0,0,1
13,100,6,0.3,0.7,0.5,1.2,0,0,1
13,101,1,0,0.1,0.1,0.2,0,0,1
13,102,56,1,2,14,7,0,0,0
13,103,44.5,2,3,5,7,0,0,0
13,104,11,0,2,0.2,2.9,0,0,1
13,113,8,0.1,1.4,0.4,1.1,0,0,1
13,114,28,0,8,4,0,0,0,0
13,116,5,0.1,0.9,0.2,0.7,0,0,1
13,118,2,0.2,0.2,0.1,0.2,0,0,1
13,119,17,1.7,1.4,0.8,2.1,0,0,1
13,123,1,0.1,0.2,0.1,0,0,0,1
13,124,2,0.1,0.4,0.2,0.1,0,0,1
13,125,1,0.1,0.2,0.1,0,0,0,1
13,127,5,0.2,0.5,0.6,0.5,0,0,1
14,2,36,1,3,2,6,3,0,0
14,25,2,0.1,0.3,0.1,0.3,0,0,1
14,33,17,0,0.7,1,4.5,0,0,1
14,47,1,0,0.1,0,0.2,0,0,1
14,50,7,0,0.8,0.4,1.2,0,0,1
14,54,10,0,1.2,1.2,1.3,0,0,1
14,60,4,0.1,0.6,0.3,0.8,0,0,1
14,71,10,0.3,1.1,1.6,0.5,0,0,1
14,74,8,0,0.6,1.7,0.4,0.1,0,1
14,82,8,0,1.1,1.4,0.8,0,0,1
14,88,17,0.5,1.1,2.3,1.1,0,0,1
14,89,10,0.3,0.7,1.3,0.6,0,0,1
14,91,5,0.2,0.3,0.7,0.3,0,0,1
14,92,2.5,0,0.5,0.2,0.2,0,0,1
14,101,36.5,1,5,6,1,0,0,0
14,102,30,1,10,3,1,0,0,0
14,103,78,1,7,9,7,0,0,0
14,104,56,1,0,8,13,0,0,0
14,105,2,0,0.4,0,0.5,0,0,1
14,107,5,0.4,0.6,0.5,0.8,0,0,1
14,112,5,0.1,0.9,0.2,0.7,0,0,1
14,113,3,0,0.5,0.2,0.4,0,0,1
14,114,19,0.2,3.4,0.9,2.7,0,0,1
14,115,2,0,0.4,0.1,0.3,0,0,1
14,116,3,0,0.5,0.2,0.4,0,0,1
14,117,32,3.3,2.7,1.5,3.8,0,0,1
14,118,27,2.7,2.3,1.3,3.2,0,0,1
14,119,20,2,1.7,0.9,2.4,0,0,1
14,120,3,0.3,0.3,0.1,0.4,0,0,1
15,16,20,0.5,0.5,3.2,3.2,0,0,1
15,17,2,0,0.2,0.2,0.4,0,0,1
15,27,2,0.1,0.1,0.1,0.4,0,0,1
15,28,2,0.1,0.1,0.1,0.4,0,0,1
15,29,8,0.4,0.6,0.2,1.7,0,0,1
15,31,8,0.4,0.6,0.2,1.7,0,0,1
15,32,15,0,0.9,0.9,3.9,0,0,1
15,33,30,0,1.8,1.8,7.8,0,0,1
15,39,6,0,0.2,0.4,1.6,0,0,1
15,47,3,0.1,0.1,0.3,0.8,0,0,1
15,50,4,0.2,0.2,0.4,1,0,0,1
15,54,2,0.1,0.3,0.1,0.4,0,0,1
15,59,14,0.3,0.6,0.7,2.2,0.3,0,1
15,65,2,0.1,0.4,0.3,0,0,0,1
15,77,4,0.3,0.4,0.3,0.3,0,0,1
15,79,2,0.2,0.2,0.2,0.1,0,0,1
15,80,15,1,1.6,1.4,1,0,0,1
15,102,2,0.1,0.5,0.1,0.1,0,0,1
15,103,12.5,0.5,2.8,0.7,1,0,0,1
15,104,51.5,1,8,6,3,0,0,0
15,105,43,4,1,4,7,0,0,0
15,113,8,0.2,0.6,1.1,1,0,0,1
15,114,18,0.5,1.4,2.4,2.2,0,0,1
15,123,8,0,0.6,1.5,0.5,0,0,1
15,124,22,0,1.6,4,1.4,0,0,1
15,126,2,0,0.1,0.4,0.1,0,0,1
16,7,8,0.6,0,0.6,0.9,0,0,1
16,8,8,0.6,0,0.6,0.9,0,0,1
16,14,2,0,0.1,0.3,0.3,0,0,1
16,15,11,0.2,0.3,1.8,1.8,0,0,1
16,18,1,0,0.1,0.1,0.2,0,0,1
16,23,8,0.3,1.1,0.6,1.2,0,0,1
16,31,3,0.2,0.2,0.1,0.6,0,0,1
16,39,2,0,0.1,0.1,0.5,0,0,1
16,42,1.5,0,0.1,0.1,0.4,0,0,1
16,47,4,0.2,0.2,0.4,1,0,0,1
16,59,2,0,0.1,0.1,0.3,0.1,0,1
16,62,31,0,3,10,0,0,0,0
16,63,6.5,0.3,1.2,1,0,0,0,1
16,65,4,0.2,0.7,0.6,0,0,0,1
16,66,8,0.4,1.4,1.2,0,0,0,1
16,77,2,0.2,0.2,0.2,0.1,0,0,1
16,79,15.5,1.1,1.6,1.4,1.1,0,0,1
16,80,1,0.1,0.1,0.1,0,0,0,1
16,86,17,0.4,4.2,1.1,0.3,0,0,1
16,87,17,0,2.4,3.2,0.5,0,0,1
16,88,2,0,0.3,0.4,0,0,0,1
16,90,10,0,1.4,1.9,0.3,0,0,1
16,105,2,0.1,0.5,0.1,0.1,0,0,1
16,106,11.5,0.4,2.6,0.7,0.9,0,0,1
16,107,2,0.2,0.2,0.2,0.3,0,0,1
16,112,2,0.1,0.1,0.3,0.2,0,0,1
16,113,11,0.4,0.8,1.5,1.3,0,0,1
16,114,55,0,6,9,6,1,0,0
16,115,9,0.3,0.7,1.2,1.1,0,0,1
16,117,3,0.1,0.5,0.2,0.7,0,0,1
16,120,1,0,0.2,0.1,0.2,0,0,1
16,121,19,0.5,3.1,1.6,4.2,0,0,1
16,123,39,0,3,7,1,0,0,0
16,124,46,0,8,10,0,0,0,0
16,126,11,0,0.8,2,0.7,0,0,1
17,0,1,0.1,0.1,0.1,0.2,0,0,1
17,7,10,0.7,0,0.8,1.2,0,0,1
17,8,15.5,1.1,0,1.1,1.9,0,0,1
17,17,1,0,0.1,0.1,0.2,0,0,1
17,23,8,0.3,1.1,0.6,1.2,0,0,1
17,35,3,0,0.1,0.2,0.8,0,0,1
17,37,3,0,0.1,0.2,0.8,0,0,1
17,40,4,0,0.2,0.2,1.1,0,0,1
17,42,2,0,0.2,0.1,0.6,0,0,1
17,44,4,0,0.3,0.2,1.2,0,0,1
17,56,6,0.2,0.8,0.4,1.2,0,0,1
17,57,10,0.2,0.5,0.5,1.6,0.2,0,1
17,60,6,0.1,0.3,0.3,1,0.1,0,1
17,61,32.5,0,0,11,0,0,0,0
17,62,139,0,6,34,0,0,0,0
17,63,54,4,6,9,1,0,0,0
17,64,56,0,16,2,0,0,0,0
17,65,84,0,8,17,0,0,0,0
17,66,75,0,3,16,0,0,0,0
17,67,9,0.3,0.9,0.9,0.8,0.1,0,1
17,73,6,0.4,0.6,0.6,0.4,0,0,1
17,77,5,0.4,0.5,0.5,0.3,0,0,1
17,78,2,0.2,0.2,0.2,0.1,0,0,1
17,80,3,0.2,0.3,0.3,0.2,0,0,1
17,86,43,0,8,9,0,0,0,0
17,87,98,0,5,26,0,0,0,0
17,88,3,0,0.4,0.6,0.1,0,0,1
17,89,8,0,1.1,1.5,0.3,0,0,1
17,90,50,1,0,7,9,0,0,0
17,91,9,0,1.2,1.7,0.3,0,0,1
17,110,1,0.1,0.1,0.1,0.2,0,0,1
17,111,15,1.1,1.8,1.4,2.5,0,0,1
17,112,15,0.5,1.1,2.1,1.8,0,0,1
17,117,43,0,0,12,2,0,0,0
17,118,56.5,9,4,3,5,0,0,0
17,119,38,1,2,13,0,0,0,0
17,120,28,0.8,4.6,2.3,6.1,0,0,1
17,121,82,2,24,6,3,0,0,0
17,122,29,0,2.2,5.2,1.9,0,0,1
17,123,82,1,17,8,4,0,0,0
17,124,35.5,0,4,10,1,0,0,0
17,125,1,0,0.1,0.2,0,0,0,1
17,126,44,2,6,9,2,0,0,0
18,16,2,0,0.1,0.3,0.3,0,0,1
18,46,12,0,1,0.7,3.5,0,0,1
18,47,4,0.2,0.2,0.4,1,0,0,1
18,57,6,0.1,0.3,0.3,1,0.1,0,1
18,62,73.5,0,0,23,0,0,0,0
18,63,113,4,2,26,6,0,0,0
18,64,163.5,5,11,24,35,0,12,0
18,65,77,1,12,23,0,0,18,0
18,66,107.5,0,7,22,0,0,0,0
18,67,6,0.2,0.6,0.6,0.5,0.1,0,1
18,68,4,0.1,0.4,0.4,0.4,0,0,1
18,77,10,0.7,1.1,0.9,0.7,0,0,1
18,79,2,0.2,0.2,0.2,0.1,0,0,1
18,80,2,0.2,0.2,0.2,0.1,0,0,1
18,86,74,0,16,8,4,0,0,0
18,87,96,0,15,24,10,0,0,0
18,88,44.5,0,1,21,1,0,18,0
18,89,69.5,0,0,23,0,0,3,0
18,90,127.5,0,0,34,0,0,0,0
18,91,65.5,0,4,20,0,0,0,0
18,92,3,0.1,0.4,0.2,0.6,0,0,1
18,93,2,0.1,0.3,0.1,0.4,0,0,1
18,101,5,0.3,0.6,0.9,0.2,0,0,1
18,102,12,0.5,2.7,0.7,0.9,0,0,1
18,104,2,0.1,0.5,0.1,0.1,0,0,1
18,109,4,0.3,0.5,0.3,0.7,0,0,1
18,110,10,0.7,1.2,0.9,1.7,0,0,1
18,111,54,2,3,6,9,0,0,0
18,112,46,3,6,2,7,0,0,0
18,113,3,0.1,0.2,0.4,0.4,0,0,1
18,117,1,0,0.2,0.1,0.2,0,0,1
18,118,108.5,3,6,11,29,1,0,0
18,119,106,4,17,7,14,0,0,0
18,120,100,3,9,19,28,0,11,0
18,121,127,5,27,16,7,0,3,0
18,122,85.5,1,18,12,0,0,0,0
18,123,33,2,3,5,2,0,0,0
18,125,5,0,0.4,0.9,0.3,0,0,1
18,126,42,1,4,5,5,0,0,0
18,127,15,0.2,1.8,2.5,1.2,0,0,1
19,4,2,0,0.2,0.4,0.1,0,0,1
19,5,35.5,1,2.8,7.6,1.9,0,0,1
19,12,5,0.1,0.2,0.8,0.8,0,0,1
19,14,1,0,0,0.2,0.2,0,0,1
19,15,47,0,5,5,12,0,0,0
19,16,2,0,0.1,0.3,0.3,0,0,1
19,17,8,0.2,0.8,0.8,1.5,0,0,1
19,24,4,0.2,0.5,0.3,0.6,0,0,1
19,31,19,0.9,1.4,0.4,4.1,0,0,1
19,32,2,0,0.1,0.1,0.6,0,0,1
19,42,1,0,0.1,0,0.3,0,0,1
19,45,5.5,0,0.5,0.3,1.6,0,0,1
19,46,22.5,0,1.8,1.4,6.5,0,0,1
19,47,6,0.2,0.2,0.7,1.6,0,0,1
19,51,6,0.2,0.2,0.7,1.6,0,0,1
19,52,10.5,0.4,1.4,0.7,2.1,0,0,1
19,57,4,0.1,0.2,0.2,0.6,0.1,0,1
19,58,2,0,0.1,0.1,0.3,0.1,0,1
19,62,42,0,10,11,0,0,2,0
19,63,53,0,2,5,12,0,0,0
19,64,96,6,6,5,30,0,0,0
19,65,34,2,6,4,5,0,0,0
19,66,19,0.9,3.4,2.9,0,0,0,1
19,77,6,0.4,0.6,0.6,0.4,0,0,1
19,80,11,0.8,1.1,1,0.8,0,0,1
19,86,31,0.7,7.8,1.9,0.6,0,0,1
19,87,113,4,9,8,28,0,0,0
19,88,75,2,0,17,18,0,12,0
19,89,55.5,1,2,16,1,0,8,0
19,90,11,0,1.6,2.1,0.3,0,0,1
19,91,4,0,0.6,0.7,0.1,0,0,1
19,92,5,0.2,0.6,0.2,1.1,0,0,1
19,93,32,1.5,3.8,1.5,6.9,0,0,1
19,99,8,0.5,1,1.5,0.2,0,0,1
19,101,19,1.2,2.4,3.5,0.6,0,0,1
19,102,50.5,0,11,2,8,0,0,0
19,103,5,0.2,1.1,0.3,0.4,0,0,1
19,106,6,0.2,1.4,0.3,0.5,0,0,1
19,111,24,1.8,2.9,2.2,4,0,0,1
19,117,3,0.1,0.5,0.2,0.7,0,0,1
19,118,63,0,5,8,8,0,0,0
19,119,18,0.5,3,1.5,3.9,0,0,1
19,120,82.5,1,16,25,2,0,18,0
19,121,56,9,9,3,6,0,0,0
19,122,37,2,5,7,0,0,0,0
19,123,1,0,0.1,0.2,0,0,0,1
19,125,2,0,0.1,0.4,0.1,0,0,1
19,126,13,0,1,2.3,0.8,0,0,1
19,127,6,0.1,0.7,1,0.5,0,0,1
20,3,5,0.4,0.5,0.7,0.9,0,0,1
20,4,56,1,1,8,9,0,0,0
20,5,90,0,2,22,4,1,0,0
20,7,6,0.1,0.8,1.1,0.1,0,0,1
20,32,2,0,0.3,0.1,0.4,0,0,1
20,51,2,0,0.2,0.1,0.4,0,0,1
20,54,1,0.1,0.1,0.1,0.2,0,0,1
20,55,9,0.5,0.5,1.3,1.8,0,0,1
20,57,1,0.1,0.1,0.1,0.2,0,0,1
20,64,43,1,2,0,16,0,0,0
20,65,44,4,7,2,8,0,0,0
20,66,6,0.3,1,0.5,0.5,0,0,1
20,73,4,0.2,0.5,0.5,0.3,0,0,1
20,74,14,0.5,1.7,1.8,1.1,0,0,1
20,76,2,0.1,0.2,0.2,0.2,0,0,1
20,85,2,0,0.5,0.2,0.1,0,0,1
20,86,11,0.1,2.5,1.3,0.5,0,0,1
20,87,18,0.1,2.1,2.9,1.2,0.1,0,1
20,88,89,0,0,22,14,1,0,0
20,89,49,1,4,5,10,0,0,0
20,90,3,0,0.4,0.5,0.2,0,0,1
20,98,20,0,1.5,2.3,5.4,0,0,1
20,99,19,0,1.5,2.2,5.1,0,0,1
20,112,5,0.2,0.4,0.5,0.6,0,0,1
20,119,23.5,1,1,9,0,0,9,0
20,120,94,1,17,14,1,0,0,0
20,121,72.5,0,9,11,4,0,0,0
20,122,33,0,1,12,0,0,0,0
20,123,3,0,0.4,0.6,0.2,0,0,1
20,124,17,0,2.2,3.3,1,0,0,1
20,125,8,0,1,1.6,0.5,0,0,1
20,126,20,0,2.6,3.9,1.2,0,0,1
21,0,45.5,0.6,2.9,5.8,7.6,0,0,1
21,1,17.5,0.2,1.1,2.3,2.9,0,0,1
21,5,10.5,0.8,1,1.6,1.8,0,0,1
21,6,7,0.5,0.7,1.1,1.2,0,0,1
21,11,25.5,0.5,3.3,4.8,0.5,0,0,1
21,27,3,0,0.1,0.1,0.8,0,0,1
21,29,7,0.1,0.3,0.2,1.8,0,0,1
21,32,9,0,1.3,0.6,1.6,0,0,1
21,37,32,0.9,2.7,0.9,5.3,0,0,1
21,64,9,0.4,1.5,0.8,0.7,0,0,1
21,67,29,0.8,4.9,0.8,4,0,0,1
21,73,24.5,1,5,2,3,0,0,0
21,74,26,0.9,3.3,3.3,2.1,0,0,1
21,77,19,0.5,1.1,2.2,4.3,0,0,1
21,84,3,0,0.7,0.4,0.1,0,0,1
21,85,16,0.1,3.6,1.9,0.7,0,0,1
21,86,6,0.1,1.3,0.7,0.3,0,0,1
21,88,29,0.2,3.3,4.7,1.8,0.2,0,1
21,89,72.5,0,4,19,1,4,0,0
21,90,12,0.1,1.3,1.9,0.8,0.1,0,1
21,99,6,0,0.5,0.7,1.6,0,0,1
21,118,8,0.5,0.6,0.9,1,0,0,1
21,119,3,0.2,0.2,0.3,0.4,0,0,1
21,120,12,0.8,0.8,1.3,1.6,0,0,1
21,123,4,0,0.5,0.8,0.2,0,0,1
21,124,41.5,4,2,8,6,0,0,0
21,125,52,3,4,13,1,0,0,0
21,126,5,0,0.6,1,0.3,0,0,1
22,1,6,0.1,0.4,0.7,1,0,0,1
22,6,1,0.1,0.1,0.1,0.2,0,0,1
22,7,9,0.2,1.2,1.7,0.1,0,0,1
22,9,4,0.1,0.5,0.7,0.1,0,0,1
22,10,73,2,1,18,0,0,0,0
22,11,73,0,0,21,0,0,0,0
22,12,35.5,0,1,11,2,0,0,0
22,13,14.5,0,0.3,2.5,0.9,0,0,1
22,22,7,0.1,0.3,0.2,1.8,0,0,1
22,23,6,0.1,0.3,0.1,1.5,0,0,1
22,32,10,0,1.4,0.7,1.8,0,0,1
22,37,4,0.1,0.3,0.1,0.7,0,0,1
22,42,19,1.2,0.6,3.5,1.8,0,0,1
22,59,18,1,1,2.6,3.6,0,0,1
22,64,4,0.2,0.7,0.3,0.3,0,0,1
22,65,4,0.2,0.7,0.3,0.3,0,0,1
22,72,9,0.3,1.1,1.2,0.7,0,0,1
22,73,4,0.2,0.5,0.5,0.3,0,0,1
22,74,12,0.4,1.5,1.5,1,0,0,1
22,76,1,0.1,0.1,0.1,0.1,0,0,1
22,84,6,0.1,1.3,0.7,0.3,0,0,1
22,85,26,0.2,5.8,3.1,1.2,0,0,1
22,87,7,0.1,0.8,1.1,0.4,0.1,0,1
22,88,62,0,6,13,7,0,0,0
22,89,27.5,0.2,3.1,4.5,1.7,0.2,0,1
22,97,1,0,0.1,0.1,0.3,0,0,1
22,103,1,0,0.1,0.1,0.2,0,0,1
22,107,5,0.1,0.5,0.4,0.8,0.1,0,1
22,111,8,0.1,0.8,0.6,1.3,0.2,0,1
22,112,27,0.8,2.2,2.7,3.5,0,0,1
22,114,4,0.1,0.4,0.4,0.5,0,0,1
22,115,8,0.2,0.7,0.8,1,0,0,1
22,116,2,0,0.2,0.2,0.3,0,0,1
22,118,3,0.2,0.2,0.3,0.4,0,0,1
22,121,6,0.4,0.4,0.7,0.8,0,0,1
22,122,14,0,1.8,2.8,0.8,0,0,1
22,123,41,1,5,9,0,0,0,0
22,124,113.5,0,6,31,1,0,0,0
22,125,10,0,1.3,1.9,0.6,0,0,1
22,126,67,1,5,15,1,0,0,0
22,127,70.5,0,5,16,2,0,0,0
23,7,4,0.1,0.5,0.7,0.1,0,0,1
23,8,5,0.1,0.7,0.9,0.1,0,0,1
23,9,88,5,12,16,4,0,0,0
23,10,96,4,21,12,0,0,0,0
23,11,116.5,0,6,29,0,0,0,0
23,12,105,0,0,33,0,0,0,0
23,13,46,0,1.2,7.9,2.8,0,0,1
23,28,2,0,0.1,0.1,0.5,0,0,1
23,35,7,0,1,0.5,1.3,0,0,1
23,42,1,0.1,0,0.2,0.1,0,0,1
23,50,17,0.4,1.7,0.4,3.3,0,0,1
23,51,2,0,0.2,0.1,0.4,0,0,1
23,60,6,0.3,0.3,0.9,1.2,0,0,1
23,74,9,0.3,1.1,1.2,0.7,0,0,1
23,84,11,0.1,2.5,1.3,0.5,0,0,1
23,85,17,0.1,3.8,2,0.8,0,0,1
23,86,5,0.1,1.1,0.6,0.2,0,0,1
23,87,22,0.1,2.5,3.6,1.4,0.2,0,1
23,88,18,0.1,2.1,2.9,1.2,0.1,0,1
23,89,5,0,0.6,0.8,0.3,0.1,0,1
23,97,31,1,5,4,6,0,0,0
23,98,6,0,0.5,0.7,1.6,0,0,1
23,103,7,0.1,0.7,0.6,1.1,0.1,0,1
23,108,3,0,0.3,0.2,0.5,0.1,0,1
23,111,69.5,2,5,4,13,0,0,0
23,112,15,0.5,1.2,1.5,1.9,0,0,1
23,116,1,0,0.1,0.1,0.1,0,0,1
23,117,27,1.9,1.9,2.9,3.5,0,0,1
23,118,32.5,2.3,2.3,3.5,4.2,0,0,1
23,120,2,0.1,0.2,0.2,0.3,0,0,1
23,121,40,1,3,7,4,0,0,0
23,122,88,0,1,22,2,0,0,0
23,123,136,1,3,36,1,0,0,0
23,124,55.5,0,3,17,0,0,0,0
23,126,5,0,0.6,1,0.3,0,0,1
23,127,18,0.2,2.3,3.3,0.9,0,0,1
24,4,3,0.2,0.3,0.5,0.5,0,0,1
24,9,35,5,4,4,5,0,0,0
24,10,73,8,10,3,11,0,0,0
24,11,97,0,22,21,0,0,6,0
24,12,153.5,0,0,45,0,0,11,0
24,13,49,0,0,16,0,2,0,0
24,16,21,0,0.5,3.6,1.3,0,0,1
24,17,20,0.6,2.8,2.3,0.9,0,0,1
24,27,5,0.1,0.2,0.1,1.3,0,0,1
24,28,2,0,0.1,0.1,0.5,0,0,1
24,50,9,0.2,0.9,0.2,1.8,0,0,1
24,51,11,0.3,1.1,0.3,2.1,0,0,1
24,64,18,0.8,3,1.7,1.4,0,0,1
24,65,24.5,1.1,4.1,2.3,1.9,0,0,1
24,67,2,0,0.3,0.1,0.3,0,0,1
24,68,5,0.1,0.8,0.2,0.7,0,0,1
24,74,6,0.2,0.7,0.8,0.5,0,0,1
24,75,83,1,5,13,12,0,0,0
24,76,28.5,1,0,7,3,0,0,0
24,84,2,0,0.5,0.2,0.1,0,0,1
24,96,13.5,0.9,2.5,0.6,2.4,0,0,1
24,97,33,1,3,4,4,0,0,0
24,102,12,0.2,1.2,1,1.9,0.2,0,1
24,108,14.5,0.3,1.4,1.2,2.3,0.3,0,1
24,111,52,2,1,3,12,1,0,0
24,112,19,0.6,1.5,1.9,2.5,0,0,1
24,115,1,0,0.1,0.1,0.1,0,0,1
24,117,6,0.4,0.4,0.7,0.8,0,0,1
24,118,1,0.1,0.1,0.1,0.1,0,0,1
24,120,36,0,7,5,0,0,0,0
24,121,56,1,4,13,0,0,0,0
24,122,52,4,4,5,6,0,0,0
24,123,84,2,7,19,4,0,0,0
24,124,54,0,7,11,0,0,0,0
24,127,14,0.2,1.8,2.5,0.7,0,0,1
25,0,3,0.1,0.1,0,0.7,0,0,1
25,2,2,0.2,0.2,0.3,0.3,0,0,1
25,3,5,0.4,0.5,0.7,0.9,0,0,1
25,7,7,0.1,0.3,1.4,0.3,0,0,1
25,9,13,0.2,0.6,2.6,0.5,0.1,0,1
25,10,99.5,7,8,14,10,0,0,0
25,11,80.5,11,16,6,1,0,0,0
25,12,110,0,4,37,0,0,13,0
25,13,53,0,0,16,0,0,0,0
25,16,32.5,0,7,4,0,0,0,0
25,17,7,0.2,1,0.8,0.3,0,0,1
25,23,4,0.1,0.2,0.1,1,0,0,1
25,24,5,0.1,0.2,0.1,1.3,0,0,1
25,26,5,0.1,0.2,0.1,1.3,0,0,1
25,28,7,0.1,0.3,1.3,0.4,0,0,1
25,29,15,0.3,0.6,2.8,0.8,0,0,1
25,30,13,0.3,0.6,2.4,0.6,0,0,1
25,50,2,0.1,0.1,0.4,0.2,0,0,1
25,53,3,0.1,0.5,0.4,0.2,0,0,1
25,56,2,0.1,0.4,0.2,0.1,0,0,1
25,64,5,0,0.7,1.3,0.3,0,0,1
25,65,10,0,1.4,2.6,0.5,0,0,1
25,66,2,0,0.3,0.5,0.1,0,0,1
25,68,8,0.2,1.1,1.3,0.8,0,0,1
25,69,2,0,0.3,0.3,0.2,0,0,1
25,75,20,0,4.4,2.4,0.7,0,0,1
25,78,4,0.1,0.2,0.5,0.9,0,0,1
25,84,2,0.2,0.3,0.1,0.1,0,0,1
25,85,10,0.8,1.5,0.5,0.8,0,0,1
25,102,43.5,2,1,3,14,0,0,0
25,103,22,1.4,1.4,0.7,4.3,0,0,1
25,107,3,0.1,0.2,0.4,0.3,0,0,1
25,111,8,0.4,0.6,1,0.8,0,0,1
25,119,34,1,2,4,5,0,0,0
25,120,70,0,5,12,10,0,0,0
25,121,77.5,2,3,16,13,0,0,0
25,122,52,4,5,10,6,0,0,0
25,123,33,0,5,6,2,0,0,0
25,124,5,0,1.1,0.6,0,0,0,1
25,127,2,0.2,0.2,0.3,0.1,0,0,1
26,8,4,0,0.2,0.8,0.2,0,0,1
26,10,60,0,3,16,0,0,0,0
26,11,83,1,6,23,1,0,0,0
26,12,18,0.3,2.3,2.9,1,0,0,1
26,13,12,0.2,1.5,1.9,0.7,0,0,1
26,16,3,0,0.4,0.5,0.2,0,0,1
26,17,4,0.1,0.5,0.5,0.2,0,0,1
26,29,37,1,6,5,1,0,0,0
26,30,28,0.6,1.2,5.2,1.4,0,0,1
26,31,27,0.6,1.2,5,1.3,0,0,1
26,40,4,0.2,0.9,0.7,0.2,0,0,1
26,51,10,0.6,0.3,1.9,1,0,0,1
26,53,12,0.5,2.1,1.4,0.7,0,0,1
26,55,8.5,0.3,1.5,1,0.5,0,0,1
26,62,7,0,1,1.8,0.4,0,0,1
26,63,1,0,0.1,0.3,0.1,0,0,1
26,66,9,0,1.3,2.4,0.4,0,0,1
26,67,25,1,4,4,3,0,0,0
26,70,12,0.3,1.7,2,1.1,0,0,1
26,71,13,0.3,1.8,2.2,1.2,0,0,1
26,75,39,0,8.6,4.6,1.3,0,0,1
26,85,2,0.2,0.3,0.1,0.1,0,0,1
26,86,74.5,1,7,12,2,0,0,0
26,87,9,0.1,2,1.1,0.4,0,0,1
26,92,4,0.1,0.4,0.6,0.4,0,0,1
26,93,9,0.3,0.9,1.3,0.9,0,0,1
26,99,32,2,0,8,5,0,0,0
26,103,2,0.1,0.1,0.1,0.4,0,0,1
26,106,74.5,4,5,5,15,0,0,0
26,107,4,0.2,0.3,0.5,0.4,0,0,1
26,109,4,0.2,0.3,0.5,0.4,0,0,1
26,110,13,0.5,1,1.7,1.3,0,0,1
26,120,47,3,3,8,6,0,0,0
26,121,24,0.4,4,2.9,2.2,0,0,1
26,122,31,0,7,3.7,0,0,0,1
26,123,17,0,3.8,2.1,0,0,0,1
27,10,24,0.3,1,4.8,1,0.2,0,1
27,11,92.5,0,0,31,0,0,0,0
27,12,77,0,0,23,0,0,0,0
27,17,6,0.2,0.8,0.7,0.3,0,0,1
27,20,4,0.1,0.5,0.5,0.2,0,0,1
27,24,1,0,0,0,0.3,0,0,1
27,30,3,0.1,0.1,0.6,0.1,0,0,1
27,31,2,0,0.1,0.4,0.1,0,0,1
27,54,2,0.1,0.4,0.2,0.1,0,0,1
27,55,39,1,2,6,8,0,0,0
27,67,9,0.2,1.3,1.5,0.8,0,0,1
27,68,5,0.1,0.7,0.8,0.5,0,0,1
27,70,6,0.1,0.8,1,0.6,0,0,1
27,71,9,0.2,1.3,1.5,0.8,0,0,1
27,84,2,0.2,0.3,0.1,0.1,0,0,1
27,86,57.5,0,7,8,4,0,0,0
27,87,20,0.1,4.5,2.4,0.9,0,0,1
27,92,10,0.3,1,1.5,0.9,0,0,1
27,99,8,0.6,1.4,0.4,1.4,0,0,1
27,100,7,0.5,1.3,0.3,1.2,0,0,1
27,101,4,0.3,0.7,0.2,0.7,0,0,1
27,105,2,0.1,0.1,0.1,0.4,0,0,1
27,106,47,1,2,4,7,0,0,0
27,107,15,0.6,1.1,2,1.5,0,0,1
27,116,3,0.1,0.2,0.3,0.4,0,0,1
27,120,2,0,0.3,0.3,0.2,0,0,1
27,121,2,0,0.3,0.3,0.2,0,0,1
27,122,35,2,7,3,1,0,0,0
27,124,3,0,0.7,0.3,0,0,0,1
28,5,1,0.1,0.1,0.1,0.2,0,0,1
28,6,2,0.2,0.2,0.3,0.3,0,0,1
28,7,5.5,0.1,0.2,1.1,0.2,0.1,0,1
28,10,28,0.4,1.2,5.6,1.2,0.2,0,1
28,11,117.5,0,0,31,0,0,0,0
28,12,110.5,0,0,31,0,0,0,0
28,13,4,0.1,0.5,0.6,0.2,0,0,1
28,16,5,0.1,0.6,0.8,0.3,0,0,1
28,17,3,0.1,0.4,0.4,0.1,0,0,1
28,19,45,2,7,5,7,0,0,0
28,20,61,2,9,7,4,0,0,0
28,30,4,0.1,0.2,0.7,0.2,0,0,1
28,31,33,0.7,1.4,6.1,1.7,0,0,1
28,32,26,0,7.7,2.6,0,0,0,1
28,40,4,0.2,0.9,0.7,0.2,0,0,1
28,41,1,0.1,0.2,0.2,0,0,0,1
28,54,2,0.1,0.4,0.2,0.1,0,0,1
28,55,14,0.6,2.5,1.6,0.8,0,0,1
28,65,6,0,0.8,1.6,0.3,0,0,1
28,66,1,0,0.1,0.3,0.1,0,0,1
28,70,4,0.1,0.6,0.6,0.4,0,0,1
28,84,17,1.3,2.6,0.9,1.3,0,0,1
28,85,20,1,2,5,3,0,0,0
28,86,6,0.5,0.9,0.3,0.5,0,0,1
28,94,26,0.8,2.5,3.9,2.5,0,0,1
28,95,12,0.4,1.2,1.8,1.1,0,0,1
28,98,5,0.4,0.9,0.2,0.9,0,0,1
28,99,4,0.3,0.7,0.2,0.7,0,0,1
28,100,33,0,7,1,5,0,0,0
28,101,3,0.2,0.6,0.1,0.5,0,0,1
28,108,3,0.1,0.2,0.4,0.3,0,0,1
28,111,12,0.5,0.9,1.6,1.2,0,0,1
28,112,2,0,0.2,0.2,0.3,0,0,1
28,120,17,0.3,2.8,2.1,1.5,0,0,1
28,121,11,0.2,1.8,1.3,1,0,0,1
28,122,2,0,0.5,0.2,0,0,0,1
29,6,4,0.3,0.4,0.6,0.7,0,0,1
29,7,15,0.2,0.7,3,0.6,0.1,0,1
29,10,13,0.2,0.6,2.6,0.5,0.1,0,1
29,11,31,0.5,1.3,6.2,1.3,0.2,0,1
29,12,11,0.2,1.4,1.8,0.6,0,0,1
29,14,5,0.1,0.6,0.8,0.3,0,0,1
29,15,49,0,0,16,0,0,0,0
29,16,11,0.2,1.4,1.8,0.6,0,0,1
29,17,2,0.1,0.3,0.2,0.1,0,0,1
29,18,14,0.5,1.9,1.6,0.6,0,0,1
29,19,19,0.6,2.7,2.2,0.8,0,0,1
29,20,15,0.5,2.1,1.7,0.6,0,0,1
29,29,8,0.2,0.3,1.5,0.4,0,0,1
29,30,40,2,2,10,0,0,0,0
29,31,64,1,21,2,0,1,0,0
29,32,43.5,0,22,1,0,0,0,0
29,33,62,0,24,0,0,0,10,0
29,34,14.5,0,4.3,1.4,0,0,0,1
29,35,24,0,12,0,0,0,0,0
29,39,13,0.6,2.9,2.4,0.6,0,0,1
29,54,25.5,1.1,4.4,3,1.5,0,0,1
29,65,1,0,0.1,0.3,0.1,0,0,1
29,69,15,0.4,2.1,2.5,1.4,0,0,1
29,70,2,0,0.3,0.3,0.2,0,0,1
29,81,12,0.3,0.7,1.4,2.7,0,0,1
29,93,8.5,0.3,0.8,1.3,0.8,0,0,1
29,94,69,1,5,11,7,0,0,0
29,95,24.5,0.8,2.3,3.7,2.3,0,0,1
29,106,5,0.3,0.3,0.2,1,0,0,1
29,110,30,1.3,2.3,3.9,2.9,0,0,1
29,111,46,5,3,4,15,0,0,0
29,112,13,0.4,1,1.3,1.7,0,0,1
29,119,5,0.1,0.8,0.6,0.5,0,0,1
29,120,42,2,9,6,2,0,0,0
29,121,5,0.1,0.8,0.6,0.5,0,0,1
30,2,2,0,0.4,0.1,0.3,0,0,1
30,7,4,0,0.9,0.3,0.5,0,0,1
30,8,6,0,1.3,0.4,0.8,0,0,1
30,13,1.5,0,0.1,0.4,0.1,0,0,1
30,14,4,0.1,0.2,0.9,0.3,0,0,1
30,15,93.5,0,0,33,0,0,0,0
30,16,121,0,0,64,0,0,0,0
30,17,13,0.3,1.7,2.4,0.3,0,0,1
30,18,65,0,25,0,0,0,0,0
30,19,16.5,0.3,2.2,3,0.5,0,0,1
30,26,1,0.1,0.1,0.1,0.1,0,0,1
30,28,1,0,0.1,0.2,0,0,0,1
30,29,68.5,1,1,21,0,0,0,0
30,30,90,4,10,14,9,0,0,0
30,31,63,5,16,2,5,0,0,0
30,32,79.5,1,20,15,0,0,11,0
30,33,42,2,11,1,5,0,0,0
30,34,68.5,4,8,10,5,1,0,0
30,35,89,6,29,0,0,0,8,0
30,36,57,0,6,16,0,0,6,0
30,41,2,0.1,0.2,0.1,0.3,0,0,1
30,49,6,0.2,0.3,0.4,1.2,0,0,1
30,50,7,0.3,0.4,0.4,1.3,0,0,1
30,58,7,0,0.9,1,0.7,0,0,1
30,59,33,0,4.4,4.4,3.3,0,0,1
30,69,10,0,1.1,1.1,1.6,0,0,1
30,70,2,0,0.2,0.3,0.3,0,0,1
30,80,5,0.2,0.5,1.2,0.1,0,0,1
30,81,4,0.1,0.4,1,0.1,0,0,1
30,83,3,0,0.3,0.5,0.4,0,0,1
30,104,27,1.4,2.4,5.4,0.4,0,0.5,1
30,105,49,2,2,5,7,0,0,0
30,106,25,1.4,2.2,5,0.3,0,0.5,1
30,107,25,1.2,2.5,2.3,2.6,0,0,1
30,110,14,0.7,1.4,1.3,1.4,0,0,1
30,118,18,0.8,2.1,1.6,1.9,0,0,1
30,120,2,0.1,0.2,0.2,0.2,0,0,1
30,122,5,0.2,0.7,0.3,0.5,0,0,1
30,126,5,0.2,0.7,0.3,0.5,0,0,1
30,127,23,0,3.1,3.5,0.9,0,0,1
31,2,5,0,1.1,0.3,0.7,0,0,1
31,7,9,0,2,0.6,1.1,0,0,1
31,13,3,0.1,0.2,0.7,0.2,0,0,1
31,15,9,0.3,0.5,2.1,0.6,0,0,1
31,16,56.5,2,5,16,3,0,0,0
31,17,120,0,3,38,3,0,2,0
31,18,101,0,21,17,0,0,0,0
31,19,22,0.4,3,4,0.6,0,0,1
31,25,1,0.1,0.1,0.1,0.1,0,0,1
31,26,1,0.1,0.1,0.1,0.1,0,0,1
31,28,2,0,0.1,0.4,0.1,0,0,1
31,29,43.5,0,2,11,3,0,6,0
31,30,68,1,7,10,6,0,0,0
31,31,38,3,2,6,4,0,0,0
31,32,112.5,7,2,8,33,0,0,0
31,33,49,4,10,2,10,0,0,0
31,34,84,19,10,4,0,0,0,0
31,35,91,4,15,16,0,0,0,0
31,36,32,0,3.1,7.4,0,0,0,1
31,50,4,0.2,0.2,0.2,0.8,0,0,1
31,59,13,0,1.7,1.8,1.3,0,0,1
31,62,4,0.1,0.3,0.7,0.2,0,0,1
31,75,2,0.2,0.3,0.2,0.1,0,0,1
31,76,5,0.4,0.7,0.5,0.3,0,0,1
31,77,30,0,2,8,1,0,0,0
31,78,13,0.4,1.4,3.2,0.2,0,0,1
31,82,12,0,1.3,2.1,1.5,0,0,1
31,83,14,0,1.5,2.4,1.8,0,0,1
31,84,2,0,0.2,0.3,0.3,0,0,1
31,88,2,0,0.2,0.4,0.4,0,0,1
31,102,4,0.2,0.3,0.8,0.1,0,0.1,1
31,103,32.5,1,6,6,1,0,4,0
31,104,70,3,5,14,7,0,3,0
31,105,53,0,8,8,0,0,4,0
31,106,48,0,4,11,0,0,0,0
31,107,30,1.5,3,2.7,3.1,0,0,1
31,108,1,0,0.1,0.1,0.1,0,0,1
31,109,14,0.7,1.4,1.3,1.4,0,0,1
31,110,10,0.5,1,0.9,1,0,0,1
31,117,4,0.2,0.5,0.3,0.4,0,0,1
31,118,96,4,2,9,24,0,0,0
31,119,2,0.1,0.2,0.2,0.2,0,0,1
31,124,11,0.4,1.6,0.6,1.2,0,0,1
31,126,7,0.2,1,0.4,0.8,0,0,1
31,127,91,0,11,16,1,0,0,0
32,0,14,0.4,2.2,0.8,2.7,0,0,1
32,3,11,0,2.4,0.7,1.4,0,0,1
32,15,6,0.2,0.3,1.4,0.4,0,0,1
32,16,64,7,3,11,9,0,3,0
32,17,103.5,1,6,29,0,0,0,0
32,18,121.5,0,7,39,0,0,0,0
32,19,27.5,0.6,3.7,5,0.7,0,0,1
32,28,7,0,0.6,1.3,0.3,0,0,1
32,29,69,1,2,18,0,0,0,0
32,30,97.5,2,13,20,5,0,0,0
32,31,51,9,7,3,0,0,0,0
32,32,30,1,2,4,6,0,0,0
32,33,92,3,21,8,25,0,23,0
32,34,114.5,1,4,21,9,0,5,0
32,35,115,0,0,29,0,0,1,0
32,39,3,0.2,0.3,0.1,0.5,0,0,1
32,52,2,0,0.3,0.1,0.3,0,0,1
32,53,16,0,2.3,1.4,2.2,0,0,1
32,54,6,0,0.9,0.5,0.8,0,0,1
32,58,6,0,0.8,0.8,0.6,0,0,1
32,59,1,0,0.1,0.2,0.1,0,0,1
32,62,28,0.4,2.1,4.8,1.7,0,0,1
32,63,6,0.1,0.4,1,0.4,0,0,1
32,64,13,0.2,1,2.2,0.8,0,0,1
32,73,6,0.5,0.8,0.7,0.3,0,0,1
32,74,1,0.1,0.1,0.1,0.1,0,0,1
32,76,7,0.5,1,0.8,0.3,0,0,1
32,77,67,2,8,8,8,0,0,0
32,78,4,0.1,0.4,1,0.1,0,0,1
32,87,2,0,0.2,0.4,0.4,0,0,1
32,88,14,0,1.3,3,2.5,0,0,1
32,89,4,0,0.4,0.8,0.7,0,0,1
32,90,2,0,0.2,0.4,0.4,0,0,1
32,103,26,1.4,2.3,5.2,0.3,0,0.5,1
32,104,142,3,4,38,7,0,17,0
32,105,106.5,4,17,6,13,0,0,0
32,106,25,1.4,2.2,5,0.3,0,0.5,1
32,109,26,1.3,2.6,2.3,2.7,0,0,1
32,110,22,1.1,2.2,2,2.3,0,0,1
32,111,4,0.2,0.4,0.4,0.4,0,0,1
32,115,2,0.1,0.1,0.2,0.6,0,0,1
32,117,33,1.4,3.9,2.9,3.4,0,0,1
32,118,49,1,7,8,3,0,0,0
32,127,71,1,3,16,3,0,0,0
33,10,3,0,0.6,0.2,0.4,0,0,1
33,12,14,0.5,0.7,3.3,0.9,0,0,1
33,16,113,9,1,40,13,0,15,0
33,17,18,0.4,2.4,3.3,0.5,0,0,1
33,18,52,0,5,11,0,0,0,0
33,26,2,0.1,0.2,0.3,0.2,0,0,1
33,27,2,0,0.1,0.4,0.1,0,0,1
33,28,3,0,0.2,0.6,0.1,0,0,1
33,29,64.5,0,2,17,0,0,4,0
33,30,102,0,13,20,0,0,0,0
33,31,85,0,20,8,0,0,0,0
33,32,59.5,0,15,8,0,0,0,0
33,33,20,0,1.9,4.6,0,0,0,1
33,34,85,1,7,24,0,0,4,0
33,35,53,0,1,18,0,0,10,0
33,42,4,0.2,0.2,0.2,0.8,0,0,1
33,43,2,0.1,0.1,0.1,0.4,0,0,1
33,47,4,0.2,0.2,0.2,0.8,0,0,1
33,48,21,0.8,1.2,1.2,4.1,0,0,1
33,62,22,0.3,1.6,3.8,1.4,0,0,1
33,63,6,0.1,0.4,1,0.4,0,0,1
33,64,34.5,2,4,6,5,0,0,0
33,72,2,0.2,0.3,0.2,0.1,0,0,1
33,73,9,0.7,1.3,1,0.4,0,0,1
33,74,5,0.4,0.7,0.5,0.3,0,0,1
33,75,6,0.5,0.8,0.7,0.3,0,0,1
33,76,2,0.2,0.3,0.2,0.1,0,0,1
33,77,10,0.3,1.1,2.5,0.1,0,0,1
33,82,1,0,0.1,0.2,0.1,0,0,1
33,86,6,0,0.6,1,0.8,0,0,1
33,87,25,0,1,5,5,0,0,0
33,88,4,0,0.4,0.8,0.7,0,0,1
33,90,5,0,0.4,1.1,0.9,0,0,1
33,97,4,0.1,0.3,0.5,0.4,0,0,1
33,98,57,0,2,11,8,0,0,0
33,99,25,0.6,1.8,3.3,2.4,0,0,1
33,103,8,0.4,0.7,1.6,0.1,0,0.2,1
33,104,55.5,3,7,6,7,0,0,0
33,105,43,5,1,2,16,0,0,0
33,106,34,0,4,8,0,1,0,0
33,107,28.5,2,10,1,1,0,0,0
33,109,8,0.4,0.8,0.7,0.9,0,0,1
33,111,24,1.2,2.4,2.2,2.5,0,0,1
33,117,3,0.1,0.4,0.3,0.3,0,0,1
33,118,6,0.3,0.7,0.5,0.6,0,0,1
33,124,2,0.1,0.3,0.1,0.2,0,0,1
33,125,4,0.2,0.6,0.2,0.4,0,0,1
33,126,10,0.4,1.5,0.5,1.1,0,0,1
33,127,57,2,2,10,9,0,0,0
34,6,5,0,1.1,0.3,0.7,0,0,1
34,10,12,0,2.7,0.8,1.5,0,0,1
34,11,6,0,1.3,0.4,0.8,0,0,1
34,14,73,0,0,30,0,0,0,0
34,15,22,0.7,1.1,5.2,1.5,0,0,1
34,16,126,9,18,19,24,0,0,0
34,17,21,0.4,2.9,3.8,0.6,0,0,1
34,18,23,0.5,3.1,4.2,0.6,0,0,1
34,20,7,0.1,1,1.3,0.2,0,0,1
34,23,1,0.1,0.1,0.1,0.1,0,0,1
34,26,6,0.4,0.5,0.9,0.6,0,0,1
34,27,1,0,0.1,0.2,0,0,0,1
34,30,32,0,2.7,6,1.3,0,0,1
34,31,63,0,0,17,0,0,0,0
34,32,59,0,0,21,0,0,7,0
34,33,89,1,0,27,2,0,0,0
34,34,132,0,1,34,0,0,0,0
34,35,57,0,8,13,0,0,0,0
34,40,8,0.5,0.7,0.2,1.4,0,0,1
34,41,4,0.2,0.4,0.1,0.7,0,0,1
34,42,2,0.1,0.1,0.1,0.4,0,0,1
34,49,2,0.1,0.1,0.1,0.4,0,0,1
34,64,2,0,0.2,0.3,0.1,0,0,1
34,75,22,1.7,3.1,2.4,1.1,0,0,1
34,76,33.5,2.7,4.6,3.7,1.7,0,0,1
34,77,4.5,0.1,0.5,1.1,0.1,0,0,1
34,78,24,0.7,2.6,6,0.4,0,0,1
34,86,9,0,1,1.5,1.1,0,0,1
34,87,40,3,2,5,8,0,0,0
34,95,9,0.3,0.7,2,1.7,0,0,1
34,96,50,1.7,4.3,11,9.3,0,0,1
34,97,53,0,4,12,0,0,0,0
34,98,21,0.5,1.5,2.8,2,0,0,1
34,99,33,0.8,2.4,4.3,3.2,0,0,1
34,103,29,1.6,2.5,5.8,0.4,0,0.6,1
34,104,5,0.3,0.4,1,0.1,0,0.1,1
34,105,60,2,0,17,2,0,0,0
34,106,36,2,5,8,1,0,0,0
34,107,63.5,3,9,5,12,0,0,0
34,108,27,1.4,2.7,2.4,2.8,0,0,1
34,122,2,0.1,0.3,0.1,0.2,0,0,1
34,123,4,0.2,0.6,0.2,0.4,0,0,1
34,126,5,0.2,0.7,0.3,0.5,0,0,1
34,127,5,0,0.7,0.7,0.2,0,0,1
35,4,3,0,0.4,0.5,0.4,0,0,1
35,5,15,0,1.9,2.6,1.8,0,0,1
35,6,1,0,0.1,0.2,0.1,0,0,1
35,10,5,0.4,1.9,0.1,0,0,0,1
35,11,18,1.4,6.9,0.5,0,0,0,1
35,12,31,2.2,3.7,4.5,2,0,0,1
35,13,8,0.6,1,1.1,0.5,0,0,1
35,14,102.5,5,6,36,0,0,0,0
35,15,26,1.9,3.1,3.7,1.7,0,0,1
35,16,26.5,0,2,2,11,0,0,0
35,17,84,6,5,12,17,1,0,0
35,18,63.5,3,7,2,18,0,0,0
35,19,40,1,0,8,11,0,0,0
35,20,84,17,2,3,14,0,0,0
35,21,27,3.5,6,1.3,1.3,0,0,1
35,25,8,0.3,1.4,0.6,0.9,0,0,1
35,26,9,0.3,1.6,0.7,1,0,0,1
35,33,105,0,0,43,0,1,0,0
35,34,30,0.9,0,5.7,2.4,0,0,1
35,35,11,0.3,0,2.1,0.9,0,0,1
35,40,10,0.6,0.9,0.3,1.7,0,0,1
35,41,7,0.4,0.6,0.2,1.3,0,0,1
35,46,22.5,1.2,1.2,1.2,4.1,0,0,1
35,52,8,0,1.1,0.7,1.1,0,0,1
35,53,14,0,2,1.2,2,0,0,1
35,59,26.5,0,1,5,5,0,0,0
35,60,4,0.1,0.6,0.5,0.4,0,0,1
35,66,5,0,0.5,0.6,0.8,0,0,1
35,75,39,2,6,5,0,0,0,0
35,76,44.5,5,6,1,4,0,0,0
35,77,101,3,7,13,19,0,0,0
35,78,135,0,0,39,0,0,0,0
35,79,43,0,0,14,0,0,0,0
35,84,10,0,0.3,0.8,1.9,0,0,1
35,85,16,0,0.4,1.3,3.1,0,0,1
35,96,22,0.7,1.1,4.2,1.1,0,0,1
35,97,22.5,0.7,1.7,4.8,1,0,0,1
35,101,2,0.1,0.1,0.4,0.1,0,0,1
35,105,4,0.2,0.4,0.4,0.4,0,0,1
35,106,4,0.2,0.4,0.4,0.4,0,0,1
35,108,2,0.2,0.1,0.2,0.2,0,0,1
35,109,3.5,0.4,0.2,0.3,0.4,0,0,1
35,110,6,0.6,0.4,0.5,0.7,0,0,1
35,113,14,0.5,1.4,1.4,2.4,0,0,1
35,123,17.5,0.6,1.5,2.2,2.4,0,0,1
35,124,46.5,0,5,7,3,0,0,0
35,125,11,0.4,1,1.3,1.5,0,0,1
35,126,36,0,3,8,1,0,0,0
36,12,3,0.2,0.4,0.4,0.2,0,0,1
36,14,157,4,20,6,46,0,1,0
36,15,22,1.6,2.6,3.2,1.4,0,0,1
36,16,90.5,18,7,3,20,0,1,0
36,17,194.5,13,8,17,75,0,2,0
36,18,63,2,27,4,7,0,0,0
36,19,123,27,10,20,1,0,0,0
36,20,85,27,7,4,0,0,0,0
36,21,35.5,6,7,2,0,0,0,0
36,25,23,0.8,4.1,1.9,2.5,0,0,1
36,26,4,0.2,0.7,0.3,0.4,0,0,1
36,28,3,0.2,0.2,0.5,0.3,0,0,1
36,34,7,0.2,0,1.3,0.6,0,0,1
36,44,2,0.1,0.1,0.1,0.4,0,0,1
36,45,2,0.1,0.1,0.1,0.4,0,0,1
36,52,3,0,0.4,0.3,0.4,0,0,1
36,53,2,0,0.3,0.1,0.3,0,0,1
36,57,6,0.1,0.9,0.7,0.7,0,0,1
36,67,9,0,1,1,1.4,0,0,1
36,68,2,0,0.2,0.3,0.3,0,0,1
36,75,2,0.1,0.3,0.3,0.1,0,0,1
36,76,28,1,0,8,2,0,0,0
36,77,125,9,7,17,18,0,0,0
36,78,39,1,1,9,0,0,0,0
36,84,38,1,6,7,2,0,0,0
36,99,76,1,6,5,15,0,0,0
36,100,12.5,0.4,0.9,2.7,0.5,0,0,1
36,101,6,0.2,0.4,1.3,0.3,0,0,1
36,107,15,1.5,1,1.3,1.8,0,0,1
36,108,12,1.2,0.8,1.1,1.4,0,0,1
36,109,7,0.7,0.5,0.6,0.8,0,0,1
36,113,21,0.7,2.1,2.1,3.6,0,0,1
36,114,20,0.6,2,2,3.5,0,0,1
36,121,5,0.2,0.2,0.4,1.6,0,0,1
36,122,2,0.1,0.2,0.2,0.3,0,0,1
36,123,4,0.1,0.3,0.5,0.6,0,0,1
36,124,107.5,0,1,27,3,0,0,0
36,125,26,0.9,2.2,3.2,3.6,0,0,1
36,126,20,0.7,1.7,2.5,2.8,0,0,1
36,127,7,0,0.7,1.5,0.4,0,0,1
37,3,11,0,1.4,1.9,1.3,0,0,1
37,4,2,0,0.2,0.4,0.2,0,0,1
37,7,5,0.4,1.9,0.1,0,0,0,1
37,8,11,0.9,4.2,0.3,0,0,0,1
37,11,47,8,8,9,0,0,0,0
37,12,62,10,10,5,0,0,0,0
37,13,38,9,10,1,1,0,6,0
37,14,94,3,19,14,6,0,0,0
37,15,71,1,17,7,0,0,0,0
37,16,48,3,2,3,10,0,0,0
37,17,74,5,1,5,20,0,0,0
37,18,104,23,6,30,5,0,0,0
37,19,183,7,34,86,0,1,35,0
37,20,51,3,15,1,0,0,0,0
37,21,5,0.7,1.1,0.2,0.2,0,0,1
37,24,26,0.9,4.7,2.1,2.8,0,0,1
37,28,18,1.3,1.4,2.7,1.8,0,0,1
37,44,27,1.4,1.4,1.5,5,0,0,1
37,45,1,0,0,0.1,0.2,0,0,1
37,47,6,0.1,0.4,1.1,0.4,0,0,1
37,56,6,0,0.9,0.5,0.8,0,0,1
37,57,5.5,0.1,0.8,0.7,0.6,0,0,1
37,76,30,0.6,5,4.4,1.2,0,0,1
37,77,18,0,4,3.5,0,0,0,1
37,78,49,0,10,9,2,0,0,0
37,79,86,0,0,26,0,0,10,0
37,80,6,0,1.3,1.2,0,0,0,1
37,90,12,0.5,0.5,1.5,3.5,0,0,1
37,91,4,0.2,0.2,0.5,1.1,0,0,1
37,95,2,0,0.1,0.4,0.1,0,0,1
37,96,33.5,0,2,7,4,0,0,0
37,99,2,0.1,0.1,0.4,0.1,0,0,1
37,107,21.5,0,3,5,3,0,0,0
37,108,79,0,6,1,24,0,0,0
37,109,50.5,3,3,4,12,0,0,0
37,110,20,1.9,1.3,1.8,2.4,0,0,1
37,111,7,0.7,0.5,0.6,0.8,0,0,1
37,112,15,0.5,1.5,1.5,2.6,0,0,1
37,113,38,1,5,4,2,0,0,0
37,114,73,2,8,6,11,0,0,0
37,115,8,0.2,0.8,0.8,1.4,0,0,1
37,118,4,0.2,0.2,0.3,1.2,0,0,1
37,120,4,0.2,0.2,0.3,1.2,0,0,1
37,121,2,0.1,0.1,0.2,0.6,0,0,1
37,123,11,0.4,1,1.3,1.5,0,0,1
37,124,2,0.1,0.2,0.2,0.3,0,0,1
37,126,2,0.1,0.2,0.2,0.3,0,0,1
37,127,10,0,1,2.2,0.6,0,0,1
38,0,28,0,12,0,0,0,0,0
38,1,83,11,30,0,0,0,8,0
38,2,33.5,3,5,5,0,0,0,0
38,3,56.5,1,1,18,0,0,0,0
38,4,47,0,3,10,0,0,0,0
38,5,8,0,1,1.4,1,0,0,1
38,11,76,0,21,6,0,0,0,0
38,12,73,15,23,2,0,0,10,0
38,13,19,1.4,2.3,2.7,1.2,0,0,1
38,14,60,1,16,9,0,0,0,0
38,15,54,0,24,0,0,0,0,0
38,16,42,15,1,2,2,0,0,0
38,17,111,11,10,11,15,0,0,0
38,18,190.5,61,3,34,13,0,32,0
38,19,106.5,20,20,29,0,0,39,0
38,20,16,2.1,3.6,0.8,0.7,0,0,1
38,21,15,1.9,3.4,0.7,0.7,0,0,1
38,23,3,0.1,0.5,0.3,0.3,0,0,1
38,24,19.5,0.7,3.5,1.6,2.1,0,0,1
38,26,17,0.6,3.1,1.4,1.8,0,0,1
38,28,2,0.1,0.2,0.3,0.2,0,0,1
38,31,5,0.4,0.4,0.7,0.5,0,0,1
38,32,6,0.2,0,1.1,0.5,0,0,1
38,35,9,0.3,0,1.7,0.7,0,0,1
38,44,2,0.1,0.1,0.1,0.4,0,0,1
38,59,21,0.4,3.1,2.4,2.4,0,0,1
38,69,4,0,0.4,0.5,0.6,0,0,1
38,70,40,0,4,7,2,0,0,0
38,71,11,0,1.2,1.2,1.7,0,0,1
38,75,3,0.1,0.5,0.4,0.1,0,0,1
38,77,8,0,1.8,1.5,0,0,0,1
38,78,76.5,0,5,26,0,0,11,0
38,79,43,0,4,11,0,0,5,0
38,82,8,0,0.2,0.7,1.5,0,0,1
38,90,7,0.3,0.3,0.9,2,0,0,1
38,91,1,0,0.1,0.1,0.3,0,0,1
38,95,27,1,1,8,1,0,0,0
38,96,35,1,1.8,6.7,1.8,0,0,1
38,97,21,0.7,1.5,4.5,0.9,0,0,1
38,107,3,0.3,0.2,0.3,0.3,0,0,1
38,108,8,0.8,0.5,0.7,1,0,0,1
38,109,24,2.3,1.6,2.1,2.9,0,0,1
38,110,66,11,4,6,3,0,0,0
38,111,16,1.6,1,1.4,2,0,0,1
38,112,48,0,7,9,5,0,0,0
38,113,22,0.7,2.2,2.2,3.8,0,0,1
38,114,25,0.8,2.5,2.6,4.3,0,0,1
38,115,47.5,0,2,10,5,0,0,0
38,116,3,0.1,0.3,0.3,0.5,0,0,1
38,123,6,0.2,0.5,0.8,0.8,0,0,1
38,125,17,0.6,1.5,2.1,2.3,0,0,1
38,126,19,1,2,4,3,1,0,0
39,0,20,1,2,4,6,0,0,0
39,1,43,4,7,3,3,0,0,0
39,2,17,0,2.1,3,2.1,0,0,1
39,3,76.5,0,9,17,0,0,0,0
39,4,79,0,0,22,0,0,0,0
39,5,38.5,0,0,13,0,0,0,0
39,10,45,0,8,10,1,0,0,0
39,11,117,0,47,4,0,0,9,0
39,12,75.5,14,15,7,0,0,0,0
39,13,185.5,0,94,2,0,0,84,0
39,14,70.5,0,13,14,0,0,0,0
39,15,55,0,23,2,0,0,0,0
39,16,16.5,1.2,2,2.4,1,0,0,1
39,17,22,2.9,4.9,1,1,0,0,1
39,18,120,33,15,4,8,0,2,0
39,19,238.5,47,19,27,0,0,59,0
39,20,58,12,11,1,0,0,0,0
39,22,1,0,0.2,0.1,0.1,0,0,1
39,23,1,0,0.2,0.1,0.1,0,0,1
39,42,12,0.6,0.6,0.7,2.2,0,0,1
39,43,7,0.3,0.4,0.4,1.3,0,0,1
39,47,3,0.1,0.2,0.5,0.2,0,0,1
39,48,1,0,0.1,0.2,0,0,0,1
39,49,6,0.1,0.4,1.1,0.4,0,0,1
39,50,29,0.7,1.9,5.2,1.9,0,0,1
39,58,6,0.1,0.9,0.7,0.7,0,0,1
39,59,17,0.3,2.5,2,1.9,0,0,1
39,60,1,0,0.2,0.1,0.1,0,0,1
39,69,11,0,1.2,1.2,1.7,0,0,1
39,70,30,0,6,2,3,0,0,0
39,71,10,0,1.1,1.1,1.6,0,0,1
39,73,2,0.1,0.3,0.3,0.1,0,0,1
39,76,11,0.2,1.8,1.6,0.5,0,0,1
39,77,2,0,0.4,0.4,0,0,0,1
39,81,2,0,0.4,0.4,0,0,0,1
39,85,2.5,0,0.1,0.2,0.5,0,0,1
39,89,34.5,1,2,9,4,1,0,0
39,90,81.5,2,2,16,4,0,0,0
39,91,36,0,7,4,0,0,0,0
39,95,16,0.5,0.8,3.1,0.8,0,0,1
39,96,24,0.8,1.2,4.6,1.2,0,0,1
39,97,74,1,6,16,5,0,0,0
39,98,21,0.7,1.5,4.5,0.9,0,0,1
39,101,6.5,0.2,0.5,1.4,0.3,0,0,1
39,106,8,0.4,0.8,0.7,0.9,0,0,1
39,107,112,0,2,32,1,1,0,0
39,108,108,0,25,27,0,0,0,0
39,109,113,1,8,21,21,0,0,0
39,110,68,2,14,14,3,0,0,0
39,115,49,2,2,7,7,0,0,0
39,116,40,1,1,9,2,0,0,0
39,117,4,0.2,0.2,0.3,1.2,0,0,1
39,118,2,0.1,0.1,0.2,0.6,0,0,1
39,120,13,0.6,0.6,1,4,0,0,1
39,121,6,0.3,0.3,0.4,1.9,0,0,1
39,122,4,0.1,0.3,0.5,0.6,0,0,1
39,124,3,0.1,0.2,0.4,0.4,0,0,1
39,125,5,0.2,0.4,0.6,0.7,0,0,1
39,126,8,0.3,0.7,1,1.1,0,0,1
40,0,45.5,2,0,3,21,0,0,0
40,1,22,0.4,3.5,3.5,0.7,0,0,1
40,2,94.5,5,1,23,4,0,6,0
40,3,161,0,0,48,0,1,0,0
40,4,26,0,1.2,6.4,0,0,0,1
40,6,4,0,0.2,1,0,0,0,1
40,9,3,0,0.5,0.4,0.3,0,0,1
40,10,55,0,18,1,0,0,0,0
40,11,41,0,7.1,5.5,3.2,0,0,1
40,12,105,0,2,33,0,0,0,0
40,13,5,0,0.9,0.8,0.3,0,0,1
40,14,111,0,30,9,0,0,0,0
40,15,53,0,16,4,0,0,0,0
40,16,49,1,9,10,0,0,0,0
40,17,54,0,23,0,3,0,0,0
40,18,89.5,14,29,2,0,0,0,0
40,19,72,1,22,3,3,0,0,0
40,20,21,0.9,3.7,2.5,1.4,0.2,0,1
40,37,7,0.4,0.2,0.2,1.5,0,0,1
40,48,3,0.1,0.4,0.3,0.2,0,0,1
40,50,4,0.1,0.6,0.4,0.3,0,0,1
40,51,2,0,0.3,0.2,0.2,0,0,1
40,59,19,0.4,1.3,3.2,1.1,0,0,1
40,60,2,0.1,0.1,0.3,0.1,0,0,1
40,64,10,0.1,2.4,0.8,0.1,0,0,1
40,65,75.5,1,1,16,5,0,0,0
40,70,1,0,0.1,0.2,0,0,0,1
40,74,3,0,0.5,0.3,0.8,0,0,1
40,75,5,0,0.9,0.5,1.2,0,0,1
40,79,10,0,1.1,0.9,1.1,0,0,1
40,84,31,0,2,8,4,0,0,0
40,85,61,0,0,19,0,0,0,0
40,90,31,0.2,2.9,4.8,2.2,0,0,1
40,95,8,0.3,1.2,0.8,0.8,0,0,1
40,96,8,0.3,1.2,0.8,0.8,0,0,1
40,97,20,0.8,2,2.2,2.7,0,0,1
40,100,29,1.1,2.9,3.2,3.9,0,0,1
40,101,30,1,3,6,1,0,0,0
40,102,5,0.2,0.9,0.1,1,0,0,1
40,106,3,0.1,0.5,0.1,0.6,0,0,1
40,107,72,4,18,3,6,0,1,0
40,108,76.5,3,11,6,9,0,0,0
40,109,64.5,4,9,10,4,0,0,0
40,110,70.5,0,16,14,2,1,0,0
40,111,4,0.1,0.4,0.7,0.1,0,0,1
40,113,5,0,0.2,1.1,0.3,0,0,1
40,115,21,0.2,0.8,4.4,1.2,0,0,1
40,116,7,0,0.3,1.5,0.4,0,0,1
40,117,2,0,0.3,0.2,0.3,0,0,1
40,118,4,0.1,0.5,0.4,0.6,0,0,1
40,120,9,0.1,1.1,0.9,1.4,0,0,1
40,121,3,0,0.4,0.3,0.5,0,0,1
40,126,4,0.3,0.9,0,0.3,0,0,1
40,127,8,0.6,0.9,1.2,0.3,0,0,1
41,0,36,0,5,10,2,0,0,0
41,1,9,0.2,1.4,1.4,0.3,0,0,1
41,2,26,0,1.2,6.4,0,0,0,1
41,3,45,0,0,11,0,0,0,0
41,4,6,0,0.3,1.5,0,0,0,1
41,11,2,0,0.3,0.3,0.2,0,0,1
41,13,7,0.1,1.2,1.1,0.4,0,0,1
41,14,18,0.2,3.2,2.7,1.1,0,0,1
41,15,2,0,0.4,0.3,0.1,0,0,1
41,16,26,0.3,4.6,4,1.5,0,0,1
41,17,31.5,0,6,6,0,0,0,0
41,18,26,0,14,0,0,0,0,0
41,19,7,0.3,1.2,0.8,0.5,0.1,0,1
41,26,2,0.1,0.1,0.1,0.5,0,0,1
41,31,4,0.2,0.3,0.2,1,0,0,1
41,32,7,0.2,1.9,0.2,0.7,0,0,1
41,41,15,0.7,0.4,0.5,3.2,0,0,1
41,57,8,0.2,0.5,1.3,0.5,0,0,1
41,58,4,0.1,0.3,0.7,0.2,0,0,1
41,64,1,0,0.2,0.1,0,0,0,1
41,65,4,0.1,1,0.3,0,0,0,1
41,84,14.5,0.2,0.5,3.7,0,0,0,1
41,85,36,0.6,1.2,9.2,0,0,0,1
41,95,46,0,5,8,2,0,0,0
41,96,23,0.8,3.3,2.4,2.4,0,0,1
41,100,5,0.2,0.5,0.5,0.7,0,0,1
41,106,42,1,0,5,14,0,0,0
41,107,115,3,5,10,29,0,5,0
41,108,15,0.3,1.5,2.5,0.6,0,0,1
41,110,5,0.1,0.5,0.8,0.2,0,0,1
41,111,3,0.1,0.3,0.5,0.1,0,0,1
41,113,23,0,1,3,9,0,0,0
41,114,16,0.1,0.6,3.4,0.9,0,0,1
41,115,21,0.2,0.8,4.4,1.2,0,0,1
41,116,7,0,0.3,1.5,0.4,0,0,1
41,117,3,0,0.4,0.3,0.5,0,0,1
41,118,14,0.2,1.8,1.3,2.2,0,0,1
41,126,3,0.3,0.6,0,0.2,0,0,1
41,127,30,1,1,8,1,0,0,0
42,0,9,0.2,1.4,1.4,0.3,0,0,1
42,10,6,0,1,0.8,0.5,0,0,1
42,16,11,0.1,1.9,1.7,0.7,0,0,1
42,17,5,0.2,0.9,0.6,0.3,0.1,0,1
42,18,2,0.1,0.4,0.2,0.1,0,0,1
42,26,16.5,0.7,1.1,0.7,4.4,0,0,1
42,31,4,0.2,0.3,0.2,1,0,0,1
42,50,2,0,0.3,0.2,0.2,0,0,1
42,61,28,0.6,1.9,4.7,1.7,0,0,1
42,62,27,0.3,6.5,2.1,0.3,0,0,1
42,64,8,0.1,1.9,0.6,0.1,0,0,1
42,65,5,0.1,1.2,0.4,0,0,0,1
42,71,14,0,1,3,0.7,0,0.3,1
42,85,5,0.1,0.1,1.3,0,0,0,1
42,86,31,0,2,8,3,0,0,0
42,87,1,0,0.1,0.1,0.1,0,0,1
42,91,11,0.1,1,1.7,0.8,0,0,1
42,95,24.5,0.9,3.6,2.5,2.5,0,0,1
42,96,1,0,0.2,0.1,0.1,0,0,1
42,100,4,0.2,0.4,0.4,0.5,0,0,1
42,105,9,0.3,1.6,0.2,1.8,0,0,1
42,106,61.5,2,0,3,21,0,0,0
42,107,46,2,4,5,5,0,0,0
42,108,79,5,7,10,5,0,0,0
42,109,13,0.3,1.3,2.2,0.5,0,0,1
42,115,11,0.1,0.5,2.3,0.6,0,0,1
42,116,6,0.1,0.2,1.3,0.3,0,0,1
42,119,3,0,0.4,0.3,0.5,0,0,1
42,120,5,0.1,0.6,0.5,0.8,0,0,1
42,122,11,0.9,2.4,0,0.7,0,0,1
42,123,3,0.3,0.6,0,0.2,0,0,1
42,126,5,0.4,1.1,0,0.3,0,0,1
42,127,62,0,12,10,0,0,0,0
43,0,77.5,0,0,23,0,0,0,0
43,14,2,0,0.4,0.3,0.1,0,0,1
43,17,18.5,0.8,3.3,2.2,1.2,0.2,0,1
43,18,10,0.4,1.8,1.2,0.7,0.1,0,1
43,23,2,0.1,0.1,0.1,0.5,0,0,1
43,27,6,0.2,0.4,0.3,1.6,0,0,1
43,42,2,0,0.1,0.3,0.2,0,0,1
43,47,5,0.1,0.7,0.5,0.4,0,0,1
43,48,6,0.1,0.8,0.6,0.5,0,0,1
43,49,16,0.3,2.3,1.5,1.3,0,0,1
43,50,4,0.1,0.6,0.4,0.3,0,0,1
43,61,32,0.6,2.2,5.4,1.9,0,0,1
43,62,56,0,3,16,1,0,0,0
43,63,4,0.1,1,0.3,0,0,0,1
43,64,17,0.2,4.1,1.3,0.2,0,0,1
43,65,15,0.2,3.6,1.1,0.2,0,0,1
43,66,86,0,0,27,0,0,5,0
43,70,21,0,1.5,4.5,1.1,0,0.4,1
43,71,4,0,0.3,0.8,0.2,0,0.1,1
43,72,7,0,1.2,0.7,1.8,0,0,1
43,73,2,0,0.3,0.2,0.5,0,0,1
43,74,13,0,2.3,1.3,3.2,0,0,1
43,75,1,0,0.2,0.1,0.2,0,0,1
43,81,8,0,0.8,0.8,0.8,0,0,1
43,86,3.5,0.1,0.1,0.9,0,0,0,1
43,87,8,0.1,0.7,1.2,0.6,0,0,1
43,88,30.5,3,0,8,1,0,0,0
43,90,9.5,0.1,0.9,1.5,0.6,0,0,1
43,91,24,0.2,2.2,3.7,1.7,0,0,1
43,92,9.5,0.3,1.4,1,1,0,0,1
43,94,4,0.2,0.6,0.4,0.4,0,0,1
43,98,38,3,0,3,7,0,0,0
43,99,12,0.5,1.2,1.3,1.6,0,0,1
43,101,4,0.2,0.4,0.4,0.5,0,0,1
43,103,2,0.1,0.4,0,0.4,0,0,1
43,105,8,0.3,1.4,0.2,1.6,0,0,1
43,106,29.5,1,4,4,2,0,0,0
43,108,23,0.5,2.4,3.9,0.8,0,0,1
43,119,31,0,4,7,0,0,0,0
43,120,13,0.2,1.6,1.2,2.1,0,0,1
43,123,4.5,0.4,0.9,0,0.3,0,0,1
43,126,15,1.3,3.2,0,1,0,0,1
43,127,14.5,1.1,1.6,2.2,0.5,0,0,1
44,0,9,0.2,1.4,1.4,0.3,0,0,1
44,1,4,0.1,0.6,0.6,0.2,0,0,1
44,3,3,0,0.1,0.8,0,0,0,1
44,13,7,0.1,1.2,1.1,0.4,0,0,1
44,14,7,0.1,1.2,1.1,0.4,0,0,1
44,17,21,0.9,3.7,2.5,1.4,0.2,0,1
44,18,5,0.2,0.9,0.6,0.3,0.1,0,1
44,20,2,0.1,0.4,0.2,0.1,0,0,1
44,27,3,0.1,0.2,0.2,0.8,0,0,1
44,28,4,0.2,0.3,0.2,1,0,0,1
44,33,2,0.1,0.5,0.1,0.2,0,0,1
44,34,9,0.3,2.4,0.3,0.9,0,0,1
44,35,7,0.2,1.9,0.2,0.7,0,0,1
44,36,5,0.2,1.3,0.2,0.5,0,0,1
44,48,5,0.1,0.7,0.5,0.4,0,0,1
44,49,63.5,0,6,7,7,0,0,0
44,50,15,0.2,2.2,1.5,1.2,0,0,1
44,61,8,0.2,0.5,1.3,0.5,0,0,1
44,62,67,1,5,15,0,0,0,0
44,63,82.5,3,6,13,8,0,0,0
44,64,102,7,3,18,8,0,5,0
44,65,89,0,10,20,2,0,0,0
44,66,105,0,2,29,0,0,4,0
44,67,22,0,1.6,4.7,1.1,0,0.4,1
44,70,36,0,2.6,7.7,1.8,0,0.7,1
44,72,5,0,0.9,0.5,1.2,0,0,1
44,73,3,0,0.5,0.3,0.8,0,0,1
44,75,1,0,0.2,0.1,0.2,0,0,1
44,79,13,0,1.4,1.2,1.4,0,0,1
44,87,18,0.1,1.7,2.8,1.3,0,0,1
44,88,42,2,2,9,4,0,0,0
44,89,15,0.1,1.4,2.3,1.1,0,0,1
44,91,11,0.1,1,1.7,0.8,0,0,1
44,92,21,0.7,3.1,2.2,2.1,0,0,1
44,94,17,0.6,2.5,1.8,1.7,0,0,1
44,98,4,0.2,0.4,0.4,0.5,0,0,1
44,99,1,0.1,0.1,0.1,0.1,0,0,1
44,100,2,0.1,0.2,0.2,0.3,0,0,1
44,101,33,0,5,4,5,0,0,0
44,102,5,0.2,0.9,0.1,1,0,0,1
44,103,22,1,0,4,6,0,0,0
44,105,12,0.5,2.1,0.2,2.4,0,0,1
44,106,7,0.3,1.2,0.1,1.4,0,0,1
44,108,19,0.4,1.9,3.2,0.7,0,0,1
44,109,39,0,5,4,2,0,0,0
44,110,28,0.6,2.9,4.7,1,0,0,1
44,111,27,0.6,2.8,4.5,1,0,0,1
44,112,3,0,0.1,0.6,0.2,0,0,1
44,113,27,0.2,1.1,5.7,1.5,0,0,1
44,118,6,0.1,0.7,0.6,0.9,0,0,1
44,119,2,0,0.3,0.2,0.3,0,0,1
44,123,1,0.1,0.2,0,0.1,0,0,1
44,127,83.5,0,4,25,0,0,5,0
45,0,21,0.6,2.7,3.1,1.5,0,0,1
45,1,31,2,3,4,3,0,0,0
45,2,5,0.2,0.6,0.2,0.5,0,0,1
45,10,8,0.3,0.9,0.3,0.9,0,0,1
45,12,1,0,0.3,0.1,0.1,0,0,1
45,13,5,0.1,1.5,0.3,0.5,0,0,1
45,14,21,2,1,0,9,0,0,0
45,15,4,0.1,1.2,0.2,0.4,0,0,1
45,23,2,0.1,0.1,0.1,0.5,0,0,1
45,33,8,0.4,0.2,0.3,1.7,0,0,1
45,34,14,0.7,0.4,0.4,3,0,0,1
45,36,14,0.7,0.4,0.4,3,0,0,1
45,40,1,0,0.1,0.1,0.2,0,0,1
45,49,3.5,0.1,0.2,0.4,0.3,0,0,1
45,50,4,0.1,0.2,0.6,0.3,0,0,1
45,57,3,0.1,0,0.7,0.1,0,0,1
45,62,54,2,8,7,1,0,0,0
45,63,82.5,8,8,6,18,0,0,0
45,64,65.5,7,10,6,6,0,0,0
45,65,50,0,13,10,0,0,0,0
45,66,92,0,4,22,2,0,4,0
45,67,43,0,3,12,2,0,0,0
45,75,27,0,2.8,2.6,2.8,0,0,1
45,76,2,0,0.2,0.2,0.2,0,0,1
45,78,6,0,0.9,0.9,0,0,0,1
45,79,84.5,0,0,25,0,0,0,0
45,80,15,0,2.2,2.3,0,0,0,1
45,88,1,0.1,0.1,0.2,0.1,0,0,1
45,89,39,0,5,8,2,0,0,0
45,90,12,1.1,1.2,1.7,1.4,0,0,1
45,91,11,1,1.1,1.6,1.3,0,0,1
45,92,6,0.5,0.8,0.5,0.9,0,0,1
45,98,3,0.2,0,0.5,0.3,0,0,1
45,99,6,0.4,0.1,1,0.6,0,0,1
45,100,5,0.3,0.1,0.8,0.5,0,0,1
45,103,22,1.4,1,2.8,3.1,0,0,1
45,107,25.5,0.5,7.2,1.5,2.6,0,0,1
45,108,40,0,1,10,1,0,0,0
45,109,88,1,2,23,6,0,9,0
45,110,60,2,1,17,2,0,0,0
45,111,2,0,0.6,0.1,0.2,0,0,1
45,118,26,0,3,2,6,0,0,0
45,122,44,1,7,2,5,0,0,0
45,123,25,3,6,0,3,0,0,0
45,124,5,0.2,0.7,0.6,0.3,0,0,1
45,127,8,0.5,0.5,0.9,1.1,0,0,1
46,0,25,0.7,3.3,3.6,1.8,0,0,1
46,1,29,3,6,1,3,0,0,0
46,9,2,0.1,0.2,0.1,0.2,0,0,1
46,12,3,0,0.9,0.2,0.3,0,0,1
46,13,6,0.1,1.8,0.3,0.7,0,0,1
46,15,3,0,0.9,0.2,0.3,0,0,1
46,16,2,0.1,0.6,0.1,0.2,0,0,1
46,22,2,0.1,0.1,0.1,0.5,0,0,1
46,28,6,0.1,0.8,0.5,0.5,0,0,1
46,33,4,0.2,0.1,0.1,0.9,0,0,1
46,40,10,0,1.1,0.8,2.4,0,0,1
46,56,3,0,0.3,0.4,0.3,0,0,1
46,62,83,0,4,23,0,0,0,0
46,63,47,1,5,9,0,0,0,0
46,64,41.5,0,11,15,0,0,21,0
46,65,2,0.1,0.3,0.3,0.2,0,0,1
46,66,11,0.3,1.5,1.8,1.2,0,0,1
46,75,16,0,1.7,1.5,1.7,0,0,1
46,79,37,0,0,14,0,0,0,0
46,80,49,1,16,4,0,0,0,0
46,81,7,0,1,1.1,0,0,0,1
46,82,19,1.8,1.8,0.8,2.9,0,0,1
46,83,15,1.4,1.5,0.6,2.3,0,0,1
46,84,2,0.2,0.2,0.1,0.3,0,0,1
46,91,3,0.3,0.3,0.4,0.4,0,0,1
46,92,7,0.5,1,0.6,1.1,0,0,1
46,94,13,1,1.8,1,2.1,0,0,1
46,95,40,4,1,4,7,0,0,0
46,96,3,0.2,0.4,0.3,0.5,0,0,1
46,97,14,1,0.2,2.2,1.4,0,0,1
46,98,44,0,2,9,2,0,0,0
46,99,20.5,1.4,0.3,3.2,2.1,0,0,1
46,106,8.5,0.5,0.4,1.1,1.2,0,0,1
46,107,34,0,7,5,0,0,0,0
46,109,77,0,0,20,0,0,0,0
46,110,57,0,1,15,0,0,0,0
46,114,17,0.5,0.5,1.3,2.8,0.3,0,1
46,115,11,0.3,0.4,0.8,1.8,0.2,0,1
46,117,3,0.1,0.2,0.3,0.6,0,0,1
46,118,1,0,0.1,0.1,0.2,0,0,1
46,122,3,0.2,0.4,0.3,0.2,0,0,1
46,123,3,0.2,0.4,0.3,0.2,0,0,1
46,126,19,0.9,2.5,2.2,1.3,0,0,1
46,127,4,0.2,0.3,0.4,0.6,0,0,1
47,0,8,0.2,1,1.2,0.6,0,0,1
47,1,7,0.2,0.9,1,0.5,0,0,1
47,5,4,0.2,0.4,0.2,0.4,0,0,1
47,27,22,0.3,3,1.7,1.9,0,0,1
47,28,47,0,9,4,2,0,0,0
47,29,41,1,8,4,0,0,0,0
47,30,3,0,0.4,0.2,0.3,0,0,1
47,32,2,0.1,0,0.1,0.4,0,0,1
47,56,31.5,0,3.1,3.9,3.1,0,0,1
47,57,4.5,0.1,0,1.1,0.2,0,0,1
47,62,10,0.3,1.4,1.6,1.1,0,0,1
47,65,9.5,0.3,1.3,1.6,1,0,0,1
47,66,3,0.1,0.4,0.5,0.3,0,0,1
47,77,36,2,1,5,9,0,0,0
47,78,11,0,1.6,1.7,0,0,0,1
47,80,22,0,3.2,3.4,0,0,0,1
47,81,68,0,11,12,0,0,0,0
47,82,50,0,9,9,0,0,0,0
47,83,109,4,7,24,5,0,0,0
47,84,95,2,0,27,0,0,0,0
47,85,3,0.3,0.3,0.1,0.5,0,0,1
47,90,2,0.2,0.2,0.3,0.2,0,0,1
47,93,1,0.1,0.1,0.1,0.2,0,0,1
47,94,6,0.5,0.8,0.5,0.9,0,0,1
47,95,12,0.9,1.7,0.9,1.9,0,0,1
47,96,3,0.2,0.4,0.3,0.5,0,0,1
47,99,8,0.6,0.1,1.2,0.8,0,0,1
47,110,1,0,0.3,0.1,0.1,0,0,1
47,112,2,0.1,0.1,0.1,0.3,0,0,1
47,114,7,0.2,0.2,0.5,1.2,0.1,0,1
47,118,8,0.3,0.6,0.9,1.5,0,0,1
47,119,15,0.6,1.1,1.7,2.7,0,0,1
47,126,9,0.4,1.2,1,0.6,0,0,1
48,5,5,0.2,0.6,0.2,0.5,0,0,1
48,6,2,0.1,0.2,0.1,0.2,0,0,1
48,11,7,0.3,0.8,0.3,0.7,0,0,1
48,12,7,0.1,2.1,0.4,0.8,0,0,1
48,15,12,0.2,3.6,0.7,1.3,0,0,1
48,29,6,0.1,0.8,0.5,0.5,0,0,1
48,30,44,1,4,10,0,0,0,0
48,31,11,0.1,1.5,0.8,1,0,0,1
48,36,1,0.1,0,0,0.2,0,0,1
48,46,2,0,0.1,0.3,0.2,0,0,1
48,48,7,0.2,0.4,0.9,0.6,0,0,1
48,55,6,0,0.6,0.7,0.6,0,0,1
48,58,22,0.5,0,5.2,1,0,0,1
48,59,8,0.2,0,1.9,0.3,0,0,1
48,73,4,0,0.4,0.4,0.4,0,0,1
48,74,15,0,1.6,1.4,1.6,0,0,1
48,77,61,0,1,17,0,1,0,0
48,78,83,0,0,25,0,0,2,0
48,79,9.5,0,1.4,1.5,0,0,0,1
48,80,3,0,0.4,0.5,0,0,0,1
48,81,4,0,0.6,0.6,0,0,0,1
48,83,3,0.3,0.3,0.1,0.5,0,0,1
48,84,45.5,5,5,7,0,0,0,0
48,85,10,0.9,1,0.4,1.5,0,0,1
48,93,49,0,0,13,0,0,0,0
48,94,68,1,3,20,0,0,0,0
48,95,36,1,7,4,2,0,0,0
48,102,6,0.4,0.3,0.8,0.8,0,0,1
48,103,12,0.7,0.6,1.5,1.7,0,0,1
48,104,5,0.3,0.3,0.6,0.7,0,0,1
48,110,11,0.2,3.1,0.7,1.1,0,0,1
48,111,6,0.1,1.7,0.4,0.6,0,0,1
48,114,27,0.8,0.8,2.1,4.5,0.4,0,1
48,115,2,0.1,0.1,0.1,0.3,0,0,1
48,118,39,1,7,4,3,0,0,0
48,119,16,0.7,1.1,1.8,2.9,0,0,1
48,123,20,1,2.6,2.3,1.3,0,0,1
48,126,2,0.1,0.3,0.2,0.1,0,0,1
49,8,8,0.3,0.9,0.3,0.9,0,0,1
49,11,5,0.2,0.6,0.2,0.5,0,0,1
49,12,1,0,0.3,0.1,0.1,0,0,1
49,14,5,0.1,1.5,0.3,0.5,0,0,1
49,15,5,0.1,1.5,0.3,0.5,0,0,1
49,29,2,0,0.3,0.1,0.2,0,0,1
49,30,30,0.4,4.1,2.3,2.6,0,0,1
49,37,17,0,1.9,1.4,4.1,0,0,1
49,41,9,0,1,0.7,2.2,0,0,1
49,46,19,0.5,1,2.6,1.5,0,0,1
49,58,5,0.1,0,1.2,0.2,0,0,1
49,63,1,0,0.1,0.2,0.1,0,0,1
49,77,10,0,1.4,1.6,0,0,0,1
49,78,146.5,0,0,46,0,2,10,0
49,79,43,0,2,12,0,0,0,0
49,80,2,0,0.3,0.3,0,0,0,1
49,84,36.5,0,2,11,1,0,3,0
49,85,43.5,7,6,4,3,0,0,0
49,86,36,0,1,5,6,1,0,0
49,87,8,0.8,0.8,1.1,0.9,0,0,1
49,89,2,0.2,0.2,0.3,0.2,0,0,1
49,90,3,0.3,0.3,0.4,0.4,0,0,1
49,94,42,0,2,5,9,1,0,0
49,95,102,2,0,25,4,0,0,0
49,96,34,0,3,6,2,0,0,0
49,100,2,0.2,0,0.3,0.2,0,0,1
49,101,52.5,1,3,9,6,0,0,0
49,102,68,4,3,9,10,0,0,0
49,103,52,1,4,12,2,0,0,0
49,105,10,0.6,0.5,1.3,1.4,0,0,1
49,109,2,0,0.6,0.1,0.2,0,0,1
49,110,2,0,0.6,0.1,0.2,0,0,1
49,118,14,0.6,1,1.6,2.5,0,0,1
49,119,12,0.5,0.8,1.4,2.2,0,0,1
49,120,2,0.1,0.1,0.2,0.4,0,0,1
50,7,5,0.2,0.7,0.3,0.8,0,0,1
50,8,6,0.2,0.8,0.4,1,0,0,1
50,10,26,0.9,3.5,1.7,4.4,0,0,1
50,11,4,0.1,0.5,0.3,0.7,0,0,1
50,17,4,0.1,0.5,0.4,0.5,0,0,1
50,18,4,0.1,0.5,0.4,0.5,0,0,1
50,27,6,0.2,0.8,0.6,0.6,0,0,1
50,28,6,0.2,0.8,0.6,0.6,0,0,1
50,40,2,0,0.3,0,0.7,0,0,1
50,46,1,0,0.2,0.1,0.1,0,0,1
50,63,11,0.9,1,0.7,1.6,0,0,1
50,68,2,0.2,0.2,0.1,0.3,0,0,1
50,69,2,0.2,0.2,0.1,0.3,0,0,1
50,78,70,0,0,21,0,0,0,0
50,79,77,0,4,18,0,0,0,0
50,80,2,0.1,0.4,0.2,0,0,0,1
50,82,15,0.6,1.2,3.6,0.3,0,0.9,1
50,83,39,0,16,1,0,0,0,0
50,84,71,0,0,19,2,0,0,0
50,85,130,8,7,13,37,0,0,0
50,86,20.5,0.8,1.7,4.9,0.4,0,1.2,1
50,87,17,1.3,1.4,1.6,3.5,0,0,1
50,88,7,0.5,0.6,0.7,1.4,0,0,1
50,89,3,0.2,0.3,0.3,0.6,0,0,1
50,90,5,0.4,0.4,0.5,1,0,0,1
50,91,6,0.5,0.5,0.6,1.2,0,0,1
50,94,8,0.3,0.7,0.4,1.6,0,0,1
50,95,73,0,0,18,3,0,0,0
50,96,3,0.1,0.3,0.1,0.6,0,0,1
50,101,6,0.1,0.3,0.8,0.6,0,0,1
50,105,13,0,1.1,1.1,2.9,0,0,1
50,107,11,0.7,0.7,0.7,2.5,0,0,1
50,110,3,0.2,0.2,0.2,0.6,0,0,1
50,113,14,0,1.3,1.3,2.4,0,0,1
50,114,6,0,0.6,0.6,1,0,0,1
50,115,3,0,0.3,0.3,0.5,0,0,1
50,120,22,0.2,1,3.1,3.8,0,0,1
51,3,3,0.1,0.4,0.2,0.5,0,0,1
51,8,6.5,0.2,0.9,0.4,1.1,0,0,1
51,9,6,0.2,0.8,0.4,1,0,0,1
51,15,4,0.1,0.5,0.4,0.5,0,0,1
51,17,4,0.1,0.5,0.4,0.5,0,0,1
51,20,4,0.1,0.5,0.4,0.5,0,0,1
51,21,9,0.3,1,0.9,1.1,0,0,1
51,40,4,0,0.6,0,1.3,0,0,1
51,44,1,0,0.2,0.1,0.1,0,0,1
51,47,8,0,1.6,1,0.9,0,0,1
51,49,5,0,1,0.6,0.6,0,0,1
51,54,9,0,1.2,1.4,0.7,0,0,1
51,55,6,0,0.8,0.9,0.5,0,0,1
51,63,2,0.2,0.2,0.1,0.3,0,0,1
51,69,2,0.2,0.2,0.1,0.3,0,0,1
51,72,3,0,0.3,0.6,0.3,0,0,1
51,73,13,0.2,1.5,2.5,1.1,0,0,1
51,74,24,0.4,2.7,4.7,2,0,0,1
51,75,81,0,24,8,0,0,0,0
51,76,53.5,0,4,15,0,0,4,0
51,77,54,0,0,18,0,0,3,0
51,78,32,0,7,5,2,0,0,0
51,79,14,0.8,2.6,1.5,0,0,0,1
51,80,12,0.6,2.3,1.3,0,0,0,1
51,81,16,0,11,0,0,0,0,0
51,82,75,0,34,1,0,0,0,0
51,83,84,0,31,7,0,0,0,0
51,84,46,9,7,5,1,0,0,0
51,85,113.5,3,1,41,3,1,5,0
51,86,24,1,1.9,5.8,0.5,0,1.4,1
51,88,13,1,1,1.3,2.7,0,0,1
51,90,1,0.1,0.1,0.1,0.2,0,0,1
51,91,2,0.1,0.2,0.2,0.4,0,0,1
51,92,9,0.4,0.8,0.4,1.8,0,0,1
51,104,10,0,0.8,0.8,2.3,0,0,1
51,109,3,0.2,0.2,0.2,0.6,0,0,1
51,110,46,1,2,6,6,0,0,0
51,113,22.5,0,2.1,2.1,3.9,0,0,1
51,114,16,0,1.5,1.5,2.7,0,0,1
51,127,10,0.1,0.7,1.1,1.4,0,0,1
52,3,2,0.1,0.3,0.1,0.3,0,0,1
52,7,16,0.5,2.1,1.1,2.7,0,0,1
52,10,6,0.2,0.8,0.4,1,0,0,1
52,13,3,0.1,0.3,0.3,0.4,0,0,1
52,14,6,0.2,0.7,0.6,0.7,0,0,1
52,39,7,0,1.1,0,2.3,0,0,1
52,40,11,0,1.8,0,3.5,0,0,1
52,48,16,0,3.3,1.9,1.9,0,0,1
52,49,18,0,3.7,2.1,2.1,0,0,1
52,54,35.5,1,2,6,2,0,0,0
52,55,11,0,1.5,1.7,0.8,0,0,1
52,65,1,0.1,0.1,0.1,0.1,0,0,1
52,72,18,0.3,2,3.6,1.5,0,0,1
52,73,76.5,0,0,26,0,0,0,0
52,74,119.5,0,19,29,0,0,12,0
52,75,104.5,0,2,35,0,0,0,0
52,76,88,0,15,14,0,0,0,0
52,77,81,1,2,28,0,0,0,0
52,78,24.5,0,8,2,1,0,0,0
52,79,48,7,8,5,1,0,0,0
52,80,65,0,0,20,0,0,0,0
52,81,63,1,4,17,0,0,5,0
52,82,50,0,22,4,0,0,0,0
52,83,129,8,21,24,0,0,15,0
52,84,77,1,1,25,0,0,0,0
52,85,4,0.1,0.3,1,0.1,0,0.2,1
52,87,2,0.1,0.2,0.2,0.4,0,0,1
52,88,5,0.4,0.4,0.5,1,0,0,1
52,94,14,0.6,1.3,0.6,2.8,0,0,1
52,95,15,0.7,1.3,0.7,2.9,0,0,1
52,101,4,0.1,0.2,0.5,0.4,0,0,1
52,108,1,0,0.1,0.1,0.2,0,0,1
52,109,29,0,3,5,5,0,0,0
52,110,22,1.4,1.4,1.4,5,0,0,1
52,120,27,0.3,1.2,3.8,4.7,0,0,1
52,125,4,0.1,0.4,0.7,0.7,0,0,1
52,127,25,1,6,1,3,0,0,0
53,0,17,0.3,1.5,0.6,3.9,0,0,1
53,7,4,0.1,0.5,0.3,0.7,0,0,1
53,40,1,0,0.2,0,0.3,0,0,1
53,48,6,0,1.2,0.7,0.7,0,0,1
53,49,2,0,0.4,0.3,0.2,0,0,1
53,73,48,9,6,9,0,0,0,0
53,74,102,5,1,31,5,0,11,0
53,75,94,0,22,15,0,0,0,0
53,76,94,2,38,4,0,0,0,0
53,77,79.5,19,14,6,0,0,0,0
53,78,47,9,6,5,0,0,0,0
53,79,80.5,3,13,21,0,0,19,0
53,80,59,1,13,8,0,0,0,0
53,81,72,0,2,27,0,0,25,0
53,82,106,23,5,15,0,0,33,0
53,84,3,0.1,0.2,0.7,0.1,0,0.2,1
53,90,2,0.1,0.2,0.2,0.4,0,0,1
53,94,3,0.1,0.3,0.1,0.6,0,0,1
53,95,7.5,0.3,0.7,0.3,1.5,0,0,1
53,106,10.5,0,0.9,0.9,2.3,0,0,1
53,110,7,0.4,0.4,0.5,1.6,0,0,1
53,112,4,0,0.3,0.4,0.7,0,0,1
53,113,7,0,0.6,0.7,1.2,0,0,1
53,117,2,0,0.1,0.3,0.3,0,0,1
53,119,70,2,5,14,2,0,0,0
53,120,8,0.1,0.4,1.1,1.4,0,0,1
53,123,5,0.2,0.6,0.8,0.8,0,0,1
53,125,5,0.2,0.6,0.8,0.8,0,0,1
53,127,1,0,0.1,0.1,0.1,0,0,1
54,3,4,0.1,0.5,0.3,0.7,0,0,1
54,7,1,0,0.1,0.1,0.2,0,0,1
54,51,2,0,0.4,0.3,0.2,0,0,1
54,52,17,0,2.3,2.6,1.3,0,0,1
54,56,9,0,1.2,1.4,0.7,0,0,1
54,57,27,2,0,3,6,0,0,0
54,72,13,0.2,1.5,2.5,1.1,0,0,1
54,73,79.5,0,11,27,0,0,0,0
54,74,73,7,4,13,6,0,0,0
54,75,81,1,12,21,4,0,0,0
54,76,60.5,0,5,29,3,0,0,0
54,77,9,0.5,1.7,1,0,0,0,1
54,78,94.5,9,6,18,7,0,0,0
54,79,43,8,5,7,2,1,0,0
54,80,58,11,8,4,3,0,0,0
54,81,91.5,3,8,18,0,0,0,0
54,82,33,1.3,2.6,8,0.7,0,2,1
54,92,5,0.2,0.5,0.2,1,0,0,1
54,94,2,0.1,0.2,0.1,0.4,0,0,1
54,98,18,0.4,1,2.4,1.7,0,0,1
54,99,9,0.2,0.5,1.2,0.9,0,0,1
54,101,15,0.3,0.9,2,1.4,0,0,1
54,102,2,0,0.2,0.2,0.4,0,0,1
54,111,1,0,0.1,0.1,0.2,0,0,1
54,112,3,0,0.3,0.3,0.5,0,0,1
54,114,11,0,1,1,1.9,0,0,1
54,117,25,0.3,1.1,3.5,4.3,0,0,1
54,118,85.5,3,9,13,11,0,0,0
54,119,46.5,1,6,5,2,0,0,0
54,121,8,0.1,0.4,1.1,1.4,0,0,1
54,123,15,0.4,1.7,2.5,2.5,0,0,1
54,124,7,0.2,0.8,1.2,1.1,0,0,1
54,127,6,0.1,0.4,0.7,0.8,0,0,1
55,3,4,0,0.4,0.6,0.1,0,0,1
55,6,2,0,0.2,0.3,0.1,0,0,1
55,8,1,0,0.1,0.2,0.1,0,0,1
55,9,9,0.2,0.5,2.1,0.4,0,0,1
55,10,4,0.1,0.2,0.9,0.2,0,0,1
55,29,8,0.3,1,0.8,0.8,0,0,1
55,35,2,0,0.2,0.1,0.3,0,0,1
55,36,8,0,0.8,0.6,1.1,0,0,1
55,51,3,0.1,0.3,0.2,0.6,0,0,1
55,52,59,1,2,8,8,0,0,0
55,53,9,0,0.3,2.4,0,0,0,1
55,56,2,0,0.1,0.5,0,0,0,1
55,57,1,0,0.1,0.2,0,0,0,1
55,62,3,0.1,0.2,0.3,0.7,0,0,1
55,63,11,0.4,0.9,1.1,2.4,0,0,1
55,66,11,0.4,0.9,1.1,2.4,0,0,1
55,74,176.5,3,1,86,0,0,41,0
55,75,93,2,2,32,13,0,13,0
55,76,63,2,4,10,12,0,0,0
55,77,96,4,9,18,16,0,0,0
55,78,76,4,6,1,18,0,0,0
55,79,3,0.3,0.1,0.3,0.5,0,0,1
55,80,3,0.3,0.1,0.3,0.5,0,0,1
55,81,22,2,0.7,2.4,3.4,0,0,1
55,91,19,1,2,5,4,0,0,0
55,92,51,4,4,7,4,0,0,0
55,93,43.5,0,4,6,4,0,0,0
55,94,33,1,4,6,2,0,0,0
55,98,14,0.2,1.2,2.4,1,0,0,1
55,99,40,0,6,6,0,0,0,0
55,100,23,0.3,2,4,1.7,0,0,1
55,101,43,2,2,3,8,0,0,0
55,102,13,1,1.4,1.8,1.4,0,0,1
55,108,2,0,0.1,0.4,0.2,0,0,1
55,109,1,0,0.1,0.2,0.1,0,0,1
55,110,2,0,0.1,0.4,0.2,0,0,1
55,117,29,0,4.6,3.1,3,0.3,0,1
55,118,46,0,6,9,0,0,0,0
55,119,19,0,3,2,2,0.2,0,1
55,123,35,1,3,4,4,0,0,0
55,124,37,2,8,3,2,0,0,0
55,126,1,0,0.1,0.1,0.2,0,0,1
55,127,3,0.1,0.3,0.5,0.1,0,0,1
56,6,55.5,0,0,16,0,0,0,0
56,7,57,0,3,16,0,0,0,0
56,8,99,0,0,31,0,0,0,0
56,9,19,0.4,1.1,4.4,0.9,0,0,1
56,10,11,0.2,0.7,2.5,0.6,0,0,1
56,16,4,0.1,0.5,0.4,0.5,0,0,1
56,17,3,0.3,0.8,0.1,0.1,0,0,1
56,24,24,1.4,1.8,3.3,2.4,0,0,1
56,25,5,0.3,0.4,0.7,0.5,0,0,1
56,28,22,0.8,2.9,2.2,2.2,0,0,1
56,29,48,5,2,4,7,0,0,0
56,30,2,0.1,0.2,0.2,0.2,0,0,1
56,35,29.5,0,2.8,2.1,4.3,0,0,1
56,36,2,0,0.2,0.1,0.3,0,0,1
56,39,1,0.1,0,0.1,0.2,0,0,1
56,40,13,0.9,0.6,1.5,2.1,0,0,1
56,41,2,0.2,0.1,0.2,0.3,0,0,1
56,53,4,0,0.1,1.1,0,0,0,1
56,66,6,0.2,0.5,0.6,1.3,0,0,1
56,69,8,0.6,0.8,0.5,1.2,0,0,1
56,73,4,0.2,0.3,0.3,1,0,0,1
56,74,62,3,7,10,7,0,0,0
56,75,68,4,1,6,30,0,0,0
56,76,203,10,2,65,35,0,10,0
56,77,207,2,4,57,58,0,11,0
56,78,33,5,5,2,4,0,0,0
56,79,6,0.6,0.2,0.6,0.9,0,0,1
56,80,9,0.8,0.3,1,1.4,0,0,1
56,81,2,0.2,0.1,0.2,0.3,0,0,1
56,82,4,0,0.2,1.3,0.4,0,0,1
56,86,4,0,0.2,1.3,0.4,0,0,1
56,92,8,0.6,0.7,0.9,1,0,0,1
56,93,23,1.5,2.1,2.6,2.9,0,0,1
56,99,14,0.2,1.2,2.4,1,0,0,1
56,100,66,2,3,13,1,0,0,0
56,101,45,1,5,7,4,0,0,0
56,114,5,0.2,0.4,0.5,0.7,0,0,1
56,117,6,0,1,0.6,0.6,0.1,0,1
56,118,12.5,0,2,1.3,1.3,0.2,0,1
56,119,3,0,0.5,0.3,0.3,0,0,1
57,5,42,0,4.5,6.8,0.6,0,0,1
57,6,120.5,5,1,36,0,0,6,0
57,7,76.5,0,0,27,0,0,0,0
57,8,104,0,0,36,0,0,3,0
57,9,35,0.7,2.1,8,1.8,0,0,1
57,18,1,0.1,0.3,0,0,0,0,1
57,19,6,0.6,1.6,0.1,0.3,0,0,1
57,20,6,0.6,1.6,0.1,0.3,0,0,1
57,21,2,0.2,0.5,0.1,0.1,0,0,1
57,22,8,0.5,0.6,1.1,0.8,0,0,1
57,27,4,0.2,0.5,0.4,0.4,0,0,1
57,28,6,0.2,0.8,0.6,0.6,0,0,1
57,29,2,0.1,0.2,0.2,0.2,0,0,1
57,39,35,0,3,8,0,0,0,0
57,41,2,0.2,0.1,0.2,0.3,0,0,1
57,44,2,0.1,0.2,0.2,0.3,0,0,1
57,45,2,0.1,0.2,0.2,0.3,0,0,1
57,48,15,0.6,1.4,1.2,2.8,0,0,1
57,49,2,0.1,0.2,0.1,0.4,0,0,1
57,54,30,0,1.2,7.9,0,0,0,1
57,55,21,0,0.8,5.6,0,0,0,1
57,58,4,0,0.3,0.7,0.3,0,0,1
57,59,16,0.3,1.1,2.8,1.1,0,0,1
57,66,3,0.1,0.2,0.3,0.7,0,0,1
57,69,7,0.6,0.6,0.5,1,0,0,1
57,70,4,0.3,0.4,0.2,0.6,0,0,1
57,71,6,0.5,0.5,0.4,0.9,0,0,1
57,72,25,1.2,1.7,1.7,6.4,0,0,1
57,73,102.5,11,3,10,22,0,0,0
57,74,109.5,8,10,9,29,0,0,0
57,75,34,1,4,1,12,0,0,0
57,76,95,7,3,4,35,0,0,0
57,77,20,1.8,0.6,2.2,3.1,0,0,1
57,78,42,0,5,0,14,0,0,0
57,79,52.5,5,1,7,11,0,0,0
57,80,51,3,9,7,2,0,0,0
57,83,11,0,0.6,3.7,0.9,0,0,1
57,86,32.5,0,0,13,0,0,0,0
57,90,4,0.2,0.2,0.5,0.5,0,0,1
57,92,6,0.4,0.5,0.7,0.8,0,0,1
57,93,25,2,2,4,3,0,0,0
57,100,11,0.1,1,1.9,0.8,0,0,1
57,101,57.5,7,4,4,5,0,0,0
57,102,3,0.3,0.3,0.4,0.3,0,0,1
57,107,17,0,0.9,3.7,1.4,0,0,1
57,112,63,0,3,9,9,0,0,0
57,113,4,0.1,0.3,0.4,0.6,0,0,1
57,115,7,0.2,0.5,0.7,1.1,0,0,1
57,116,9,0.3,0.7,0.9,1.3,0,0,1
57,117,2,0,0.3,0.2,0.2,0.1,0,1
57,118,6,0,1,0.6,0.6,0.1,0,1
57,119,14,0,2.2,1.5,1.5,0.1,0,1
58,1,5,0.1,0.4,0.2,1.1,0,0,1
58,2,12,0,1.3,1.9,0.2,0,0,1
58,4,14,0,1.5,2.3,0.2,0,0,1
58,5,78.5,1,6,19,0,0,0,0
58,6,121,10,8,25,0,0,0,0
58,7,98.5,4,7,19,4,0,0,0
58,8,45,1,4,9,0,0,0,0
58,15,6,0.2,0.7,0.6,0.7,0,0,1
58,17,3,0.3,0.8,0.1,0.1,0,0,1
58,18,6,0.6,1.6,0.1,0.3,0,0,1
58,19,8,0.8,2.1,0.2,0.4,0,0,1
58,20,4,0.4,1.1,0.1,0.2,0,0,1
58,21,2,0.2,0.5,0.1,0.1,0,0,1
58,22,9,0.5,0.7,1.2,0.9,0,0,1
58,25,32,1.8,2.4,4.5,3.2,0,0,1
58,26,39,4,2,6,4,0,0,0
58,27,2,0.1,0.2,0.2,0.2,0,0,1
58,38,9,0.6,0.4,1,1.5,0,0,1
58,39,49,2,2,5,9,0,0,0
58,44,3,0.1,0.3,0.2,0.5,0,0,1
58,48,20,0.8,1.9,1.6,3.8,0,0,1
58,49,16.5,0.7,1.5,1.3,3.1,0,0,1
58,50,4,0.2,0.4,0.3,0.7,0,0,1
58,53,24,0,0.9,6.4,0,0,0,1
58,54,31,0,1,10,0,0,0,0
58,55,67,0,2,16,0,0,0,0
58,56,28,0,2,4,6,1,0,0
58,57,4,0,0.3,0.7,0.3,0,0,1
58,58,2,0,0.2,0.4,0.1,0,0,1
58,71,5,0.4,0.5,0.3,0.7,0,0,1
58,72,134,13,14,7,24,0,0,0
58,73,51,5,5,3,10,0,0,0
58,74,11,0.5,0.8,0.8,2.8,0,0,1
58,75,26,2,1,0,9,0,0,0
58,76,208.5,7,10,14,71,0,0,0
58,77,183.5,2,7,15,72,0,0,0
58,78,63,1,5,12,3,0,0,0
58,79,80,4,20,7,3,0,0,0
58,80,82,20,16,1,2,0,0,0
58,81,40,3,19,2,0,0,0,0
58,82,8,0,0.4,2.7,0.7,0,0,1
58,89,17,4,2,0,5,0,0,0
58,90,32,1.5,1.5,4.4,3.9,0,0,1
58,91,59.5,3,3,9,8,0,0,0
58,92,16,1.1,1.5,1.8,2,0,0,1
58,93,5,0.3,0.5,0.6,0.6,0,0,1
58,94,7,0.5,0.6,0.8,0.9,0,0,1
58,100,19,0.2,1.7,3.3,1.4,0,0,1
58,101,60,3,3,12,9,0,0,0
58,102,9,0.7,1,1.2,1,0,0,1
58,105,20,1.5,2.2,2.8,2.1,0,0,1
58,106,35,0,6,3,3,0,0,0
58,107,116.5,0,0,37,0,0,0,0
58,108,74.5,0,0,22,0,0,0,0
58,112,18,0.5,1.3,1.9,2.7,0,0,1
58,115,5,0.2,0.4,0.5,0.7,0,0,1
58,116,20,0.6,1.5,2.1,2.9,0,0,1
58,127,1,0,0.1,0.2,0,0,0,1
59,1,2,0,0.2,0.1,0.4,0,0,1
59,6,26,1,2,11,1,0,0,0
59,7,115.5,17,7,15,25,0,8,0
59,8,51.5,6,15,5,5,0,5,0
59,9,21,0.4,1.3,4.8,1.1,0,0,1
59,13,16,0.5,1.8,1.6,2,0,0,1
59,15,1,0.1,0.1,0.1,0.1,0,0,1
59,16,5,0.2,0.6,0.5,0.6,0,0,1
59,22,5,0.3,0.4,0.7,0.5,0,0,1
59,25,15,0.9,1.1,2.1,1.5,0,0,1
59,26,23,1.3,1.7,3.3,2.3,0,0,1
59,27,2,0.1,0.2,0.2,0.2,0,0,1
59,38,12,0.8,0.6,1.4,1.9,0,0,1
59,39,19,1.3,0.9,2.2,3.1,0,0,1
59,41,3,0.2,0.2,0.3,0.5,0,0,1
59,42,52,1.5,5.9,4.4,8,0,0,1
59,43,12,0.3,1.4,1,1.9,0,0,1
59,48,12,0.5,1.1,1,2.2,0,0,1
59,49,2,0.1,0.2,0.1,0.4,0,0,1
59,52,12,0,0.4,3.2,0,0,0,1
59,53,71,1,3,22,0,0,0,0
59,54,105.5,2,5,11,22,0,0,0
59,55,71,7,9,4,15,0,2,0
59,56,91.5,0,15,14,6,0,0,0
59,57,30,0.5,2.1,5.3,2.1,0,0,1
59,62,8,0.3,0.7,0.8,1.7,0,0,1
59,63,17,0.6,1.4,1.7,3.8,0,0,1
59,69,22,1.7,2,1.5,3.2,0,0,1
59,71,4,0.3,0.4,0.2,0.6,0,0,1
59,72,56,7,2,1,16,0,0,0
59,73,3,0.1,0.2,0.2,0.8,0,0,1
59,75,30,0,1,3,13,0,0,0
59,77,65.5,2,9,17,4,0,5,0
59,78,77,6,4,13,7,0,0,0
59,79,113.5,19,20,4,6,0,0,0
59,80,105,13,30,8,3,0,17,0
59,81,94,1,26,10,0,0,0,0
59,82,9,0,0.5,3,0.7,0,0,1
59,88,11,0.5,0.5,1.5,1.4,0,0,1
59,89,10,0.4,0.5,1.4,1.2,0,0,1
59,91,8,0.3,0.4,1.1,1,0,0,1
59,94,23,1.5,2.1,2.6,2.9,0,0,1
59,103,8,0.6,0.9,1.1,0.8,0,0,1
59,105,12,0.9,1.3,1.7,1.3,0,0,1
59,106,86,2,6,24,3,0,0,0
59,107,73.5,1,5,21,0,0,0,0
59,108,15,0,0.8,3.3,1.2,0,0,1
59,119,1,0,0.2,0.1,0.1,0,0,1
59,121,2,0,0.3,0.2,0.2,0.1,0,1
59,123,18,0.4,1.2,1.2,4.4,0.4,0,1
59,124,26,0.6,1.7,1.7,6.4,0.6,0,1
60,6,14,1.1,1.1,0.6,1.9,0,0,1
60,7,46.5,2,17,2,0,0,0,0
60,8,42,5,8,6,1,0,0,0
60,9,38,0,2,10,0,0,0,0
60,24,22,0,2.3,4,1.3,0,0,1
60,25,8,0,0.8,1.4,0.5,0,0,1
60,38,3,0.1,0.2,0.2,0.7,0,0,1
60,42,7,0.4,0.8,0.7,0.9,0,0,1
60,45,6,0.3,0.7,0.6,0.8,0,0,1
60,51,8,0,0.3,1.6,1.5,0,0,1
60,52,70,0,0,19,0,0,0,0
60,53,87.5,0,7,23,0,0,1,0
60,54,20,1,3,2,5,0,0,0
60,55,52,0,0,3,26,0,4,0
60,56,34,3,5,2,5,0,0,0
60,57,46,0,5,10,0,0,0,0
60,62,36,0,6,5,7,0,0,0
60,63,44.5,0,4,9,2,0,0,0
60,64,41.5,2,2,7,3,0,0,0
60,65,10,0,0.7,2.3,0.2,0,0,1
60,69,9,0.3,0.5,0.8,1.4,0,0,1
60,71,4,0.2,0.2,0.4,0.6,0,0,1
60,72,8,0.3,0.8,1.1,0.8,0.1,0,1
60,73,7,0.3,0.7,1,0.6,0.1,0,1
60,77,89,7,5,20,4,0,7,0
60,78,84,0,11,23,0,0,5,0
60,79,104.5,5,1,29,0,0,7,0
60,80,63,0,5,18,0,0,0,0
60,81,45,0,17,0,0,0,0,0
60,82,4,0.1,0.3,0.9,0.1,0,0,1
60,85,4,0.1,0.3,0.9,0.1,0,0,1
60,92,4,0,0.5,0.5,0.5,0,0,1
60,93,4,0,0.5,0.5,0.5,0,0,1
60,102,11,0.6,1.1,1.7,0.8,0,0.2,1
60,103,8,0.4,0.8,1.2,0.6,0,0.2,1
60,104,4,0.2,0.4,0.6,0.3,0,0.1,1
60,105,15,0.8,1.5,2.3,1.1,0,0.3,1
60,106,81,11,3,16,2,0,0,0
60,107,35,1,11,2,0,0,0,0
60,112,4,0.2,0.7,0.3,0.4,0,0,1
60,113,4,0.2,0.7,0.3,0.4,0,0,1
60,118,13,1,1.3,0.3,3.2,0,0,1
60,119,16,1.3,1.7,0.3,3.9,0,0,1
60,122,9,0.2,1.4,0.8,0.8,0,0,1
60,123,2,0,0.3,0.2,0.2,0,0,1
60,124,2,0,0.3,0.2,0.2,0,0,1
61,6,1,0.1,0.1,0,0.1,0,0,1
61,7,9,0.8,1.7,0.8,0.6,0,0,1
61,8,38,1,3,8,0,0,0,0
61,9,20,0,6,0,0,7,0,0
61,24,31,3,0,4,4,0,0,0
61,25,5,0,0.5,0.9,0.3,0,0,1
61,29,4,0.3,0.4,0.1,0.9,0,0,1
61,50,1,0,0,0.2,0.2,0,0,1
61,51,89,1,2,16,9,0,0,0
61,52,81,0,6,15,0,0,0,0
61,53,19,0,3.5,2.6,1.3,0.4,0,1
61,54,10,0,1.8,1.4,0.7,0.2,0,1
61,57,14,0.6,1.5,1.8,0.8,0,0,1
61,58,3,0.1,0.3,0.4,0.2,0,0,1
61,62,38,0,6,5,1,0,0,0
61,63,28,0,1.9,6.6,0.6,0,0,1
61,64,4,0,0.3,0.9,0.1,0,0,1
61,68,4,0.2,0.2,0.4,0.6,0,0,1
61,69,2,0.1,0.1,0.2,0.3,0,0,1
61,71,6,0.2,0.4,0.5,0.9,0,0,1
61,72,11,0.4,1.1,1.5,1.1,0.1,0,1
61,73,11,0.4,1.1,1.5,1.1,0.1,0,1
61,75,15,0.6,1.5,2.1,1.4,0.2,0,1
61,76,4,0.1,0.4,0.6,0.4,0,0,1
61,77,79,5,6,19,0,0,0,0
61,78,167.5,0,26,42,0,0,30,0
61,79,17,0.3,1.7,4.7,0.2,0,0,1
61,80,24,0.4,2.4,6.6,0.3,0,0,1
61,81,4,0.1,0.4,1.1,0,0,0,1
61,82,3,0,0.3,0.7,0,0,0,1
61,85,41,0,2,13,0,0,0,0
61,86,44,1,3,9,2,1,0,0
61,87,6,0.1,0.5,1,0.7,0,0,1
61,91,7,0.1,0.6,1.2,0.8,0,0,1
61,92,12,0,1.5,1.6,1.5,0,0,1
61,97,3,0,0.4,0.4,0.3,0,0,1
61,102,4,0.2,0.4,0.6,0.3,0,0.1,1
61,103,2,0.1,0.2,0.3,0.2,0,0,1
61,105,91,7,1,12,24,1,0,0
61,106,144,9,0,36,21,0,14,0
61,107,51,0,0,14,0,0,0,0
61,112,5,0.3,0.8,0.4,0.5,0,0,1
61,122,15,0.4,2.3,1.4,1.3,0,0,1
61,123,4,0.1,0.6,0.4,0.3,0,0,1
62,0,10,0,2,1.5,0.9,0,0,1
62,2,2,0.1,0.2,0.1,0.3,0,0,1
62,7,2,0.2,0.4,0.2,0.1,0,0,1
62,8,41,0,8,6,0,0,0,0
62,9,6,0.5,1.2,0.5,0.4,0,0,1
62,11,1,0.1,0.2,0.1,0,0,0,1
62,12,9,0,2.1,1.4,0,0,0,1
62,13,2,0,0.5,0.3,0,0,0,1
62,17,2,0,0.1,0.6,0,0,0.1,1
62,18,3,0,0.2,0.9,0,0,0.1,1
62,22,14,0,1.5,2.5,0.8,0,0,1
62,23,10,0,1,1.8,0.6,0,0,1
62,35,2,0,0.2,0.2,0.4,0,0,1
62,40,9,0.1,0.7,0.7,2,0,0,1
62,51,53,0,1,18,1,0,0,0
62,52,9,0,1.7,1.2,0.6,0.2,0,1
62,59,1,0,0.1,0.1,0.1,0,0,1
62,60,5,0.2,0.6,0.6,0.3,0,0,1
62,61,23,0.9,2.5,2.9,1.4,0,0,1
62,62,54,0,4,13,0,0,0,0
62,63,26,0,1.8,6.1,0.5,0,0,1
62,64,2,0,0.1,0.5,0,0,0,1
62,70,9,0.3,0.5,0.8,1.4,0,0,1
62,71,27.5,1.1,1.6,2.4,4.2,0,0,1
62,72,99,2,1,6,37,0,0,0
62,73,9,0.3,0.9,1.3,0.9,0.1,0,1
62,74,4,0.1,0.4,0.6,0.4,0,0,1
62,75,30,1.1,3,4.2,2.9,0.4,0,1
62,76,2,0.1,0.2,0.3,0.2,0,0,1
62,77,80.5,0,0,21,0,1,0,0
62,78,78.5,0,35,9,0,0,29,0
62,79,14,0.2,1.4,3.9,0.2,0,0,1
62,82,23,0.3,2,5.2,0.3,0,0,1
62,86,14.5,0.2,1.2,3.3,0.2,0,0,1
62,87,112.5,0,4,15,18,0,0,0
62,88,19,0.2,1.8,3.1,2.1,0,0,1
62,91,8,0.1,0.8,1.3,0.9,0,0,1
62,97,28,0,3.6,3.6,3.5,0,0,1
62,101,17,0,2.2,2.2,2.1,0,0,1
62,102,23,1.2,2.4,3.6,1.6,0,0.4,1
62,103,39,3,14,0,0,0,0,0
62,104,24,1.2,2.5,3.7,1.7,0,0.5,1
62,105,46.5,3,0,13,0,0,0,0
62,106,45,4,4,3,7,0,0,0
62,107,43.5,1,5,10,3,0,0,0
62,108,27,2.2,5.5,3.9,0,0,0,1
62,109,12,1,2.4,1.7,0,0,0,1
62,114,3,0.2,0.5,0.2,0.3,0,0,1
62,115,13,0.6,2.2,0.9,1.4,0,0,1
62,116,90,2,8,12,11,0,0,0
62,117,41,1,2,4,6,0,0,0
62,118,1,0.1,0.1,0,0.2,0,0,1
62,119,5,0.4,0.5,0.1,1.2,0,0,1
62,122,30,0,4,3,5,0,0,0
62,123,18.5,0.5,2.8,1.7,1.6,0,0,1
63,2,13,1,1,0.6,1.7,0,0,1
63,3,19,1.4,1.4,0.9,2.6,0,0,1
63,7,10,0.9,1.9,0.9,0.6,0,0,1
63,8,18,1.5,3.5,1.6,1.2,0,0,1
63,12,23,0,5.5,3.5,0,0,0,1
63,13,30,4,1,5,2,0,0,0
63,14,32,3,3,0,7,0,0,0
63,22,4,0,0.4,0.7,0.3,0,0,1
63,23,4,0,0.4,0.7,0.3,0,0,1
63,35,23.5,0.4,1.7,1.8,5.3,0,0,1
63,36,4,0.1,0.3,0.3,0.9,0,0,1
63,49,4,0,0.1,0.8,0.8,0,0,1
63,59,1,0,0.1,0.1,0.1,0,0,1
63,60,87.5,2,2,25,1,0,0,0
63,61,33,1.3,3.6,4.2,2,0,0,1
63,62,43,2,5,9,0,0,0,0
63,63,51,1,21,1,0,0,0,0
63,65,16,0,1.1,3.8,0.3,0,0,1
63,66,6,0,0.4,1.4,0.1,0,0,1
63,67,3,0.1,0.2,0.2,0.5,0,0,1
63,68,2,0.1,0.1,0.2,0.3,0,0,1
63,69,5,0.2,0.3,0.4,0.8,0,0,1
63,70,12,0.5,0.7,1,1.9,0,0,1
63,71,4,0.2,0.2,0.4,0.6,0,0,1
63,72,15,0.6,1.5,2.1,1.4,0.2,0,1
63,73,10,0.4,1,1.4,1,0.1,0,1
63,74,34,0,1,6,6,0,0,0
63,75,11,0.4,1.1,1.5,1.1,0.1,0,1
63,76,10,0.4,1,1.4,1,0.1,0,1
63,77,8,0.1,0.8,2.2,0.1,0,0,1
63,78,2,0,0.2,0.6,0,0,0,1
63,82,43,0,2,10,0,0,0,0
63,83,50.5,0,5,15,1,0,0,0
63,84,22,0.3,1.9,5,0.3,0,0,1
63,87,24,0.3,2.2,4,2.7,0,0,1
63,88,17,0.2,1.6,2.8,1.9,0,0,1
63,97,13,0,1.7,1.7,1.6,0,0,1
63,104,10,0.5,1,1.6,0.7,0,0.2,1
63,105,88.5,4,7,18,0,0,0,0
63,106,16,0.8,1.7,2.5,1.1,0,0.3,1
63,108,1,0.1,0.2,0.1,0,0,0,1
63,109,5,0.4,1,0.7,0,0,0,1
63,112,14,0.7,2.3,1,1.5,0,0,1
63,113,1,0,0.2,0.1,0.1,0,0,1
63,114,2,0.1,0.3,0.2,0.2,0,0,1
63,116,57,0,2,15,1,0,0,0
63,117,3,0.2,0.3,0.1,0.7,0,0,1
63,119,3,0.2,0.3,0.1,0.7,0,0,1
63,122,4,0.1,0.6,0.4,0.3,0,0,1
63,123,31,0.8,4.7,2.8,2.8,0,0,1
64,2,5,0.4,0.4,0.2,0.7,0,0,1
64,3,12,0.9,0.9,0.6,1.6,0,0,1
64,14,3,0,0.7,0.5,0,0,0,1
64,16,9,0,2.1,1.4,0,0,0,1
64,17,71,2,12,10,0,0,0,0
64,18,76,0,0,26,0,0,4,0
64,19,31,0,1.7,9.5,0,0,0.9,1
64,27,6,0.4,0.7,0.2,1.3,0,0,1
64,35,9,0.1,0.7,0.7,2,0,0,1
64,36,3,0.1,0.2,0.2,0.7,0,0,1
64,43,11,0.6,1.3,1,1.5,0,0,1
64,44,2,0.1,0.2,0.2,0.3,0,0,1
64,49,13,0,0.5,2.5,2.5,0,0,1
64,50,5,0,0.1,1,1,0,0,1
64,55,6,0,1.1,0.8,0.4,0.2,0,1
64,59,25,3,5,2,2,0,0,0
64,60,76.5,5,7,14,7,0,5,0
64,61,61,6,2,5,13,0,0,0
64,62,89.5,5,4,9,18,0,0,0
64,63,56,0,17,4,0,0,1,0
64,64,10,0,0.7,2.3,0.2,0,0,1
64,65,140.5,0,1,43,5,0,5,0
64,66,31,1,0,10,0,0,0,0
64,68,7,0.3,0.4,0.6,1.1,0,0,1
64,69,30.5,0,4,2,5,0,0,0
64,70,9,0.3,0.5,0.8,1.4,0,0,1
64,71,40,1,3,6,6,0,0,0
64,72,2,0.1,0.2,0.3,0.2,0,0,1
64,74,9,0.3,0.9,1.3,0.9,0.1,0,1
64,83,53,0,0,15,1,0,0,0
64,84,57,0,7,18,1,0,3,0
64,87,16,0.2,1.5,2.6,1.8,0,0,1
64,88,37.5,0,3,11,0,0,0,0
64,100,1,0,0.1,0.2,0.1,0,0,1
64,101,20,0,2.5,2.6,2.5,0,0,1
64,104,6,0.3,0.6,1,0.4,0,0.1,1
64,105,1,0,0.1,0.2,0.1,0,0,1
64,106,31,1.6,3.2,4.8,2.2,0,0.6,1
64,111,4,0.3,0.8,0.6,0,0,0,1
64,112,25,1.2,4.1,1.8,2.7,0,0,1
64,113,2,0.1,0.3,0.2,0.2,0,0,1
64,116,11,0.5,1.8,0.8,1.2,0,0,1
64,117,3,0.2,0.3,0.1,0.7,0,0,1
64,121,5,0.4,0.5,0.1,1.2,0,0,1
64,122,18,0.5,2.8,1.6,1.6,0,0,1
64,123,5,0.1,0.8,0.5,0.4,0,0,1
64,126,3,0.1,0.4,0.3,0.3,0,0,1
65,0,39.5,4,3,3,6,0,0,0
65,8,2,0.2,0.2,0.1,0.2,0,0,1
65,15,5,0.3,0.6,0.5,0.5,0,0,1
65,16,60,0,24,4,0,0,0,0
65,17,71,5,11,11,5,0,4,0
65,18,62.5,0,0,25,0,0,4,0
65,19,4,0,0.4,0.9,0.1,0,0.1,1
65,25,26,0.4,1.8,6.1,0.2,0,0,1
65,26,22,0.4,1.5,5.1,0.2,0,0,1
65,27,4,0.3,0.4,0.1,0.9,0,0,1
65,30,3,0.2,0.3,0.1,0.7,0,0,1
65,31,9,0.7,1,0.3,1.9,0,0,1
65,32,1,0,0,0.1,0.3,0,0,1
65,36,1,0,0,0.1,0.3,0,0,1
65,50,14.5,0,1.3,1.8,3.6,0,0,1
65,52,10,0.4,1.1,1.3,0.6,0,0,1
65,54,2,0.1,0.2,0.3,0.1,0,0,1
65,58,3,0.3,0.4,0.3,0.2,0,0,1
65,59,100.5,8,13,1,19,0,11,0
65,60,41.5,3,6,3,11,0,0,0
65,61,118,14,0,6,45,0,0,0
65,62,72.5,2,8,9,16,0,0,0
65,63,73,2,22,6,3,0,7,0
65,64,101,9,0,25,0,0,0,0
65,65,51,0,0,15,0,0,2,0
65,66,33,0,0,6,7,0,0,0
65,67,53,3,4,3,15,0,0,0
65,68,18,0.9,3.8,1.7,0.9,0,0,1
65,69,129,5,4,36,1,0,5,0
65,70,70,10,4,18,0,0,0,0
65,71,31,0,10,3,1,0,0,0
65,72,6,0.1,1.1,0.5,0.6,0,0,1
65,73,12,0.2,2.2,1,1.2,0,0,1
65,85,5,0,0.9,1,0.2,0.1,0,1
65,86,10,0,1.7,2.1,0.4,0.2,0,1
65,88,42,0,2,7,7,0,0,0
65,89,3,0.1,0.4,0.3,0.3,0,0,1
65,93,2,0.1,0.2,0.2,0.2,0,0,1
65,95,16,0.4,1.8,1.9,1.6,0,0,1
65,96,4,0.1,0.4,0.5,0.4,0,0,1
65,103,4,0.1,0.5,0.5,0.3,0,0,1
65,104,15,0.5,1.8,2,1.1,0,0,1
65,105,9,0.2,1.1,1.2,0.7,0,0,1
65,112,9,0.6,0.7,1.7,0.5,0,0,1
65,116,18,1.3,1.4,3.4,0.9,0,0,1
65,117,24,1.4,3.1,2.4,2.1,0,0,1
65,118,11,0.6,1.4,1.1,1,0,0,1
65,119,10,0.6,1.3,1,0.8,0,0,1
65,122,5,0.1,0.5,0.8,0.3,0,0,1
65,123,6,0.2,0.5,1,0.4,0,0,1
65,124,2,0.1,0.2,0.3,0.1,0,0,1
66,0,7,0.3,1.4,0.3,1.4,0,0,1
66,1,4,0.1,0.8,0.2,0.8,0,0,1
66,8,22,2,2,0.7,2.6,0,0,1
66,12,4,0.2,0.5,0.4,0.4,0,0,1
66,13,2,0.1,0.3,0.2,0.2,0,0,1
66,15,31,1.9,3.7,3.4,3,0,0,1
66,16,98.5,8,21,7,0,0,8,0
66,17,18.5,0,1.8,4.2,0.3,0,0.4,1
66,18,4,0,0.4,0.9,0.1,0,0.1,1
66,19,18,0,1.7,4.1,0.3,0,0.4,1
66,20,28,0,2.7,6.4,0.4,0,0.6,1
66,22,8,0.1,0.5,1.9,0.1,0,0,1
66,24,28,0.5,1.9,6.5,0.3,0,0,1
66,25,65,3,5,5,7,0,0,0
66,26,10,0.2,0.7,2.3,0.1,0,0,1
66,29,2,0.2,0.2,0.1,0.4,0,0,1
66,39,4,0.1,0.2,0.6,0.4,0,0,1
66,40,7,0.1,0.4,1.2,0.6,0,0,1
66,41,1,0,0,0.2,0.1,0,0,1
66,46,6,0.3,0.7,0.6,0.8,0,0,1
66,50,5,0,0.5,0.6,1.2,0,0,1
66,52,9,0.3,1,1.2,0.5,0,0,1
66,58,32,2.9,4.4,3,2.5,0,0,1
66,59,45,6,5,6,1,0,0,0
66,60,52,10,2,5,5,0,0,0
66,61,97,5,15,14,20,0,0,0
66,62,65,0,27,1,0,0,0,0
66,63,11,1.3,0.8,0.7,1.9,0,0,1
66,64,19,2.3,1.5,1.2,3.2,0,0,1
66,65,2,0.3,0.2,0.1,0.3,0,0,1
66,66,24,2,5,0,4,0,0,0
66,68,33,1,1,7,8,0,0,0
66,69,97.5,23,19,3,1,0,0,0
66,70,93,7,28,3,0,0,0,0
66,71,77,6,4,19,0,0,8,0
66,80,22.5,1.4,2.2,2.2,4,0,0,1
66,85,15.5,0,2.7,3.3,0.6,0.2,0,1
66,86,15,0,2.6,3.2,0.6,0.2,0,1
66,88,23,0.5,3.3,2.4,2.4,0,0,1
66,89,2,0.1,0.3,0.2,0.2,0,0,1
66,93,20,0.5,2.2,2.4,2,0,0,1
66,94,6,0.1,0.7,0.7,0.6,0,0,1
66,95,2,0.1,0.2,0.2,0.2,0,0,1
66,97,3,0,0.2,0.4,0.6,0,0,1
66,103,2,0.1,0.2,0.3,0.1,0,0,1
66,104,11,0.4,1.3,1.5,0.8,0,0,1
66,108,4,0,0.3,0.6,0.5,0,0,1
66,112,6,0.4,0.5,1.1,0.3,0,0,1
66,114,22,1.5,1.8,4.1,1.1,0,0,1
66,115,13,0.9,1,2.5,0.6,0,0,1
66,116,43,0,9,17,2,0,0,0
66,117,48,3,3,13,4,0,0,0
66,118,51,14,6,0,0,0,0,0
66,119,49,1,15,1,0,0,0,0
66,120,52,2,5,5,4,0,1,0
66,121,17,1,2.2,1.7,1.5,0,0,1
66,123,5,0.1,0.5,0.8,0.3,0,0,1
67,0,12,0.5,2.4,0.5,2.4,0,0,1
67,1,2,0.1,0.4,0.1,0.4,0,0,1
67,11,2,0.2,0.2,0.1,0.2,0,0,1
67,12,26,1.6,3.1,2.8,2.5,0,0,1
67,16,75,2,8,18,17,0,6,0
67,17,68,2,2,7,18,0,6,0
67,18,39,3,8,6,0,0,0,0
67,19,56,0,15,10,0,0,0,0
67,20,59,0,2,17,0,0,0,0
67,21,68,0,0,22,0,0,4,0
67,22,50.5,1,0,16,0,0,0,0
67,24,3,0.1,0.2,0.7,0,0,0,1
67,33,2,0.1,0,0.1,0.6,0,0,1
67,34,6.5,0.3,0.1,0.3,2,0,0,1
67,38,23,0.4,1.3,3.9,2.1,0,0,1
67,39,15,0.3,0.8,2.5,1.4,0,0,1
67,45,2,0.1,0.2,0.2,0.3,0,0,1
67,60,18,1.6,2.5,1.7,1.4,0,0,1
67,61,86,8,22,1,3,0,0,0
67,62,47,1,12,6,4,0,0,0
67,63,9,1.1,0.7,0.6,1.5,0,0,1
67,66,5,0.6,0.4,0.3,0.9,0,0,1
67,67,61,1,4,2,20,0,0,0
67,68,32,1,4,10,2,0,6,0
67,69,70.5,0,23,12,0,0,0,0
67,70,61,0,11,16,0,0,0,0
67,71,34,0,2,12,0,0,0,0
67,72,23,0,3,3,5,0,0,0
67,80,29,1,3,1,7,0,0,0
67,88,4,0.1,0.6,0.4,0.4,0,0,1
67,93,27.5,0.6,3,3.4,2.7,0,0,1
67,94,33,4,1,4,7,0,0,0
67,95,13,0.3,1.4,1.6,1.3,0,0,1
67,99,9,0,0.4,1.2,1.9,0,0,1
67,103,4,0.1,0.5,0.5,0.3,0,0,1
67,104,42.5,1,3,7,3,0,0,0
67,105,33,1,4,3,6,0,0,0
67,109,6,0,0.5,0.9,0.8,0,0,1
67,111,12,0,1,1.7,1.6,0,0,1
67,113,2,0.1,0.2,0.4,0.1,0,0,1
67,114,38,0,2,15,0,0,0,0
67,115,62,1,9,12,11,0,0,0
67,116,151.5,4,4,24,30,0,0,0
67,117,113,6,14,18,3,0,0,0
67,118,89.5,14,3,16,0,0,5,0
67,119,133.5,5,53,6,0,1,45,0
67,120,137,0,25,32,2,0,35,0
67,121,69,2,10,17,1,0,0,0
67,126,1,0,0.1,0.2,0,0,0,1
67,127,32,0,1.3,6.3,3.1,0,0,1
68,12,5,0.3,0.6,0.5,0.5,0,0,1
68,15,3,0.2,0.4,0.3,0.3,0,0,1
68,16,52,5,4,4,12,0,0,0
68,17,88.5,10,4,17,8,0,17,0
68,18,71,3,1,17,0,0,0,0
68,19,87,0,0,31,0,0,0,0
68,20,28,0,2.7,6.4,0.4,0,0.6,1
68,21,65,0,0,22,0,0,0,0
68,22,19,0.3,1.3,4.4,0.2,0,0,1
68,33,26,1.1,0.5,1.1,7.9,0,0,1
68,45,4,0.2,0.5,0.4,0.5,0,0,1
68,61,7,0.6,1,0.7,0.5,0,0,1
68,62,36,2,3,3,8,0,0,0
68,63,1,0.1,0.1,0,0.2,0,0,1
68,66,16,2,1.2,1,2.7,0,0,1
68,67,90,0,3,8,32,0,0,0
68,68,69,0,3,13,19,0,0,0
68,69,58.5,3,9,10,3,0,0,0
68,70,61,1,8,11,1,0,0,0
68,71,18,0.9,3.8,1.7,0.9,0,0,1
68,73,8,0.2,1.4,0.6,0.8,0,0,1
68,74,2,0,0.4,0.2,0.2,0,0,1
68,75,1,0,0.2,0.1,0.1,0,0,1
68,79,2,0.1,0.2,0.2,0.4,0,0,1
68,80,12,0.7,1.2,1.2,2.1,0,0,1
68,81,4,0.2,0.4,0.4,0.7,0,0,1
68,83,15,0,2.6,3.2,0.6,0.2,0,1
68,84,3,0,0.5,0.6,0.1,0.1,0,1
68,88,2,0.1,0.3,0.2,0.2,0,0,1
68,98,24.5,0,1.2,3.2,5.1,0,0,1
68,99,59,0,8,4,8,0,0,0
68,104,3,0.1,0.4,0.4,0.2,0,0,1
68,105,56.5,0,3,11,3,0,0,0
68,112,1,0.1,0.1,0.2,0,0,0,1
68,113,34,0,1,15,0,0,14,0
68,114,107,1,10,36,0,0,22,0
68,115,199,7,11,79,21,0,11,0
68,116,198,7,8,27,62,0,0,0
68,117,68,3,2,7,13,0,0,0
68,118,51,8,6,0,2,0,0,0
68,119,34,0,16,2,0,0,7,0
68,120,73.5,0,28,10,0,0,20,0
68,121,73,0,20,9,0,0,0,0
68,122,43.5,0,10,7,0,0,0,0
68,126,5,0.1,0.5,0.8,0.3,0,0,1
68,127,56,1,2,10,8,0,0,0
69,11,7,0.6,0.6,0.2,0.9,0,0,1
69,15,7,0.4,0.8,0.8,0.7,0,0,1
69,16,30,8,0,3,2,0,0,0
69,17,48,6,7,6,1,0,0,0
69,18,81.5,4,23,12,0,0,13,0
69,19,59,0,0,20,0,0,0,0
69,20,31.5,0,3.1,7.1,0.5,0,0.7,1
69,34,12.5,0.5,0.3,0.5,3.8,0,0,1
69,39,4,0.1,0.2,0.6,0.4,0,0,1
69,45,15,0.8,1.7,1.4,2,0,0,1
69,47,2,0,0.2,0.2,0.5,0,0,1
69,48,9,0,0.9,1.1,2.2,0,0,1
69,51,2,0,0.2,0.2,0.5,0,0,1
69,59,5,0.4,0.7,0.5,0.4,0,0,1
69,61,49.5,0,0,17,0,0,5,0
69,62,36,1,1,10,1,0,0,0
69,64,2,0.3,0.2,0.1,0.3,0,0,1
69,66,35,0,8,6,0,0,0,0
69,67,80.5,0,6,22,0,0,0,0
69,68,41,3,3,3,7,0,0,0
69,70,6,0.3,1.3,0.5,0.3,0,0,1
69,71,38,4,7,3,0,0,0,0
69,72,17,0.3,3.1,1.4,1.7,0,0,1
69,74,4,0.1,0.7,0.3,0.4,0,0,1
69,79,5,0.3,0.5,0.5,0.9,0,0,1
69,80,5,0.3,0.5,0.5,0.9,0,0,1
69,82,12,0,2.1,2.5,0.5,0.1,0,1
69,83,77.5,2,12,9,8,0,0,0
69,84,35,2,2,7,1,0,0,0
69,89,14,0.3,2,1.5,1.4,0,0,1
69,97,2,0,0.1,0.3,0.4,0,0,1
69,98,39,0,4,6,4,0,0,0
69,99,26,1,0,6,4,0,0,0
69,102,4,0.1,0.5,0.5,0.3,0,0,1
69,105,14.5,0.4,1.7,2,1.1,0,0,1
69,107,12,0,1,1.7,1.6,0,0,1
69,108,27,0,2.2,4,3.5,0,0,1
69,113,2,0.1,0.2,0.4,0.1,0,0,1
69,114,28,1.9,2.2,5.3,1.4,0,0,1
69,115,131,2,3,26,37,0,10,0
69,116,89,2,6,24,20,0,8,0
69,117,30,5,10,2,0,0,0,0
69,118,33,4,4,7,0,0,0,0
69,120,7.5,0.4,1,0.8,0.6,0,0,1
69,121,51,0,6,11,2,0,0,0
69,122,50.5,0,11,9,0,1,0,0
69,123,36,0,0,11,0,0,0,0
69,124,17,0.5,1.6,2.8,1,0,0,1
69,126,25,0.7,2.3,4.2,1.5,0,0,1
69,127,12,0,0.5,2.3,1.2,0,0,1
70,11,4,0.2,0.3,0.5,0.5,0,0,1
70,16,26,5,1,6,0,0,0,0
70,17,61,0,22,3,0,0,4,0
70,18,76,0,26,5,0,0,0,0
70,19,83,0,1,25,0,0,0,0
70,20,9,0,0.9,2.1,0.1,0,0,1
70,25,2,0.1,0.2,0.1,0.5,0,0,1
70,26,4,0.1,0.5,0.2,0.9,0,0,1
70,33,4,0.2,0.7,0.3,0.5,0,0,1
70,34,2,0.1,0.3,0.2,0.3,0,0,1
70,38,7,0.4,0.5,0.3,1.9,0,0,1
70,39,5,0.3,0.4,0.2,1.3,0,0,1
70,47,2,0,0.1,0.1,0.5,0,0,1
70,50,13,0.3,0.8,0.3,3,0,0,1
70,51,4,0.1,0.3,0.1,0.9,0,0,1
70,58,8,0.4,0.9,1.1,0.8,0,0,1
70,61,45,0,0,12,0,0,0,0
70,62,87,0,5,24,0,0,0,0
70,63,5,0.2,0.4,0.7,1,0,0,1
70,64,3,0.1,0.3,0.4,0.6,0,0,1
70,65,51,1,5,11,2,0,0,0
70,66,71,0,2,19,0,0,0,0
70,67,131.5,0,28,21,0,0,20,0
70,68,41,3,7,7,3,0,0,0
70,70,25,1.2,4,2.9,1.3,0,0,1
70,71,19,0,4,0,7,0,0,0
70,72,61,0,6,6,11,0,0,0
70,73,4,0.1,0.8,0.6,0.2,0,0,1
70,78,12,0,1.4,0.9,2.4,0,0,1
70,83,16,0.1,1.7,3.7,0.3,0,0,1
70,84,13,0.1,1.4,3,0.2,0,0,1
70,85,22,0.1,2.4,5.1,0.4,0,0,1
70,97,3,0,0.3,0.5,0.4,0,0,1
70,98,33.5,4,5,3,3,0,0,0
70,99,2,0,0.2,0.3,0.3,0,0,1
70,102,5,0.2,0.7,0.5,0.4,0,0,1
70,104,2,0.1,0.2,0.2,0.2,0,0,1
70,106,5,0.2,0.7,0.5,0.4,0,0,1
70,108,22,0.6,1.4,2.5,2.9,0,0,1
70,110,6,0.1,0.4,0.7,0.8,0,0,1
70,113,30,0.5,3.7,3.7,2.4,0,0,1
70,114,1,0,0.1,0.1,0.1,0,0,1
70,115,79,8,6,14,9,1,5,0
70,116,158,4,0,40,25,1,27,0
70,117,103,4,15,27,2,0,15,0
70,118,7,0.3,1.2,0.8,0.4,0,0,1
70,120,11,0.4,1.9,1.3,0.7,0,0,1
70,121,29,1.2,4.9,3.3,1.9,0,0,1
70,122,30,0.8,5.1,5.1,0,1.7,0,1
70,123,51,0,2,13,0,0,0,0
70,124,108.5,0,0,31,0,0,0,0
70,125,3.5,0.1,0.6,0.6,0,0.2,0,1
71,1,4,0,0.6,0.7,0.3,0,0,1
71,6,3,0.2,0.2,0.4,0.3,0,0,1
71,16,12,1.2,1.4,1.5,0.8,0,0,1
71,17,50,0,8,16,0,0,6,0
71,18,82,3,5,16,8,0,0,0
71,19,40,0,5,10,0,0,0,0
71,20,2,0,0.2,0.5,0,0,0,1
71,37,11,0.7,0.8,0.5,2.9,0,0,1
71,38,18,1.2,1.2,0.8,4.8,0,0,1
71,39,2,0.1,0.2,0.1,0.5,0,0,1
71,57,5,0.3,0.5,0.7,0.5,0,0,1
71,58,57,2,13,1,3,0,0,0
71,61,24,1.3,2.6,3.2,2.4,0,0,1
71,62,62.5,0,4,13,13,1,5,0
71,63,15,0.6,1.2,2.1,2.9,0,0,1
71,65,123,0,0,32,0,0,0,0
71,66,126.5,0,7,35,0,0,8,0
71,67,78,0,31,2,0,0,0,0
71,68,42,5,3,7,4,0,0,0
71,69,2,0.1,0.3,0.3,0.1,0,0,1
71,70,18,0.8,2.9,2.1,1,0,0,1
71,71,12,0.6,1.9,1.4,0.6,0,0,1
71,72,7,0.3,1.4,1,0.4,0,0,1
71,77,4,0,0.5,0.3,0.8,0,0,1
71,78,10,0,1.2,0.8,2,0,0,1
71,82,6,0,0.7,1.4,0.1,0,0,1
71,85,39,1,2,6,4,0,0,0
71,86,9,0,1,2.1,0.2,0,0,1
71,89,2,0.2,0.1,0.2,0.2,0,0,1
71,94,14,0.3,1.2,1.6,1.6,0,0,1
71,95,36,0.6,3,4.2,4.2,0,0,1
71,97,18,0,1.8,3,2.7,0,0,1
71,98,62.5,0,7,8,7,0,0,0
71,99,11,0,1.1,1.8,1.7,0,0,1
71,109,7,0.2,0.5,0.8,0.9,0,0,1
71,110,109,0,1,34,2,0,8,0
71,112,3,0,0.4,0.4,0.2,0,0,1
71,113,28,0,3,8,2,0,0,0
71,114,11,0.2,1.3,1.4,0.9,0,0,1
71,115,71,0,26,10,0,0,7,0
71,116,73.5,1,22,6,3,0,0,0
71,117,9,0.4,1.5,1,0.6,0,0,1
71,121,23,1,3.9,2.6,1.5,0,0,1
71,122,50,10,13,2,0,0,0,0
71,123,49.5,0,1,14,0,0,0,0
71,124,51,0,6,10,0,0,0,0
72,1,2,0,0.3,0.3,0.2,0,0,1
72,2,13,0.6,1.1,1.7,1.5,0,0,1
72,7,5,0.2,0.4,0.7,0.6,0,0,1
72,10,6,0.3,0.5,0.8,0.7,0,0,1
72,14,16,1.7,1.9,1.9,1.1,0,0,1
72,15,25,2,3,0,8,0,0,0
72,16,3,0.3,0.3,0.4,0.2,0,0,1
72,18,15,0,1.5,3.5,0.2,0,0,1
72,19,14,0,1.4,3.3,0.2,0,0,1
72,20,18,0,1.7,4.3,0.2,0,0,1
72,30,4,0.1,0.5,0.2,0.9,0,0,1
72,31,16,0.5,1.8,0.9,3.7,0,0,1
72,41,2,0.1,0.2,0.1,0.5,0,0,1
72,42,7,0,0.5,0.8,1.5,0,0,1
72,43,8,0,0.6,0.9,1.7,0,0,1
72,44,3,0,0.2,0.4,0.6,0,0,1
72,57,34,0,0,6,5,0,0,0
72,58,11,0.6,1.2,1.5,1.1,0,0,1
72,61,6,0.3,0.7,0.8,0.6,0,0,1
72,65,13,0.5,1,1.8,2.6,0,0,1
72,66,75,0,0,22,0,0,0,0
72,67,15,0.7,2.4,1.8,0.8,0,0,1
72,68,25,1,3,1,6,0,0,0
72,70,9,0.4,1.5,1,0.5,0,0,1
72,82,66.5,0,5,10,4,1,0,0
72,83,9,0,1,2.1,0.2,0,0,1
72,85,68,1,2,8,14,0,0,0
72,86,77.5,1,1,14,13,0,0,0
72,88,10,1,0.3,1,1,0,0,1
72,89,40.5,1,3,8,3,0,0,0
72,95,7,0.1,0.6,0.8,0.8,0,0,1
72,96,1,0,0.1,0.1,0.1,0,0,1
72,102,10,0.4,1.3,1.1,0.8,0,0,1
72,103,5.5,0.2,0.7,0.6,0.5,0,0,1
72,104,2,0.1,0.2,0.2,0.2,0,0,1
72,106,1,0.1,0.1,0.1,0.1,0,0,1
72,108,1,0,0.1,0.1,0.1,0,0,1
72,110,17,0.5,1.1,1.9,2.2,0,0,1
72,111,1,0,0.1,0.1,0.1,0,0,1
72,115,50.5,0,18,8,0,0,8,0
72,116,112.5,3,3,25,5,0,0,0
72,117,23,1,3.9,2.6,1.5,0,0,1
72,119,1,0,0.2,0.1,0.1,0,0,1
72,120,5,0.2,0.9,0.6,0.3,0,0,1
72,122,2,0.1,0.3,0.3,0,0.1,0,1
73,2,6,0.3,0.5,0.8,0.7,0,0,1
73,13,2,0.2,0.2,0.3,0.1,0,0,1
73,14,2,0.2,0.2,0.3,0.1,0,0,1
73,15,5,0.5,0.6,0.6,0.4,0,0,1
73,20,4,0,0.4,0.9,0.1,0,0,1
73,21,39,0,3,12,0,0,0,0
73,43,19,0,1.3,2.3,4.1,0,0,1
73,44,5,0,0.3,0.6,1.1,0,0,1
73,55,3,0.1,0.1,0.5,0.4,0,0,1
73,56,42,1.8,0.9,6.1,6.1,0,0,1
73,57,3,0.2,0.3,0.4,0.3,0,0,1
73,58,7,0.4,0.8,0.9,0.7,0,0,1
73,60,10,0.5,1.1,1.4,1,0,0,1
73,61,2,0.1,0.2,0.3,0.2,0,0,1
73,68,26,1.2,4.2,3,1.4,0,0,1
73,72,10,0.4,2,1.5,0.5,0,0,1
73,76,17,0.6,3.4,2.5,0.9,0,0,1
73,77,16,0,1.9,1.2,3.2,0,0,1
73,82,27,0.2,2.9,6.2,0.5,0,0,1
73,83,10,0,1.1,2.3,0.2,0,0,1
73,85,30,0.2,3.2,6.9,0.6,0,0,1
73,86,17.5,0.1,1.9,4.1,0.3,0,0,1
73,88,28,0,5,4,2,0,0,0
73,89,2,0.2,0.1,0.2,0.2,0,0,1
73,93,42,0,1,6,7,0,0,0
73,95,2,0,0.2,0.3,0.2,0,0,1
73,99,14,0,1.4,2.3,2.1,0,0,1
73,100,5,0,0.5,0.8,0.8,0,0,1
73,101,1,0,0.1,0.2,0.1,0,0,1
73,102,14,0.5,1.8,1.5,1.2,0,0,1
73,103,36,0,5,3,7,0,0,0
73,104,23,0.8,3.1,2.5,1.9,0,0,1
73,106,8,0.3,1,0.9,0.7,0,0,1
73,109,5,0.1,0.3,0.6,0.7,0,0,1
73,110,42.5,2,0,3,11,0,0,0
73,111,11,0.3,0.7,1.2,1.5,0,0,1
73,112,8,0.1,1,1,0.7,0,0,1
73,113,5,0.1,0.6,0.6,0.4,0,0,1
73,114,8,0.1,1,1,0.7,0,0,1
73,119,11,0.4,1.9,1.3,0.7,0,0,1
73,127,4,0.1,0.2,0.2,0.6,0,0,1
74,12,18.5,1.9,2.2,2.2,1.3,0,0,1
74,21,10,0,1,2.4,0.1,0,0,1
74,22,3,0.1,0.3,0.2,0.7,0,0,1
74,47,6,0.1,0.4,0.1,1.4,0,0,1
74,48,10,0.2,0.6,0.2,2.4,0,0,1
74,53,3,0.1,0.1,0.5,0.4,0,0,1
74,56,52,3,4,7,5,0,0,0
74,57,10,0.5,1.1,1.4,1,0,0,1
74,59,13,0.7,1.4,1.8,1.3,0,0,1
74,60,1,0.1,0.1,0.1,0.1,0,0,1
74,61,11,0.6,1.2,1.5,1.1,0,0,1
74,62,15,0.6,1.2,2.1,2.9,0,0,1
74,68,2,0.1,0.3,0.3,0.1,0,0,1
74,69,21,1,3.4,2.4,1.1,0,0,1
74,76,17,0.6,3.4,2.5,0.9,0,0,1
74,77,24,0,2.9,1.8,4.8,0,0,1
74,78,21,0,2.5,1.6,4.2,0,0,1
74,81,4,0,0.5,0.3,0.8,0,0,1
74,97,4,0,0.4,0.7,0.6,0,0,1
74,98,2,0,0.2,0.3,0.3,0,0,1
74,103,6,0.2,0.8,0.7,0.5,0,0,1
74,104,2,0.1,0.2,0.2,0.2,0,0,1
74,109,7,0.2,0.5,0.8,0.9,0,0,1
74,110,7,0.2,0.5,0.8,0.9,0,0,1
74,111,23,0.6,1.5,2.6,3,0,0,1
74,113,10,0.2,1.2,1.2,0.8,0,0,1
74,114,25,0.4,3.1,3.1,2,0,0,1
74,116,21,0.3,2.6,2.6,1.7,0,0,1
74,117,4,0.2,0.7,0.4,0.3,0,0,1
74,127,45.5,0,7,7,3,0,0,0
75,8,6,0.3,0.5,0.8,0.7,0,0,1
75,12,6,0.2,0.7,0.9,0.6,0,0,1
75,49,2,0,0.1,0.1,0.5,0,0,1
75,50,2,0,0.1,0.1,0.5,0,0,1
75,52,2,0,0.2,0.2,0.8,0,0,1
75,56,8,0,0.9,0.6,3.2,0,0,1
75,57,39,1,3,1,9,0,0,0
75,61,4,0,0.5,0.3,1.6,0,0,1
75,62,46,3,1,4,11,0,0,0
75,63,17,0.4,1.7,2.6,1.6,0.1,0,1
75,64,27,0,1,2,8,0,0,0
75,65,3,0.1,0.3,0.4,0.3,0,0,1
75,81,15,0.4,3,1.3,1.3,0,0,1
75,96,18,0.3,1.9,2.1,2.7,0,0,1
75,97,30,0,3,3,8,0,0,0
75,98,4,0,0.2,0.7,0.8,0,0,1
75,99,2,0,0.1,0.3,0.4,0,0,1
75,109,2,0.2,0,0.1,0.4,0,0,1
75,116,22,1.1,2.8,3.4,1.7,0,0,1
75,117,22.5,0.6,1.7,5.1,1.1,0,0,1
75,125,2,0.1,0.1,0.1,0.3,0,0,1
75,127,7,0.1,0.7,0.9,0.6,0,0,1
76,6,1,0.1,0.1,0.1,0.1,0,0,1
76,8,2,0.1,0.2,0.3,0.2,0,0,1
76,13,3,0.1,0.4,0.4,0.3,0,0,1
76,15,15,0.5,1.9,2.1,1.6,0,0,1
76,16,21,0.7,2.6,3,2.2,0,0,1
76,32,2,0.1,0.3,0.2,0.3,0,0,1
76,34,12,0.7,1.9,1,1.6,0,0,1
76,47,1,0,0.1,0,0.2,0,0,1
76,57,7,0,0.8,0.5,2.8,0,0,1
76,61,6,0,0.7,0.5,2.4,0,0,1
76,62,24.5,0.6,2.4,3.8,2.2,0.2,0,1
76,63,30,0.7,3,4.6,2.8,0.2,0,1
76,81,21,0.4,4.2,1.9,1.9,0,0,1
76,82,14,0.2,1.2,2.3,0.7,0,0,1
76,97,11,0,0.6,1.8,2.2,0,0,1
76,106,14,1.1,0.3,0.6,2.8,0,0,1
76,117,5,0.1,0.4,1.1,0.3,0,0,1
76,119,2,0,0.2,0.5,0.1,0,0,1
76,120,1,0,0.1,0.2,0.1,0,0,1
77,5,5,0.2,0.4,0.7,0.6,0,0,1
77,6,4,0.2,0.3,0.5,0.5,0,0,1
77,15,8,0.3,1,1.1,0.8,0,0,1
77,28,1,0.1,0.1,0,0.2,0,0,1
77,32,8,0.4,1.3,0.7,1.1,0,0,1
77,33,4,0.2,0.7,0.3,0.5,0,0,1
77,62,6,0.1,0.6,0.9,0.6,0.1,0,1
77,63,24,0.5,2.4,3.7,2.2,0.2,0,1
77,64,3,0.1,0.3,0.4,0.3,0,0,1
77,73,5,0.1,1,0.5,0.4,0,0,1
77,78,2,0,0.4,0.2,0.2,0,0,1
77,82,41,2,6,4,5,0,0,0
77,83,2,0,0.2,0.3,0.1,0,0,1
77,94,22,0.3,2.3,2.6,3.3,0,0,1
77,95,3,0,0.3,0.4,0.5,0,0,1
77,100,4,0,0.2,0.7,0.8,0,0,1
77,107,1,0.1,0,0,0.2,0,0,1
77,111,8,0.6,0.2,0.3,1.6,0,0,1
77,116,9,0.5,1.1,1.4,0.7,0,0,1
77,119,1,0,0.1,0.2,0.1,0,0,1
77,120,2,0,0.2,0.5,0.1,0,0,1
77,121,2,0,0.2,0.5,0.1,0,0,1
77,125,6,0.2,0.2,0.4,0.9,0,0,1
78,0,2,0,0.3,0.3,0.2,0,0,1
78,28,12,0.7,0.8,0.5,3.1,0,0,1
78,29,4,0.2,0.3,0.2,1,0,0,1
78,36,2,0.1,0.3,0.2,0.3,0,0,1
78,37,3,0.2,0.5,0.2,0.4,0,0,1
78,44,9,0.3,0.6,0.3,2,0,0,1
78,46,5,0.2,0.3,0.2,1.1,0,0,1
78,47,1,0,0.1,0,0.2,0,0,1
78,51,3,0,0.2,0.1,0.7,0,0,1
78,71,8,0.2,0.8,1.2,0.7,0.1,0,1
78,73,2,0,0.4,0.2,0.2,0,0,1
78,82,44,0.7,3.7,7.3,2.2,0,0,1
78,88,17,1.8,0.4,1.8,1.7,0,0,1
78,90,1,0.1,0,0.1,0.1,0,0,1
78,94,17.5,0.3,1.8,2.1,2.6,0,0,1
78,95,2.5,0,0.3,0.3,0.4,0,0,1
78,105,7,0.6,0.1,0.3,1.4,0,0,1
78,107,11,0.9,0.2,0.4,2.2,0,0,1
78,111,4,0.3,0.1,0.2,0.8,0,0,1
78,112,4,0.2,0.5,0.6,0.3,0,0,1
78,116,4,0.2,0.5,0.6,0.3,0,0,1
78,122,24,1,1,1.5,3.4,0,0,1
79,9,2,0.1,0.2,0.3,0.2,0,0,1
79,10,4,0.2,0.3,0.5,0.5,0,0,1
79,18,2,0.1,0.2,0.3,0.2,0,0,1
79,21,2,0.1,0.2,0.3,0.2,0,0,1
79,22,6,0.2,0.7,0.3,1.4,0,0,1
79,28,53,3,3.8,2.3,13.6,0,0,1
79,44,15,0.5,0.9,0.5,3.4,0,0,1
79,45,2,0.1,0.1,0.1,0.4,0,0,1
79,51,3,0,0.2,0.1,0.7,0,0,1
79,71,15,0.3,1.5,2.3,1.4,0.1,0,1
79,90,7,0.7,0.2,0.7,0.7,0,0,1
79,95,4,0.1,0.4,0.5,0.6,0,0,1
79,98,15,0,0.8,2.5,2.9,0,0,1
79,107,3,0.2,0.1,0.1,0.6,0,0,1
79,119,4,0.1,0.3,0.9,0.2,0,0,1
79,125,2,0.1,0.1,0.1,0.3,0,0,1
79,127,17,0.3,1.8,2.1,1.5,0,0,1
80,2,8,0,0.7,0.5,1.5,0,0,1
80,7,2,0,0.2,0.1,0.4,0,0,1
80,10,2,0,0.2,0.1,0.4,0,0,1
80,18,10,1.1,0.2,0.7,1.9,0,0,1
80,21,37.5,0,5,5,5,0,0,0
80,22,11,0,1.7,0.3,3.4,0,0,1
80,26,2,0,0.3,0.1,0.6,0,0,1
80,27,2,0.1,0.2,0.5,0,0,0,1
80,28,6,0.4,0.5,1.4,0,0,0,1
80,29,8,0.6,0.6,1.9,0,0,0,1
80,30,16,1.1,1.2,3.8,0,0,0,1
80,31,48,6,0,11,0,0,0,0
80,32,73,0,8,21,0,0,0,0
80,33,46,0,4,12,0,0,0,0
80,34,4,0,0.7,0.5,0,0,0,1
80,39,1,0.2,0.1,0,0.2,0,0,1
80,44,12,0,0.6,0.4,3.3,0,0,1
80,48,6,0.2,0.7,0,1.9,0,0,1
80,49,22,0.9,2.5,0,6.8,0,0,1
80,51,38,4,2,0,8,0,0,0
80,53,6,0.1,0.4,0.4,1.1,0,0,1
80,54,2,0.1,0.1,0.1,0.4,0,0,1
80,55,22.5,0.5,1.3,1.4,4.3,0,0,1
80,64,2,0.1,0.3,0.1,0.3,0,0,1
80,65,17,0.5,2.5,1.3,2.4,0,0,1
80,66,5,0.2,0.7,0.4,0.7,0,0,1
80,77,4,0.1,0.5,0.6,0.3,0,0,1
80,83,9,0,0.7,0.9,1.8,0,0,1
80,89,1,0,0.1,0.1,0.2,0,0,1
80,90,6,0,0.4,0.6,1.2,0,0,1
80,97,3,0.2,0.3,0.2,0.4,0,0,1
80,98,54,3,2,10,6,0,0,0
80,99,7,0.4,0.7,0.4,0.9,0.1,0,1
80,104,13,0.5,1.5,1.2,2,0,0,1
80,105,4,0.1,0.5,0.4,0.6,0,0,1
80,115,7,0.2,1,0.9,0.7,0,0,1
80,116,2,0,0.3,0.3,0.2,0,0,1
80,118,12,0.3,1.7,1.6,1.2,0,0,1
81,2,7,0,0.6,0.4,1.3,0,0,1
81,16,16,1.4,1.1,0.3,4.1,0,0,1
81,17,1,0.1,0,0.1,0.2,0,0,1
81,20,10,1.1,0.2,0.7,1.9,0,0,1
81,21,27,2.9,0.5,1.9,5.3,0,0,1
81,22,4,0,0.6,0.1,1.2,0,0,1
81,29,30,3,5,3,0,0,0,0
81,30,92,9,3,16,4,0,0,0
81,31,117,12,1,19,13,0,0,0
81,32,86.5,1,13,17,2,1,0,0
81,33,118,0,22,19,0,0,7,0
81,34,47,0,18,5,0,0,11,0
81,38,5,0.7,0.6,0.2,0.8,0,0,1
81,39,4,0.6,0.5,0.1,0.6,0,0,1
81,42,4,0,0.2,0.1,1.1,0,0,1
81,43,20,0,1,0.6,5.5,0,0,1
81,50,3,0.1,0.4,0,0.9,0,0,1
81,52,13,0.3,0.8,0.8,2.5,0,0,1
81,55,8,0.2,0.5,0.5,1.5,0,0,1
81,56,1,0,0,0.1,0.2,0,0,1
81,58,8,0,1,0.8,1,0,0,1
81,61,8,0,1,0.8,1,0,0,1
81,63,10,0.3,1.4,0.8,1.4,0,0,1
81,64,3,0.1,0.5,0.2,0.4,0,0,1
81,65,18,0.5,2.6,1.4,2.6,0,0,1
81,67,6,0.1,0.6,0.6,0.6,0,0,1
81,68,22,0.2,2.3,2.3,2.2,0,0,1
81,76,3,0,0.5,0.4,0.2,0,0,1
81,77,9,0.3,1.1,1.4,0.5,0,0,1
81,83,1,0,0.1,0.1,0.2,0,0,1
81,90,3,0,0.2,0.3,0.6,0,0,1
81,91,7,0,0.5,0.7,1.4,0,0,1
81,96,4,0.2,0.3,0.5,0.8,0,0,1
81,97,7,0.4,0.7,0.4,0.9,0.1,0,1
81,98,71,3,3,5,17,0,0,0
81,99,23,1.4,2.1,1.4,3.1,0.3,0,1
81,104,58,2,2,7,13,0,0,0
81,105,47,1,2,5,8,0,0,0
81,116,4,0.1,0.6,0.5,0.4,0,0,1
81,125,6,0.3,0.3,0.5,0.7,0,0,1
82,10,9,0,0.7,0.6,1.7,0,0,1
82,16,1,0.1,0.1,0,0.2,0,0,1
82,21,8,0.8,0.1,0.6,1.6,0,0,1
82,29,23,1.7,1.7,5.4,0,0,0,1
82,30,111.5,8,3,12,33,0,2,0
82,31,135,7,1,2,41,0,0,0
82,32,79,9,2,9,15,1,0,0
82,33,71,5,6,7,13,0,0,0
82,34,27,2,5,4,0,0,0,0
82,51,2,0.1,0.2,0,0.6,0,0,1
82,57,2,0,0.3,0.2,0.2,0,0,1
82,58,16,0,1.9,1.7,1.9,0,0,1
82,59,10,0,1.2,1,1.2,0,0,1
82,62,16,0.5,2.3,1.2,2.3,0,0,1
82,76,8,0,1.4,1.1,0.5,0,0,1
82,77,3,0.1,0.4,0.4,0.2,0,0,1
82,81,5,0.1,0.6,0.8,0.3,0,0,1
82,82,13,0,0.9,1.3,2.7,0,0,1
82,98,20.5,1.3,1.9,1.3,2.7,0.2,0,1
82,99,4,0.2,0.4,0.3,0.5,0,0,1
82,103,3,0.1,0.3,0.3,0.5,0,0,1
82,104,35,1,4,7,0,0,0,0
82,105,15,0.6,1.7,1.5,2.3,0,0,1
82,107,1,0,0.1,0.2,0.1,0,0,1
82,108,37,2,2.9,7.8,2.9,0,0,1
82,124,2,0.1,0.1,0.2,0.2,0,0,1
82,125,8,0.4,0.4,0.7,0.9,0,0,1
83,0,2,0.1,0.1,0.5,0.1,0,0.2,1
83,5,6,0,0.5,0.4,1.1,0,0,1
83,10,2,0,0.2,0.1,0.4,0,0,1
83,25,22,0,3.4,0.5,6.8,0,0,1
83,29,42.5,20,4,1,0,0,12,0
83,30,44.5,2,1,5,16,0,0,0
83,31,86,7,3,4,22,0,0,0
83,32,27,0,4.3,3.6,0,0,0,1
83,33,21,0,15,3,0,0,14,0
83,34,100,0,2,28,0,0,4,0
83,35,24,0,3.8,3.2,0,0,0,1
83,46,5,0,0.2,0.2,1.4,0,0,1
83,47,5,0.2,0.6,0,1.5,0,0,1
83,52,19,0.5,1.1,1.1,3.7,0,0,1
83,54,4,0.1,0.2,0.2,0.8,0,0,1
83,55,4,0.1,0.2,0.2,0.8,0,0,1
83,71,10,0.1,1,1.1,1,0,0,1
83,76,53,1,5,4,7,0,0,0
83,77,28,1,0,6,7,0,0,0
83,79,6,0.2,0.7,0.9,0.4,0,0,1
83,96,6,0.3,0.4,0.8,1.2,0,0,1
83,97,1,0.1,0.1,0.1,0.1,0,0,1
83,98,8,0.5,0.7,0.5,1.1,0.1,0,1
83,101,21,1.3,1.9,1.3,2.8,0.2,0,1
83,103,8,0.3,0.9,0.8,1.2,0,0,1
83,113,13,0.4,1.8,1.7,1.3,0,0,1
83,114,13,0.4,1.8,1.7,1.3,0,0,1
83,117,2,0,0.3,0.3,0.2,0,0,1
83,118,2,0,0.3,0.3,0.2,0,0,1
83,124,8,0.4,0.4,0.7,0.9,0,0,1
83,125,4,0.2,0.2,0.4,0.4,0,0,1
84,7,3,0,0.2,0.2,0.6,0,0,1
84,9,3,0,0.2,0.2,0.6,0,0,1
84,28,38,0,2,12,0,0,0,0
84,29,57,2,4,13,1,0,0,0
84,30,40,0,5,10,0,0,0,0
84,31,43,1,14,3,0,1,0,0
84,32,43,9,8,5,0,0,5,0
84,33,94,15,30,1,0,0,20,0
84,34,20,0,3.2,2.7,0,0,0,1
84,44,16,0,0.8,0.5,4.4,0,0,1
84,45,5,0,0.2,0.2,1.4,0,0,1
84,48,1,0.1,0.1,0,0.3,0,0,1
84,50,13,0.5,1.5,0,4,0,0,1
84,52,2,0.1,0.1,0.1,0.4,0,0,1
84,55,2,0.1,0.1,0.1,0.4,0,0,1
84,56,35,0,1,4,7,0,0,0
84,57,8,0,1,0.8,1,0,0,1
84,60,6,0,0.8,0.6,0.7,0,0,1
84,65,23,0.7,3.3,1.8,3.3,0,0,1
84,66,10,0.3,1.4,0.8,1.4,0,0,1
84,67,6,0.1,0.6,0.6,0.6,0,0,1
84,69,13,0.2,1.3,1.3,1.3,0,0,1
84,70,5,0.1,0.5,0.5,0.5,0,0,1
84,71,36.5,1,2,6,2,0,0,0
84,72,2,0,0.4,0.3,0.1,0,0,1
84,76,16,0,2.8,2.2,1.1,0,0,1
84,81,6,0.2,0.7,0.9,0.4,0,0,1
84,90,4,0,0.3,0.4,0.8,0,0,1
84,91,3,0,0.2,0.3,0.6,0,0,1
84,96,3,0.1,0.2,0.4,0.6,0,0,1
84,100,2,0.1,0.2,0.1,0.3,0,0,1
84,101,1,0.1,0.1,0.1,0.1,0,0,1
84,102,4,0.1,0.5,0.4,0.6,0,0,1
84,103,5,0.2,0.6,0.5,0.7,0,0,1
84,113,34,1,3,4,6,0,0,0
84,114,23,0.6,3.2,2.9,2.4,0,0,1
84,123,3,0.1,0.1,0.3,0.4,0,0,1
85,7,13,0,0.5,2.3,0.8,0,0,1
85,9,4,0,0.2,0.7,0.2,0,0,1
85,23,6,0.4,0.9,0.2,1,0,0,1
85,27,55.5,0,3,14,0,0,0,0
85,28,63,0,3,13,7,0,0,0
85,29,93,0,2,25,3,0,0,0
85,30,54,0,2,14,0,0,0,0
85,31,27,0,10,2,0,0,2,0
85,32,80.5,6,26,5,0,0,2,0
85,33,34,5,10,0,0,0,0,0
85,34,2,0.1,0.3,0,0.4,0,0,1
85,44,5,0.3,1,0.3,0.5,0,0,1
85,48,5,1.3,0.7,0,0.4,0,0,1
85,50,2,0.5,0.3,0,0.2,0,0,1
85,56,18,0.3,2.6,2,2,0,0,1
85,57,13,0,1.6,0.8,2.5,0,0,1
85,60,7,0,0.9,0.4,1.4,0,0,1
85,61,4,0,0.5,0.2,0.8,0,0,1
85,65,7,0.1,0.7,0.7,0.7,0,0,1
85,70,6,0.1,0.6,0.6,0.6,0,0,1
85,81,3,0.1,0.3,0.2,0.6,0,0,1
85,82,3,0,0.2,0.3,0.6,0,0,1
85,91,9,0,0.7,0.9,1.8,0,0,1
85,102,6,0.3,0,0.9,1.2,0,0,1
85,107,9,0.9,0.5,0.7,1.8,0,0,1
85,109,4,0.4,0.2,0.3,0.8,0,0,1
85,112,41,1,6,5,0,0,0,0
85,113,71,4,0,14,13,0,0,0
85,114,22,2,1.2,2.7,3.1,0,0,1
85,119,5,0.4,0.4,0.9,0.1,0,0,1
86,22,2,0.1,0.3,0.1,0.3,0,0,1
86,23,4,0.3,0.6,0.1,0.7,0,0,1
86,26,7,0.5,1,0.2,1.2,0,0,1
86,27,70,0,1,21,0,0,0,0
86,28,61,2,1,21,0,0,0,0
86,29,107,0,0,35,0,0,0,0
86,30,37,1.5,0.5,6.3,2.4,0,0,1
86,32,6,0.1,0.9,0,1.3,0,0,1
86,36,4,0.1,0.6,0,0.9,0,0,1
86,39,3,0.4,0.4,0.1,0.5,0,0,1
86,41,9,1.2,1.1,0.4,1.4,0,0,1
86,60,11,0,1.3,0.7,2.2,0,0,1
86,61,2,0,0.3,0.1,0.4,0,0,1
86,67,2,0,0.2,0.2,0.2,0,0,1
86,75,4,0.1,0.4,0.3,0.8,0,0,1
86,81,3,0.1,0.3,0.2,0.6,0,0,1
86,88,6,0,0.4,0.6,1.2,0,0,1
86,89,3,0,0.2,0.3,0.6,0,0,1
86,100,6,0.3,0.4,0.8,1.2,0,0,1
86,102,3,0.2,0,0.4,0.6,0,0,1
86,104,10,0.6,0,1.4,2,0,0,1
86,108,3,0.3,0.2,0.2,0.6,0,0,1
86,109,4,0.4,0.2,0.3,0.8,0,0,1
86,112,7,0.6,0.4,0.9,1,0,0,1
86,113,13,1.2,0.7,1.6,1.8,0,0,1
86,114,2,0.2,0.1,0.2,0.3,0,0,1
86,118,11.5,0.8,0.8,2.2,0.3,0,0,1
86,119,81,3,2,14,12,0,0,0
86,120,77.5,1,6,12,7,0,0,0
86,121,45,1,2,9,4,0,0,0
86,123,3,0.2,0.3,0.3,0.7,0,0,1
87,5,6,0,0.5,0.4,1.1,0,0,1
87,25,8,0.6,1.2,0.2,1.3,0,0,1
87,26,10,0.7,1.5,0.2,1.7,0,0,1
87,27,10,0.4,0.1,1.7,0.7,0,0,1
87,28,34,0,0,11,0,0,0,0
87,29,49,0,0,15,0,0,0,0
87,30,4,0.2,0,0.7,0.3,0,0,1
87,33,9,0.2,1.3,0,2,0,0,1
87,35,1,0,0.2,0,0.2,0,0,1
87,38,3,0.4,0.4,0.1,0.5,0,0,1
87,39,3,0.4,0.4,0.1,0.5,0,0,1
87,40,7,1,0.8,0.3,1.1,0,0,1
87,43,4,0.3,0.8,0.2,0.4,0,0,1
87,44,8,0.5,1.7,0.4,0.8,0,0,1
87,45,26,1.6,5.4,1.3,2.7,0,0,1
87,46,23,1.4,4.8,1.1,2.4,0,0,1
87,47,8,2.1,1,0,0.7,0,0,1
87,48,43.5,0,0,15,0,0,0,0
87,58,2,0,0.3,0.1,0.4,0,0,1
87,74,19,0.3,2.1,1.4,3.8,0,0,1
87,75,17,0.3,1.9,1.2,3.4,0,0,1
87,88,3,0,0.2,0.3,0.6,0,0,1
87,96,4,0.2,0.3,0.5,0.8,0,0,1
87,98,3,0.1,0.2,0.4,0.6,0,0,1
87,99,5,0.2,0.3,0.7,1,0,0,1
87,100,4,0.2,0.3,0.5,0.8,0,0,1
87,110,7,0.7,0.4,0.5,1.4,0,0,1
87,119,16,1.1,1.1,3,0.4,0,0,1
87,120,2,0.1,0.1,0.4,0.1,0,0,1
87,121,24,0,0,3,8,0,0,0
88,8,4,0,0.2,0.7,0.2,0,0,1
88,9,6,0,0.2,1.1,0.3,0,0,1
88,10,57,1,8,7,2,0,0,0
88,11,28.5,0,1,0,13,0,0,0
88,12,1,0,0.1,0.3,0,0,0,1
88,20,9,0.8,0.6,0.2,2.3,0,0,1
88,21,18,1.6,1.2,0.3,4.7,0,0,1
88,25,4,0.3,0.6,0.1,0.7,0,0,1
88,28,1,0,0,0.2,0.1,0,0,1
88,29,1,0,0,0.2,0.1,0,0,1
88,35,1,0,0.2,0,0.2,0,0,1
88,38,5,0.7,0.6,0.2,0.8,0,0,1
88,42,7,0.4,1.5,0.4,0.7,0,0,1
88,43,20.5,1.3,4.3,1,2.1,0,0,1
88,44,24,1.5,5,1.2,2.5,0,0,1
88,45,33,3,2,2,4,0,0,0
88,46,80,7,11,4,9,0,0,0
88,47,104.5,16,5,15,19,0,0,0
88,48,60,7,0,12,5,0,0,0
88,56,16,0.2,2.3,1.8,1.8,0,0,1
88,57,23,0,2.8,1.4,4.5,0,0,1
88,80,9,0.2,1,0.6,1.8,0,0,1
88,85,1,0,0.1,0.1,0.2,0,0,1
88,86,2,0,0.1,0.2,0.4,0,0,1
88,99,8,0.4,0.5,1.1,1.6,0,0,1
88,100,2,0.1,0.1,0.3,0.4,0,0,1
88,102,1,0.1,0,0.1,0.2,0,0,1
88,103,8,0.5,0,1.1,1.6,0,0,1
88,121,2,0.1,0.1,0.4,0.1,0,0,1
89,9,2,0,0.1,0.3,0.1,0,0,1
89,10,22,0,0.8,3.9,1.3,0,0,1
89,11,81,3,1,8,18,0,0,0
89,12,43.5,0.9,4.7,10.3,0.9,0,0,1
89,16,2,0.1,0.2,0.5,0,0,0,1
89,17,6,0.5,0.4,0.1,1.6,0,0,1
89,21,8,0.7,0.5,0.1,2.1,0,0,1
89,27,5,0.2,0.1,0.8,0.3,0,0,1
89,28,9,0.4,0.1,1.5,0.6,0,0,1
89,31,9,0.4,0.1,1.5,0.6,0,0,1
89,32,5,0.1,0.8,0,1.1,0,0,1
89,36,13,0.3,1.9,0,2.9,0,0,1
89,41,10,1.4,1.2,0.4,1.6,0,0,1
89,42,7,0.4,1.5,0.4,0.7,0,0,1
89,43,22.5,1.4,4.7,1.1,2.3,0,0,1
89,44,16,1,3.3,0.8,1.7,0,0,1
89,45,36,7,3,0,6,0,0,0
89,46,88.5,5,5,20,15,0,16,0
89,47,157.5,7,6,5,45,0,0,0
89,48,61,12,7,8,4,0,0,0
89,49,8,2.1,1,0,0.7,0,0,1
89,52,21,0.4,3,2.3,2.3,0,0,1
89,56,8,0.1,1.1,0.9,0.9,0,0,1
89,57,4,0,0.5,0.2,0.8,0,0,1
89,65,11,0.1,1.1,1.2,1.1,0,0,1
89,84,1,0,0.1,0.1,0.2,0,0,1
89,85,4,0,0.3,0.4,0.8,0,0,1
89,86,4,0,0.3,0.4,0.8,0,0,1
89,106,7,0.4,0,1,1.4,0,0,1
89,108,11,1.1,0.6,0.9,2.1,0,0,1
89,111,13,1.3,0.8,1,2.5,0,0,1
89,114,4,0.3,0.2,0.5,0.6,0,0,1
89,115,8,0.7,0.4,1,1.2,0,0,1
89,118,6,0.4,0.4,1.1,0.2,0,0,1
89,123,2,0.2,0.2,0.2,0.4,0,0,1
89,124,16.5,1.5,1.5,1.5,3.9,0,0,1
90,11,10,0.3,0.9,1.4,0.7,0,0,1
90,12,18,0.6,0.6,4.1,1.1,0,0,1
90,16,1,0,0.1,0.2,0.1,0,0,1
90,17,16,0.6,0.6,2.4,2.9,0,0,1
90,35,4,0.1,0.3,0.1,0.8,0.1,0,1
90,36,2,0,0.1,0.1,0.4,0.1,0,1
90,42,4,0.1,0.4,0.7,0.2,0,0,1
90,43,14,0.3,1.5,2.6,0.6,0,0,1
90,44,1,0,0.1,0.2,0.1,0,0,1
90,45,34,0.8,3.5,6.2,1.6,0,0,1
90,46,54,2,21,2,0,0,0,0
90,47,71.5,6,10,6,7,0,0,0
90,48,87,6,17,11,5,0,4,0
90,49,53,5,6,10,4,0,0,0
90,50,32.5,0,2,7,3,2,0,0
90,51,14,0.4,2,2.2,0.3,0,0,1
90,52,28,2,6,2,2,0,0,0
90,53,8,0.3,1.3,1.1,0.6,0,0,1
90,65,7,0.3,0.6,0.6,1.2,0,0,1
90,66,2,0.1,0.2,0.2,0.3,0,0,1
90,67,11,0.4,1,1,1.9,0,0,1
90,79,8,0.4,1.7,0.8,0.2,0,0,1
90,80,6,0.3,1.2,0.6,0.2,0,0,1
90,93,9,0,1.1,0.9,0.9,0,0,1
90,94,22,0,2.7,2,2.3,0,0,1
90,96,4,0,0.5,0.4,0.4,0,0,1
90,102,9,0.3,0,0.3,2.1,0,0,1
90,107,11,0,0.2,2.3,0.9,0,0,1
90,108,50,1,2,12,5,0,0,0
90,114,8,0,0.9,1.4,0.5,0,0,1
90,127,4,0.2,0.5,0.2,0.9,0,0,1
91,14,6,0.2,0.2,1.3,0.4,0,0,1
91,18,7,0.3,0.3,1,1.3,0,0,1
91,22,5,0.3,0.5,0,1.5,0,0,1
91,26,15,1,1.3,0,4.5,0,0,1
91,42,1,0,0.1,0.2,0.1,0,0,1
91,43,3,0.1,0.3,0.6,0.1,0,0,1
91,45,8,0.2,0.8,1.5,0.4,0,0,1
91,46,51,0,4,12,0,0,0,0
91,47,63,2,4,15,0,0,0,0
91,48,71,0,7,16,0,0,0,0
91,49,72,0,7,18,0,0,0,0
91,50,29,2,3,4,2,0,0,0
91,51,3,0.1,0.4,0.4,0.1,0,0,1
91,52,34,3,8,0,0,0,0,0
91,53,67,0,20,4,0,0,0,0
91,54,8,0.3,1.3,1.1,0.6,0,0,1
91,55,7,0.2,1.1,1,0.6,0,0,1
91,67,3,0.1,0.3,0.3,0.5,0,0,1
91,68,1,0,0.1,0.1,0.2,0,0,1
91,77,17.5,0.9,3.7,1.6,0.6,0,0,1
91,78,23,1.2,4.8,2.2,0.7,0,0,1
91,79,8,0.4,1.7,0.8,0.2,0,0,1
91,83,8.5,0,1.2,0.6,1,0,0,1
91,84,4,0,0.5,0.3,0.5,0,0,1
91,86,6,0,0.9,0.4,0.7,0,0,1
91,92,3,0,0.4,0.3,0.3,0,0,1
91,93,6,0,0.7,0.6,0.6,0,0,1
91,94,24.5,0,3,2.3,2.5,0,0,1
91,96,8,0,1,0.7,0.8,0,0,1
91,97,2,0,0.1,0.2,0.6,0,0,1
91,101,1,0,0,0.1,0.3,0,0,1
91,102,6,0.2,0,0.2,1.4,0,0,1
91,103,5,0.1,0,0.2,1.2,0,0,1
91,105,7,0.2,0,0.2,1.7,0,0,1
91,106,4,0.1,0,0.1,1,0,0,1
91,108,8,0,0.1,1.7,0.7,0,0,1
91,112,10,0,1.1,1.8,0.6,0,0,1
91,113,25,0,2.8,4.3,1.5,0,0,1
91,126,2,0.1,0.2,0.1,0.5,0,0,1
91,127,37,1,1,2,8,0,0,0
92,7,8,0.3,0.7,1.1,0.6,0,0,1
92,14,1,0,0.1,0.2,0.1,0,0,1
92,15,5,0.2,0.2,1.1,0.3,0,0,1
92,21,2,0.1,0.1,0.3,0.3,0,0,1
92,22,3,0.2,0.3,0,0.9,0,0,1
92,30,3,0.2,0.3,0.2,0.5,0,0,1
92,35,15,0.3,1,0.3,3.1,0.4,0,1
92,36,5,0.1,0.4,0.1,1,0.1,0,1
92,42,4,0.1,0.4,0.7,0.2,0,0,1
92,43,2,0,0.2,0.4,0.1,0,0,1
92,46,14,0.3,1.5,2.6,0.6,0,0,1
92,47,10,0.2,1.5,1.6,0.2,0,0,1
92,48,14,0.4,2,2.2,0.3,0,0,1
92,49,20,0.5,2.9,3.1,0.5,0,0,1
92,51,4,0.1,0.6,0.6,0.1,0,0,1
92,52,1,0,0.2,0.1,0.1,0,0,1
92,53,5,0.2,0.8,0.7,0.4,0,0,1
92,54,23,1,7,1,2,0,0,0
92,55,15,0.5,2.4,2.1,1.2,0,0,1
92,77,37.5,4,0,6,5,0,0,0
92,78,53,0,18,4,1,0,0,0
92,79,62,0,12,10,0,0,0,0
92,84,5,0,0.7,0.4,0.6,0,0,1
92,92,11,0,1.4,1,1.1,0,0,1
92,93,2,0,0.2,0.2,0.2,0,0,1
92,94,2,0,0.2,0.2,0.2,0,0,1
92,96,4,0,0.5,0.4,0.4,0,0,1
92,101,3,0.1,0.1,0.2,0.9,0,0,1
92,103,2,0,0,0.1,0.5,0,0,1
92,104,3,0.1,0,0.1,0.7,0,0,1
92,111,35,0,0.6,7.3,2.8,0,0,1
92,112,81.5,0,3,12,9,0,0,0
92,113,6,0,0.7,1,0.4,0,0,1
92,115,14,0,1.5,2.4,0.9,0,0,1
92,119,3,0.1,0.3,0.3,0.3,0,0,1
92,120,13,0.3,1.3,1.3,1.3,0,0,1
93,8,3,0.1,0.3,0.4,0.2,0,0,1
93,29,7,0.6,0.6,0.4,1.3,0,0,1
93,30,14,1.2,1.3,0.8,2.5,0,0,1
93,35,9,0.2,0.6,0.2,1.9,0.2,0,1
93,37,9,0.2,0.6,0.2,1.9,0.2,0,1
93,46,2,0,0.2,0.4,0.1,0,0,1
93,49,5,0.1,0.7,0.8,0.1,0,0,1
93,53,1,0,0.2,0.1,0.1,0,0,1
93,55,13,0.4,2.1,1.9,1,0,0,1
93,59,14,1.5,1,1,2.5,0,0,1
93,76,25,6.9,1.4,2.1,1.4,0,2.1,1
93,77,138,10,3,3,48,1,3,0
93,78,63.5,7,5,6,10,0,0,0
93,79,76,6,6,16,2,0,0,0
93,80,51.5,0,5,13,0,0,0,0
93,81,20,1,4.2,1.9,0.6,0,0,1
93,82,2,0,0.3,0.2,0.2,0,0,1
93,101,8,0.2,0.3,0.6,2.4,0,0,1
93,115,16,0,1.8,2.7,1,0,0,1
93,116,2,0,0.2,0.4,0.1,0,0,1
93,119,7,0.1,0.7,0.7,0.7,0,0,1
93,121,2,0,0.2,0.2,0.2,0,0,1
93,123,4,0.2,0.5,0.2,0.9,0,0,1
94,1,2,0.1,0.2,0.2,0.3,0,0,1
94,2,4,0.1,0.4,0.5,0.3,0,0,1
94,9,4,0.1,0.4,0.5,0.3,0,0,1
94,20,2,0.1,0.1,0.3,0.3,0,0,1
94,29,10,0.9,0.9,0.6,1.7,0,0,1
94,45,21,2,5,3,1,0,0,0
94,49,13,0.3,1.9,2,0.3,0,0,1
94,54,4,0.1,0.7,0.6,0.3,0,0,1
94,55,1,0,0.2,0.1,0.1,0,0,1
94,59,5,0.5,0.3,0.4,0.9,0,0,1
94,75,11,3.1,0.6,0.9,0.6,0,0.9,1
94,76,105.5,19,12,11,0,1,37,0
94,77,75,4,5,14,18,0,0,0
94,78,71,4,3,19,5,0,6,0
94,79,77,3,2,17,0,0,0,0
94,80,13,0.7,2.7,1.2,0.4,0,0,1
94,94,2,0,0.2,0.2,0.2,0,0,1
94,100,1,0,0,0.1,0.3,0,0,1
94,101,4,0.1,0.2,0.3,1.2,0,0,1
94,111,8,0,0.1,1.7,0.7,0,0,1
94,121,30,0.7,3,3,2.9,0,0,1
94,123,1,0.1,0.1,0.1,0.2,0,0,1
94,124,3,0.1,0.4,0.2,0.7,0,0,1
95,8,4,0.1,0.4,0.5,0.3,0,0,1
95,9,37,0,2,4,6,0,0,0
95,10,4,0.1,0.4,0.5,0.3,0,0,1
95,29,9,0.6,0.8,0,2.7,0,0,1
95,32,4,0,0.4,0.4,1,0,0,1
95,39,2,0.1,0.2,0,0.6,0,0,1
95,41,11,0.6,1.3,0,3.1,0,0,1
95,45,51,5,7,5,6,0,0,0
95,51,31.5,1.7,3.5,3.5,6,0,0,1
95,52,1,0.1,0,0.1,0.2,0,0,1
95,69,4,0.1,0.3,0.3,1,0,0,1
95,70,3,0.1,0.2,0.3,0.7,0,0,1
95,75,26.5,6.8,2.3,2.3,0.3,0,9.4,1
95,76,68.5,17.5,6,6,0.7,0,24.2,1
95,77,9,0.3,1.4,1.2,0.4,0,0,1
95,78,22,0.7,3.5,3,0.9,0,0,1
95,79,4,0.1,0.6,0.6,0.2,0,0,1
95,90,4,0,0.5,0.3,0.5,0,0,1
95,92,4,0.1,0.2,0.3,1.2,0,0,1
95,94,4,0.1,0.2,0.3,1.2,0,0,1
95,95,5,0.1,0.2,0.4,1.5,0,0,1
95,104,2,0,0.2,0.3,0.4,0,0,1
95,110,4,0.1,0,0.1,1,0,0,1
95,111,10,0.3,0,0.4,2.4,0,0,1
95,125,28,0,2,6,3,0,0,0
95,126,25,0.9,2.7,4,1.8,0,0,1
96,8,12,0.4,1.1,1.6,0.9,0,0,1
96,9,5,0.1,0.5,0.7,0.4,0,0,1
96,10,6,0.2,0.5,0.8,0.5,0,0,1
96,16,2,0,0.4,0.2,0.5,0,0,1
96,17,2,0,0.4,0.2,0.5,0,0,1
96,22,3,0.1,0,0.1,0.9,0,0,1
96,24,4,0.1,0,0.1,1.3,0,0,1
96,29,2,0.1,0.2,0,0.6,0,0,1
96,31,12,0.8,1,0,3.7,0,0,1
96,32,7,0,0.7,0.7,1.7,0,0,1
96,37,3,0.2,0.3,0,0.9,0,0,1
96,41,1,0.1,0.1,0,0.3,0,0,1
96,45,18,1.2,1.7,1.2,2.9,0,0,1
96,51,5,0.3,0.5,0.5,1,0,0,1
96,52,2,0.2,0.1,0.2,0.4,0,0,1
96,64,17,0.6,1.6,1.6,2.8,0,0,1
96,65,1,0,0.1,0.1,0.2,0,0,1
96,70,4,0.1,0.3,0.3,1,0,0,1
96,71,9.5,0.2,0.7,0.8,2.3,0,0,1
96,78,19,0.6,3,2.6,0.8,0,0,1
96,79,7.5,0.2,1.2,1,0.3,0,0,1
96,81,3,0.1,0.5,0.4,0.1,0,0,1
96,89,2,0,0.3,0.2,0.2,0,0,1
96,90,7,0,1,0.5,0.8,0,0,1
96,91,4,0,0.5,0.3,0.5,0,0,1
96,102,1,0,0.1,0.2,0.2,0,0,1
96,104,1,0,0.1,0.2,0.2,0,0,1
96,106,3,0.1,0.3,0.4,0.6,0,0,1
96,113,17,0.3,2,1.6,2.9,0,0,1
96,114,4,0.1,0.4,0.4,0.7,0,0,1
96,119,4,0.1,0.4,0.4,0.4,0,0,1
96,126,20,0.7,2.2,3.2,1.4,0,0,1
97,17,3,0,0.5,0.3,0.8,0,0,1
97,24,29,0.6,0,0.7,9.2,0,0,1
97,32,5,0,0.5,0.5,1.2,0,0,1
97,35,2,0,0.2,0.2,0.5,0,0,1
97,37,2,0.1,0.2,0,0.6,0,0,1
97,38,26,1.5,2.9,0,7.4,0,0,1
97,39,5,0.3,0.6,0,1.4,0,0,1
97,40,2,0.1,0.2,0,0.6,0,0,1
97,52,5,0.5,0.3,0.4,0.9,0,0,1
97,64,10,0.4,0.9,0.9,1.7,0,0,1
97,70,4,0.1,0.3,0.3,1,0,0,1
97,71,18,0.4,1.4,1.4,4.4,0,0,1
97,74,5,1.3,0.4,0.4,0.1,0,1.8,1
97,78,2,0,0.3,0.3,0.1,0,0,1
97,82,11,0,1.5,0.8,1.3,0,0,1
97,84,12,0,1.7,0.9,1.4,0,0,1
97,86,8,0,1.1,0.6,1,0,0,1
97,97,9,0.2,0.4,0.7,2.7,0,0,1
97,104,4,0.1,0.3,0.6,0.8,0,0,1
97,106,6,0.1,0.5,0.8,1.3,0,0,1
97,122,1,0,0.1,0.2,0.1,0,0,1
97,126,4,0.2,0.4,0.6,0.3,0,0,1
98,16,2,0,0.4,0.2,0.5,0,0,1
98,17,2,0,0.4,0.2,0.5,0,0,1
98,24,8,0.2,0,0.2,2.5,0,0,1
98,32,2,0,0.2,0.2,0.5,0,0,1
98,33,6,0,0.6,0.6,1.5,0,0,1
98,34,11,0,1.1,1.1,2.7,0,0,1
98,40,1,0.1,0.1,0,0.3,0,0,1
98,43,21,1.4,1.9,1.4,3.4,0,0,1
98,44,4,0.3,0.3,0.3,0.6,0,0,1
98,58,1,0.1,0,0.1,0.2,0,0,1
98,67,5,0.1,0.4,0.4,1.2,0,0,1
98,68,22,0.5,1.7,1.7,5.4,0,0,1
98,75,2,0.5,0.2,0.2,0,0,0.7,1
98,77,2,0,0.3,0.3,0.1,0,0,1
98,79,7,0.2,1.1,1,0.3,0,0,1
98,86,2,0,0.3,0.2,0.2,0,0,1
98,102,1,0,0.1,0.2,0.2,0,0,1
98,103,12,0.2,1.1,1.7,2.5,0,0,1
98,106,1,0,0.1,0.2,0.2,0,0,1
98,113,2,0,0.2,0.2,0.4,0,0,1
98,116,2,0,0.2,0.2,0.4,0,0,1
98,117,5,0.1,0.5,0.5,0.5,0,0,1
98,118,2,0,0.2,0.2,0.2,0,0,1
98,123,3,0.1,0.3,0.5,0.2,0,0,1
99,10,6,0.2,0.5,0.8,0.5,0,0,1
99,14,3,0,0.5,0.3,0.8,0,0,1
99,15,2,0,0.4,0.2,0.5,0,0,1
99,18,6.5,0,1.2,0.6,1.7,0,0,1
99,33,8,0,0.8,0.8,2,0,0,1
99,34,4.5,0,0.4,0.5,1.1,0,0,1
99,45,1,0.1,0.1,0.1,0.1,0,0,1
99,63,2,0.1,0.2,0.2,0.3,0,0,1
99,67,7,0.2,0.5,0.6,1.7,0,0,1
99,68,13.5,0.3,1,1.1,3.3,0,0,1
99,77,14,0.4,2.2,1.9,0.6,0,0,1
99,78,29,2,2,1,8,0,0,0
99,79,6,0.2,0.9,0.8,0.3,0,0,1
99,88,9,0,1.3,0.6,1.1,0,0,1
99,98,9,0.2,0.4,0.7,2.7,0,0,1
99,102,14.5,0.3,1.3,2,3,0,0,1
99,103,11.5,0.2,1,1.6,2.4,0,0,1
99,107,9,0.3,0,0.3,2.1,0,0,1
99,115,27.5,0.5,3.2,2.6,4.7,0,0,1
99,121,15,0.3,1.5,1.5,1.5,0,0,1
99,122,32,0,11,3,0,0,0,0
99,125,1,0,0.1,0.2,0.1,0,0,1
99,126,2,0.1,0.2,0.3,0.2,0,0,1
100,10,2,0,0.3,0.2,0.2,0,0,1
100,11,1,0,0.1,0.1,0.1,0,0,1
100,14,2,0,0.2,0.1,0.4,0,0,1
100,15,2,0,0.2,0.1,0.4,0,0,1
100,59,11,0,0.9,1.5,1.2,0,0,1
100,60,2,0,0.1,0.3,0.2,0,0,1
100,63,27,0,1.3,2.7,3.4,0,0,1
100,76,4,0.1,0.3,0.5,0.7,0,0,1
100,81,1,0,0.1,0.1,0.2,0,0,1
100,92,3,0.1,0.6,0.1,0.6,0,0,1
100,98,1,0,0,0.3,0,0,0,1
100,101,2,0.1,0.1,0.5,0,0,0,1
100,102,7,0.2,0.7,0.4,1.8,0,0,1
100,103,10,0.4,1,0.5,2.6,0,0,1
100,106,1,0,0.1,0,0.3,0,0,1
100,119,12,0.1,1.1,2.2,0.8,0,0,1
100,120,18.5,0.1,1.8,3.3,1.3,0,0,1
100,121,2,0,0.2,0.4,0.1,0,0,1
100,122,29,0,5.1,1.3,4.7,0,0,1
100,124,5,0,0.9,0.2,0.8,0,0,1
100,125,3,0,0.5,0.1,0.5,0,0,1
100,126,3,0,0.5,0.1,0.5,0,0,1
101,3,9,0.1,1.3,0.9,0.7,0,0,1
101,41,11.5,0.3,1,1,1,0,0,1
101,67,8,0,0.4,0.8,1,0,0,1
101,73,3,0.1,0.2,0.4,0.5,0,0,1
101,74,3,0.1,0.2,0.4,0.5,0,0,1
101,75,4,0.1,0.3,0.5,0.7,0,0,1
101,85,3,0.1,0.1,0.1,0.9,0,0,1
101,92,3,0.1,0.6,0.1,0.6,0,0,1
101,102,2,0.1,0.2,0.1,0.5,0,0,1
101,103,4,0.2,0.4,0.2,1,0,0,1
101,117,20,0.2,1.9,3.6,1.4,0,0,1
101,119,19,0.1,1.8,3.4,1.4,0,0,1
101,122,91,0,0,25,0,0,0,0
101,123,113,0,3,31,0,0,0,0
101,124,72,0,4,14,4,0,0,0
102,32,5,0,0.2,0.2,1.4,0,0,1
102,33,22.5,0,1,0.7,6.3,0,0,1
102,36,4,0,0.2,0.1,1.1,0,0,1
102,37,22,1,3,2,5,0,0,0
102,41,10,0.2,0.9,0.9,0.9,0,0,1
102,46,5,0.3,0.5,0.7,0.5,0,0,1
102,67,3,0,0.1,0.3,0.4,0,0,1
102,84,4,0.1,0.1,0.1,1.3,0,0,1
102,85,1,0.1,0,0,0.3,0,0,1
102,91,6,0.3,0.1,0.1,1.9,0,0,1
102,96,2,0.1,0.4,0.1,0.4,0,0,1
102,101,1,0,0,0.3,0,0,0,1
102,102,6,0.2,0.6,0.3,1.6,0,0,1
102,105,2,0.1,0.2,0.1,0.5,0,0,1
102,107,1,0,0,0.1,0.3,0,0,1
102,108,12,0.4,0.2,0.7,3.3,0,0,1
102,116,29.5,1,3,4,5,0,0,0
102,120,7,0,0.7,1.3,0.5,0,0,1
102,121,15.5,0.1,1.5,2.8,1.1,0,0,1
102,122,12,0,2.1,0.5,2,0,0,1
102,123,68,3,5,2,18,0,0,0
102,124,42,0,2,6,9,0,0,0
102,126,4,0,0.7,0.2,0.6,0,0,1
102,127,2,0.1,0.2,0.3,0.3,0,0,1
103,10,3,0.1,0.4,0.3,0.2,0,0,1
103,16,6,0.1,0.6,0.3,1.2,0,0,1
103,20,9,0.1,0.9,0.5,1.8,0,0,1
103,21,6,0.1,0.6,0.3,1.2,0,0,1
103,25,2,0,0.3,0,0.4,0,0,1
103,37,10.5,0.2,0.9,1,0.9,0,0,1
103,46,18,1.2,1.8,2.4,1.8,0,0,1
103,58,4,0,0.3,0.6,0.4,0,0,1
103,59,12,0,1,1.6,1.3,0,0,1
103,74,5,0.1,0.3,0.6,0.9,0,0,1
103,90,2,0.1,0,0.1,0.6,0,0,1
103,91,14.5,0.5,0.3,0.3,4.6,0,0,1
103,96,3,0.1,0.6,0.1,0.6,0,0,1
103,99,13,0.7,0.3,3.3,0,0,0,1
103,100,12,0.6,0.3,3.1,0,0,0,1
103,101,38,3,2,8,0,0,0,0
103,102,15,0.5,1.5,0.8,3.9,0,0,1
103,106,2,0.1,0.2,0.1,0.5,0,0,1
103,111,4,0.1,0.1,0.2,1.1,0,0,1
103,117,5,0,0.5,0.9,0.4,0,0,1
103,118,9,0.1,0.9,1.6,0.6,0,0,1
103,119,37,0,3,9,0,0,0,0
103,120,26,0.2,2.5,4.7,1.8,0,0,1
103,121,38.5,3,5,7,0,0,0,0
103,122,47.5,9,3,3,2,0,2,0
103,123,48,2,1,3,15,0,2,0
103,124,3,0,0.5,0.1,0.5,0,0,1
104,0,2,0,0.2,0.3,0.3,0,0,1
104,11,8,0.1,1.2,0.8,0.6,0,0,1
104,20,1,0,0.1,0.1,0.2,0,0,1
104,21,10,0.2,1,0.5,2,0,0,1
104,25,7.5,0.1,0.9,0.1,1.5,0,0,1
104,38,11,0.2,1,1,1,0,0,1
104,39,2,0,0.2,0.2,0.2,0,0,1
104,45,7,0.5,0.7,0.9,0.7,0,0,1
104,46,55,0,4,11,3,0,0,0
104,47,3,0.3,0.4,0.2,0.4,0,0,1
104,59,4,0,0.3,0.6,0.4,0,0,1
104,62,2,0,0.1,0.2,0.3,0,0,1
104,78,17,0.4,1,2.1,3.1,0,0,1
104,84,2,0.1,0,0.1,0.6,0,0,1
104,85,5,0.2,0.1,0.1,1.6,0,0,1
104,97,2,0.1,0.1,0.5,0,0,0,1
104,98,8,0.4,0.2,2.1,0,0,0,1
104,99,131.5,1,0,36,1,0,0,0
104,100,114.5,0,23,14,0,0,6,0
104,101,59,3,3,5,11,1,0,0
104,105,9,0.3,0.9,0.5,2.3,0,0,1
104,108,4,0.1,0.1,0.2,1.1,0,0,1
104,109,5,0.1,0.1,0.3,1.4,0,0,1
104,110,10,0.3,0.1,0.6,2.8,0,0,1
104,111,10,0.3,0.1,0.6,2.8,0,0,1
104,118,11,0.1,1,2,0.8,0,0,1
104,119,11,0.1,1,2,0.8,0,0,1
104,121,41.5,0,0,3,13,0,0,0
104,122,97,6,15,6,14,0,9,0
104,123,9,0,1.6,0.4,1.4,0,0,1
105,0,80,0,0,26,0,0,0,0
105,1,19,1.9,0.9,3.3,0.4,0,0,1
105,2,4,0.1,0.6,0.4,0.3,0,0,1
105,7,3,0.1,0.2,0.3,0.6,0,0,1
105,32,11,0,0.5,0.3,3.1,0,0,1
105,34,9,0,0.4,0.3,2.5,0,0,1
105,39,28,0,2.8,0.9,5.6,0,0,1
105,43,2,0.2,0.3,0.1,0.3,0,0,1
105,45,7,0.8,1,0.3,1,0,0,1
105,46,4.5,0.5,0.7,0.2,0.6,0,0,1
105,47,14,1.6,2,0.7,2,0,0,1
105,78,2,0,0.1,0.3,0.4,0,0,1
105,80,2,0,0.1,0.3,0.4,0,0,1
105,81,6,0.1,0.4,0.7,1.1,0,0,1
105,95,4,0.1,0.8,0.2,0.8,0,0,1
105,98,5,0.3,0.4,0.5,0.4,0,0,1
105,99,32,3,0,9,0,0,0,0
105,100,76.5,1,12,21,8,0,19,0
105,101,122,4,3,11,36,0,0,0
105,102,64,2,9,10,0,0,0,0
105,103,23,0.5,1.8,3.2,4.2,0,0,1
105,108,4,0.1,0.1,0.2,1.1,0,0,1
105,110,1,0,0,0.1,0.3,0,0,1
105,111,6,0.2,0.1,0.4,1.6,0,0,1
105,112,5,0,0.3,0.1,1.3,0,0,1
105,118,8,0,0.4,0.2,2.1,0,0,1
105,122,24,0,2,4,5,0,0,0
105,123,9,0.8,2.1,0.8,0.8,0,0,1
105,127,9,0.4,0.8,1.3,1.7,0,0,1
106,0,91,0,2,25,0,0,0,0
106,1,75,0,0,24,0,0,0,0
106,2,4,0.1,0.6,0.4,0.3,0,0,1
106,26,10,0.2,1.2,0.2,1.9,0,0,1
106,33,2,0,0.1,0.1,0.5,0,0,1
106,34,2,0,0.1,0.1,0.5,0,0,1
106,35,7,0,0.3,0.2,2,0,0,1
106,39,4,0,0.4,0.1,0.8,0,0,1
106,43,5,0.6,0.7,0.2,0.7,0,0,1
106,45,6,0.7,0.9,0.3,0.8,0,0,1
106,46,19,2.1,2.8,0.9,2.7,0,0,1
106,55,4,0,0.3,0.6,0.4,0,0,1
106,69,4.5,0.3,0.7,0.6,0.4,0,0,1
106,72,1,0.1,0.1,0.1,0.2,0,0,1
106,95,8,0.3,1.6,0.3,1.6,0,0,1
106,96,2,0.1,0.4,0.1,0.4,0,0,1
106,98,2,0.1,0.2,0.2,0.1,0,0,1
106,99,7,0.4,0.6,0.7,0.5,0,0,1
106,100,68,1,3,17,5,0,6,0
106,101,70,2,1,6,23,0,0,0
106,102,5,0.1,0.4,0.7,0.9,0,0,1
106,119,1,0,0,0,0.3,0,0,1
106,121,1,0,0,0,0.3,0,0,1
106,124,3,0.3,0.7,0.3,0.2,0,0,1
107,0,37,1,12,7,0,0,9,0
107,1,21,2.1,1,3.7,0.4,0,0,1
107,3,19,0.3,2.8,1.8,1.5,0,0,1
107,7,3,0.1,0.2,0.3,0.6,0,0,1
107,8,4,0.2,0.2,0.4,0.8,0,0,1
107,9,4,0.2,0.2,0.4,0.8,0,0,1
107,10,13,0.7,0.7,1.4,2.5,0,0,1
107,11,2,0.1,0.1,0.2,0.4,0,0,1
107,12,1,0,0.1,0.1,0.2,0,0,1
107,25,2,0,0.3,0,0.4,0,0,1
107,30,2,0,0.3,0,0.4,0,0,1
107,31,4,0.1,0.5,0.1,0.7,0,0,1
107,32,2,0,0.1,0.1,0.5,0,0,1
107,45,2,0.2,0.3,0.1,0.3,0,0,1
107,71,3,0.2,0.5,0.4,0.2,0,0,1
107,72,2,0.2,0.2,0.3,0.3,0,0,1
107,75,3,0.2,0.4,0.4,0.5,0,0,1
107,76,2,0.2,0.2,0.3,0.3,0,0,1
107,78,2,0,0.1,0.3,0.4,0,0,1
107,100,68,1,3,19,0,0,0,0
107,101,13,0.8,1.1,1.2,1,0,0,1
107,105,3,0.1,0.2,0.4,0.6,0,0,1
107,107,3,0.1,0.1,0.2,0.8,0,0,1
107,109,2,0.1,0,0.1,0.6,0,0,1
107,124,2,0.2,0.4,0.2,0.2,0,0,1
107,125,8,0.7,1.8,0.8,0.7,0,0,1
108,0,28,7,2,2,5,0,0,0
108,1,47,0,11,6,0,0,0,0
108,2,4,0.1,0.6,0.4,0.3,0,0,1
108,3,4,0.1,0.6,0.4,0.3,0,0,1
108,8,2,0.1,0.1,0.2,0.4,0,0,1
108,10,4,0.2,0.2,0.4,0.8,0,0,1
108,15,4,0.1,0.4,0.2,0.8,0,0,1
108,16,11,0.2,1.1,0.5,2.2,0,0,1
108,22,4,0.1,0.5,0.1,0.7,0,0,1
108,23,1,0,0.1,0,0.2,0,0,1
108,25,3,0,0.4,0,0.6,0,0,1
108,29,6,0.1,0.7,0.1,1.2,0,0,1
108,37,3,0,0.3,0.1,0.6,0,0,1
108,41,9,0,0.9,0.3,1.8,0,0,1
108,62,9,0.6,0.8,1.3,0.8,0,0,1
108,66,4,0.3,0.4,0.6,0.3,0,0,1
108,67,10,0.6,1.6,1.4,0.8,0,0,1
108,72,3,0.2,0.4,0.4,0.5,0,0,1
108,74,2,0.2,0.2,0.3,0.3,0,0,1
108,75,6,0.5,0.7,0.8,1,0,0,1
108,85,13,0.5,0.2,0.3,4.1,0,0,1
108,100,13,0.8,1.1,1.2,1,0,0,1
108,103,2,0,0.2,0.3,0.3,0,0,1
108,119,8,0,0.4,0.2,2.1,0,0,1
108,120,2,0,0.1,0.1,0.5,0,0,1
109,0,78.5,7,25,2,1,0,0,0
109,1,61,4,12,6,3,0,0,0
109,2,4,0.1,0.6,0.4,0.3,0,0,1
109,8,2,0.1,0.1,0.2,0.4,0,0,1
109,18,8,0.1,0.8,0.4,1.6,0,0,1
109,26,4,0.1,0.5,0.1,0.7,0,0,1
109,27,9,0.1,1.1,0.2,1.7,0,0,1
109,28,1,0,0.1,0,0.2,0,0,1
109,29,2,0,0.3,0,0.4,0,0,1
109,41,16,0,1.6,0.5,3.2,0,0,1
109,64,1,0.1,0.1,0.1,0.1,0,0,1
109,65,3,0.2,0.3,0.4,0.3,0,0,1
109,66,29,1.9,2.5,4.4,2.5,0,0,1
109,67,19,1,3.1,2.6,1.6,0,0,1
109,72,4,0.3,0.5,0.5,0.7,0,0,1
109,74,1,0.1,0.1,0.1,0.2,0,0,1
109,98,4,0.2,0.4,0.4,0.3,0,0,1
109,99,15,0.9,1.3,1.4,1.1,0,0,1
109,100,6,0.4,0.5,0.5,0.5,0,0,1
109,101,2,0.1,0.2,0.2,0.1,0,0,1
109,102,8,0.2,0.7,1.1,1.4,0,0,1
109,103,2,0,0.2,0.3,0.3,0,0,1
109,106,7,0.1,0.5,1,1.3,0,0,1
109,107,3,0.1,0.1,0.2,0.8,0,0,1
109,115,13,0,0.7,0.3,3.4,0,0,1
110,0,24,2.4,2.5,4.5,1.3,0,0,1
110,1,4,0.4,0.4,0.8,0.2,0,0,1
110,3,8,0.6,1,0.6,1.3,0,0,1
110,4,5,0.4,0.6,0.4,0.8,0,0,1
110,24,1,0,0.2,0.1,0.1,0,0,1
110,25,5,0.1,1.1,0.2,0.6,0,0,1
110,26,14,0.2,3,0.6,1.7,0,0,1
110,35,4,0,0.2,0.8,0.2,0,0,1
110,37,8,0.4,0.4,1.6,0.3,0,0,1
110,38,27,1.2,1.2,5.5,1.1,0,0,1
110,42,2,0.1,0.1,0.1,0.7,0,0,1
110,59,6,0,0.3,1.1,1.7,0,0,1
110,60,2,0,0.1,0.4,0.5,0,0,1
110,61,2,0,0.1,0.4,0.5,0,0,1
110,64,5,0.4,0.9,0.6,0.1,0,0,1
110,65,29,1,3,1,8,0,0,0
110,66,43,4,3,1,13,0,0,0
110,67,55,8,1,4,8,0,0,0
110,68,4,0,0.5,0.6,0.3,0,0.3,1
110,73,23,0.7,2.6,2,2.8,0,0,1
110,84,1,0,0.2,0.1,0.1,0,0,1
110,86,1,0,0.2,0.1,0.1,0,0,1
110,101,2,0,0,0.2,0.6,0,0,1
110,102,2,0.1,0.3,0.2,0.2,0,0,1
110,103,8,0.3,1.4,1,0.6,0,0,1
110,121,2,0,0.2,0.2,0.4,0,0,1
110,122,6,0.3,0.1,0.6,1.7,0,0,1
111,3,5,0.4,0.6,0.4,0.8,0,0,1
111,16,5,0,0.3,0.3,1.2,0,0,1
111,24,8,0.1,1.7,0.3,1,0,0,1
111,26,8,0.1,1.7,0.3,1,0,0,1
111,36,67,0,0,21,0,0,0,0
111,37,88,1,0,25,0,0,0,0
111,38,103,0,12,21,0,0,0,0
111,39,57,0,18,4,0,0,6,0
111,40,4,0.2,0.2,0.8,0.1,0,0,1
111,52,2,0,0.1,0.1,0.6,0,0,1
111,53,2,0,0.1,0.1,0.6,0,0,1
111,60,1,0,0,0.2,0.3,0,0,1
111,62,2,0.2,0.3,0.2,0.1,0,0,1
111,64,2,0.2,0.3,0.2,0.1,0,0,1
111,65,15,1.3,2.6,1.8,0.4,0,0,1
111,66,46,2,3,1,18,0,1,0
111,67,87,8,1,2,30,0,0,0
111,68,21,0,2.7,3.1,1.3,0,1.3,1
111,69,16,0,2.1,2.3,1,0,1,1
111,74,3,0.1,0.3,0.3,0.4,0,0,1
111,75,7,0.2,0.8,0.6,0.9,0,0,1
111,76,3,0.1,0.3,0.3,0.4,0,0,1
111,84,2,0.1,0.5,0.2,0.1,0,0,1
111,86,4,0.1,1,0.4,0.3,0,0,1
111,97,3,0,0.1,0.2,0.9,0,0,1
111,99,6,0,0.2,0.5,1.8,0,0,1
111,113,6,0,0.5,0.5,1.3,0,0,1
111,120,6,0,0.5,0.5,1.3,0,0,1
111,123,11,0.5,0.2,1.1,3.1,0,0,1
111,126,4,0.2,0.1,0.4,1.1,0,0,1
112,1,2,0.2,0.2,0.4,0.1,0,0,1
112,2,3,0.2,0.4,0.2,0.5,0,0,1
112,3,4,0.3,0.5,0.3,0.6,0,0,1
112,6,18,1.4,2.1,1.4,2.9,0,0,1
112,7,2,0.1,0.3,0,0.4,0,0,1
112,8,13,0.3,1.9,0,2.8,0,0,1
112,13,5,0,0.3,0.3,1.2,0,0,1
112,19,4,0,0.2,0.2,1,0,0,1
112,25,2,0,0.4,0.1,0.3,0,0,1
112,26,9,0.1,1.9,0.4,1.1,0,0,1
112,27,26,0.7,4.6,0.7,6,0,0,1
112,36,20,0,1.2,3.8,1.2,0,0,1
112,37,70,4,3,14,2,0,0,0
112,38,67,1,21,5,1,0,0,0
112,39,68,0,26,0,0,0,3,0
112,40,8,0.4,0.4,1.6,0.3,0,0,1
112,61,10,0,0.5,1.9,2.8,0,0,1
112,63,10,0.9,1.7,1.2,0.3,0,0,1
112,64,27,2,5,3,2,0,0,0
112,65,22.5,2,3.9,2.6,0.7,0,0,1
112,66,46,3,17,2,0,0,0,0
112,67,46.5,2,5,5,5,0,0,0
112,68,48.5,4,5,4,5,0,0,0
112,69,97.5,2,14,18,1,0,6,0
112,70,13,0,1.7,1.9,0.8,0,0.8,1
112,75,6,0.2,0.7,0.5,0.7,0,0,1
112,81,18,0.5,2.1,1.5,2.2,0,0,1
112,84,4,0.1,1,0.4,0.3,0,0,1
112,96,2,0,0,0.2,0.6,0,0,1
112,97,5,0,0.2,0.4,1.5,0,0,1
112,105,2,0.1,0.3,0.2,0.2,0,0,1
112,113,4,0,0.3,0.4,0.9,0,0,1
112,117,10,0,0.8,0.9,2.2,0,0,1
113,2,4,0.3,0.5,0.3,0.6,0,0,1
113,6,4,0.3,0.5,0.3,0.6,0,0,1
113,23,26,1,6,2,3,0,0,0
113,24,37,4,7,2,0,0,0,0
113,25,43,7,3,3,8,0,0,0
113,26,78,4,0,4,28,0,0,0
113,36,14,0,0.9,2.6,0.9,0,0,1
113,37,75,0,0,23,0,0,0,0
113,38,79,22,0,9,0,0,0,0
113,39,81.5,4,7,16,10,0,8,0
113,40,32,1,1,10,2,0,3,0
113,42,11,0.4,0.4,0.8,4.1,0,0,1
113,51,5,0.2,0.2,0.4,1.8,0,0,1
113,56,8,0.2,0.4,0.5,2.2,0,0,1
113,62,1,0.1,0.2,0.1,0,0,0,1
113,63,4,0.3,0.7,0.5,0.1,0,0,1
113,65,3,0.3,0.5,0.3,0.1,0,0,1
113,66,1,0.1,0.2,0.1,0,0,0,1
113,67,90.5,0,0,27,0,0,0,0
113,68,97,1,0,26,0,0,0,0
113,69,55,2,11,7,0,0,0,0
113,70,12,0,1.5,1.8,0.8,0,0.8,1
113,72,7,0.2,0.8,0.6,0.9,0,0,1
113,75,1,0.1,0.1,0.1,0.1,0,0,1
113,81,4,0.1,0.5,0.3,0.5,0,0,1
113,84,2,0.1,0.5,0.2,0.1,0,0,1
113,86,1,0,0.2,0.1,0.1,0,0,1
113,90,4,0.1,1,0.4,0.3,0,0,1
113,97,5,0,0.2,0.4,1.5,0,0,1
113,103,4,0.2,0.7,0.5,0.3,0,0,1
113,104,14,0.5,2.4,1.8,1.1,0,0,1
113,105,5,0.2,0.9,0.6,0.4,0,0,1
113,115,6.5,0,0.5,0.6,1.4,0,0,1
113,117,3,0,0.2,0.3,0.7,0,0,1
114,15,2,0,0.1,0.1,0.5,0,0,1
114,22,28,0.3,6.1,1.2,3.4,0,0,1
114,23,63,0,1,16,0,0,0,0
114,24,17,0.2,3.7,0.8,2,0,0,1
114,25,43,6,2,2,10,0,0,0
114,26,115,1,5,4,44,0,0,0
114,27,9,0.2,1.6,0.3,2.1,0,0,1
114,28,1,0,0.2,0,0.3,0,0,1
114,29,3,0.1,0.5,0.1,0.7,0,0,1
114,33,2,0,0.1,0.4,0.1,0,0,1
114,36,6,0,0.4,1.1,0.4,0,0,1
114,37,12,0.5,0.5,2.5,0.5,0,0,1
114,38,10,0.4,0.5,2,0.4,0,0,1
114,39,140,8,1,7,51,0,8,0
114,40,50,7,2,1,19,0,0,0
114,54,2,0,0.1,0.1,0.6,0,0,1
114,62,2,0.2,0.3,0.2,0.1,0,0,1
114,64,1,0.1,0.2,0.1,0,0,0,1
114,67,8,0,1,1.2,0.5,0,0.5,1
114,68,13,0,1.7,1.9,0.8,0,0.8,1
114,69,14,0,1.8,2.1,0.9,0,0.9,1
114,70,7,0,0.9,1,0.5,0,0.4,1
114,71,1,0,0.1,0.1,0.1,0,0.1,1
114,72,4,0.1,0.5,0.3,0.5,0,0,1
114,74,10,0.3,1.1,0.9,1.2,0,0,1
114,75,10,0.3,1.1,0.9,1.2,0,0,1
114,81,9,0.3,1,0.8,1.1,0,0,1
114,84,17,0.4,4.2,1.7,1.2,0,0,1
114,85,48,0,4,4,7,0,0,0
114,89,3,0.1,0.7,0.3,0.2,0,0,1
114,91,2,0.1,0.5,0.2,0.1,0,0,1
114,98,2,0,0,0.2,0.6,0,0,1
114,102,24,0.8,4.2,3,1.9,0,0,1
114,103,33,1,2,4,7,0,0,0
114,104,65,4,6,5,9,0,0,0
114,105,4,0.2,0.7,0.5,0.3,0,0,1
114,118,4,0,0.3,0.4,0.9,0,0,1
114,124,5,0.2,0.1,0.5,1.4,0,0,1
115,8,5.5,0.1,0.8,0,1.2,0,0,1
115,14,2,0,0.2,0,0.7,0,0,1
115,16,7,0,0.7,0,2.6,0,0,1
115,17,2,0,0.1,0.1,0.5,0,0,1
115,22,31,0,11,0,1,0,0,0
115,23,95.5,2,14,14,2,0,0,0
115,24,99,7,5,5,22,0,0,0
115,25,52,4,2,8,10,0,4,0
115,26,48,6,19,0,2,0,23,0
115,27,44,2,0,0,18,0,0,0
115,28,11,0.4,1,0.2,2.7,0,0,1
115,29,5,0.2,0.4,0.1,1.3,0,0,1
115,30,4,0.1,0.4,0.1,1,0,0,1
115,33,2,0,0.1,0.4,0.1,0,0,1
115,37,2,0.1,0.4,0.2,0.1,0,0,1
115,38,2,0.1,0.4,0.2,0.1,0,0,1
115,39,76.5,1,5,2,29,0,2,0
115,40,83,3,14,0,22,0,0,0
115,53,7,0.2,0.3,0.5,1.9,0,0,1
115,60,2,0,0.1,0.1,0.6,0,0,1
115,63,2,0,0.1,0.2,0.4,0,0,1
115,64,4,0.1,0.3,0.4,0.7,0,0,1
115,70,105,0,0,30,0,1,0,0
115,71,56,7,6,8,0,0,0,0
115,72,25,2.3,1.6,3,1.8,0,0,1
115,73,57.5,1,3,14,11,0,16,0
115,74,68,3,1,0,31,0,0,0
115,75,35.5,2,4,3,8,0,0,0
115,76,52.5,1,6,4,8,0,0,0
115,83,11,0.2,0.2,2.7,0.8,0,0,1
115,84,8,0.1,0.1,2,0.6,0,0,1
115,85,45,2,3,8,3,0,0,0
115,86,6,0.1,0.1,1.5,0.4,0,0,1
115,89,23,0,1.7,1.8,3.5,0,0,1
115,98,2,0.3,0,0.1,0.5,0,0,1
115,102,4,0,0.2,0.8,0.4,0,0,1
115,104,21,0,1.1,4,2.3,0,0,1
115,112,4,0,0.3,0.4,0.9,0,0,1
115,114,3,0,0.2,0.3,0.7,0,0,1
115,124,2,0.1,0,0.2,0.6,0,0,1
115,125,4,0.2,0.1,0.4,1.1,0,0,1
115,127,12,0.4,1.1,2.1,0.6,0,0,1
116,12,11,0,1.1,0,4.1,0,0,1
116,22,10,0.4,1.2,1.4,0.2,0,0,1
116,23,119.5,2,0,26,6,0,2,0
116,24,63,8,7,8,5,0,0,0
116,25,39,0,7,8,0,0,0,0
116,26,34,0,0,24,0,0,0,0
116,27,21,0.7,1.9,0.4,5.2,0,0,1
116,28,2,0.1,0.2,0,0.5,0,0,1
116,29,5,0.2,0.4,0.1,1.3,0,0,1
116,30,4,0.1,0.4,0.1,1,0,0,1
116,38,17,0.4,3.7,1.9,0.8,0,0,1
116,39,68,5,17,0,7,0,0,0
116,40,13,0.3,2.8,1.5,0.6,0,0,1
116,63,16,0.5,1,1.4,2.9,0,0,1
116,64,5,0.1,0.3,0.5,0.9,0,0,1
116,69,12.5,0,0.6,1.9,1.6,0,0,1
116,70,143.5,0,1,41,0,0,0,0
116,71,51,2,1,13,0,0,0,0
116,72,42.5,9,2,0,12,0,0,0
116,73,37.5,3,1,0,13,0,0,0
116,74,120.5,6,2,3,41,0,0,0
116,75,80,8,16,3,9,0,0,0
116,76,31,2.9,2,3.7,2.2,0,0,1
116,82,36,0,5,5,2,0,0,0
116,83,62,2,6,9,4,0,0,0
116,85,30,0.4,0.5,7.4,2.3,0,0,1
116,86,101,0,4,30,0,0,11,0
116,87,60,0,5,15,0,0,0,0
116,88,2,0,0.1,0.2,0.3,0,0,1
116,99,4,0.5,0,0.3,1.1,0,0,1
116,117,12,0,1,1.1,2.6,0,0,1
116,125,4,0.2,0.1,0.4,1.1,0,0,1
116,127,17,0.6,1.5,3,0.8,0,0,1
117,12,2,0,0.2,0,0.7,0,0,1
117,22,9,0.3,1.1,1.3,0.2,0,0,1
117,23,80,0,0,24,1,0,0,0
117,24,79,1,12,13,0,0,1,0
117,25,79.5,1,17,9,1,0,0,0
117,26,7,0.3,0.8,1,0.1,0,0,1
117,28,1,0,0.1,0,0.3,0,0,1
117,38,24,0.5,5.2,2.7,1.1,0,0,1
117,39,69,1,27,1,5,0,19,0
117,40,9,0.2,2,1,0.4,0,0,1
117,41,5,0.1,1.1,0.6,0.2,0,0,1
117,61,2,0,0.1,0.1,0.6,0,0,1
117,63,4,0.1,0.3,0.4,0.7,0,0,1
117,70,7.5,0,0.4,1.1,0.9,0,0,1
117,71,59,11,6,3,0,0,0,0
117,72,21.5,2,1.4,2.6,1.5,0,0,1
117,74,48,2,2,0,17,0,0,0
117,75,36,8,4,2,9,0,0,0
117,76,32,3,2,3.9,2.3,0,0,1
117,77,6,0.4,2.1,0.4,0,0,0,1
117,81,4,0.3,1.4,0.3,0,0,0,1
117,82,46,0,3,11,0,0,0,0
117,83,105,2,1,25,6,0,4,0
117,84,35,5,1,3,3,0,0,0
117,85,106,15,40,0,2,0,0,0
117,86,107.5,28,11,8,0,0,1,0
117,87,83,0,0,23,0,0,0,0
117,98,3,0.4,0,0.2,0.8,0,0,1
117,99,5,0.7,0,0.3,1.3,0,0,1
117,119,1,0,0.1,0.1,0.2,0,0,1
117,122,7,0.3,0.1,0.7,2,0,0,1
117,123,1,0,0,0.1,0.3,0,0,1
117,126,2,0.1,0,0.2,0.6,0,0,1
117,127,11,0.4,1,1.9,0.5,0,0,1
118,5,4,0.1,0.6,0,0.8,0,0,1
118,6,5,0.1,0.7,0,1.1,0,0,1
118,12,3,0,0.3,0,1.1,0,0,1
118,15,3,0,0.3,0,1.1,0,0,1
118,16,4,0,0.4,0,1.5,0,0,1
118,17,1,0,0.1,0.1,0.2,0,0,1
118,18,4,0,0.2,0.2,1,0,0,1
118,23,14,0.5,1.7,2,0.3,0,0,1
118,24,52,0,0,17,0,0,0,0
118,25,10,0.4,1.2,1.4,0.2,0,0,1
118,28,3,0.1,0.3,0.1,0.7,0,0,1
118,37,1,0,0.2,0.1,0.1,0,0,1
118,38,4,0.1,0.9,0.4,0.2,0,0,1
118,39,7,0.2,1.5,0.8,0.3,0,0,1
118,47,3,0.1,0.1,0.3,1.1,0,0,1
118,48,1,0,0,0.1,0.4,0,0,1
118,55,2,0,0.1,0.1,0.6,0,0,1
118,63,2,0,0.1,0.2,0.4,0,0,1
118,70,2,0,0.1,0.3,0.3,0,0,1
118,71,31.5,1,2,9,0,0,0,0
118,72,4,0.4,0.2,0.5,0.3,0,0,1
118,74,76,2,20,2,12,0,15,0
118,75,57,4,5,3,13,0,0,0
118,76,5,0.5,0.3,0.6,0.3,0,0,1
118,77,2,0.1,0.7,0.2,0,0,0,1
118,78,4,0.3,1.4,0.3,0,0,0,1
118,79,2,0.1,0.7,0.2,0,0,0,1
118,80,9,0.6,3.2,0.6,0,0,0,1
118,81,66,5,16,2,5,0,4,0
118,82,97.5,0,43,1,0,0,7,0
118,83,10,0.1,0.1,2.5,0.8,0,0,1
118,84,41,4,1,1,11,0,1,0
118,85,38.5,2,0,4,10,0,0,0
118,86,28,1,4,5,1,0,0,0
118,87,5,0,0.4,0.4,0.7,0,0,1
118,88,9,0,0.7,0.7,1.3,0,0,1
118,89,14,0,1,1.1,2.1,0,0,1
118,94,4,0,0.1,0.4,1.2,0,0,1
118,98,6,0.8,0,0.4,1.6,0,0,1
118,100,5,0.7,0,0.3,1.3,0,0,1
118,109,7,0,0.4,1.3,0.8,0,0,1
118,119,1,0,0.1,0.1,0.2,0,0,1
119,4,8,0.2,1.2,0,1.7,0,0,1
119,6,9,0.2,1.4,0,1.9,0,0,1
119,18,8,0,0.4,0.5,2,0,0,1
119,19,2,0,0.1,0.1,0.5,0,0,1
119,20,3,0,0.2,0.2,0.7,0,0,1
119,38,4,0.1,0.9,0.4,0.2,0,0,1
119,42,1,0,0,0.1,0.4,0,0,1
119,47,4,0.1,0.2,0.3,1.5,0,0,1
119,60,10,0.2,0.5,0.7,2.8,0,0,1
119,61,6,0.1,0.3,0.4,1.7,0,0,1
119,70,18,0,0.9,2.7,2.3,0,0,1
119,74,39.5,1,12,3,0,0,0,0
119,75,77,2,19,9,1,0,0,0
119,76,22,2,1.4,2.7,1.6,0,0,1
119,81,20,1.3,7.2,1.3,0,0,0,1
119,82,86,3,14,10,10,0,0,0
119,83,90,11,5,10,15,0,0,0
119,84,99,15,0,17,18,0,15,0
119,85,82,5,6,4,20,0,3,0
119,86,77.5,0,22,4,1,0,0,0
119,87,13,0,1,1,1.9,0,0,1
119,92,5,0,0.2,0.4,1.5,0,0,1
119,93,2,0,0,0.2,0.6,0,0,1
119,100,5,0.7,0,0.3,1.3,0,0,1
119,104,5,0,0.3,1,0.5,0,0,1
119,112,5,0,0.4,0.4,1.1,0,0,1
119,119,2,0,0.2,0.2,0.4,0,0,1
119,120,5,0,0.4,0.4,1.1,0,0,1
119,123,3,0.1,0.1,0.3,0.8,0,0,1
120,0,16,0.5,1.2,1.2,2.7,0,0,1
120,8,7,0,0.3,0.4,1.5,0,0,1
120,9,4,0,0.2,0.2,0.9,0,0,1
120,14,2,0.1,0,0.1,0.6,0,0,1
120,23,9,0.5,0,0.2,1.9,0,0,1
120,27,2,0.1,0,0.1,0.4,0,0,1
120,35,1,0,0.1,0,0.3,0,0,1
120,36,6,0,0.6,0.3,1.6,0,0,1
120,40,2,0,0.2,0.1,0.5,0,0,1
120,50,1,0,0,0.1,0.2,0,0,1
120,61,3.5,0,0.3,0.4,1.1,0,0,1
120,73,10,0.2,1.2,1.4,0.5,0,0,1
120,75,28,0,6,5,0,0,0,0
120,76,24,0.6,2.8,3.3,1.1,0,0,1
120,77,6,0.2,1,0.4,0.7,0,0,1
120,79,2,0.1,0.4,0.1,0.2,0,0,1
120,81,13,0.4,2.3,0.8,1.5,0,0,1
120,82,31,0,7,5,0,0,0,0
120,83,71,0,10,12,0,0,0,0
120,84,84.5,2,4,22,8,0,7,0
120,85,27,0.9,1.7,4.6,0.8,0,0,1
120,86,22,0.7,1.4,3.8,0.7,0,0,1
120,87,10.5,0.8,1.3,0.3,1.8,0,0,1
120,88,7,0.5,0.9,0.2,1.2,0,0,1
120,92,4,0,0.2,0.2,0.9,0,0,1
120,98,5,0,0.2,0.3,1.1,0,0,1
120,104,2,0.1,0.2,0.1,0.5,0,0,1
120,105,1,0.1,0.1,0,0.2,0,0,1
120,117,1,0,0.2,0,0.2,0,0,1
120,118,2,0.1,0.3,0.1,0.3,0,0,1
120,122,2,0,0.4,0.1,0.5,0,0,1
120,123,5,0,1,0.2,1.2,0,0,1
121,0,5,0.1,0.4,0.4,0.8,0,0,1
121,1,2,0.1,0.1,0.2,0.3,0,0,1
121,2,3,0,0.1,0.2,0.7,0,0,1
121,3,7,0,0.3,0.4,1.5,0,0,1
121,9,2,0,0.1,0.1,0.4,0,0,1
121,14,6,0.2,0,0.2,1.9,0,0,1
121,19,4,0,0.3,0.2,0.7,0,0,1
121,40,4,0,0.4,0.2,1.1,0,0,1
121,43,4,0,0.1,0.1,0.8,0,0,1
121,45,8,0,0.2,0.3,1.6,0,0,1
121,47,5,0,0.1,0.2,1,0,0,1
121,48,4,0,0.1,0.1,0.8,0,0,1
121,49,2,0,0,0.1,0.4,0,0,1
121,75,4,0.1,0.5,0.5,0.2,0,0,1
121,77,5,0.2,0.8,0.3,0.6,0,0,1
121,78,4,0.1,0.7,0.2,0.5,0,0,1
121,81,18,0.6,3.1,1.1,2.1,0,0,1
121,83,15,0.5,1,2.5,0.5,0,0,1
121,84,39,1,9,4,0,0,0,0
121,85,18,0.6,1.1,3.1,0.6,0,0,1
121,86,5,0.2,0.3,0.8,0.2,0,0,1
121,88,1,0.1,0.1,0,0.2,0,0,1
121,92,4,0,0.2,0.2,0.9,0,0,1
121,93,5,0,0.2,0.3,1.1,0,0,1
121,98,4,0,0.2,0.2,0.9,0,0,1
121,104,8,0.5,0.8,0.3,1.8,0,0,1
121,105,2,0.1,0.2,0.1,0.5,0,0,1
121,106,2,0.1,0.2,0.1,0.5,0,0,1
121,113,1,0,0.2,0,0.2,0,0,1
121,115,4,0.1,0.7,0.1,0.7,0,0,1
122,12,3,0.1,0,0.1,1,0,0,1
122,34,2,0,0.2,0.1,0.5,0,0,1
122,71,2,0,0.1,0.1,0.5,0,0,1
122,72,3,0.1,0.4,0.4,0.1,0,0,1
122,84,5,0.2,0.3,0.8,0.2,0,0,1
122,86,2,0.1,0.1,0.3,0.1,0,0,1
122,93,5,0,0.2,0.3,1.1,0,0,1
122,108,1,0.1,0.1,0,0.2,0,0,1
122,110,13,0.7,1.3,0.6,2.9,0,0,1
122,114,10,0.3,1.8,0.3,1.7,0,0,1
122,123,6,0,1.2,0.2,1.5,0,0,1
123,12,3,0.1,0,0.1,1,0,0,1
123,13,6,0.2,0,0.2,1.9,0,0,1
123,22,1,0.1,0,0,0.2,0,0,1
123,35,18,0,1.7,1,4.8,0,0,1
123,36,7,0,0.7,0.4,1.8,0,0,1
123,55,2,0,0.2,0.2,0.7,0,0,1
123,60,7,0,0.7,0.8,2.2,0,0,1
123,61,11,0,1.1,1.2,3.5,0,0,1
123,64,5,0,0.4,0.2,1.2,0,0,1
123,79,12.5,0.4,2.2,0.7,1.5,0,0,1
123,80,14,0.5,2.4,0.8,1.6,0,0,1
123,81,3,0.1,0.5,0.2,0.3,0,0,1
123,87,11.5,0.9,1.4,0.3,2,0,0,1
123,92,8,0,0.3,0.5,1.8,0,0,1
123,98,2,0,0.1,0.1,0.5,0,0,1
123,101,2,0,0.1,0.1,0.5,0,0,1
123,107,2,0.1,0.2,0.1,0.5,0,0,1
123,108,1,0.1,0.1,0,0.2,0,0,1
123,114,3,0.1,0.5,0.1,0.5,0,0,1
123,118,5,0.1,0.9,0.2,0.9,0,0,1
123,119,4,0.1,0.7,0.1,0.7,0,0,1
123,123,3,0,0.6,0.1,0.7,0,0,1
124,14,6,0.2,0,0.2,1.9,0,0,1
124,15,5,0.1,0,0.2,1.6,0,0,1
124,29,1,0.1,0,0,0.2,0,0,1
124,35,7,0,0.7,0.4,1.8,0,0,1
124,36,40,0,1,8,5,0,0,0
124,39,1,0,0.1,0,0.3,0,0,1
124,49,3,0,0.1,0.1,0.6,0,0,1
124,50,3,0,0.1,0.1,0.6,0,0,1
124,52,1,0,0.1,0.1,0.3,0,0,1
124,61,4,0,0.4,0.4,1.3,0,0,1
124,62,11,0,0.7,0.5,2.7,0,0,1
124,76,2,0.1,0.2,0.3,0.1,0,0,1
124,77,7,0.3,1.2,0.4,0.8,0,0,1
124,79,2,0.1,0.4,0.1,0.2,0,0,1
124,97,2,0,0.1,0.1,0.5,0,0,1
124,99,6,0,0.2,0.4,1.4,0,0,1
124,112,2,0.1,0.3,0.1,0.3,0,0,1
124,115,2,0.1,0.3,0.1,0.3,0,0,1
124,123,8,0,1.7,0.3,1.9,0,0,1
124,124,3,0,0.6,0.1,0.7,0,0,1
124,125,2,0,0.4,0.1,0.5,0,0,1
125,3,11,0,0.5,0.6,2.4,0,0,1
125,8,2,0,0.1,0.1,0.4,0,0,1
125,9,4,0,0.2,0.2,0.9,0,0,1
125,18,7,0,0.5,0.4,1.2,0,0,1
125,21,5,0,0.4,0.2,0.9,0,0,1
125,26,3,0.2,0,0.1,0.6,0,0,1
125,33,3,0,0.3,0.1,0.8,0,0,1
125,38,2,0,0.2,0.1,0.5,0,0,1
125,48,2,0.1,0.5,0.3,0.1,0,0,1
125,50,6,0.3,1.6,0.8,0.2,0,0,1
125,52,8,0.2,1.1,0.7,0.9,0,0,1
125,55,4,0.1,0.6,0.3,0.4,0,0,1
125,69,2,0,0.1,0.1,0.5,0,0,1
125,70,1,0,0.1,0,0.3,0,0,1
125,74,5,0,0.3,0.3,1.1,0,0,1
125,75,2,0,0.1,0.1,0.5,0,0,1
125,78,4,0,0.2,0.2,0.9,0,0,1
125,81,11,0,0.6,0.6,2.5,0,0,1
125,88,8,0.6,1,0.2,1.4,0,0,1
125,108,3,0.2,0.3,0.1,0.7,0,0,1
125,109,6,0.4,0.6,0.3,1.3,0,0,1
125,112,4,0.3,0.1,0.5,0.4,0,0,1
125,114,3,0.2,0.1,0.4,0.3,0,0,1
125,115,10,0.8,0.3,1.2,1,0,0,1
125,116,24,1.8,0.8,2.9,2.5,0,0,1
125,117,20,1,1.4,3.1,1.4,0,0,1
125,118,23,1.2,1.7,3.5,1.6,0,0,1
125,123,1,0,0.1,0.1,0.2,0,0,1
126,31,4,0.2,0,0.1,0.9,0,0,1
126,55,2,0,0.3,0.2,0.2,0,0,1
126,76,3,0,0.2,0.2,0.6,0,0,1
126,93,2,0,0.1,0.1,0.5,0,0,1
126,103,12,0.7,1.2,0.5,2.7,0,0,1
126,109,3,0.2,0.3,0.1,0.7,0,0,1
126,114,7,0.5,0.3,0.8,0.7,0,0,1
126,115,17,1.3,0.6,2,1.8,0,0,1
126,116,34.5,2,3,7,0,0,0,0
126,117,109,0,0,42,0,0,12,0
126,118,89,5,0,25,0,0,0,0
126,119,9,0.5,0.6,1.4,0.6,0,0,1
126,121,3,0.1,0.2,0.5,0.2,0,0,1
126,122,2,0.1,0.2,0.1,0.4,0,0,1
126,123,3,0.1,0.3,0.2,0.6,0,0,1
127,0,5,0.1,0.4,0.4,0.8,0,0,1
127,4,5,0,0.2,0.3,1.1,0,0,1
127,6,14,0,0.7,0.7,3,0,0,1
127,46,18,0,0.4,0.7,3.6,0,0,1
127,47,5,0.2,1.3,0.7,0.2,0,0,1
127,51,2,0.1,0.5,0.3,0.1,0,0,1
127,56,1,0,0.2,0.1,0.1,0,0,1
127,68,5,0,0.4,0.2,1.2,0,0,1
127,69,6,0,0.4,0.3,1.4,0,0,1
127,81,11,0,0.6,0.6,2.5,0,0,1
127,108,2,0.1,0.2,0.1,0.5,0,0,1
127,115,34,0,2,9,0,0,0,0
127,116,68,4,4,11,8,0,0,0
127,117,56,3,10,5,14,0,0,0
127,118,76,8,5,10,10,0,4,0
127,119,88,2,18,4,11,0,0,0
127,120,29,1.5,2.1,4.4,2.1,0,0,1
127,121,4,0.2,0.3,0.6,0.3,0,0,1
127,125,5,0.1,0.6,0.3,1,0,0,1
