x,y,Ind,Ind_0_3,Ind_11_17,Ind_18_24,Ind_25_39,Ind_40_54,Ind_4_5,Ind_55_64,Ind_65_79,Ind_6_10,Ind_80p,Ind_inc,Ind_snv,Men,Men_pauv
0,7,1,0,0.1,0.1,0.1,0.3,0,0.1,0.2,0,0.1,0,22802.7,0.4,0
0,8,3,0,0.3,0.2,0.2,0.8,0,0.4,0.6,0.1,0.3,0.1,68408.2,1.3,0.1
0,9,12,0,1.4,0.8,0.8,3.3,0,1.6,2.4,0.3,1.1,0.3,273632.7,5.2,0.3
0,10,47,4,6,3,10,12,1.5,2,2,6.5,0,0,905423,17,3
0,11,14,0,0,0.6,1.2,1.2,0.6,4.1,3.5,1.1,1.7,0,299163.7,7,0
0,12,5,0,0,0.2,0.4,0.4,0.2,1.5,1.3,0.4,0.6,0,106844.2,2.5,0
0,13,1,0,0,0,0.1,0.1,0,0.3,0.3,0.1,0.1,0,21368.8,0.5,0
0,37,5,0.1,0.1,0.2,0.5,0.9,0.1,1,1.4,0.5,0,0.2,108950.5,2,0.3
0,40,7,0.2,0.1,0.2,0.8,1.3,0.1,1.4,2,0.7,0,0.2,152530.7,2.8,0.4
0,50,2,0,0,0.1,0.2,0.4,0,0.4,0.6,0.2,0,0.1,43580.2,0.8,0.1
0,93,2,0,0,0.1,0.3,0.4,0,0.4,0.7,0,0.1,0,44327.8,0.9,0.1
0,95,4,0.1,0.1,0.1,0.6,0.7,0,0.7,1.5,0.1,0.1,0,88655.6,1.7,0.1
0,113,3,0,0.4,0.1,0.1,0.6,0,0.9,0.5,0,0.3,0.1,59391.4,1.3,0.1
0,116,4,0.1,0.3,0.3,0.4,0.9,0,0.8,0.5,0.4,0.3,0,76373.4,1.8,0.3
1,5,2,0.1,0.2,0.2,0.3,0.5,0.1,0.2,0.1,0.1,0.2,0,35074.5,0.8,0.2
1,7,15,0,1.7,1,1,4.1,0,2.1,3.1,0.3,1.4,0.3,342040.9,6.5,0.3
1,10,4,0,0.4,0.3,0.3,1.1,0,0.5,0.8,0.1,0.4,0.1,91210.9,1.7,0.1
1,11,2,0,0,0.1,0.2,0.2,0.1,0.6,0.5,0.1,0.2,0,42737.7,1,0
1,20,1,0,0.1,0,0.2,0.1,0,0.1,0.3,0.1,0.1,0,18106.9,0.5,0.1
1,39,2,0,0,0.1,0.2,0.4,0,0.4,0.6,0.2,0,0.1,43580.2,0.8,0.1
1,74,2,0,0.2,0.1,0,0.4,0,0.4,0.5,0.2,0.2,0,35487.6,0.8,0.1
1,75,7,0.2,0.8,0.2,0,1.4,0,1.3,1.7,0.6,0.8,0,124206.6,2.9,0.5
1,89,5,0.1,0.1,0.1,0.8,0.9,0,0.9,1.8,0.1,0.2,0,110819.5,2.2,0.1
1,90,4,0.1,0.1,0.1,0.6,0.7,0,0.7,1.5,0.1,0.1,0,88655.6,1.7,0.1
2,1,4,0.1,0.3,0.4,0.7,0.9,0.3,0.5,0.3,0.2,0.3,0,70149.1,1.6,0.4
2,10,4,0,0.4,0.3,0.3,1.1,0,0.5,0.8,0.1,0.4,0.1,91210.9,1.7,0.1
2,18,5,0.2,0.5,0,1.1,0.5,0.1,0.4,1.3,0.4,0.5,0,90534.3,2.5,0.5
2,19,4,0.1,0.4,0,0.9,0.4,0.1,0.3,1,0.4,0.4,0,72427.4,2,0.4
2,38,4,0.1,0.1,0.1,0.4,0.8,0.1,0.8,1.1,0.4,0,0.1,87160.4,1.6,0.2
2,79,1,0,0,0,0.1,0.2,0,0.2,0.3,0.1,0.1,0,18456,0.5,0
2,89,3,0.1,0.1,0.1,0.4,0.5,0,0.5,1.1,0.1,0.1,0,66491.7,1.3,0.1
2,90,2,0,0,0.1,0.3,0.4,0,0.4,0.7,0,0.1,0,44327.8,0.9,0.1
2,91,1,0,0,0,0.2,0.2,0,0.2,0.4,0,0,0,22163.9,0.4,0
3,10,2,0,0.2,0.1,0.1,0.5,0,0.3,0.4,0.1,0.2,0.1,45605.5,0.9,0
3,28,4,0.1,0.1,0.1,0.7,0.7,0.1,1.2,0.5,0.3,0.1,0.1,62800.1,1.6,0.4
3,41,2,0,0,0.1,0.2,0.4,0,0.4,0.6,0.2,0,0.1,43580.2,0.8,0.1
3,43,3,0.1,0.1,0.1,0.3,0.6,0,0.6,0.8,0.3,0,0.1,65370.3,1.2,0.2
3,75,4,0.1,0.4,0.1,0,0.8,0,0.7,1,0.4,0.5,0,70975.2,1.6,0.3
3,90,2,0,0,0.1,0.3,0.4,0,0.4,0.7,0,0.1,0,44327.8,0.9,0.1
4,9,3,0,0.3,0.2,0.2,0.8,0,0.4,0.6,0.1,0.3,0.1,68408.2,1.3,0.1
4,15,2,0,0,0.1,0.2,0.2,0.1,0.6,0.5,0.1,0.2,0,42737.7,1,0
4,16,2,0.1,0.2,0,0.4,0.2,0,0.2,0.5,0.2,0.2,0,36213.7,1,0.2
4,18,1,0,0.1,0,0.2,0.1,0,0.1,0.3,0.1,0.1,0,18106.9,0.5,0.1
4,50,6,0.2,0.1,0.2,0.6,1.1,0.1,1.2,1.7,0.6,0,0.2,130740.6,2.4,0.4
4,76,2,0,0.1,0,0.3,0.3,0,0.3,0.7,0.2,0.1,0,36911.9,1.1,0.1
4,86,4,0.1,0.1,0.1,0.6,0.7,0,0.7,1.5,0.1,0.1,0,88655.6,1.7,0.1
4,89,4,0.1,0.1,0.1,0.6,0.7,0,0.7,1.5,0.1,0.1,0,88655.6,1.7,0.1
4,90,3,0.1,0.1,0.1,0.4,0.5,0,0.5,1.1,0.1,0.1,0,66491.7,1.3,0.1
4,94,2,0,0,0.1,0.3,0.4,0,0.4,0.7,0,0.1,0,44327.8,0.9,0.1
5,7,2,0,0.2,0.1,0,0.4,0,0.2,0.6,0.1,0.3,0.1,39804.5,0.9,0
5,10,1,0,0.1,0,0,0.2,0,0.1,0.3,0,0.2,0.1,19902.3,0.5,0
5,35,5,0.1,0.1,0.1,0.9,1,0.1,1.5,0.6,0.4,0.1,0.1,78500.2,2,0.5
5,86,7.5,0.2,0.5,0.1,0.8,1.2,0.1,1.4,2.3,0.1,0.8,0,152684.6,4.1,0.6
5,87,5,0.1,0.3,0.1,0.5,0.8,0.1,0.9,1.6,0.1,0.5,0,101789.8,2.7,0.4
5,88,6,0.2,0.4,0.1,0.6,1,0.1,1,1.9,0.1,0.6,0,122147.7,3.3,0.4
5,89,3,0.1,0.2,0.1,0.3,0.5,0,0.5,0.9,0.1,0.3,0,61073.9,1.6,0.2
5,103,4,0,0.5,0.2,0.2,0.8,0,1.1,0.7,0,0.4,0.1,79188.5,1.8,0.2
5,124,3,0.1,0.2,0.2,0.3,0.7,0,0.6,0.4,0.3,0.2,0,57280.1,1.4,0.2
5,125,4,0.1,0.3,0.3,0.4,0.9,0,0.8,0.5,0.4,0.3,0,76373.4,1.8,0.3
6,1,4,0.1,0.3,0.4,0.7,0.9,0.3,0.5,0.3,0.2,0.3,0,70149.1,1.6,0.4
6,6,1,0,0.1,0,0,0.2,0,0.1,0.3,0,0.2,0.1,19902.3,0.5,0
6,23,1,0,0.1,0,0.2,0.1,0,0.1,0.3,0.1,0.1,0,18106.9,0.5,0.1
6,83,2,0,0.1,0,0.3,0.3,0,0.3,0.7,0.2,0.1,0,36911.9,1.1,0.1
6,84,21,0.3,0.9,0,2.9,3.5,0,3.2,7,2.2,1,0,387575.1,11.1,1
6,85,8,0.1,0.4,0,1.1,1.3,0,1.2,2.7,0.8,0.4,0,147647.7,4.2,0.4
6,86,2,0.1,0.2,0,0.2,0.3,0,0.4,0.6,0,0.2,0,40715.9,1.1,0.1
6,87,4,0.1,0.3,0.1,0.4,0.6,0.1,0.7,1.2,0.1,0.4,0,81431.8,2.2,0.3
6,88,18,0.5,1.2,0.3,1.9,2.9,0.2,3.2,5.6,0.3,1.9,0,366443.1,9.9,1.3
6,102,4,0,0.5,0.2,0.2,0.8,0,1.1,0.7,0,0.4,0.1,79188.5,1.8,0.2
6,105,6,0,0.7,0.3,0.3,1.2,0,1.8,1,0,0.6,0.1,118782.7,2.6,0.3
6,124,7,0.1,0.5,0.5,0.8,1.7,0,1.4,0.9,0.6,0.5,0,133653.5,3.2,0.5
6,125,3,0.1,0.2,0.2,0.3,0.7,0,0.6,0.4,0.3,0.2,0,57280.1,1.4,0.2
7,2,2,0.1,0.2,0.2,0.3,0.5,0.1,0.2,0.1,0.1,0.2,0,35074.5,0.8,0.2
7,3,3,0.1,0.2,0.3,0.5,0.7,0.2,0.4,0.2,0.2,0.2,0,52611.8,1.2,0.3
7,8,4,0,0.5,0.2,0,0.8,0,0.3,1.1,0.2,0.7,0.2,79609.1,1.8,0
7,17,2,0.1,0.2,0,0.4,0.2,0,0.2,0.5,0.2,0.2,0,36213.7,1,0.2
7,19,7,0.2,0.7,0,1.5,0.8,0.1,0.5,1.8,0.6,0.8,0,126748,3.5,0.8
7,34,2,0,0,0,0.3,0.4,0,0.6,0.3,0.2,0.1,0.1,31400.1,0.8,0.2
7,36,2,0,0,0.1,0.2,0.4,0,0.4,0.6,0.2,0,0.1,43580.2,0.8,0.1
7,82,2,0,0.1,0,0.3,0.3,0,0.3,0.7,0.2,0.1,0,36911.9,1.1,0.1
7,83,1,0,0,0,0.1,0.2,0,0.2,0.3,0.1,0.1,0,18456,0.5,0
7,85,5,0.1,0.2,0,0.7,0.8,0,0.8,1.7,0.5,0.2,0,92279.8,2.7,0.2
7,86,18,1,0,0,3,3,0,6,2,0,3,0,402240.1,12,0
7,87,16,0.5,1.1,0.2,1.7,2.6,0.2,2.8,5,0.2,1.7,0,325727.2,8.8,1.2
7,88,2,0.1,0.2,0,0.2,0.3,0,0.4,0.6,0,0.2,0,40715.9,1.1,0.1
7,101,2,0,0.2,0.1,0.1,0.4,0,0.6,0.3,0,0.2,0.1,39594.2,0.9,0.1
7,103,10,0,1.2,0.5,0.5,2,0,2.9,1.7,0,1,0.2,197971.2,4.4,0.5
7,125,4,0.1,0.3,0.3,0.4,0.9,0,0.8,0.5,0.4,0.3,0,76373.4,1.8,0.3
8,2,3,0.1,0.2,0.3,0.5,0.7,0.2,0.4,0.2,0.2,0.2,0,52611.8,1.2,0.3
8,3,2,0.1,0.2,0.2,0.3,0.5,0.1,0.2,0.1,0.1,0.2,0,35074.5,0.8,0.2
8,7,2,0,0.2,0.1,0,0.4,0,0.2,0.6,0.1,0.3,0.1,39804.5,0.9,0
8,8,6,0,0.7,0.2,0,1.3,0,0.5,1.8,0.2,1,0.3,119413.6,2.8,0
8,47,2,0,0,0.1,0.2,0.4,0,0.4,0.6,0.2,0,0.1,43580.2,0.8,0.1
8,83,5,0.1,0.2,0,0.7,0.8,0,0.8,1.7,0.5,0.2,0,92279.8,2.7,0.2
8,84,12,0.2,0.5,0,1.6,2,0,1.8,4,1.3,0.6,0,221471.5,6.4,0.5
8,85,5,0.1,0.2,0,0.7,0.8,0,0.8,1.7,0.5,0.2,0,92279.8,2.7,0.2
8,86,87,3,8,4,11,15,0,14,15,3,14,0,1605569.5,46,3
8,87,20,0,1,1,1,4,0,1,9,0,3,0,391724.5,12,0
8,88,1,0,0.1,0,0.1,0.2,0,0.2,0.3,0,0.1,0,20358,0.5,0.1
8,119,1,0,0.1,0.1,0.1,0.2,0,0.2,0.1,0.1,0.1,0,19093.4,0.5,0.1
8,120,2,0,0.1,0.1,0.2,0.5,0,0.4,0.3,0.2,0.2,0,38186.7,0.9,0.1
9,5,4,0.1,0.3,0.4,0.7,0.9,0.3,0.5,0.3,0.2,0.3,0,70149.1,1.6,0.4
9,7,2,0,0.2,0.1,0,0.4,0,0.2,0.6,0.1,0.3,0.1,39804.5,0.9,0
9,8,1,0,0.1,0,0,0.2,0,0.1,0.3,0,0.2,0.1,19902.3,0.5,0
9,13,5,0,0.6,0.2,0,1.1,0,0.4,1.5,0.2,0.8,0.2,99511.3,2.3,0
9,20,5,0.2,0.5,0,1.1,0.5,0.1,0.4,1.3,0.4,0.5,0,90534.3,2.5,0.5
9,35,3,0,0.1,0.1,0.5,0.6,0,0.9,0.4,0.2,0.1,0.1,47100.1,1.2,0.3
9,40,2,0,0,0.1,0.2,0.4,0,0.4,0.6,0.2,0,0.1,43580.2,0.8,0.1
9,83,2,0,0.1,0,0.3,0.3,0,0.3,0.7,0.2,0.1,0,36911.9,1.1,0.1
9,84,22,1,2,0,4,2,1,4,3,1,4,0,412229.7,11,2
9,85,40,1,1,0,5,3,0,6,13,3,8,0,791734.2,24,2
9,86,34,0,0,1,4,5,0,12,3,3,6,0,720486.6,20,3
9,87,1,0,0.1,0,0.1,0.2,0,0.2,0.3,0,0.1,0,20358,0.5,0.1
9,88,2,0.1,0.2,0,0.2,0.3,0,0.4,0.6,0,0.2,0,40715.9,1.1,0.1
9,91,3,0.1,0.1,0.1,0.4,0.5,0,0.5,1.1,0.1,0.1,0,66491.7,1.3,0.1
9,116,5,0.1,0.4,0.4,0.5,1.2,0,1,0.6,0.4,0.4,0,95466.8,2.3,0.4
9,119,2,0,0.1,0.1,0.2,0.5,0,0.4,0.3,0.2,0.2,0,38186.7,0.9,0.1
9,121,1,0,0.1,0.1,0.1,0.2,0,0.2,0.1,0.1,0.1,0,19093.4,0.5,0.1
10,5,3,0.3,0.1,0,0.6,0.4,0.1,0.6,0.4,0.2,0.3,0,49749.3,1.5,0.5
10,6,10,1,0.4,0,2,1.3,0.3,2,1.3,0.7,1,0,165830.9,5,1.7
10,7,2,0.2,0.1,0,0.4,0.2,0.1,0.4,0.3,0.1,0.2,0,33166.2,1,0.3
10,8,1,0.1,0.1,0,0.2,0.1,0,0.2,0.1,0.1,0.1,0,16583.1,0.5,0.2
10,20,3,0,0.1,0.1,0.5,0.6,0,0.9,0.4,0.2,0.1,0.1,47100.1,1.2,0.3
10,51,3,0.1,0.1,0.1,0.3,0.6,0,0.6,0.8,0.3,0,0.1,65370.3,1.2,0.2
10,74,1,0,0.1,0,0,0.2,0,0.2,0.3,0.1,0.1,0,17743.8,0.4,0.1
10,84,9,0.3,0.5,0.5,1.6,1.3,0.2,2.2,1.6,0.2,0.6,0,172035.4,4.6,1
10,85,13,0.4,0.8,0.6,2.3,1.9,0.2,3.2,2.4,0.3,0.9,0,248495.6,6.6,1.5
10,86,26,0,1,0,1,5,0,6,9,0,3,1,571901.7,18,1
10,87,7,0,0.1,0.2,0.4,1.4,0.2,1.4,2,0.3,1,0,128424.7,3.8,0.7
10,90,2,0,0,0.1,0.1,0.4,0,0.4,0.6,0.1,0.3,0,36692.8,1.1,0.2
10,121,1,0,0.1,0.1,0.1,0.2,0,0.2,0.1,0.1,0.1,0,19093.4,0.5,0.1
11,3,1,0.1,0.1,0,0.2,0.1,0,0.2,0.1,0.1,0.1,0,16583.1,0.5,0.2
11,17,2,0,0,0,0.3,0.4,0,0.6,0.3,0.2,0.1,0.1,31400.1,0.8,0.2
11,29,2,0,0,0,0.3,0.4,0,0.6,0.3,0.2,0.1,0.1,31400.1,0.8,0.2
11,42,1,0,0,0,0.1,0.2,0,0.2,0.3,0.1,0,0.1,21790.1,0.4,0.1
11,74,6,0.1,0.7,0.1,0,1.2,0,1.1,1.5,0.6,0.7,0,106462.8,2.5,0.4
11,82,2,0.1,0.1,0.1,0.4,0.3,0,0.5,0.4,0,0.1,0,38230.1,1,0.2
11,84,1,0,0.1,0.1,0.2,0.1,0,0.2,0.2,0,0.1,0,19115,0.5,0.1
11,85,5,0.2,0.3,0.3,0.9,0.7,0.1,1.2,0.9,0.1,0.3,0,95575.2,2.5,0.6
11,87,8,0,0.1,0.3,0.4,1.5,0.3,1.5,2.3,0.4,1.2,0,146771.1,4.4,0.8
11,88,3,0,0.1,0.1,0.1,0.6,0.1,0.6,0.9,0.1,0.4,0,55039.2,1.6,0.3
11,89,15,0,0.2,0.5,0.7,2.9,0.5,2.9,4.4,0.7,2.2,0,275195.8,8.2,1.5
11,127,10,0,0.4,1.1,0.7,2.2,0,2.2,1.9,0,1.5,0,198672,4.8,0.7
12,7,1,0.1,0.1,0,0.2,0.1,0,0.2,0.1,0.1,0.1,0,16583.1,0.5,0.2
12,13,2,0.2,0.1,0,0.4,0.2,0.1,0.4,0.3,0.1,0.2,0,33166.2,1,0.3
12,26,2,0,0,0,0.3,0.4,0,0.6,0.3,0.2,0.1,0.1,31400.1,0.8,0.2
12,28,3,0,0.1,0.1,0.5,0.6,0,0.9,0.4,0.2,0.1,0.1,47100.1,1.2,0.3
12,32,2,0,0,0,0.3,0.4,0,0.6,0.3,0.2,0.1,0.1,31400.1,0.8,0.2
12,59,6,0.1,0.7,0.1,0,1.2,0,1.1,1.5,0.6,0.7,0,106462.8,2.5,0.4
12,74,1,0,0.1,0,0,0.2,0,0.2,0.3,0.1,0.1,0,17743.8,0.4,0.1
12,84,8,0.3,0.5,0.4,1.4,1.2,0.1,2,1.4,0.2,0.5,0,152920.4,4.1,0.9
12,85,13,0.4,0.8,0.6,2.3,1.9,0.2,3.2,2.4,0.3,0.9,0,248495.6,6.6,1.5
12,86,4,0,0.1,0.1,0.2,0.8,0.1,0.8,1.1,0.2,0.6,0,73385.6,2.2,0.4
12,89,1,0,0,0,0.1,0.2,0,0.2,0.3,0.1,0.1,0,18346.4,0.5,0.1
12,90,8,0,0.1,0.3,0.4,1.5,0.3,1.5,2.3,0.4,1.2,0,146771.1,4.4,0.8
12,99,1,0,0.1,0,0.1,0.2,0,0.3,0.2,0,0.1,0,19797.1,0.4,0
12,126,4,0,0.2,0.4,0.3,0.9,0,0.9,0.7,0,0.6,0,79468.8,1.9,0.3
12,127,5,0,0.2,0.6,0.4,1.1,0,1.1,0.9,0,0.7,0,99336,2.4,0.4
13,22,4,0.1,0.1,0.1,0.7,0.7,0.1,1.2,0.5,0.3,0.1,0.1,62800.1,1.6,0.4
13,47,3,0.1,0.1,0.1,0.3,0.6,0,0.6,0.8,0.3,0,0.1,65370.3,1.2,0.2
13,56,4,0.1,0.4,0.1,0,0.8,0,0.7,1,0.4,0.5,0,70975.2,1.6,0.3
13,59,2,0,0.2,0.1,0,0.4,0,0.4,0.5,0.2,0.2,0,35487.6,0.8,0.1
13,84,3,0.1,0.2,0.2,0.5,0.4,0.1,0.7,0.5,0.1,0.2,0,57345.1,1.5,0.3
13,85,6,0.2,0.3,0.3,1.1,0.9,0.1,1.5,1.1,0.1,0.4,0,114690.3,3,0.7
13,86,5,0,0.1,0.2,0.2,1,0.2,1,1.4,0.2,0.7,0,91731.9,2.7,0.5
13,87,1,0,0,0,0.1,0.2,0,0.2,0.3,0.1,0.1,0,18346.4,0.5,0.1
13,90,2,0,0,0.1,0.1,0.4,0,0.4,0.6,0.1,0.3,0,36692.8,1.1,0.2
14,16,2,0,0,0,0.3,0.4,0,0.6,0.3,0.2,0.1,0.1,31400.1,0.8,0.2
14,22,3,0,0.1,0.1,0.5,0.6,0,0.9,0.4,0.2,0.1,0.1,47100.1,1.2,0.3
14,57,2,0,0.2,0.1,0,0.4,0,0.4,0.5,0.2,0.2,0,35487.6,0.8,0.1
14,83,1,0,0.1,0.1,0.2,0.1,0,0.2,0.2,0,0.1,0,19115,0.5,0.1
15,5,1,0.1,0.1,0,0.2,0.1,0,0.2,0.1,0.1,0.1,0,16583.1,0.5,0.2
15,15,2,0.2,0.1,0,0.4,0.2,0.1,0.4,0.3,0.1,0.2,0,33166.2,1,0.3
15,22,1,0,0,0,0.2,0.2,0,0.3,0.2,0.1,0,0,15700,0.4,0.1
15,40,2,0,0,0.1,0.2,0.4,0,0.4,0.6,0.2,0,0.1,43580.2,0.8,0.1
15,95,1,0,0,0,0.1,0.2,0,0.2,0.3,0.1,0.1,0,18346.4,0.5,0.1
16,27,3,0,0.1,0.1,0.5,0.6,0,0.9,0.4,0.2,0.1,0.1,47100.1,1.2,0.3
16,41,3,0.1,0.1,0.1,0.3,0.6,0,0.6,0.8,0.3,0,0.1,65370.3,1.2,0.2
16,44,2,0,0,0.1,0.2,0.4,0,0.4,0.6,0.2,0,0.1,43580.2,0.8,0.1
16,57,2,0,0.2,0.1,0,0.4,0,0.4,0.5,0.2,0.2,0,35487.6,0.8,0.1
16,58,4,0.1,0.4,0.1,0,0.8,0,0.7,1,0.4,0.5,0,70975.2,1.6,0.3
16,80,4,0.2,0.3,0.2,0.2,0.9,0,0.5,0.9,0.1,0.7,0,68601.9,1.8,0.2
16,81,3,0.2,0.2,0.2,0.2,0.6,0,0.3,0.7,0.1,0.5,0,51451.4,1.3,0.2
16,83,3,0.2,0.2,0.2,0.2,0.6,0,0.3,0.7,0.1,0.5,0,51451.4,1.3,0.2
16,84,3,0.2,0.2,0.2,0.2,0.6,0,0.3,0.7,0.1,0.5,0,51451.4,1.3,0.2
16,86,3,0,0.1,0.1,0.1,0.6,0.1,0.6,0.9,0.1,0.4,0,55039.2,1.6,0.3
16,100,2,0,0.2,0.1,0.1,0.4,0,0.6,0.3,0,0.2,0.1,39594.2,0.9,0.1
17,9,3,0.3,0.1,0,0.6,0.4,0.1,0.6,0.4,0.2,0.3,0,49749.3,1.5,0.5
17,30,2,0,0,0,0.3,0.4,0,0.6,0.3,0.2,0.1,0.1,31400.1,0.8,0.2
17,49,2,0,0,0.1,0.2,0.4,0,0.4,0.6,0.2,0,0.1,43580.2,0.8,0.1
17,53,3,0.1,0.1,0.1,0.3,0.6,0,0.6,0.8,0.3,0,0.1,65370.3,1.2,0.2
17,57,1,0,0.1,0,0,0.2,0,0.2,0.3,0.1,0.1,0,17743.8,0.4,0.1
17,127,2,0,0,0.2,0.1,0.2,0,0.3,0.8,0.1,0.3,0,34006.9,1.1,0.1
18,0,1,0.1,0.1,0,0.2,0.1,0,0.2,0.1,0.1,0.1,0,16583.1,0.5,0.2
18,3,3,0.3,0.1,0,0.6,0.4,0.1,0.6,0.4,0.2,0.3,0,49749.3,1.5,0.5
18,32,1,0,0,0,0.2,0.2,0,0.3,0.2,0.1,0,0,15700,0.4,0.1
18,49,3,0.1,0.1,0.1,0.3,0.6,0,0.6,0.8,0.3,0,0.1,65370.3,1.2,0.2
18,52,1,0,0,0,0.1,0.2,0,0.2,0.3,0.1,0,0.1,21790.1,0.4,0.1
18,58,2,0,0.2,0.1,0,0.4,0,0.4,0.5,0.2,0.2,0,35487.6,0.8,0.1
18,83,2,0.1,0.2,0.1,0.1,0.4,0,0.2,0.5,0.1,0.3,0,34301,0.9,0.1
18,84,6,0.3,0.5,0.3,0.4,1.3,0,0.7,1.3,0.2,1,0,102902.9,2.7,0.3
18,93,2,0,0,0.1,0.1,0.4,0,0.4,0.6,0.1,0.3,0,36692.8,1.1,0.2
19,31,3,0,0.1,0.1,0.5,0.6,0,0.9,0.4,0.2,0.1,0.1,47100.1,1.2,0.3
19,49,4,0.1,0.1,0.1,0.4,0.8,0.1,0.8,1.1,0.4,0,0.1,87160.4,1.6,0.2
19,82,7,0.4,0.6,0.4,0.4,1.5,0,0.8,1.5,0.2,1.2,0,120053.4,3.1,0.4
19,83,8,0.4,0.7,0.4,0.5,1.8,0,0.9,1.8,0.2,1.3,0,137203.8,3.6,0.4
20,19,2,0,0.1,0.1,0.3,0.5,0.1,0.4,0.2,0.1,0.1,0.1,35538.8,0.8,0.3
20,81,2,0,0.2,0.1,0.2,0.5,0,0.6,0.1,0.1,0.2,0,35225,0.9,0.2
20,126,2,0.1,0,0,0.4,0.2,0,0.3,0.5,0,0.5,0,35788.9,1.2,0.4
21,2,4,0.2,0.6,0,0.5,0.9,0.1,0.3,0.6,0.5,0.3,0,79205.9,1.4,0.1
21,7,5,0.3,0.8,0,0.6,1.1,0.2,0.3,0.8,0.6,0.3,0,99007.4,1.7,0.2
21,47,5,0,0.2,0.2,0.1,1,0,0.4,1.8,0.2,1,0.1,89083.2,2.4,0.5
21,55,1,0,0,0.1,0,0.2,0,0.1,0.4,0,0.2,0,17816.6,0.5,0.1
22,41,1,0.1,0.1,0,0.2,0.3,0,0.1,0.2,0,0,0,15147,0.4,0.2
22,52,1,0,0,0.1,0,0.2,0,0.1,0.4,0,0.2,0,17816.6,0.5,0.1
22,53,4,0,0.2,0.2,0.1,0.8,0,0.3,1.4,0.1,0.8,0.1,71266.5,2,0.4
22,89,1,0,0.1,0,0.1,0.2,0,0.4,0.1,0,0.1,0,14851.8,0.5,0.3
22,119,2,0,0.1,0,0.1,0.2,0,0.4,0.7,0.1,0.4,0,36738.8,1.2,0.3
22,123,2,0,0.1,0,0.1,0.2,0,0.4,0.7,0.1,0.4,0,36738.8,1.2,0.3
23,40,4,0.2,0.6,0.1,0.6,1,0,0.4,0.9,0.1,0.1,0,60588.1,1.8,0.7
23,51,3,0,0.1,0.1,0.1,0.6,0,0.3,1,0.1,0.6,0.1,53449.9,1.5,0.3
23,52,2,0,0.1,0.1,0,0.4,0,0.2,0.7,0.1,0.4,0,35633.3,1,0.2
23,89,3,0.1,0.4,0,0.3,0.6,0,1.1,0.2,0.1,0.2,0,44555.4,1.6,0.9
23,122,1,0,0,0,0.1,0.1,0,0.2,0.4,0,0.2,0,18369.4,0.6,0.2
23,123,3,0,0.1,0,0.1,0.3,0,0.6,1.2,0.1,0.6,0,55108.2,1.8,0.5
23,126,2,0.1,0,0,0.4,0.2,0,0.3,0.5,0,0.5,0,35788.9,1.2,0.4
23,127,1,0.1,0,0,0.2,0.1,0,0.1,0.3,0,0.2,0,17894.5,0.6,0.2
24,4,5,0.3,0.8,0,0.6,1.1,0.2,0.3,0.8,0.6,0.3,0,99007.4,1.7,0.2
24,14,1,0.1,0.1,0,0.1,0.2,0,0.1,0.2,0.1,0.1,0,19801.5,0.3,0
24,49,1,0,0,0.1,0,0.2,0,0.1,0.4,0,0.2,0,17816.6,0.5,0.1
24,57,2,0.1,0,0,0.2,0.1,0,0.6,0.8,0.1,0.1,0,37961.3,1.1,0.2
24,89,1,0,0.1,0,0.1,0.2,0,0.4,0.1,0,0.1,0,14851.8,0.5,0.3
24,90,1,0,0.1,0,0.1,0.2,0,0.4,0.1,0,0.1,0,14851.8,0.5,0.3
24,113,4,0,0.5,0.2,0.2,0.8,0,1.1,0.7,0,0.4,0.1,79188.5,1.8,0.2
24,122,5,0,0.2,0,0.2,0.5,0,1,1.9,0.2,1,0,91847,2.9,0.9
25,7,2,0.1,0.3,0,0.3,0.4,0.1,0.1,0.3,0.3,0.1,0,39603,0.7,0.1
25,10,4,0.2,0.6,0,0.5,0.9,0.1,0.3,0.6,0.5,0.3,0,79205.9,1.4,0.1
25,22,3,0.1,0.2,0.1,0.4,0.8,0.1,0.7,0.3,0.1,0.1,0.1,53308.2,1.2,0.4
25,113,1,0,0.1,0,0.1,0.2,0,0.3,0.2,0,0.1,0,19797.1,0.4,0
25,121,1,0,0,0,0.1,0.1,0,0.2,0.4,0,0.2,0,18369.4,0.6,0.2
26,14,3,0.2,0.4,0,0.4,0.6,0.1,0.2,0.5,0.4,0.2,0,59404.5,1,0.1
26,30,2,0,0.1,0.1,0.3,0.5,0.1,0.4,0.2,0.1,0.1,0.1,35538.8,0.8,0.3
26,43,2,0.1,0.3,0.1,0.3,0.5,0,0.2,0.4,0,0.1,0,30294.1,0.9,0.3
26,60,1,0,0,0,0.1,0.1,0,0.3,0.4,0,0.1,0,18980.6,0.6,0.1
26,120,2,0,0.1,0,0.1,0.2,0,0.4,0.7,0.1,0.4,0,36738.8,1.2,0.3
26,127,5,0.2,0.5,0.1,0.6,0.8,0.2,0.5,1.8,0,0.3,0,93507.7,2.3,0.2
27,19,3,0.1,0.2,0.1,0.4,0.8,0.1,0.7,0.3,0.1,0.1,0.1,53308.2,1.2,0.4
27,37,2,0.1,0.3,0.1,0.3,0.5,0,0.2,0.4,0,0.1,0,30294.1,0.9,0.3
27,38,2,0.1,0.3,0.1,0.3,0.5,0,0.2,0.4,0,0.1,0,30294.1,0.9,0.3
27,53,2,0,0.1,0.1,0,0.4,0,0.2,0.7,0.1,0.4,0,35633.3,1,0.2
27,59,1,0,0,0,0.1,0.1,0,0.3,0.4,0,0.1,0,18980.6,0.6,0.1
27,76,5,0,0.6,0.2,0.4,1.2,0,1.4,0.2,0.4,0.6,0,88062.6,2.2,0.6
27,92,2,0.1,0.3,0,0.2,0.4,0,0.7,0.1,0.1,0.1,0,29703.6,1,0.6
27,93,1,0,0.1,0,0.1,0.2,0,0.4,0.1,0,0.1,0,14851.8,0.5,0.3
27,127,4,0.2,0.4,0.1,0.5,0.6,0.2,0.4,1.4,0,0.2,0,74806.2,1.8,0.2
28,5,2,0.1,0.3,0,0.3,0.4,0.1,0.1,0.3,0.3,0.1,0,39603,0.7,0.1
28,13,1,0.1,0.1,0,0.1,0.2,0,0.1,0.2,0.1,0.1,0,19801.5,0.3,0
28,53,11,0,0.5,0.5,0.2,2.2,0,0.9,3.8,0.5,2.2,0.2,195983,5.4,1.1
28,54,2,0,0.1,0.1,0,0.4,0,0.2,0.7,0.1,0.4,0,35633.3,1,0.2
28,56,3,0.1,0,0,0.3,0.1,0.1,0.9,1.2,0.1,0.2,0,56941.9,1.6,0.3
28,86,4,0.2,0.6,0,0.4,0.7,0,1.5,0.2,0.2,0.2,0,59407.1,2.1,1.1
28,92,2,0.1,0.3,0,0.2,0.4,0,0.7,0.1,0.1,0.1,0,29703.6,1,0.6
28,93,4,0.2,0.6,0,0.4,0.7,0,1.5,0.2,0.2,0.2,0,59407.1,2.1,1.1
28,124,2,0,0.1,0,0.1,0.2,0,0.4,0.7,0.1,0.4,0,36738.8,1.2,0.3
29,12,3,0.2,0.4,0,0.4,0.6,0.1,0.2,0.5,0.4,0.2,0,59404.5,1,0.1
29,15,2,0.1,0.3,0,0.3,0.4,0.1,0.1,0.3,0.3,0.1,0,39603,0.7,0.1
29,53,6,0,0.3,0.3,0.1,1.2,0,0.5,2.1,0.2,1.2,0.1,106899.8,2.9,0.6
29,55,11,0,0.5,0.5,0.2,2.2,0,0.9,3.8,0.5,2.2,0.2,195983,5.4,1.1
29,56,7,0.3,0,0,0.7,0.3,0.2,2.1,2.8,0.2,0.4,0,132864.4,3.8,0.7
29,95,2,0.1,0.3,0,0.2,0.4,0,0.7,0.1,0.1,0.1,0,29703.6,1,0.6
29,124,1,0,0,0,0.1,0.1,0,0.2,0.4,0,0.2,0,18369.4,0.6,0.2
30,1,1,0,0.1,0.1,0,0.1,0,0.3,0,0,0.3,0.1,15951.6,0.6,0.1
30,3,1,0,0.1,0.1,0,0.1,0,0.3,0,0,0.3,0.1,15951.6,0.6,0.1
30,6,2,0.1,0,0.1,0.1,0.4,0,0.6,0.6,0,0.1,0,43764.1,1,0.1
30,53,4,0,0.3,0,0.3,0.5,0,0.5,1.7,0.2,0.5,0,84897.8,2.2,0.2
30,54,21,0,0,0,1,5,0,4,5,1,5,0,368037.5,15,4
30,55,2,0,0.2,0,0.2,0.2,0,0.2,0.9,0.1,0.2,0,42448.9,1.1,0.1
30,76,1,0,0.1,0,0.1,0.2,0,0.3,0.1,0.1,0.1,0,17612.5,0.4,0.1
30,93,1,0,0.1,0,0.1,0.2,0,0.3,0.1,0.1,0.1,0,17612.5,0.4,0.1
30,122,3,0,0.1,0,0.1,0.3,0,0.6,1.2,0.1,0.6,0,55108.2,1.8,0.5
31,7,3,0.1,0.1,0.1,0.2,0.5,0,0.9,0.9,0,0.2,0,65646.2,1.4,0.1
31,50,1,0,0.1,0,0.1,0.3,0,0.2,0.1,0.1,0.1,0,14742.2,0.4,0.1
31,53,1,0,0.1,0,0.1,0.1,0,0.1,0.4,0.1,0.1,0,21224.5,0.6,0.1
31,54,23,0.3,1.7,0.3,1.7,2.7,0.3,2.7,9.6,1,2.7,0,488162.5,12.7,1.3
31,55,9,0.1,0.7,0.1,0.7,1,0.1,1,3.8,0.4,1.1,0,191020.1,5,0.5
31,58,2,0,0.1,0.1,0.2,0.1,0,0.4,0.9,0,0.2,0,39669.1,1,0.1
31,61,2,0,0.1,0.1,0.2,0.1,0,0.4,0.9,0,0.2,0,39669.1,1,0.1
31,78,5,0,0.6,0.2,0.4,1.2,0,1.4,0.2,0.4,0.6,0,88062.6,2.2,0.6
31,92,4,0,0.5,0.2,0.3,0.9,0,1.1,0.2,0.3,0.5,0,70450.1,1.8,0.5
31,121,2,0,0.1,0,0.1,0.2,0,0.4,0.7,0.1,0.4,0,36738.8,1.2,0.3
32,6,3,0.1,0.1,0.1,0.2,0.5,0,0.9,0.9,0,0.2,0,65646.2,1.4,0.1
32,18,2,0,0.1,0.1,0.3,0.5,0.1,0.4,0.2,0.1,0.1,0.1,35538.8,0.8,0.3
32,39,1,0.1,0.1,0,0.2,0.3,0,0.1,0.2,0,0,0,15147,0.4,0.2
32,40,2,0.1,0.3,0.1,0.3,0.5,0,0.2,0.4,0,0.1,0,30294.1,0.9,0.3
32,54,9,0.1,0.7,0.1,0.7,1,0.1,1,3.8,0.4,1.1,0,191020.1,5,0.5
32,55,9,0.1,0.7,0.1,0.7,1,0.1,1,3.8,0.4,1.1,0,191020.1,5,0.5
32,59,2,0,0.1,0.1,0.2,0.1,0,0.4,0.9,0,0.2,0,39669.1,1,0.1
32,73,2,0.1,0,0,0.2,0.1,0,0.6,0.8,0.1,0.1,0,37961.3,1.1,0.2
32,83,3,0,0.4,0.1,0.2,0.7,0,0.9,0.1,0.2,0.4,0,52837.5,1.3,0.4
32,84,3,0,0.4,0.1,0.2,0.7,0,0.9,0.1,0.2,0.4,0,52837.5,1.3,0.4
32,116,2,0,0.1,0,0.1,0.2,0,0.4,0.7,0.1,0.4,0,36738.8,1.2,0.3
33,18,2,0,0.1,0.1,0.3,0.5,0.1,0.4,0.2,0.1,0.1,0.1,35538.8,0.8,0.3
33,31,1,0,0.1,0,0.1,0.3,0,0.2,0.1,0,0.1,0.1,17769.4,0.4,0.1
33,34,2,0,0.1,0.1,0.3,0.5,0.1,0.4,0.2,0.1,0.1,0.1,35538.8,0.8,0.3
33,55,6,0.1,0.4,0.1,0.4,0.7,0.1,0.7,2.5,0.3,0.7,0,127346.7,3.3,0.3
33,59,3,0,0.2,0.1,0.3,0.2,0,0.6,1.3,0,0.3,0,59503.6,1.5,0.2
33,60,2,0,0.1,0.1,0.2,0.1,0,0.4,0.9,0,0.2,0,39669.1,1,0.1
33,63,1,0,0.1,0,0.1,0.1,0,0.2,0.4,0,0.1,0,19834.5,0.5,0.1
34,4,5,0,0.5,0.5,0.2,0.6,0,1.5,0.2,0,1.3,0.2,79758.2,3,0.7
34,28,4,0.1,0.3,0.1,0.6,1,0.1,0.9,0.4,0.1,0.2,0.2,71077.6,1.7,0.6
34,38,1,0.1,0.1,0,0.2,0.3,0,0.1,0.2,0,0,0,15147,0.4,0.2
34,54,2,0,0.2,0,0.2,0.2,0,0.2,0.9,0.1,0.2,0,42448.9,1.1,0.1
34,55,4,0,0.3,0,0.3,0.5,0,0.5,1.7,0.2,0.5,0,84897.8,2.2,0.2
34,56,4,0,0.2,0.1,0.4,0.3,0,0.8,1.8,0,0.4,0,79338.2,1.9,0.3
34,57,7,0,0.4,0.2,0.7,0.4,0,1.4,3.2,0,0.7,0,138841.8,3.4,0.5
34,60,2,0,0.1,0.1,0.2,0.1,0,0.4,0.9,0,0.2,0,39669.1,1,0.1
34,61,4,0,0.2,0.1,0.4,0.3,0,0.8,1.8,0,0.4,0,79338.2,1.9,0.3
34,62,2,0,0.1,0.1,0.2,0.1,0,0.4,0.9,0,0.2,0,39669.1,1,0.1
35,2,5,0,0.5,0.5,0.2,0.6,0,1.5,0.2,0,1.3,0.2,79758.2,3,0.7
35,33,3,0.1,0.2,0.1,0.4,0.8,0.1,0.7,0.3,0.1,0.1,0.1,53308.2,1.2,0.4
35,37,2,0.1,0.3,0.1,0.3,0.5,0,0.2,0.4,0,0.1,0,30294.1,0.9,0.3
35,41,3,0.2,0.4,0.1,0.4,0.7,0,0.3,0.7,0.1,0.1,0,45441.1,1.3,0.5
35,55,6.5,0.2,0.9,0.2,0.4,1.8,0.1,0.9,0.7,0.9,0.4,0,95824,2.6,0.9
35,56,3,0.1,0,0.3,0.3,0.4,0,0.8,0.6,0.1,0.4,0,70931.2,1.4,0
35,59,2,0.1,0,0.2,0.2,0.2,0,0.5,0.4,0.1,0.3,0,47287.5,1,0
35,68,2,0.1,0,0,0.2,0.1,0,0.6,0.8,0.1,0.1,0,37961.3,1.1,0.2
36,5,1,0,0.1,0.1,0,0.1,0,0.3,0,0,0.3,0.1,15951.6,0.6,0.1
36,6,2,0.1,0,0.1,0.1,0.4,0,0.6,0.6,0,0.1,0,43764.1,1,0.1
36,7,2,0.1,0,0.1,0.1,0.4,0,0.6,0.6,0,0.1,0,43764.1,1,0.1
36,54,1,0,0.1,0,0.1,0.3,0,0.2,0.1,0.1,0.1,0,14742.2,0.4,0.1
36,55,7,0.2,1,0.2,0.5,1.9,0.1,1,0.7,0.9,0.5,0,103195.1,2.8,0.9
36,56,6,0.2,0,0.5,0.5,0.8,0,1.6,1.3,0.3,0.8,0,141862.4,2.9,0
36,58,4,0.2,0,0.3,0.4,0.5,0,1,0.9,0.2,0.5,0,94574.9,1.9,0
37,4,3,0,0.3,0.3,0.1,0.4,0,0.9,0.1,0,0.8,0.1,47854.9,1.8,0.4
37,5,3,0,0.3,0.3,0.1,0.4,0,0.9,0.1,0,0.8,0.1,47854.9,1.8,0.4
37,6,12,0.4,0.2,0.4,0.9,2.1,0.2,3.4,3.7,0,0.7,0,262584.8,5.8,0.4
37,7,7,0.2,0.1,0.3,0.5,1.3,0.1,2,2.1,0,0.4,0,153174.5,3.4,0.2
37,27,4,0.1,0.3,0.1,0.6,1,0.1,0.9,0.4,0.1,0.2,0.2,71077.6,1.7,0.6
37,29,2,0,0.1,0.1,0.3,0.5,0.1,0.4,0.2,0.1,0.1,0.1,35538.8,0.8,0.3
37,33,4,0.1,0.3,0.1,0.6,1,0.1,0.9,0.4,0.1,0.2,0.2,71077.6,1.7,0.6
37,39,2,0.1,0.3,0.1,0.3,0.5,0,0.2,0.4,0,0.1,0,30294.1,0.9,0.3
37,40,2,0.1,0.3,0.1,0.3,0.5,0,0.2,0.4,0,0.1,0,30294.1,0.9,0.3
37,55,7,0.2,1,0.2,0.5,1.9,0.1,1,0.7,0.9,0.5,0,103195.1,2.8,0.9
37,56,6,0.2,0,0.5,0.5,0.8,0,1.6,1.3,0.3,0.8,0,141862.4,2.9,0
37,73,2,0.1,0,0,0.2,0.1,0,0.6,0.8,0.1,0.1,0,37961.3,1.1,0.2
37,98,2,0,0.2,0.1,0.1,0.4,0,0.6,0.3,0,0.2,0.1,39594.2,0.9,0.1
37,124,3,0,0.1,0,0.1,0.3,0,0.6,1.2,0.1,0.6,0,55108.2,1.8,0.5
38,5,2,0,0.2,0.2,0.1,0.2,0,0.6,0.1,0,0.5,0.1,31903.3,1.2,0.3
38,7,7,0.2,0.1,0.3,0.5,1.3,0.1,2,2.1,0,0.4,0,153174.5,3.4,0.2
38,28,2,0,0.1,0.1,0.3,0.5,0.1,0.4,0.2,0.1,0.1,0.1,35538.8,0.8,0.3
38,38,5,0.3,0.7,0.1,0.7,1.3,0,0.6,1.1,0.1,0.1,0,75735.1,2.2,0.8
38,42,2,0.1,0.3,0.1,0.3,0.5,0,0.2,0.4,0,0.1,0,30294.1,0.9,0.3
38,48,2,0.1,0.3,0.1,0.1,0.5,0,0.3,0.2,0.3,0.1,0,29484.3,0.8,0.3
38,56,2,0.1,0,0.2,0.2,0.2,0,0.5,0.4,0.1,0.3,0,47287.5,1,0
38,97,2,0,0.2,0.1,0.1,0.4,0,0.6,0.3,0,0.2,0.1,39594.2,0.9,0.1
39,4,1,0,0.1,0.1,0,0.1,0,0.3,0,0,0.3,0.1,15951.6,0.6,0.1
39,5,1,0,0.1,0.1,0,0.1,0,0.3,0,0,0.3,0.1,15951.6,0.6,0.1
39,6,2,0.1,0,0.1,0.1,0.4,0,0.6,0.6,0,0.1,0,43764.1,1,0.1
39,7,10,0.3,0.2,0.4,0.7,1.8,0.2,2.9,3,0,0.5,0,218820.7,4.8,0.4
39,10,3,0.1,0.1,0.1,0.2,0.5,0,0.9,0.9,0,0.2,0,65646.2,1.4,0.1
39,13,3,0.1,0.1,0.1,0.2,0.5,0,0.9,0.9,0,0.2,0,65646.2,1.4,0.1
39,18,4,0.1,0.3,0.1,0.6,1,0.1,0.9,0.4,0.1,0.2,0.2,71077.6,1.7,0.6
39,34,1,0,0.1,0,0.1,0.3,0,0.2,0.1,0,0.1,0.1,17769.4,0.4,0.1
39,39,5,0.3,0.7,0.1,0.7,1.3,0,0.6,1.1,0.1,0.1,0,75735.1,2.2,0.8
39,53,5,0.2,0.7,0.2,0.3,1.3,0.1,0.7,0.5,0.7,0.3,0,73710.8,2,0.7
39,78,1,0,0.1,0,0.1,0.2,0,0.3,0.1,0.1,0.1,0,17612.5,0.4,0.1
39,126,2,0,0,0.1,0.2,0.3,0,0.6,0.5,0.1,0.1,0.1,37580.7,1,0.3
39,127,3,0,0,0.1,0.3,0.5,0,0.9,0.7,0.2,0.2,0.1,56371,1.4,0.5
40,7,35,4,3,4,9,7,0,1,3,3,1,0,672092.9,14,2
40,8,27.5,0.9,2.8,2.8,0.9,8.8,0.2,3.7,5.5,1.4,0,0.5,485872.1,11.6,2.3
40,9,2,0.1,0.2,0.2,0.1,0.6,0,0.3,0.4,0.1,0,0,35336.2,0.8,0.2
40,20,1,0,0.1,0.1,0.1,0.2,0,0.1,0.2,0,0.1,0.1,19101.8,0.4,0
40,32,1,0,0,0.1,0.1,0.1,0,0.2,0.3,0.1,0.1,0,16609.6,0.5,0.2
40,39,3,0.3,0.1,0,0.2,0.6,0,0.3,0.8,0.4,0.3,0,50585.3,1.3,0.4
40,46,2,0.2,0.3,0,0.4,0.4,0,0.5,0.1,0,0.1,0,39210.9,0.8,0.2
40,78,3,0.1,0.1,0.1,0.1,1,0.1,0.3,0.8,0.1,0.3,0,48758.7,1.5,0.4
40,87,2,0.1,0,0.1,0.1,0.2,0.1,0.4,0.7,0,0.3,0,35089.6,0.9,0.2
41,4,4,0.4,0.6,0,0.7,1.2,0,0.5,0.2,0.2,0.1,0.1,70087.7,1.7,0.5
41,7,24,2,2,1,3,8,0,3,1,1,2,1,403826.1,12,4
41,8,15,0.5,1.5,1.5,0.5,4.8,0.1,2,3,0.8,0,0.3,265021.1,6.3,1.3
41,36,7,0.6,0.3,0.1,0.4,1.3,0,0.7,2,0.9,0.7,0,118032.4,3.1,0.9
41,43,3,0.1,0.3,0.1,0.3,0.4,0,0.2,1.2,0.1,0.3,0,53608,1.5,0.2
41,44,1,0,0.1,0,0.1,0.2,0,0.1,0.4,0,0.1,0,17869.3,0.5,0.1
41,45,1,0,0.1,0,0.1,0.2,0,0.1,0.4,0,0.1,0,17869.3,0.5,0.1
41,46,2,0.2,0.3,0,0.4,0.4,0,0.5,0.1,0,0.1,0,39210.9,0.8,0.2
41,67,2,0,0.1,0.1,0.3,0.4,0,0.5,0.4,0.1,0.1,0,34653.5,1,0.3
42,0,4,0.4,0.6,0,0.7,1.2,0,0.5,0.2,0.2,0.1,0.1,70087.7,1.7,0.5
42,3,2,0.2,0.3,0,0.3,0.6,0,0.3,0.1,0.1,0,0.1,35043.8,0.8,0.3
42,5,5,0.5,0.8,0,0.8,1.4,0,0.7,0.3,0.3,0.1,0.1,87609.6,2.1,0.7
42,8,5,0.2,0.5,0.5,0.2,1.6,0,0.7,1,0.2,0,0.1,88340.4,2.1,0.4
42,10,3,0.1,0.3,0.3,0.1,1,0,0.4,0.6,0.2,0,0,53004.2,1.3,0.3
42,36,2,0.2,0.1,0,0.1,0.4,0,0.2,0.6,0.2,0.2,0,33723.5,0.9,0.2
42,37,1,0.1,0,0,0.1,0.2,0,0.1,0.3,0.1,0.1,0,16861.8,0.4,0.1
42,41,2,0,0.2,0.1,0.2,0.3,0,0.1,0.8,0.1,0.2,0,35738.7,1,0.1
42,42,4,0.1,0.5,0.1,0.4,0.6,0,0.2,1.6,0.1,0.4,0,71477.3,1.9,0.2
42,67,1,0,0,0,0.1,0.2,0,0.3,0.2,0.1,0.1,0,17326.7,0.5,0.1
43,0,1,0.1,0.2,0,0.2,0.3,0,0.1,0.1,0,0,0,17521.9,0.4,0.1
43,14,2,0.1,0.2,0.2,0.1,0.6,0,0.3,0.4,0.1,0,0,35336.2,0.8,0.2
43,36,3,0.3,0.1,0,0.2,0.6,0,0.3,0.8,0.4,0.3,0,50585.3,1.3,0.4
43,37,8,0.7,0.4,0.1,0.5,1.5,0,0.7,2.3,1,0.8,0,134894.2,3.5,1
43,41,7,0.2,0.9,0.2,0.6,1.1,0,0.4,2.8,0.2,0.6,0,125085.3,3.4,0.4
43,42,5,0.1,0.6,0.1,0.5,0.8,0,0.3,2,0.1,0.5,0,89346.7,2.4,0.3
43,81,2,0.1,0.1,0,0.1,0.7,0,0.2,0.5,0.1,0.2,0,32505.8,1,0.3
43,86,1,0,0,0.1,0.1,0.1,0,0.2,0.3,0,0.2,0,17544.8,0.5,0.1
44,18,3,0.1,0.3,0.2,0.2,0.6,0.1,0.4,0.6,0,0.2,0.3,57305.4,1.1,0.1
44,34,2,0.1,0,0.1,0.2,0.3,0,0.4,0.5,0.2,0.2,0,33219.2,1,0.4
44,36,8,0.7,0.4,0.1,0.5,1.5,0,0.7,2.3,1,0.8,0,134894.2,3.5,1
44,41,2,0,0.2,0.1,0.2,0.3,0,0.1,0.8,0.1,0.2,0,35738.7,1,0.1
44,43,4,0.1,0.5,0.1,0.4,0.6,0,0.2,1.6,0.1,0.4,0,71477.3,1.9,0.2
44,45,2,0,0.2,0.1,0.2,0.3,0,0.1,0.8,0.1,0.2,0,35738.7,1,0.1
44,67,1,0,0,0,0.1,0.2,0,0.3,0.2,0.1,0.1,0,17326.7,0.5,0.1
44,83,5,0.2,0.2,0.1,0.2,1.7,0.1,0.5,1.3,0.2,0.5,0,81264.4,2.5,0.7
45,28,3,0.1,0,0.1,0.3,0.4,0,0.6,0.8,0.3,0.4,0,49828.8,1.5,0.6
45,29,1,0,0,0.1,0.1,0.1,0,0.2,0.3,0.1,0.1,0,16609.6,0.5,0.2
45,32,3,0.1,0,0.1,0.3,0.4,0,0.6,0.8,0.3,0.4,0,49828.8,1.5,0.6
45,34,1,0,0,0.1,0.1,0.1,0,0.2,0.3,0.1,0.1,0,16609.6,0.5,0.2
45,35,2,0.1,0,0.1,0.2,0.3,0,0.4,0.5,0.2,0.2,0,33219.2,1,0.4
45,36,28,2,1,1,4,6,0,4,5,1,4,0,462931.3,13,2
45,37,1,0.1,0,0.1,0.1,0.1,0,0.1,0.2,0.1,0.1,0.1,19318.5,0.4,0
45,38,5,0.3,0,0.4,0.7,0.5,0.2,0.7,0.9,0.3,0.5,0.5,96592.4,2.1,0.2
45,71,2,0,0.1,0.1,0.3,0.4,0,0.5,0.4,0.1,0.1,0,34653.5,1,0.3
45,83,12,0.5,0.5,0.3,0.6,4.1,0.3,1.1,3,0.5,1.1,0,195034.6,6,1.6
45,84,15,0,0,1,1,1,0,5,2,0,5,0,224833.7,11,3
45,96,1,0.1,0.1,0.1,0.1,0.2,0,0.1,0.1,0,0.2,0,18622,0.5,0.2
46,24,7,0.3,0.8,0.4,0.6,1.4,0.1,0.9,1.4,0,0.5,0.6,133712.5,2.6,0.2
46,28,1,0,0,0.1,0.1,0.1,0,0.2,0.3,0.1,0.1,0,16609.6,0.5,0.2
46,29,2,0.1,0,0.1,0.2,0.3,0,0.4,0.5,0.2,0.2,0,33219.2,1,0.4
46,35,4,0.2,0,0.2,0.5,0.5,0,0.7,1,0.4,0.5,0,66438.4,2,0.7
46,36,4,0.3,0,0.3,0.5,0.4,0.1,0.6,0.7,0.3,0.4,0.4,77273.9,1.7,0.1
46,37,6,0.4,0,0.4,0.8,0.6,0.2,0.9,1.1,0.4,0.6,0.6,115910.8,2.5,0.2
46,41,2,0,0.2,0.1,0.2,0.3,0,0.1,0.8,0.1,0.2,0,35738.7,1,0.1
46,49,6,0.5,0.8,0.1,1.1,1.3,0.1,1.6,0.1,0.1,0.3,0,117632.8,2.3,0.5
46,75,4,0,0.1,0.1,0.5,0.8,0.1,1.1,0.9,0.2,0.2,0,69306.9,2.1,0.5
46,84,2,0.1,0.1,0,0.1,0.7,0,0.2,0.5,0.1,0.2,0,32505.8,1,0.3
46,85,3,0.1,0.1,0.1,0.1,1,0.1,0.3,0.8,0.1,0.3,0,48758.7,1.5,0.4
46,91,1,0,0,0,0.1,0.4,0,0.1,0.2,0,0.2,0,15751.9,0.6,0.1
46,92,3,0,0.1,0,0.1,1.1,0.1,0.3,0.7,0.1,0.5,0,47255.7,1.8,0.4
47,5,5,0.5,0.8,0,0.8,1.4,0,0.7,0.3,0.3,0.1,0.1,87609.6,2.1,0.7
47,24,2,0.1,0.2,0.1,0.2,0.4,0,0.3,0.4,0,0.1,0.2,38203.6,0.7,0
47,25,7,0.3,0.8,0.4,0.6,1.4,0.1,0.9,1.4,0,0.5,0.6,133712.5,2.6,0.2
47,35,3,0.1,0,0.1,0.3,0.4,0,0.6,0.8,0.3,0.4,0,49828.8,1.5,0.6
47,36,2,0.1,0,0.1,0.3,0.2,0.1,0.3,0.4,0.1,0.2,0.2,38636.9,0.8,0.1
47,37,1,0.1,0,0.1,0.1,0.1,0,0.1,0.2,0.1,0.1,0.1,19318.5,0.4,0
47,48,3,0.2,0.4,0.1,0.5,0.6,0.1,0.8,0.1,0.1,0.1,0,58816.4,1.2,0.3
47,50,3,0.2,0.4,0.1,0.5,0.6,0.1,0.8,0.1,0.1,0.1,0,58816.4,1.2,0.3
47,65,1,0,0,0,0.1,0.2,0,0.3,0.2,0.1,0.1,0,17326.7,0.5,0.1
47,80,2,0.1,0.1,0,0.1,0.7,0,0.2,0.5,0.1,0.2,0,32505.8,1,0.3
47,85,1,0,0.1,0,0.1,0.3,0,0.1,0.3,0,0.1,0,16252.9,0.5,0.1
47,94,7,0,0.3,0,0.3,2.5,0.3,0.6,1.5,0.3,1.2,0,110263.4,4.3,0.9
48,10,2,0.1,0.2,0.2,0.1,0.6,0,0.3,0.4,0.1,0,0,35336.2,0.8,0.2
48,18,2,0.1,0.2,0.1,0.2,0.4,0,0.3,0.4,0,0.1,0.2,38203.6,0.7,0
48,30,2,0.1,0,0.1,0.2,0.3,0,0.4,0.5,0.2,0.2,0,33219.2,1,0.4
48,34,11,0.5,0,0.5,1.3,1.5,0,2.1,2.8,1,1.3,0,182705.7,5.4,2
48,48,2,0.2,0.3,0,0.4,0.4,0,0.5,0.1,0,0.1,0,39210.9,0.8,0.2
48,62,1,0,0,0,0.1,0.2,0,0.3,0.2,0.1,0.1,0,17326.7,0.5,0.1
48,73,3,0,0.1,0.1,0.4,0.6,0.1,0.8,0.6,0.1,0.2,0,51980.2,1.5,0.4
48,85,3,0.1,0.1,0.1,0.1,1,0.1,0.3,0.8,0.1,0.3,0,48758.7,1.5,0.4
48,86,1,0,0,0.1,0.1,0.1,0,0.2,0.3,0,0.2,0,17544.8,0.5,0.1
48,94,5,0,0.2,0,0.2,1.8,0.2,0.4,1.1,0.2,0.9,0,78759.5,3,0.7
48,95,3,0,0.1,0,0.1,1.1,0.1,0.3,0.7,0.1,0.5,0,47255.7,1.8,0.4
49,7,3,0.1,0.3,0.3,0.1,1,0,0.4,0.6,0.2,0,0,53004.2,1.3,0.3
49,28,3,0.1,0,0.1,0.3,0.4,0,0.6,0.8,0.3,0.4,0,49828.8,1.5,0.6
49,30,2,0.1,0,0.1,0.2,0.3,0,0.4,0.5,0.2,0.2,0,33219.2,1,0.4
49,34,2,0.1,0,0.1,0.2,0.3,0,0.4,0.5,0.2,0.2,0,33219.2,1,0.4
49,38,6,0.4,0,0.4,0.8,0.6,0.2,0.9,1.1,0.4,0.6,0.6,115910.8,2.5,0.2
49,39,4,0.3,0,0.3,0.5,0.4,0.1,0.6,0.7,0.3,0.4,0.4,77273.9,1.7,0.1
49,75,12,0,0.3,0.3,1.6,2.3,0.3,3.2,2.6,0.7,0.7,0,207920.7,6.2,1.6
49,76,7,0.3,0.3,0.2,0.3,2.4,0.2,0.6,1.8,0.3,0.6,0,113770.2,3.5,1
49,77,2,0.1,0.1,0,0.1,0.7,0,0.2,0.5,0.1,0.2,0,32505.8,1,0.3
49,82,2,0.1,0.1,0,0.1,0.7,0,0.2,0.5,0.1,0.2,0,32505.8,1,0.3
49,87,4,0.1,0,0.3,0.3,0.4,0.1,0.8,1.3,0,0.7,0,70179.3,1.9,0.4
49,93,4,0,0.2,0,0.2,1.4,0.2,0.3,0.8,0.2,0.7,0,63007.6,2.4,0.5
50,14,2,0,0.1,0.1,0,0.7,0,0.5,0.3,0,0.1,0.2,42200.5,0.9,0.1
50,45,2,0,0,0.1,0.1,0.1,0,0.5,0.6,0,0.6,0,38547.9,1.2,0.3
50,46,2,0,0,0.3,0,0.6,0,0.4,0.4,0,0.3,0,27528.2,1,0.1
50,47,1,0,0,0.1,0,0.3,0,0.2,0.2,0,0.2,0,13764.1,0.5,0
50,52,3,0.2,0.4,0.1,0.5,0.6,0.1,0.8,0.1,0.1,0.1,0,58816.4,1.2,0.3
50,53,11,1,1.4,0.2,1.9,2.4,0.2,2.9,0.3,0.2,0.5,0,215660.1,4.3,1
50,58,4,0,0.2,0.2,0.2,0.8,0.1,1.1,0.8,0.1,0.3,0.2,70908.9,1.9,0.6
50,72,2,0,0.1,0.1,0.3,0.4,0,0.5,0.4,0.1,0.1,0,34653.5,1,0.3
50,75,2,0,0.1,0.1,0.3,0.4,0,0.5,0.4,0.1,0.1,0,34653.5,1,0.3
50,76,14,0,1,0.7,1,2.9,0,1,4.2,0,2.9,0.3,254009.2,7.5,2
50,77,6,0,0.4,0.3,0.4,1.3,0,0.4,1.8,0,1.3,0.1,108861.1,3.2,0.8
50,93,1,0,0,0.1,0.1,0.1,0,0.2,0.3,0,0.2,0,17544.8,0.5,0.1
51,43,1,0,0,0,0,0.1,0,0.3,0.3,0,0.3,0,19273.9,0.6,0.1
51,44,1,0,0,0,0,0.1,0,0.3,0.3,0,0.3,0,19273.9,0.6,0.1
51,45,17,0,0.5,0.5,0.5,0.5,0,4.5,5.5,0,5,0,327657,10.5,2.5
51,53,6,0.5,0.8,0.1,1.1,1.3,0.1,1.6,0.1,0.1,0.3,0,117632.8,2.3,0.5
51,56,2,0,0.1,0.1,0.1,0.4,0,0.5,0.4,0.1,0.2,0.1,35454.4,1,0.3
51,58,2,0,0.1,0.1,0.1,0.4,0,0.5,0.4,0.1,0.2,0.1,35454.4,1,0.3
51,59,2,0,0.1,0.1,0.1,0.4,0,0.5,0.4,0.1,0.2,0.1,35454.4,1,0.3
51,60,2,0,0.1,0.1,0.1,0.4,0,0.5,0.4,0.1,0.2,0.1,35454.4,1,0.3
51,75,2,0,0.1,0.1,0.3,0.4,0,0.5,0.4,0.1,0.1,0,34653.5,1,0.3
51,76,3,0,0.2,0.2,0.2,0.6,0,0.2,0.9,0,0.6,0.1,54430.5,1.6,0.4
51,78,3,0,0.2,0.2,0.2,0.6,0,0.2,0.9,0,0.6,0.1,54430.5,1.6,0.4
51,92,4,0.1,0,0.3,0.3,0.4,0.1,0.8,1.3,0,0.7,0,70179.3,1.9,0.4
51,93,2,0.1,0,0.1,0.1,0.2,0.1,0.4,0.7,0,0.3,0,35089.6,0.9,0.2
52,35,4,0.2,0.4,0.3,0.3,0.8,0.1,0.5,0.8,0,0.3,0.3,76407.2,1.5,0.1
52,42,4,0,0.1,0.1,0.1,0.1,0,1.1,1.3,0,1.2,0,77095.8,2.5,0.6
52,45,3,0,0.1,0.1,0.1,0.1,0,0.8,0.9,0,0.9,0,57821.8,1.9,0.4
52,46,3,0,0,0.4,0,1,0,0.6,0.6,0,0.4,0,41292.4,1.6,0.1
52,49,4,0,0,0.6,0,1.3,0,0.7,0.8,0,0.6,0,55056.5,2.1,0.2
52,52,1,0.1,0.1,0,0.2,0.2,0,0.3,0,0,0.1,0,19605.5,0.4,0.1
52,53,2,0.2,0.3,0,0.4,0.4,0,0.5,0.1,0,0.1,0,39210.9,0.8,0.2
52,56,2,0,0.1,0.1,0.1,0.4,0,0.5,0.4,0.1,0.2,0.1,35454.4,1,0.3
52,61,1,0,0.1,0,0,0.2,0,0.3,0.2,0,0.1,0.1,17727.2,0.5,0.1
52,65,1,0,0.1,0,0,0.2,0,0.3,0.2,0,0.1,0.1,17727.2,0.5,0.1
52,78,4,0,0.3,0.2,0.3,0.8,0,0.3,1.2,0,0.8,0.1,72574,2.1,0.6
53,12,3,0,0.1,0.1,0,1.1,0,0.7,0.5,0,0.2,0.3,63300.8,1.3,0.1
53,19,7,0.3,0.8,0.4,0.6,1.4,0.1,0.9,1.4,0,0.5,0.6,133712.5,2.6,0.2
53,24,2,0.1,0.2,0.1,0.2,0.4,0,0.3,0.4,0,0.1,0.2,38203.6,0.7,0
53,45,5,0,0.1,0.1,0.2,0.2,0,1.3,1.6,0,1.5,0,96369.7,3.1,0.7
53,47,1,0,0,0.1,0,0.3,0,0.2,0.2,0,0.2,0,13764.1,0.5,0
53,60,2,0,0.1,0.1,0.1,0.4,0,0.5,0.4,0.1,0.2,0.1,35454.4,1,0.3
53,73,1,0,0,0,0.1,0.2,0,0.3,0.2,0.1,0.1,0,17326.7,0.5,0.1
53,92,2,0.1,0,0.1,0.1,0.2,0.1,0.4,0.7,0,0.3,0,35089.6,0.9,0.2
53,93,6,0.2,0,0.4,0.4,0.6,0.2,1.2,2,0,1,0,105268.9,2.8,0.6
53,98,1,0.1,0.1,0.1,0.1,0.2,0,0.1,0.1,0,0.2,0,18622,0.5,0.2
53,99,1,0.1,0.1,0.1,0.1,0.2,0,0.1,0.1,0,0.2,0,18622,0.5,0.2
53,103,2,0.1,0.1,0.1,0.2,0.5,0,0.2,0.3,0,0.5,0,37244.1,1,0.3
54,42,1,0,0,0,0,0.1,0,0.3,0.3,0,0.3,0,19273.9,0.6,0.1
54,46,2,0,0,0.3,0,0.6,0,0.4,0.4,0,0.3,0,27528.2,1,0.1
54,49,5,0,0,0.7,0,1.7,0,0.9,1,0,0.7,0,68820.6,2.6,0.2
54,50,3,0,0,0.4,0,1,0,0.6,0.6,0,0.4,0,41292.4,1.6,0.1
54,57,2,0,0.1,0.1,0.1,0.4,0,0.5,0.4,0.1,0.2,0.1,35454.4,1,0.3
54,58,3,0,0.2,0.1,0.1,0.6,0.1,0.8,0.6,0.1,0.3,0.1,53181.7,1.4,0.4
54,61,1,0,0.1,0,0,0.2,0,0.3,0.2,0,0.1,0.1,17727.2,0.5,0.1
54,74,3,0,0.1,0.1,0.4,0.6,0.1,0.8,0.6,0.1,0.2,0,51980.2,1.5,0.4
54,76,4,0,0.3,0.2,0.3,0.8,0,0.3,1.2,0,0.8,0.1,72574,2.1,0.6
54,77,5,0,0.4,0.2,0.4,1,0,0.4,1.5,0,1,0.1,90717.6,2.7,0.7
54,78,4,0,0.3,0.2,0.3,0.8,0,0.3,1.2,0,0.8,0.1,72574,2.1,0.6
54,99,5,0.3,0.3,0.3,0.5,1.3,0,0.4,0.7,0,1.2,0,93110.1,2.5,0.8
55,12,2,0,0.1,0.1,0,0.7,0,0.5,0.3,0,0.1,0.2,42200.5,0.9,0.1
55,41,5,0.2,0.7,0.3,1,1.1,0.2,0.3,0.7,0.2,0.3,0,93457.9,2.3,0.5
55,49,4,0.3,0.5,0.1,0.7,0.9,0.1,1,0.1,0.1,0.2,0,78421.8,1.6,0.3
55,51,1,0.1,0.1,0,0.2,0.2,0,0.3,0,0,0.1,0,19605.5,0.4,0.1
55,57,2,0,0.1,0.1,0.1,0.4,0,0.5,0.4,0.1,0.2,0.1,35454.4,1,0.3
55,58,4,0,0.2,0.2,0.2,0.8,0.1,1.1,0.8,0.1,0.3,0.2,70908.9,1.9,0.6
55,60,4,0,0.2,0.2,0.2,0.8,0.1,1.1,0.8,0.1,0.3,0.2,70908.9,1.9,0.6
55,78,7,0.1,0.7,0.3,0.7,1.3,0,1.3,2,0.3,0.3,0,125909.7,3.5,0.4
55,79,1,0,0.1,0,0.1,0.2,0,0.2,0.3,0,0.1,0,17987.1,0.5,0.1
55,80,6,0.1,0.6,0.3,0.6,1.1,0,1.1,1.7,0.2,0.3,0,107922.6,3,0.4
55,81,2,0,0.2,0.1,0.2,0.3,0,0.4,0.6,0.1,0.1,0,35974.2,1,0.1
56,4,4,0.4,0.6,0,0.7,1.2,0,0.5,0.2,0.2,0.1,0.1,70087.7,1.7,0.5
56,12,2,0,0.1,0.1,0,0.7,0,0.5,0.3,0,0.1,0.2,42200.5,0.9,0.1
56,40,5,0.2,0.7,0.3,1,1.1,0.2,0.3,0.7,0.2,0.3,0,93457.9,2.3,0.5
56,44,4,0.1,0.5,0.3,0.8,1,0.1,0.3,0.5,0.1,0.3,0,74766.3,1.9,0.4
56,61,2,0.1,0.3,0.1,0.3,0.3,0,0.3,0.3,0.1,0.2,0,31430.6,0.9,0.2
56,82,3,0.1,0.3,0.1,0.3,0.5,0,0.6,0.9,0.1,0.1,0,53961.3,1.5,0.2
56,84,2,0,0.2,0.1,0.2,0.3,0,0.4,0.6,0.1,0.1,0,35974.2,1,0.1
56,92,5,0.2,0,0.3,0.3,0.5,0.2,1,1.7,0,0.8,0,87724.1,2.3,0.5
57,11,3,0,0.1,0.1,0,1.1,0,0.7,0.5,0,0.2,0.3,63300.8,1.3,0.1
57,13,2,0,0.1,0.1,0,0.7,0,0.5,0.3,0,0.1,0.2,42200.5,0.9,0.1
57,15,3,0,0.1,0.1,0,1.1,0,0.7,0.5,0,0.2,0.3,63300.8,1.3,0.1
57,40,1,0,0.1,0.1,0.2,0.3,0,0.1,0.1,0,0.1,0,18691.6,0.5,0.1
57,41,7,0.2,0.9,0.5,1.4,1.6,0.2,0.5,1,0.2,0.5,0,130841,3.3,0.7
57,42,3,0.1,0.4,0.2,0.6,0.7,0.1,0.2,0.4,0.1,0.2,0,56074.7,1.4,0.3
57,44,1,0,0.1,0.1,0.2,0.3,0,0.1,0.1,0,0.1,0,18691.6,0.5,0.1
57,56,2,0,0.1,0.1,0.1,0.4,0,0.5,0.4,0.1,0.2,0.1,35454.4,1,0.3
57,61,2,0.1,0.3,0.1,0.3,0.3,0,0.3,0.3,0.1,0.2,0,31430.6,0.9,0.2
57,76,4,0.1,0.4,0.2,0.4,0.7,0,0.7,1.1,0.2,0.2,0,71948.4,2,0.2
57,77,8,0.2,0.8,0.3,0.8,1.5,0,1.5,2.3,0.3,0.3,0,143896.8,4,0.5
57,83,1,0,0.1,0,0.1,0.2,0,0.2,0.3,0,0.1,0,17987.1,0.5,0.1
57,95,2,0.1,0,0.1,0.1,0.2,0.1,0.4,0.7,0,0.3,0,35089.6,0.9,0.2
57,99,3,0.2,0.2,0.2,0.3,0.8,0,0.2,0.4,0,0.7,0,55866.1,1.5,0.5
58,1,4,0.4,0.6,0,0.7,1.2,0,0.5,0.2,0.2,0.1,0.1,70087.7,1.7,0.5
58,13,2,0,0.1,0.1,0,0.7,0,0.5,0.3,0,0.1,0.2,42200.5,0.9,0.1
58,14,4,0,0.2,0.2,0,1.4,0,1,0.6,0,0.3,0.3,84401.1,1.8,0.2
58,27,7,0.3,0.8,0.4,0.6,1.4,0.1,0.9,1.4,0,0.5,0.6,133712.5,2.6,0.2
58,61,11,0.5,1.4,0.5,1.8,1.8,0,1.8,1.8,0.5,0.9,0,172868.2,5,0.9
58,79,2,0,0.2,0.1,0.2,0.3,0,0.4,0.6,0.1,0.1,0,35974.2,1,0.1
58,83,4,0.1,0.4,0.2,0.4,0.7,0,0.7,1.1,0.2,0.2,0,71948.4,2,0.2
58,84,4.5,0.1,0.4,0.2,0.5,0.8,0,0.8,1.3,0.2,0.2,0,80941.9,2.2,0.3
58,100,1,0.1,0.1,0.1,0.1,0.2,0,0.1,0.1,0,0.2,0,18622,0.5,0.2
58,107,6,0.4,0.4,0.4,0.6,1.6,0,0.4,0.8,0,1.4,0,111732.2,3,1
59,2,2,0.2,0.3,0,0.3,0.6,0,0.3,0.1,0.1,0,0.1,35043.8,0.8,0.3
59,15,2,0,0.1,0.1,0,0.7,0,0.5,0.3,0,0.1,0.2,42200.5,0.9,0.1
59,26,4,0.2,0.4,0.3,0.3,0.8,0.1,0.5,0.8,0,0.3,0.3,76407.2,1.5,0.1
59,41,1,0,0.1,0.1,0.2,0.3,0,0.1,0.1,0,0.1,0,18691.6,0.5,0.1
59,42,3,0.1,0.4,0.2,0.6,0.7,0.1,0.2,0.4,0.1,0.2,0,56074.7,1.4,0.3
59,59,11,0,0.7,0.4,0.5,2.3,0.2,3,2.3,0.2,0.9,0.5,194999.4,5.3,1.6
59,60,1,0,0.1,0,0,0.2,0,0.3,0.2,0,0.1,0.1,17727.2,0.5,0.1
59,61,2,0.1,0.3,0.1,0.3,0.3,0,0.3,0.3,0.1,0.2,0,31430.6,0.9,0.2
59,63,7,0.3,0.9,0.3,1.1,1.1,0,1.2,1.2,0.3,0.6,0,110007,3.2,0.6
59,78,4,0.1,0.4,0.2,0.4,0.7,0,0.7,1.1,0.2,0.2,0,71948.4,2,0.2
59,100,5,0.3,0.3,0.3,0.5,1.3,0,0.4,0.7,0,1.2,0,93110.1,2.5,0.8
59,111,5,0.3,0.3,0.3,0.5,1.3,0,0.4,0.7,0,1.2,0,93110.1,2.5,0.8
60,13,22,1,1,1,0,3,0,2,12,0,2,0,442080.2,12,2
60,14,8,0.2,0.6,0.5,0.6,1.7,0,1.6,1.4,0.4,1,0,146359,3.7,0.9
60,34,8,0.1,1,0.7,1.6,1.9,0.2,0.6,1.1,0.3,0.4,0.1,148924.9,3.2,0.6
60,48,3,0.2,0.1,0.2,0.5,0.4,0.1,0.8,0.2,0.3,0.2,0,40235.6,1.2,0.6
60,62,12,0.3,0.9,0.9,0.9,2.4,0.3,2.4,2.4,0,1.2,0.3,169082.9,5.1,2.4
60,63,3,0.1,0.2,0.2,0.2,0.6,0.1,0.6,0.6,0,0.3,0.1,42270.7,1.3,0.6
60,96,5,0,0.4,0.1,0.1,0.9,0,0.7,1.4,0.1,1.3,0,84495.5,2.9,0.7
60,98,1,0,0.1,0,0,0.2,0,0.1,0.3,0,0.3,0,16899.1,0.6,0.1
60,99,3,0,0.2,0.1,0.1,0.5,0,0.4,0.8,0.1,0.8,0,50697.3,1.7,0.4
60,100,13,0,1.1,0.3,0.3,2.2,0,1.9,3.6,0.3,3.3,0,219688.2,7.5,1.9
60,101,7,0.5,0.5,0,0.6,1.1,0.1,0.5,1.9,0.3,1.5,0,122668.7,3.7,0.8
60,111,2,0,0,0.1,0.1,0.3,0,0.5,0.6,0.1,0.3,0,37299.9,1.1,0.2
61,12,7,0.2,0.5,0.4,0.6,1.5,0,1.4,1.2,0.3,0.9,0,128064.1,3.2,0.8
61,13,22,0.7,1.7,1.4,1.7,4.7,0,4.4,3.7,1,2.7,0,402487.2,10.2,2.4
61,14,2,0.1,0.2,0.1,0.2,0.4,0,0.4,0.3,0.1,0.2,0,36589.7,0.9,0.2
61,33,1,0,0.1,0.1,0.2,0.2,0,0.1,0.2,0,0.1,0,18615.6,0.4,0.1
61,62,1,0,0.1,0.1,0.1,0.2,0,0.2,0.2,0,0.1,0,14090.2,0.4,0.2
61,99,1,0,0.1,0,0,0.2,0,0.1,0.3,0,0.3,0,16899.1,0.6,0.1
61,100,13,0,1.1,0.3,0.3,2.2,0,1.9,3.6,0.3,3.3,0,219688.2,7.5,1.9
61,101,17,1.1,1.1,0,1.5,2.7,0.4,1.1,4.5,0.8,3.8,0,297909.7,9.1,1.9
61,102,13,0.9,0.9,0,1.1,2,0.3,0.9,3.4,0.6,2.9,0,227813.3,6.9,1.4
61,104,3,0.2,0.2,0,0.3,0.5,0.1,0.2,0.8,0.1,0.6,0,52572.3,1.6,0.3
61,105,4,0.3,0.3,0,0.3,0.6,0.1,0.3,1,0.2,0.9,0,70096.4,2.1,0.4
61,106,2,0,0.1,0.1,0.2,0.4,0,0.3,0.6,0,0.3,0,38782,1.2,0.4
61,110,4,0.1,0.1,0.1,0.5,0.8,0,0.6,1.2,0,0.6,0,77564,2.5,0.7
61,111,23,0,0,0.8,0.8,4.1,0,6.6,6.6,0.8,3.3,0,428949.3,12.3,2.5
61,112,3,0,0,0.1,0.1,0.5,0,0.9,0.9,0.1,0.4,0,55949.9,1.6,0.3
61,121,6,0,0.6,0,0.3,1.6,0,1.3,0.9,0,1.3,0,124288.6,3.8,0
62,5,2,0.1,0.1,0,0.1,0.2,0.1,0.7,0.4,0.1,0.2,0,35872.5,1,0.1
62,11,1,0,0.1,0.1,0.1,0.2,0,0.2,0.2,0,0.1,0,18294.9,0.5,0.1
62,13,6,0.2,0.4,0.4,0.5,1.3,0,1.2,1,0.3,0.7,0,109769.2,2.8,0.6
62,14,5,0.2,0.4,0.3,0.4,1.1,0,1,0.8,0.2,0.6,0,91474.4,2.3,0.5
62,15,5,0.2,0.4,0.3,0.4,1.1,0,1,0.8,0.2,0.6,0,91474.4,2.3,0.5
62,33,1,0,0.1,0.1,0.2,0.2,0,0.1,0.2,0,0.1,0,18615.6,0.4,0.1
62,63,16,0.4,1.2,1.2,1.2,3.2,0.4,3.2,3.2,0,1.6,0.4,225443.8,6.8,3.2
62,66,5,0.2,0.7,0.2,0.5,0.9,0,0.7,1.1,0,0.5,0.2,99873.4,2.3,0.5
62,84,2,0,0.3,0,0,0.5,0,0.3,0.8,0,0.1,0,36147.6,1.3,0.4
62,85,1,0,0.2,0,0,0.2,0,0.2,0.4,0,0,0,18073.8,0.6,0.2
62,102,1,0.1,0.1,0,0.1,0.1,0,0.1,0.3,0,0.2,0,17524.1,0.5,0.1
62,106,2,0,0.1,0.1,0.2,0.4,0,0.3,0.6,0,0.3,0,38782,1.2,0.4
62,109,4,0.1,0.1,0.1,0.5,0.8,0,0.6,1.2,0,0.6,0,77564,2.5,0.7
62,110,3,0.1,0.1,0.1,0.4,0.6,0,0.4,0.9,0,0.4,0,58173,1.9,0.5
62,117,1,0,0.1,0,0,0.3,0,0.2,0.2,0,0.2,0,20714.8,0.6,0
63,1,5,0.2,0.2,0,0.4,0.5,0.2,1.8,0.9,0.4,0.4,0,89681.2,2.6,0.4
63,15,2,0.1,0.2,0.1,0.2,0.4,0,0.4,0.3,0.1,0.2,0,36589.7,0.9,0.2
63,16,4,0.1,0.5,0.4,0.8,0.9,0.1,0.3,0.5,0.1,0.2,0.1,74462.4,1.6,0.3
63,62,2,0,0.2,0.2,0.2,0.4,0,0.4,0.4,0,0.2,0,28180.5,0.8,0.4
63,66,1,0,0.1,0,0.1,0.2,0,0.2,0.2,0,0.1,0.1,19974.7,0.5,0.1
63,99,2,0,0.2,0,0.1,0.3,0,0.3,0.6,0,0.5,0,33798.2,1.1,0.3
63,100,1,0,0.1,0,0,0.2,0,0.1,0.3,0,0.3,0,16899.1,0.6,0.1
63,106,1,0,0,0,0.1,0.2,0,0.2,0.3,0,0.2,0,19391,0.6,0.2
63,118,2,0,0.2,0,0.1,0.6,0,0.4,0.3,0,0.4,0,41429.5,1.3,0
63,123,2,0,0.2,0,0.1,0.6,0,0.4,0.3,0,0.4,0,41429.5,1.3,0
64,1,3,0.1,0.1,0,0.2,0.4,0.1,1.1,0.6,0.2,0.2,0,53808.7,1.6,0.2
64,2,2,0.1,0.1,0,0.1,0.2,0.1,0.7,0.4,0.1,0.2,0,35872.5,1,0.1
64,5,1,0,0,0,0.1,0.1,0,0.4,0.2,0.1,0.1,0,17936.2,0.5,0.1
64,16,5,0.1,0.6,0.5,1,1.2,0.1,0.4,0.7,0.1,0.2,0.1,93078.1,2,0.4
64,17,3,0,0.4,0.3,0.6,0.7,0.1,0.2,0.4,0.1,0.1,0.1,55846.8,1.2,0.2
64,29,4,0.1,0.5,0.4,0.8,0.9,0.1,0.3,0.5,0.1,0.2,0.1,74462.4,1.6,0.3
64,47,5,0.3,0.1,0.4,0.8,0.7,0.1,1.3,0.4,0.5,0.4,0,67059.4,2,0.9
64,79,1,0,0.2,0,0,0.2,0,0.2,0.4,0,0,0,18073.8,0.6,0.2
64,92,1,0,0,0,0.3,0.2,0.1,0.2,0.1,0.1,0,0,12567.8,0.4,0.2
64,108,3,0.1,0.1,0.1,0.4,0.6,0,0.4,0.9,0,0.4,0,58173,1.9,0.5
64,116,2,0,0.2,0,0.1,0.6,0,0.4,0.3,0,0.4,0,41429.5,1.3,0
64,117,1,0,0.1,0,0,0.3,0,0.2,0.2,0,0.2,0,20714.8,0.6,0
65,2,2,0.1,0.1,0,0.1,0.2,0.1,0.7,0.4,0.1,0.2,0,35872.5,1,0.1
65,73,3.5,0.1,0.5,0.1,0.4,0.6,0,0.5,0.8,0,0.4,0.1,69911.4,1.6,0.4
65,77,2,0,0.3,0,0,0.5,0,0.3,0.8,0,0.1,0,36147.6,1.3,0.4
65,80,1,0,0.2,0,0,0.2,0,0.2,0.4,0,0,0,18073.8,0.6,0.2
65,81,2,0,0.1,0,0.2,0.1,0,0.3,0.8,0.1,0.4,0,36585.2,1.4,0.3
65,94,3,0,0,0.1,0.9,0.7,0.2,0.6,0.2,0.3,0,0,37703.3,1.2,0.6
65,97,1,0,0.1,0,0,0.2,0,0.1,0.3,0,0.3,0,16899.1,0.6,0.1
65,109,2,0,0.1,0.1,0.2,0.4,0,0.3,0.6,0,0.3,0,38782,1.2,0.4
65,125,2,0,0,0,0,0.6,0,0.5,0.4,0,0.5,0,35349,1.3,0.3
66,1,2,0.1,0.1,0,0.1,0.2,0.1,0.7,0.4,0.1,0.2,0,35872.5,1,0.1
66,2,1,0,0,0,0.1,0.1,0,0.4,0.2,0.1,0.1,0,17936.2,0.5,0.1
66,18,4,0.1,0.5,0.4,0.8,0.9,0.1,0.3,0.5,0.1,0.2,0.1,74462.4,1.6,0.3
66,37,2,0.1,0,0.2,0.3,0.3,0,0.5,0.2,0.2,0.2,0,26823.8,0.8,0.4
66,48,1,0,0,0.1,0.2,0.1,0,0.3,0.1,0.1,0.1,0,13411.9,0.4,0.2
66,65,2,0,0.2,0.2,0.2,0.4,0,0.4,0.4,0,0.2,0,28180.5,0.8,0.4
66,67,1,0,0.1,0,0.1,0.2,0,0.2,0.2,0,0.1,0.1,19974.7,0.5,0.1
66,68,3,0.1,0.4,0.1,0.3,0.6,0,0.4,0.7,0,0.3,0.1,59924.1,1.4,0.3
66,69,2,0.1,0.3,0.1,0.2,0.3,0,0.3,0.4,0,0.2,0.1,39949.4,0.9,0.2
66,77,3,0,0.4,0,0,0.7,0,0.5,1.2,0,0.2,0,54221.4,2,0.6
66,78,2,0,0.3,0,0,0.5,0,0.3,0.8,0,0.1,0,36147.6,1.3,0.4
66,81,5,0,0.3,0,0.5,0.3,0,0.8,1.8,0.3,1,0,91462.9,3.4,0.8
66,82,6,0,0.3,0,0.6,0.3,0,1,2.2,0.3,1.3,0,109755.5,4.1,0.9
66,94,2,0,0,0.1,0.6,0.5,0.1,0.4,0.1,0.2,0,0,25135.6,0.8,0.4
66,97,4,0,0.3,0.1,0.1,0.7,0,0.6,1.1,0.1,1,0,67596.4,2.3,0.6
66,109,2,0,0.1,0.1,0.2,0.4,0,0.3,0.6,0,0.3,0,38782,1.2,0.4
66,110,2,0,0.1,0.1,0.2,0.4,0,0.3,0.6,0,0.3,0,38782,1.2,0.4
66,124,2,0,0,0,0,0.6,0,0.5,0.4,0,0.5,0,35349,1.3,0.3
66,125,6,0,0,0,0,1.8,0,1.5,1.2,0,1.5,0,106047.1,3.9,0.9
67,1,1,0,0,0,0.1,0.1,0,0.4,0.2,0.1,0.1,0,17936.2,0.5,0.1
67,21,4,0.1,0.5,0.4,0.8,0.9,0.1,0.3,0.5,0.1,0.2,0.1,74462.4,1.6,0.3
67,28,2,0,0.2,0.2,0.4,0.5,0.1,0.1,0.3,0.1,0.1,0,37231.2,0.8,0.2
67,46,4,0.2,0.1,0.3,0.7,0.5,0.1,1.1,0.3,0.4,0.3,0,53647.5,1.6,0.7
67,61,3,0.1,0.2,0.2,0.2,0.6,0.1,0.6,0.6,0,0.3,0.1,42270.7,1.3,0.6
67,69,3,0.1,0.4,0.1,0.3,0.6,0,0.4,0.7,0,0.3,0.1,59924.1,1.4,0.3
67,77,4,0,0.6,0,0,1,0,0.6,1.6,0,0.2,0,72295.2,2.6,0.8
67,82,5,0,0.3,0,0.5,0.3,0,0.8,1.8,0.3,1,0,91462.9,3.4,0.8
67,84,1,0,0,0,0.1,0.1,0,0.2,0.4,0,0.2,0,18292.6,0.7,0.2
67,110,4,0.1,0.1,0.1,0.5,0.8,0,0.6,1.2,0,0.6,0,77564,2.5,0.7
67,125,6,0,0,0,0,1.8,0,1.5,1.2,0,1.5,0,106047.1,3.9,0.9
68,12,4,0.1,0.3,0.2,0.3,0.9,0,0.8,0.7,0.2,0.5,0,73179.5,1.8,0.4
68,68,2,0.1,0.3,0.1,0.2,0.3,0,0.3,0.4,0,0.2,0.1,39949.4,0.9,0.2
68,77,3,0,0.4,0,0,0.7,0,0.5,1.2,0,0.2,0,54221.4,2,0.6
68,110,4,0.1,0.1,0.1,0.5,0.8,0,0.6,1.2,0,0.6,0,77564,2.5,0.7
68,125,4,0,0,0,0,1.2,0,1,0.8,0,1,0,70698.1,2.6,0.6
69,3,2,0.1,0.1,0,0.1,0.2,0.1,0.7,0.4,0.1,0.2,0,35872.5,1,0.1
69,10,3,0.1,0.2,0.2,0.2,0.7,0,0.6,0.5,0.1,0.4,0,54884.6,1.4,0.3
69,35,4,0.1,0.5,0.4,0.8,0.9,0.1,0.3,0.5,0.1,0.2,0.1,74462.4,1.6,0.3
69,59,1,0,0.1,0.1,0.1,0.2,0,0.2,0.2,0,0.1,0,14090.2,0.4,0.2
69,73,1,0,0.1,0,0.1,0.2,0,0.2,0.2,0,0.1,0.1,19974.7,0.5,0.1
69,75,2,0.1,0.3,0.1,0.2,0.3,0,0.3,0.4,0,0.2,0.1,39949.4,0.9,0.2
69,77,1,0,0.2,0,0,0.2,0,0.2,0.4,0,0,0,18073.8,0.6,0.2
69,100,3,0,0.2,0.1,0.1,0.5,0,0.4,0.8,0.1,0.8,0,50697.3,1.7,0.4
69,109,1,0,0,0,0.1,0.2,0,0.2,0.3,0,0.2,0,19391,0.6,0.2
70,42,2,0.1,0,0.2,0.3,0.3,0,0.5,0.2,0.2,0.2,0,26823.8,0.8,0.4
70,84,4,0,0,0.1,1.1,1,0.3,0.8,0.3,0.4,0,0,50271.1,1.7,0.8
70,101,1,0,0.1,0,0.1,0.2,0,0.2,0.2,0.1,0.1,0,23820.6,0.5,0
71,0,8,0.1,0.3,0.1,1.1,1,0.5,1,2.4,1,0.4,0.1,135900,3.4,0.8
71,8,2,0.2,0.1,0,0.2,0.2,0.1,0.5,0.4,0,0.3,0,33423.2,0.9,0.2
71,11,1,0.1,0,0,0.1,0.1,0,0.3,0.2,0,0.2,0,16711.6,0.5,0.1
71,47,2,0.1,0,0.1,0.1,0.3,0,0.5,0.4,0.1,0.4,0,28613.8,1.1,0.4
71,56,1,0,0.1,0,0.1,0.4,0,0.2,0.2,0,0,0,18366.7,0.5,0.2
71,60,2,0,0.2,0.1,0.2,0.7,0,0.4,0.3,0,0,0.1,36733.5,1,0.4
71,64,4,0,0.4,0.1,0.4,1.4,0,0.9,0.6,0.1,0,0.1,73467,2,0.8
71,67,12,0.4,1.6,0.4,1.3,2.2,0,1.7,2.6,0,1.3,0.5,239696.3,5.4,1.3
71,79,4,0,0,0.1,1.1,1,0.3,0.8,0.3,0.4,0,0,50271.1,1.7,0.8
71,84,2,0,0,0.1,0.6,0.5,0.1,0.4,0.1,0.2,0,0,25135.6,0.8,0.4
72,6,2,0.2,0.1,0,0.2,0.2,0.1,0.5,0.4,0,0.3,0,33423.2,0.9,0.2
72,11,2,0.2,0.1,0,0.2,0.2,0.1,0.5,0.4,0,0.3,0,33423.2,0.9,0.2
72,13,6,0.7,0.2,0,0.7,0.5,0.2,1.5,1.4,0,0.8,0,100269.6,2.7,0.7
72,45,2,0.1,0,0.2,0.3,0.3,0,0.5,0.2,0.2,0.2,0,26823.8,0.8,0.4
72,47,11,0.9,0,0.4,0.9,1.7,0,2.5,2.1,0.4,2.1,0,157376,5.9,2.1
72,48,3,0.2,0,0.1,0.2,0.5,0,0.7,0.6,0.1,0.6,0,42920.7,1.6,0.6
72,60,1,0,0.1,0,0.1,0.4,0,0.2,0.2,0,0,0,18366.7,0.5,0.2
72,64,1,0,0.1,0,0.1,0.4,0,0.2,0.2,0,0,0,18366.7,0.5,0.2
72,66,2,0.1,0.3,0.1,0.2,0.3,0,0.3,0.4,0,0.2,0.1,39949.4,0.9,0.2
72,67,2,0.1,0.3,0.1,0.2,0.3,0,0.3,0.4,0,0.2,0.1,39949.4,0.9,0.2
72,83,1,0,0,0,0.3,0.2,0.1,0.2,0.1,0.1,0,0,12567.8,0.4,0.2
72,84,3,0,0,0.1,0.9,0.7,0.2,0.6,0.2,0.3,0,0,37703.3,1.2,0.6
72,91,4,0,0,0.1,1.1,1,0.3,0.8,0.3,0.4,0,0,50271.1,1.7,0.8
72,127,5,0,0.5,0,0.4,1.2,0.1,0.8,0.9,0.5,0.4,0.2,99732.7,1.8,0.2
73,1,5,0.1,0.2,0.1,0.7,0.6,0.3,0.6,1.5,0.6,0.2,0.1,84937.5,2.1,0.5
73,6,2,0.2,0.1,0,0.2,0.2,0.1,0.5,0.4,0,0.3,0,33423.2,0.9,0.2
73,13,4,0.5,0.1,0,0.5,0.3,0.1,1,0.9,0,0.6,0,66846.4,1.8,0.5
73,16,1,0,0.1,0.1,0.2,0.2,0,0.1,0.2,0,0.1,0,18615.6,0.4,0.1
73,17,1,0,0.1,0.1,0.2,0.2,0,0.1,0.2,0,0.1,0,18615.6,0.4,0.1
73,24,1,0,0.1,0.1,0.2,0.2,0,0.1,0.2,0,0.1,0,18615.6,0.4,0.1
73,25,2,0,0.2,0.2,0.4,0.5,0.1,0.1,0.3,0.1,0.1,0,37231.2,0.8,0.2
73,39,7,0.4,0.2,0.5,1.1,0.9,0.2,1.8,0.6,0.7,0.6,0,93883.1,2.8,1.3
73,40,2,0.1,0,0.2,0.3,0.3,0,0.5,0.2,0.2,0.2,0,26823.8,0.8,0.4
73,50,3,0.2,0,0.1,0.2,0.5,0,0.7,0.6,0.1,0.6,0,42920.7,1.6,0.6
73,51,2,0.1,0,0.1,0.1,0.3,0,0.5,0.4,0.1,0.4,0,28613.8,1.1,0.4
73,57,2,0,0.2,0.1,0.2,0.7,0,0.4,0.3,0,0,0.1,36733.5,1,0.4
73,60,1,0,0.1,0,0.1,0.4,0,0.2,0.2,0,0,0,18366.7,0.5,0.2
73,69,2,0.1,0.3,0.1,0.2,0.3,0,0.3,0.4,0,0.2,0.1,39949.4,0.9,0.2
73,90,2,0,0,0.1,0.6,0.5,0.1,0.4,0.1,0.2,0,0,25135.6,0.8,0.4
73,113,1,0,0.1,0,0.1,0.2,0,0.2,0.2,0.1,0.1,0,23820.6,0.5,0
73,115,3,0,0.2,0,0.2,0.7,0,0.5,0.7,0.5,0.2,0,71461.9,1.4,0.1
73,116,4,0,0.4,0,0.2,1.1,0,0.8,0.6,0,0.9,0,82859,2.5,0
73,126,4,0,0.4,0,0.3,0.9,0.1,0.7,0.7,0.4,0.3,0.2,79786.2,1.5,0.2
73,127,9,0,0.9,0,0.7,2.2,0.2,1.5,1.5,0.9,0.7,0.4,179518.9,3.3,0.4
74,1,9,0.1,0.3,0.1,1.2,1.1,0.6,1.1,2.7,1.1,0.5,0.2,152887.5,3.8,0.9
74,4,5,0.1,0.2,0.1,0.7,0.6,0.3,0.6,1.5,0.6,0.2,0.1,84937.5,2.1,0.5
74,5,2,0,0.1,0,0.3,0.3,0.1,0.3,0.6,0.2,0.1,0,33975,0.8,0.2
74,7,3,0.3,0.1,0,0.3,0.3,0.1,0.8,0.7,0,0.4,0,50134.8,1.4,0.3
74,8,2,0.2,0.1,0,0.2,0.2,0.1,0.5,0.4,0,0.3,0,33423.2,0.9,0.2
74,9,1,0.1,0,0,0.1,0.1,0,0.3,0.2,0,0.2,0,16711.6,0.5,0.1
74,30,2,0,0.2,0.2,0.4,0.5,0.1,0.1,0.3,0.1,0.1,0,37231.2,0.8,0.2
74,38,4,0.2,0.1,0.3,0.7,0.5,0.1,1.1,0.3,0.4,0.3,0,53647.5,1.6,0.7
74,44,5,0.3,0.1,0.4,0.8,0.7,0.1,1.3,0.4,0.5,0.4,0,67059.4,2,0.9
74,48,4,0.3,0,0.2,0.3,0.6,0,0.9,0.8,0.1,0.8,0,57227.6,2.2,0.8
74,61,1,0,0.1,0,0.1,0.4,0,0.2,0.2,0,0,0,18366.7,0.5,0.2
74,75,1,0,0.1,0,0.1,0.2,0,0.2,0.2,0,0.1,0.1,19974.7,0.5,0.1
74,105,1,0,0.1,0,0.1,0.2,0,0.2,0.2,0.1,0.1,0,23820.6,0.5,0
74,106,2,0,0.1,0,0.1,0.5,0,0.3,0.5,0.3,0.2,0,47641.3,0.9,0.1
75,0,13,0,1,1,0.3,4.8,0,1.5,3.1,0,1,0.3,252619.1,6.1,1
75,1,43,1,2,4,3,15,0,12,1,3,2,0,1082221.8,17,1
75,2,13,0.8,0.3,0.5,1.8,1.8,0.3,2.6,2.4,0.1,2.4,0,243909.7,7.4,1.6
75,3,21,1,1,1,2,3,0,2,9,1,1,0,328946.2,13,3
75,4,4,0.2,0.1,0.2,0.6,0.6,0.1,0.8,0.7,0,0.7,0,75049.1,2.3,0.5
75,5,1,0.1,0,0,0.1,0.2,0,0.2,0.2,0,0.2,0,18762.3,0.6,0.1
75,29,1,0,0.1,0.1,0.2,0.2,0,0.1,0.2,0,0.1,0,18615.6,0.4,0.1
75,46,9,0,0.9,0.7,0.2,2.5,0,1.2,2.1,0.2,0.7,0.5,188127.1,3.7,0.9
75,47,11,0,1.1,0.8,0.3,3.1,0,1.4,2.5,0.3,0.9,0.6,229933.1,4.5,1.1
75,48,1,0,0.1,0.1,0,0.3,0,0.1,0.2,0,0.1,0.1,20903,0.4,0.1
75,59,1,0,0.1,0,0.1,0.4,0,0.2,0.2,0,0,0,18366.7,0.5,0.2
75,75,3,0.1,0.4,0.1,0.3,0.6,0,0.4,0.7,0,0.3,0.1,59924.1,1.4,0.3
76,0,20,1,0,1,0,2,0,2,10,0,4,0,399986.6,11,2
76,1,36,0,3.5,2.5,2,6,0,8,5,0,8,1,728768.7,18,2
76,2,8,0.5,0.2,0.3,1.1,1.1,0.2,1.6,1.4,0.1,1.5,0,150098.3,4.5,1
76,3,8,0.5,0.2,0.3,1.1,1.1,0.2,1.6,1.4,0.1,1.5,0,150098.3,4.5,1
76,5,1,0.1,0,0,0.1,0.2,0,0.2,0.2,0,0.2,0,18762.3,0.6,0.1
76,46,6,0,0.6,0.5,0.1,1.7,0,0.8,1.4,0.1,0.5,0.3,125418,2.5,0.6
76,73,6,0.2,0.8,0.2,0.6,1.1,0,0.9,1.3,0,0.7,0.2,119848.1,2.7,0.6
76,106,2,0,0.1,0,0.1,0.5,0,0.3,0.5,0.3,0.2,0,47641.3,0.9,0.1
76,108,8,0,0.6,0,0.6,1.9,0,1.2,1.9,1.2,0.6,0,190565,3.7,0.3
76,118,1,0,0.1,0,0,0.3,0,0.2,0.2,0,0.2,0,20714.8,0.6,0
77,0,1,0,0.1,0.1,0,0.4,0,0.1,0.2,0,0.1,0,19432.2,0.5,0.1
77,2,3,0.2,0.1,0.1,0.4,0.4,0.1,0.6,0.5,0,0.6,0,56286.8,1.7,0.4
77,3,2,0.1,0,0.1,0.3,0.3,0,0.4,0.4,0,0.4,0,37524.6,1.1,0.2
77,4,2,0.1,0,0.1,0.3,0.3,0,0.4,0.4,0,0.4,0,37524.6,1.1,0.2
77,10,3,0.3,0.1,0,0.3,0.3,0.1,0.8,0.7,0,0.4,0,50134.8,1.4,0.3
77,17,1,0,0.1,0.1,0.2,0.2,0,0.1,0.2,0,0.1,0,18615.6,0.4,0.1
77,29,5,0.1,0.6,0.5,1,1.2,0.1,0.4,0.7,0.1,0.2,0.1,93078.1,2,0.4
77,50,8,0,0.8,0.6,0.2,2.3,0,1,1.9,0.2,0.6,0.4,167224,3.3,0.8
77,65,5,0,0.5,0.1,0.5,1.7,0,1.1,0.8,0.1,0,0.2,91833.7,2.5,0.9
77,66,2,0.1,0.3,0.1,0.2,0.3,0,0.3,0.4,0,0.2,0.1,39949.4,0.9,0.2
77,100,1,0,0.1,0,0.1,0.2,0,0.2,0.2,0.1,0.1,0,23820.6,0.5,0
78,0,2,0,0.2,0.2,0,0.7,0,0.2,0.5,0,0.2,0,38864.5,0.9,0.2
78,1,6.5,0.4,0.1,0.3,0.9,0.9,0.1,1.3,1.2,0.1,1.2,0,121954.8,3.7,0.8
78,2,1,0.1,0,0,0.1,0.2,0,0.2,0.2,0,0.2,0,18762.3,0.6,0.1
78,21,3,0,0.4,0.3,0.6,0.7,0.1,0.2,0.4,0.1,0.1,0.1,55846.8,1.2,0.2
78,29,1,0,0.1,0.1,0.2,0.2,0,0.1,0.2,0,0.1,0,18615.6,0.4,0.1
78,44,1,0,0,0.1,0.2,0.1,0,0.3,0.1,0.1,0.1,0,13411.9,0.4,0.2
78,64,6,0,0.5,0.2,0.6,2.1,0,1.3,0.9,0.2,0,0.2,110200.5,3,1.1
78,65,7,0,0.7,0.2,0.7,2.4,0,1.5,1.1,0.2,0,0.2,128567.2,3.5,1.3
78,66,1,0,0.1,0,0.1,0.2,0,0.2,0.2,0,0.1,0.1,19974.7,0.5,0.1
78,84,3,0,0,0.1,0.9,0.7,0.2,0.6,0.2,0.3,0,0,37703.3,1.2,0.6
78,99,2,0,0.1,0,0.1,0.5,0,0.3,0.5,0.3,0.2,0,47641.3,0.9,0.1
78,111,2,0,0.1,0,0.1,0.5,0,0.3,0.5,0.3,0.2,0,47641.3,0.9,0.1
79,0,4,0,0.3,0.3,0.1,1.5,0,0.5,0.9,0,0.3,0.1,77729,1.9,0.3
79,11,6,0.7,0.2,0,0.7,0.5,0.2,1.5,1.4,0,0.8,0,100269.6,2.7,0.7
79,15,1,0.1,0,0,0.1,0.1,0,0.3,0.2,0,0.2,0,16711.6,0.5,0.1
79,16,4,0.1,0.5,0.4,0.8,0.9,0.1,0.3,0.5,0.1,0.2,0.1,74462.4,1.6,0.3
79,18,2,0,0.2,0.2,0.4,0.5,0.1,0.1,0.3,0.1,0.1,0,37231.2,0.8,0.2
79,19,1,0,0.1,0.1,0.2,0.2,0,0.1,0.2,0,0.1,0,18615.6,0.4,0.1
79,47,2,0,0.2,0.1,0,0.6,0,0.3,0.5,0,0.2,0.1,41806,0.8,0.2
79,48,2,0,0.2,0.1,0,0.6,0,0.3,0.5,0,0.2,0.1,41806,0.8,0.2
79,52,1,0.1,0,0,0.1,0.2,0,0.2,0.2,0,0.2,0,14306.9,0.5,0.2
79,66,1,0,0.1,0,0.1,0.2,0,0.2,0.2,0,0.1,0.1,19974.7,0.5,0.1
79,99,3,0,0.2,0,0.2,0.7,0,0.5,0.7,0.5,0.2,0,71461.9,1.4,0.1
80,1,1,0,0.1,0,0.2,0.2,0,0.1,0.2,0.1,0.1,0,15615.7,0.4,0.1
80,6,5,0,0.4,0.1,0.9,1,0.2,0.6,0.9,0.3,0.5,0.1,78078.5,2.1,0.6
80,7,2,0,0.2,0,0.4,0.4,0.1,0.2,0.4,0.1,0.2,0,31231.4,0.8,0.2
80,17,2,0.1,0.2,0.2,0.2,0.3,0,0.2,0.6,0.1,0.1,0,42607.7,0.8,0.1
80,19,1,0,0.1,0.1,0.1,0.1,0,0.1,0.3,0.1,0.1,0,21303.9,0.4,0.1
80,42,2,0.2,0.2,0.1,0.2,0.5,0,0.2,0.2,0.2,0.2,0,34622.3,0.8,0.1
80,51,11,0,0.5,0.3,0.8,1.3,0,3.7,3.1,0,1.3,0,196170.7,6.3,1.6
80,52,4,0,0.2,0.1,0.3,0.5,0,1.3,1.1,0,0.5,0,71334.8,2.3,0.6
80,53,1,0,0.1,0,0.1,0.1,0,0.3,0.3,0,0.1,0,17833.7,0.6,0.1
80,56,3,0,0,0.1,0,0.6,0,1.3,0.7,0,0.3,0,57673.4,1.7,0.7
80,81,3,0.3,0.1,0.1,0.8,0.4,0.1,0.3,0.5,0.2,0.2,0,55664.7,1.2,0.3
80,101,4,0,0.3,0,0.2,1.1,0.2,1.4,0.4,0,0.4,0,65851.6,2.3,0.9
81,18,2,0.1,0.2,0.2,0.2,0.3,0,0.2,0.6,0.1,0.1,0,42607.7,0.8,0.1
81,19,6,0.2,0.5,0.6,0.6,0.8,0.1,0.7,1.8,0.3,0.4,0,127823.2,2.4,0.4
81,33,2,0.2,0.2,0,0.2,0.4,0,0.5,0.3,0,0.2,0,34483.6,1,0.1
81,49,3,0,0.1,0.1,0.2,0.3,0,1,0.9,0,0.4,0,53501.1,1.7,0.4
81,51,29,0,7,4,1,7,0,1,1,3,3,2,395247.5,11,4
81,55,1,0,0.1,0,0.1,0.1,0,0.3,0.3,0,0.1,0,17833.7,0.6,0.1
81,58,3,0,0,0.1,0,0.6,0,1.3,0.7,0,0.3,0,57673.4,1.7,0.7
81,59,1,0,0,0.1,0,0.2,0,0.4,0.2,0,0.1,0,19224.5,0.6,0.2
81,68,2,0,0,0.1,0,0.4,0,0.9,0.4,0,0.2,0,38449,1.1,0.4
81,73,2,0,0,0.1,0,0.4,0,0.9,0.4,0,0.2,0,38449,1.1,0.4
81,87,2,0.2,0.1,0.1,0.5,0.3,0,0.2,0.3,0.1,0.2,0,37109.8,0.8,0.2
81,97,9,0,0.6,0,0.3,2.6,0.3,3.2,1,0,1,0,148166.2,5.1,1.9
81,98,3,0,0.2,0,0.1,0.9,0.1,1.1,0.3,0,0.3,0,49388.7,1.7,0.6
81,101,3,0,0.2,0,0.1,0.9,0.1,1.1,0.3,0,0.3,0,49388.7,1.7,0.6
81,106,2,0.1,0.2,0.1,0.3,0.2,0,0.4,0.3,0,0.4,0,37322.3,1,0.3
81,109,1,0.1,0.1,0,0.1,0.1,0,0.2,0.2,0,0.2,0,18661.2,0.5,0.1
81,110,1,0.1,0.1,0,0.1,0.1,0,0.2,0.2,0,0.2,0,18661.2,0.5,0.1
81,111,1,0.1,0.1,0,0.1,0.1,0,0.2,0.2,0,0.2,0,18661.2,0.5,0.1
82,19,2,0.1,0.2,0.2,0.2,0.3,0,0.2,0.6,0.1,0.1,0,42607.7,0.8,0.1
82,20,1,0,0.1,0.1,0.1,0.1,0,0.1,0.3,0.1,0.1,0,21303.9,0.4,0.1
82,50,2,0,0.1,0.1,0.1,0.2,0,0.7,0.6,0,0.2,0,35667.4,1.1,0.3
82,51,3,0,0.1,0.1,0.2,0.3,0,1,0.9,0,0.4,0,53501.1,1.7,0.4
82,55,2,0,0.1,0.1,0.1,0.2,0,0.7,0.6,0,0.2,0,35667.4,1.1,0.3
82,59,2,0,0,0.1,0,0.4,0,0.9,0.4,0,0.2,0,38449,1.1,0.4
82,69,2,0,0,0.1,0,0.4,0,0.9,0.4,0,0.2,0,38449,1.1,0.4
82,101,2,0,0.1,0,0.1,0.6,0.1,0.7,0.2,0,0.2,0,32925.8,1.1,0.4
82,115,3,0.2,0.3,0.1,0.4,0.3,0.1,0.6,0.4,0,0.6,0,55983.5,1.5,0.4
83,22,4,0.2,0.3,0.4,0.4,0.5,0.1,0.5,1.2,0.2,0.2,0,85215.4,1.6,0.2
83,38,4,0.3,0.4,0.2,0.5,1,0,0.4,0.4,0.4,0.4,0,69244.6,1.5,0.3
83,71,1,0,0,0.1,0,0.2,0,0.4,0.2,0,0.1,0,19224.5,0.6,0.2
83,88,3,0.3,0.1,0.1,0.8,0.4,0.1,0.3,0.5,0.2,0.2,0,55664.7,1.2,0.3
83,92,2,0.2,0.1,0.1,0.5,0.3,0,0.2,0.3,0.1,0.2,0,37109.8,0.8,0.2
83,108,3,0.2,0.3,0.1,0.4,0.3,0.1,0.6,0.4,0,0.6,0,55983.5,1.5,0.4
83,121,2,0,0.2,0,0.1,0.3,0,0.3,0.9,0,0.1,0.1,52824.6,1.1,0.1
83,122,1,0,0.1,0,0,0.2,0,0.2,0.5,0,0,0,26412.3,0.6,0
83,123,2,0,0.2,0,0.1,0.3,0,0.3,0.9,0,0.1,0.1,52824.6,1.1,0.1
84,3,3,0,0.2,0.1,0.5,0.6,0.1,0.4,0.5,0.2,0.3,0.1,46847.1,1.3,0.4
84,14,2,0,0.2,0,0.4,0.4,0.1,0.2,0.4,0.1,0.2,0,31231.4,0.8,0.2
84,26,6,0.8,0.5,0,0.5,1.3,0,1.6,0.8,0,0.5,0,103450.8,2.9,0.3
84,27,4,0.5,0.3,0,0.4,0.9,0,1,0.5,0,0.4,0,68967.2,1.9,0.2
84,30,1,0.1,0.1,0,0.1,0.2,0,0.3,0.1,0,0.1,0,17241.8,0.5,0
84,35,3,0.4,0.2,0,0.3,0.6,0,0.8,0.4,0,0.3,0,51725.4,1.4,0.1
84,78,2,0.2,0.1,0.1,0.5,0.3,0,0.2,0.3,0.1,0.2,0,37109.8,0.8,0.2
84,79,2,0.2,0.1,0.1,0.5,0.3,0,0.2,0.3,0.1,0.2,0,37109.8,0.8,0.2
84,114,2,0.1,0.2,0.1,0.3,0.2,0,0.4,0.3,0,0.4,0,37322.3,1,0.3
84,121,4,0,0.4,0,0.1,0.6,0,0.7,1.8,0,0.2,0.2,105649.2,2.2,0.1
84,122,1,0,0.1,0,0,0.2,0,0.2,0.5,0,0,0,26412.3,0.6,0
85,27,2,0.2,0.2,0,0.2,0.4,0,0.5,0.3,0,0.2,0,34483.6,1,0.1
85,59,1,0,0,0.1,0,0.2,0,0.4,0.2,0,0.1,0,19224.5,0.6,0.2
85,63,1,0,0,0.1,0,0.2,0,0.4,0.2,0,0.1,0,19224.5,0.6,0.2
85,78,4,0.4,0.1,0.2,1,0.5,0.1,0.4,0.7,0.3,0.3,0,74219.6,1.6,0.4
85,115,1,0.1,0.1,0,0.1,0.1,0,0.2,0.2,0,0.2,0,18661.2,0.5,0.1
85,117,2,0,0.2,0,0.1,0.3,0,0.3,0.9,0,0.1,0.1,52824.6,1.1,0.1
85,118,4,0,0.4,0,0.1,0.6,0,0.7,1.8,0,0.2,0.2,105649.2,2.2,0.1
86,39,2,0.2,0.2,0.1,0.2,0.5,0,0.2,0.2,0.2,0.2,0,34622.3,0.8,0.1
86,48,5,0,0.2,0.1,0.4,0.6,0,1.7,1.4,0,0.6,0,89168.5,2.9,0.7
86,93,3,0.3,0.1,0.1,0.8,0.4,0.1,0.3,0.5,0.2,0.2,0,55664.7,1.2,0.3
86,98,2,0.1,0.2,0,0.4,0.5,0,0.1,0.2,0.1,0.3,0.1,32808.1,1,0.3
86,110,4,0.3,0.4,0.1,0.6,0.4,0.1,0.8,0.6,0,0.7,0,74644.7,2,0.6
86,115,4,0.3,0.4,0.1,0.6,0.4,0.1,0.8,0.6,0,0.7,0,74644.7,2,0.6
86,117,3,0,0.3,0,0.1,0.5,0,0.6,1.3,0,0.1,0.1,79236.9,1.7,0.1
86,118,6,0,0.7,0,0.2,0.9,0,1.1,2.7,0,0.2,0.2,158473.9,3.3,0.2
86,122,2,0,0.2,0,0.1,0.3,0,0.3,0.9,0,0.1,0.1,52824.6,1.1,0.1
87,4,5,0,0.4,0.1,0.9,1,0.2,0.6,0.9,0.3,0.5,0.1,78078.5,2.1,0.6
87,30,5,0.7,0.4,0,0.4,1.1,0,1.3,0.7,0,0.4,0,86209,2.4,0.2
87,48,2,0,0.1,0.1,0.1,0.2,0,0.7,0.6,0,0.2,0,35667.4,1.1,0.3
87,60,1,0,0,0.1,0,0.2,0,0.4,0.2,0,0.1,0,19224.5,0.6,0.2
87,110,2,0.1,0.2,0.1,0.3,0.2,0,0.4,0.3,0,0.4,0,37322.3,1,0.3
88,13,1,0,0.1,0,0.2,0.2,0,0.1,0.2,0.1,0.1,0,15615.7,0.4,0.1
88,54,3,0,0.1,0.1,0.2,0.3,0,1,0.9,0,0.4,0,53501.1,1.7,0.4
88,73,2,0,0,0.1,0,0.4,0,0.9,0.4,0,0.2,0,38449,1.1,0.4
88,85,1,0.1,0,0,0.3,0.1,0,0.1,0.2,0.1,0.1,0,18554.9,0.4,0.1
88,86,2,0.2,0.1,0.1,0.5,0.3,0,0.2,0.3,0.1,0.2,0,37109.8,0.8,0.2
88,96,9,0.5,0.7,0.2,1.8,2,0.2,0.5,1.1,0.5,1.3,0.2,147636.5,4.5,1.3
88,97,2,0.1,0.2,0,0.4,0.5,0,0.1,0.2,0.1,0.3,0.1,32808.1,1,0.3
88,98,5,0.3,0.4,0.1,1,1.1,0.1,0.3,0.6,0.3,0.7,0.1,82020.3,2.5,0.7
88,99,12,0.7,1,0.3,2.4,2.6,0.2,0.7,1.4,0.7,1.7,0.3,196848.7,6,1.7
88,100,2,0.1,0.2,0,0.4,0.5,0,0.1,0.2,0.1,0.3,0.1,32808.1,1,0.3
88,110,5,0.4,0.5,0.1,0.7,0.5,0.1,1.1,0.7,0,0.9,0,93305.9,2.5,0.7
89,37,5,0.4,0.5,0.2,0.7,1.3,0,0.5,0.4,0.4,0.6,0,86555.7,1.9,0.3
89,55,5,0,0.2,0.1,0.4,0.6,0,1.7,1.4,0,0.6,0,89168.5,2.9,0.7
89,69,2,0,0,0.1,0,0.4,0,0.9,0.4,0,0.2,0,38449,1.1,0.4
89,86,4,0.4,0.1,0.2,1,0.5,0.1,0.4,0.7,0.3,0.3,0,74219.6,1.6,0.4
89,93,2,0.2,0.1,0.1,0.5,0.3,0,0.2,0.3,0.1,0.2,0,37109.8,0.8,0.2
89,95,5,0.5,0.1,0.2,1.2,0.7,0.1,0.5,0.9,0.3,0.4,0.1,92774.5,2,0.5
89,96,12,0.7,1,0.3,2.4,2.6,0.2,0.7,1.4,0.7,1.7,0.3,196848.7,6,1.7
89,97,1,0.1,0.1,0,0.2,0.2,0,0.1,0.1,0.1,0.1,0,16404.1,0.5,0.1
89,99,4,0.2,0.3,0.1,0.8,0.9,0.1,0.2,0.5,0.2,0.6,0.1,65616.2,2,0.6
89,100,1,0.1,0.1,0,0.2,0.2,0,0.1,0.1,0.1,0.1,0,16404.1,0.5,0.1
89,101,3,0,0.2,0,0.1,0.9,0.1,1.1,0.3,0,0.3,0,49388.7,1.7,0.6
89,102,4,0,0.3,0,0.2,1.1,0.2,1.4,0.4,0,0.4,0,65851.6,2.3,0.9
89,110,12,0.9,1.1,0.3,1.7,1.1,0.3,2.6,1.7,0,2.3,0,223934.1,6,1.7
89,112,1,0.1,0.1,0,0.1,0.1,0,0.2,0.2,0,0.2,0,18661.2,0.5,0.1
90,60,3,0.1,0.1,0.1,0.4,0.4,0,0.7,0.8,0,0.3,0.1,67101.5,1.7,0.1
90,68,3,0.1,0.6,0,0.5,0.6,0.1,0.5,0.3,0.1,0.1,0.1,54063.5,1.1,0.2
90,76,8,0.7,0.2,0.3,2,1.1,0.2,0.9,1.4,0.5,0.6,0.1,148439.2,3.3,0.7
90,90,2,0.2,0.1,0.1,0.5,0.3,0,0.2,0.3,0.1,0.2,0,37109.8,0.8,0.2
90,93,2,0.2,0.1,0.1,0.5,0.3,0,0.2,0.3,0.1,0.2,0,37109.8,0.8,0.2
90,94,4,0.4,0.1,0.2,1,0.5,0.1,0.4,0.7,0.3,0.3,0,74219.6,1.6,0.4
90,102,2,0,0.2,0,0.3,0.4,0.1,0.2,0.3,0.1,0.4,0,33867.8,1,0.3
90,107,3,0.2,0.3,0.1,0.4,0.6,0,0.3,0.9,0.1,0.1,0,63896.2,1.2,0.2
90,108,4,0.3,0.4,0.1,0.6,0.8,0,0.5,1.1,0.1,0.1,0,85194.9,1.7,0.3
90,109,15,0.9,1.4,0.5,2.1,3.1,0,1.7,4.3,0.5,0.5,0,319481,6.2,1
90,110,11,0.7,1,0.4,1.6,2.3,0,1.2,3.1,0.3,0.4,0,234286.1,4.5,0.7
91,12,2,0,0.2,0.1,0.2,0.5,0,0.4,0.4,0.1,0.1,0,44175.2,0.9,0.1
91,96,1,0,0.1,0,0.1,0.2,0,0.1,0.2,0.1,0.2,0,16933.9,0.5,0.2
91,97,5,0.1,0.4,0.1,0.6,1.1,0.2,0.4,0.8,0.3,0.9,0.1,84669.4,2.5,0.9
91,98,1,0,0.1,0,0.1,0.2,0,0.1,0.2,0.1,0.2,0,16933.9,0.5,0.2
91,110,5,0.3,0.5,0.2,0.7,1,0,0.5,1.4,0.2,0.2,0,106493.7,2.1,0.3
91,111,2,0.1,0.2,0.1,0.3,0.4,0,0.2,0.6,0,0.1,0,42597.5,0.8,0.1
91,120,2,0,0.1,0,0,0.4,0,0.3,0.8,0.1,0.3,0,34234,1.2,0.4
92,12,2,0,0.2,0.1,0.2,0.5,0,0.4,0.4,0.1,0.1,0,44175.2,0.9,0.1
92,45,1,0.1,0.1,0,0.1,0.3,0,0.1,0.1,0.1,0.1,0,17311.1,0.4,0.1
92,46,8,0.7,0.8,0.3,1,2,0,0.9,0.7,0.7,0.9,0,138489.1,3.1,0.5
92,47,6,0.5,0.6,0.3,0.8,1.5,0,0.6,0.5,0.5,0.7,0,103866.9,2.3,0.4
92,66,2,0,0.4,0,0.4,0.4,0,0.4,0.2,0.1,0.1,0,36042.3,0.7,0.1
92,81,4,0.4,0.1,0.2,1,0.5,0.1,0.4,0.7,0.3,0.3,0,74219.6,1.6,0.4
92,98,3,0.1,0.2,0.1,0.4,0.6,0.1,0.3,0.4,0.2,0.5,0.1,50801.7,1.5,0.5
92,99,2,0,0.2,0,0.3,0.4,0.1,0.2,0.3,0.1,0.4,0,33867.8,1,0.3
92,105,2,0,0.2,0,0.3,0.4,0.1,0.2,0.3,0.1,0.4,0,33867.8,1,0.3
92,108,3,0.2,0.3,0.1,0.4,0.6,0,0.3,0.9,0.1,0.1,0,63896.2,1.2,0.2
92,111,1,0.1,0.1,0,0.2,0.2,0,0.1,0.3,0,0,0,21298.7,0.4,0.1
92,112,1,0.1,0.1,0,0.2,0.2,0,0.1,0.3,0,0,0,21298.7,0.4,0.1
92,113,2,0.1,0.2,0.1,0.3,0.4,0,0.2,0.6,0,0.1,0,42597.5,0.8,0.1
92,115,1,0.1,0.1,0,0.2,0.2,0,0.1,0.3,0,0,0,21298.7,0.4,0.1
93,8,2,0,0.2,0.1,0.2,0.5,0,0.4,0.4,0.1,0.1,0,44175.2,0.9,0.1
93,13,3,0,0.3,0.1,0.3,0.8,0,0.5,0.5,0.2,0.2,0.1,66262.9,1.3,0.1
93,16,4,0.2,0.3,0.4,0.4,0.5,0.1,0.5,1.2,0.2,0.2,0,85215.4,1.6,0.2
93,84,1,0.1,0,0,0.3,0.1,0,0.1,0.2,0.1,0.1,0,18554.9,0.4,0.1
93,102,7,0.1,0.5,0.2,0.9,1.5,0.3,0.6,1.1,0.4,1.2,0.2,118537.2,3.5,1.2
93,103,2,0,0.2,0,0.3,0.4,0.1,0.2,0.3,0.1,0.4,0,33867.8,1,0.3
93,112,2,0.1,0.2,0.1,0.3,0.4,0,0.2,0.6,0,0.1,0,42597.5,0.8,0.1
93,126,4,0.1,0.2,0,0.3,0.7,0,0.5,1.3,0.3,0.6,0,86720.6,2.2,0.1
94,14,7,0,0.6,0.2,0.7,1.9,0,1.3,1.3,0.4,0.5,0.1,154613.4,3.1,0.3
94,51,2,0.2,0.2,0.1,0.2,0.5,0,0.2,0.2,0.2,0.2,0,34622.3,0.8,0.1
94,62,1,0.1,0,0,0.1,0.2,0,0.2,0.3,0,0.1,0,22367.2,0.6,0
94,63,3,0.1,0.1,0.1,0.4,0.4,0,0.7,0.8,0,0.3,0.1,67101.5,1.7,0.1
94,64,4,0.1,0.1,0.1,0.5,0.6,0,0.9,1.1,0.1,0.4,0.1,89468.7,2.2,0.2
94,65,6,0.2,0.1,0.2,0.7,0.9,0,1.4,1.6,0.1,0.7,0.1,134203,3.4,0.3
94,66,2,0,0.4,0,0.4,0.4,0,0.4,0.2,0.1,0.1,0,36042.3,0.7,0.1
94,95,5,0.5,0.1,0.2,1.2,0.7,0.1,0.5,0.9,0.3,0.4,0.1,92774.5,2,0.5
94,102,3,0.1,0.2,0.1,0.4,0.6,0.1,0.3,0.4,0.2,0.5,0.1,50801.7,1.5,0.5
94,103,16,0.3,1.2,0.3,2.1,3.5,0.7,1.4,2.4,0.9,2.8,0.4,270942.2,8,2.8
94,127,2,0,0.1,0,0.1,0.4,0,0.3,0.7,0.1,0.3,0,43360.3,1.1,0.1
95,14,5,0,0.4,0.2,0.5,1.4,0,0.9,0.9,0.3,0.3,0.1,110438.1,2.2,0.2
95,15,2,0,0.2,0.1,0.2,0.5,0,0.4,0.4,0.1,0.1,0,44175.2,0.9,0.1
95,23,1,0,0.1,0.1,0.1,0.1,0,0.1,0.3,0.1,0.1,0,21303.9,0.4,0.1
95,24,1,0,0.1,0.1,0.1,0.1,0,0.1,0.3,0.1,0.1,0,21303.9,0.4,0.1
95,51,7,0.6,0.7,0.3,0.9,1.8,0,0.7,0.6,0.6,0.8,0,121178,2.7,0.4
95,52,6,0.5,0.6,0.3,0.8,1.5,0,0.6,0.5,0.5,0.7,0,103866.9,2.3,0.4
95,63,2,0.1,0.1,0.1,0.2,0.3,0,0.5,0.5,0,0.2,0,44734.3,1.1,0.1
95,64,22,0,1,0,3,2,0,3,12,0,1,0,522807.5,13,0
95,65,19,0,0,0,1,1,0,5,11,0,1,0,487900.5,12,0
95,66,10,0.2,2,0,1.7,2.2,0.2,1.8,0.9,0.4,0.4,0.2,180211.6,3.7,0.7
95,85,3,0.3,0.1,0.1,0.8,0.4,0.1,0.3,0.5,0.2,0.2,0,55664.7,1.2,0.3
95,103,33,0,0,2,6,5,0,6,12,0,2,0,618325.4,22,3
95,110,4,0.3,0.4,0.1,0.6,0.8,0,0.5,1.1,0.1,0.1,0,85194.9,1.7,0.3
95,127,1,0,0,0,0.1,0.2,0,0.1,0.3,0.1,0.2,0,21680.1,0.6,0
96,0,2,0,0.2,0,0.4,0.4,0.1,0.2,0.4,0.1,0.2,0,31231.4,0.8,0.2
96,15,3,0,0.3,0.1,0.3,0.8,0,0.5,0.5,0.2,0.2,0.1,66262.9,1.3,0.1
96,17,3,0.1,0.2,0.3,0.3,0.4,0.1,0.3,0.9,0.2,0.2,0,63911.6,1.2,0.2
96,52,2,0.2,0.2,0.1,0.2,0.5,0,0.2,0.2,0.2,0.2,0,34622.3,0.8,0.1
96,64,14,0.5,0.3,0.4,1.7,2.1,0,3.3,3.8,0.2,1.5,0.2,313140.4,7.8,0.6
96,65,18,0.7,0.4,0.5,2.1,2.6,0,4.2,4.9,0.3,2,0.3,402609.1,10.1,0.8
96,69,5,0.1,1,0,0.9,1.1,0.1,0.9,0.4,0.2,0.2,0.1,90105.8,1.8,0.3
96,75,2,0,0.4,0,0.4,0.4,0,0.4,0.2,0.1,0.1,0,36042.3,0.7,0.1
96,100,2,0,0.2,0,0.3,0.4,0.1,0.2,0.3,0.1,0.4,0,33867.8,1,0.3
96,102,2,0,0.1,0.1,0.2,0.2,0,0.5,0.2,0.2,0.5,0,44207,1,0.1
96,103,17,0,0.7,0.7,2.1,2.1,0,4.3,1.4,1.4,4.3,0,375759.4,8.5,0.7
96,104,5,0,0.2,0.2,0.6,0.6,0,1.3,0.4,0.4,1.3,0,110517.5,2.5,0.2
96,106,3,0.2,0.3,0.1,0.4,0.6,0,0.3,0.9,0.1,0.1,0,63896.2,1.2,0.2
96,110,2,0.1,0.2,0.1,0.3,0.4,0,0.2,0.6,0,0.1,0,42597.5,0.8,0.1
97,10,3,0,0.3,0.1,0.3,0.8,0,0.5,0.5,0.2,0.2,0.1,66262.9,1.3,0.1
97,13,5,0,0.4,0.2,0.5,1.4,0,0.9,0.9,0.3,0.3,0.1,110438.1,2.2,0.2
97,15,10,0,0.8,0.3,1,2.8,0,1.8,1.8,0.6,0.7,0.2,220876.2,4.4,0.5
97,16,2,0.1,0.2,0.2,0.2,0.3,0,0.2,0.6,0.1,0.1,0,42607.7,0.8,0.1
97,18,2,0.1,0.2,0.2,0.2,0.3,0,0.2,0.6,0.1,0.1,0,42607.7,0.8,0.1
97,61,2,0.1,0.1,0.1,0.2,0.3,0,0.5,0.5,0,0.2,0,44734.3,1.1,0.1
97,63,7,0.3,0.2,0.2,0.8,1,0,1.6,1.9,0.1,0.8,0.1,156570.2,3.9,0.3
97,64,10,0.4,0.2,0.3,1.2,1.5,0,2.4,2.7,0.1,1.1,0.1,223671.7,5.6,0.4
97,65,15,0.6,0.3,0.4,1.8,2.2,0,3.5,4.1,0.2,1.7,0.2,335507.6,8.4,0.7
97,91,2,0.2,0.1,0.1,0.5,0.3,0,0.2,0.3,0.1,0.2,0,37109.8,0.8,0.2
97,109,4,0.3,0.4,0.1,0.6,0.8,0,0.5,1.1,0.1,0.1,0,85194.9,1.7,0.3
97,126,2,0,0.1,0,0.1,0.4,0,0.3,0.7,0.1,0.3,0,43360.3,1.1,0.1
98,6,4,0,0.3,0.1,0.4,1.1,0,0.7,0.7,0.3,0.3,0.1,88350.5,1.8,0.2
98,10,1,0,0.1,0,0.1,0.3,0,0.2,0.2,0,0.1,0,22087.6,0.4,0
98,12,5,0,0.4,0.2,0.5,1.4,0,0.9,0.9,0.3,0.3,0.1,110438.1,2.2,0.2
98,15,5,0,0.4,0.2,0.5,1.4,0,0.9,0.9,0.3,0.3,0.1,110438.1,2.2,0.2
98,16,6,0.2,0.5,0.6,0.6,0.8,0.1,0.7,1.8,0.3,0.4,0,127823.2,2.4,0.4
98,21,5,0.2,0.4,0.5,0.5,0.7,0.1,0.6,1.4,0.3,0.3,0,106519.3,2,0.3
98,41,2,0.2,0.2,0.1,0.2,0.5,0,0.2,0.2,0.2,0.2,0,34622.3,0.8,0.1
98,61,8,0.3,0.2,0.2,0.9,1.2,0,1.9,2.2,0.1,0.9,0.1,178937.4,4.5,0.4
98,63,14,0.5,0.3,0.4,1.7,2.1,0,3.3,3.8,0.2,1.5,0.2,313140.4,7.8,0.6
98,64,19,0.7,0.4,0.5,2.2,2.8,0,4.5,5.2,0.3,2.1,0.3,424976.3,10.6,0.8
98,65,20,0,0,0,1,2,0,9,8,0,0,0,377124.7,11,1
98,71,3,0.1,0.6,0,0.5,0.6,0.1,0.5,0.3,0.1,0.1,0.1,54063.5,1.1,0.2
98,80,6,0.5,0.2,0.2,1.5,0.8,0.2,0.6,1,0.4,0.5,0.1,111329.4,2.4,0.6
98,93,2,0.2,0.1,0.1,0.5,0.3,0,0.2,0.3,0.1,0.2,0,37109.8,0.8,0.2
98,125,1,0,0,0,0,0.2,0,0.2,0.4,0,0.2,0,17117,0.6,0.2
99,4,1,0,0.1,0,0.2,0.2,0,0.1,0.2,0.1,0.1,0,15615.7,0.4,0.1
99,15,2,0,0.2,0.1,0.2,0.5,0,0.4,0.4,0.1,0.1,0,44175.2,0.9,0.1
99,17,4,0.2,0.3,0.4,0.4,0.5,0.1,0.5,1.2,0.2,0.2,0,85215.4,1.6,0.2
99,32,5,0.2,0.4,0.5,0.5,0.7,0.1,0.6,1.4,0.3,0.3,0,106519.3,2,0.3
99,61,5,0.2,0.1,0.1,0.6,0.7,0,1.2,1.4,0.1,0.5,0.1,111835.9,2.8,0.2
99,63,5,0.2,0.1,0.1,0.6,0.7,0,1.2,1.4,0.1,0.5,0.1,111835.9,2.8,0.2
99,64,32.5,0.5,1,0,4,3,1,5,7,4,7,0,648328.9,18,0
99,65,19,0,0,0,0,0,0,6,8,0,5,0,334594.3,12,1
99,70,19,0.4,3.7,0,3.3,4.2,0.4,3.3,1.7,0.8,0.8,0.4,342402,7,1.2
99,80,2,0.2,0.1,0.1,0.5,0.3,0,0.2,0.3,0.1,0.2,0,37109.8,0.8,0.2
99,124,2,0,0.1,0,0,0.4,0,0.3,0.8,0.1,0.3,0,34234,1.2,0.4
99,125,4,0,0.2,0,0,0.8,0,0.6,1.5,0.2,0.7,0,68468,2.5,0.8
99,126,3,0.1,0.1,0,0.2,0.5,0,0.4,1,0.2,0.5,0,65040.4,1.7,0.1
100,5,3,0.2,0.2,0,0.5,0.6,0,0.6,0.3,0.3,0.2,0.1,55381.5,1.3,0.4
100,12,2,0.1,0,0.1,0.2,0.6,0,0.2,0.5,0,0.2,0.1,40869.4,1,0.1
100,15,2,0.1,0,0.1,0.2,0.6,0,0.2,0.5,0,0.2,0.1,40869.4,1,0.1
100,16,21,1.2,1.6,1.4,2.1,3.7,0.5,2.8,3.5,1.6,2.6,0,392944.3,9.1,0.9
100,17,69,3,7,2,7,16,1,10,16,1,5,1,1350919.6,29,2
100,18,18,1,1.4,1.2,1.8,3.2,0.4,2.4,3,1.4,2.2,0,336809.4,7.8,0.8
100,19,4,0.2,0.3,0.3,0.4,0.7,0.1,0.5,0.7,0.3,0.5,0,74846.5,1.7,0.2
100,20,4,0.2,0.3,0.3,0.4,0.7,0.1,0.5,0.7,0.3,0.5,0,74846.5,1.7,0.2
100,33,4,0,0.3,0,0.3,0.9,0.1,0.8,1,0.3,0.3,0,81788.8,1.7,0.3
100,52,2,0.1,0.3,0,0.3,0.5,0,0.2,0.3,0.2,0.1,0,37687.6,0.8,0.2
100,58,2,0,0,0.1,0.2,0.4,0,0.6,0.4,0.1,0.2,0,44236,1.1,0.3
100,59,3,0,0.1,0.1,0.3,0.6,0,1,0.5,0.2,0.2,0,66354.1,1.6,0.4
100,61,42,1,5,3,3,5,1,7,9,2,6,0,677862.7,19,3
100,62,4,0,0.2,0.2,0.3,0.6,0,0.5,1.4,0.1,0.7,0,80541.9,2.2,0.2
100,63,74,4,5,1,10,12,0,8,14,9,11,0,1284311,39,5
100,64,46.5,1,2.5,1,11,7,1,5,11,3,4,0,776916.6,30,5
100,69,10,0.1,0.5,0.2,0.9,1.8,0.1,2.1,2.7,0.4,1,0.2,215347.7,5,0.3
100,70,5,0.1,0.3,0.1,0.4,0.9,0,1,1.4,0.2,0.5,0.1,107673.8,2.5,0.2
100,83,1,0,0.1,0.1,0.1,0.2,0,0.1,0.2,0.1,0.1,0,15569.7,0.4,0.2
100,103,2,0.1,0.1,0.1,0.2,0.5,0.1,0.5,0.2,0.1,0.1,0,36663.2,1.1,0.2
100,116,3,0,0.3,0,0.3,0.4,0,0.9,1,0,0.1,0,48140,1.9,0.4
100,123,2,0,0.2,0,0.2,0.3,0,0.6,0.6,0,0.1,0,32093.4,1.3,0.3
100,126,4,0.1,0.4,0.1,0.2,0.9,0.1,0.6,0.9,0,0.5,0.2,65583.4,1.9,0.6
100,127,2,0,0.2,0.1,0.1,0.4,0.1,0.3,0.5,0,0.2,0.1,32791.7,0.9,0.3
101,14,3,0.1,0,0.2,0.2,0.9,0,0.3,0.8,0,0.4,0.1,61304,1.4,0.2
101,15,8,0.2,0,0.6,0.6,2.5,0,0.9,2.1,0,0.9,0.2,163477.4,3.8,0.6
101,16,25,0,0,0,1,2,0,4,12,0,6,0,516175.8,17,2
101,17,44,0,1,6,4,11,1,2,12,1,6,0,917037.2,26,3
101,18,35,0,0,1,1,3,0,10,6,2,12,0,688100.8,19,4
101,19,21,1,0,0,4,1,0,6,7,0,2,0,474679.4,11,1
101,20,1,0,0.1,0.1,0.1,0.2,0,0.1,0.2,0.1,0.1,0,18711.6,0.4,0
101,22,5,0.2,0,0.2,0.5,0.5,0,1.4,1.2,0,1,0,94840.6,2.9,0.5
101,46,3,0.1,0.5,0,0.5,0.8,0,0.3,0.4,0.2,0.2,0,56531.4,1.2,0.3
101,61,17,0,0,1,3,3,1,0,1,0,8,0,304470,12,2
101,62,61,5,2,4,8,8,0,10,13,2,9,0,1207665.1,27,5
101,63,17,0.2,0.9,0.8,1.1,2.5,0,1.9,6.1,0.4,2.9,0.2,342303.1,9.2,1
101,64,4,0,0.2,0.2,0.3,0.6,0,0.5,1.4,0.1,0.7,0,80541.9,2.2,0.2
101,65,6,0.1,0.3,0.3,0.4,0.9,0,0.7,2.1,0.1,1,0.1,120812.9,3.2,0.3
101,68,5,0.1,0.3,0.1,0.4,0.9,0,1,1.4,0.2,0.5,0.1,107673.8,2.5,0.2
101,70,4,0.1,0.2,0.1,0.4,0.7,0,0.8,1.1,0.1,0.4,0.1,86139.1,2,0.1
101,71,3,0.1,0.2,0.1,0.3,0.3,0,0.6,1.1,0.1,0.1,0.1,75782.2,1.5,0.1
101,82,4,0,0.4,0.3,0.7,0.8,0,0.3,0.7,0.5,0.3,0,62278.7,1.8,0.7
101,87,1,0,0,0,0.1,0.1,0,0.4,0.1,0,0.2,0.1,21780.9,0.4,0
101,98,2.5,0.1,0.1,0.2,0.3,0.6,0.1,0.7,0.2,0.1,0.1,0,45829,1.4,0.3
101,117,8,0,0.7,0,0.7,1.1,0,2.5,2.6,0,0.4,0,128373.5,5.1,1.1
101,118,1,0,0.1,0,0.1,0.1,0,0.3,0.3,0,0.1,0,16046.7,0.6,0.1
101,126,4,0.1,0.4,0.1,0.2,0.9,0.1,0.6,0.9,0,0.5,0.2,65583.4,1.9,0.6
101,127,1,0,0.1,0,0.1,0.2,0,0.2,0.2,0,0.1,0.1,16395.9,0.5,0.1
102,16,30,1,3,3,1,6,0,1,6,1,8,0,504358,14,1
102,17,22,0,0,1,0,2,0,3,14,0,2,0,396360.1,14,2
102,18,11,0.6,0.9,0.7,1.1,2,0.2,1.5,1.8,0.9,1.3,0,205828,4.8,0.5
102,19,1,0,0.1,0.1,0.1,0.2,0,0.1,0.2,0.1,0.1,0,18711.6,0.4,0
102,20,2,0.1,0.2,0.1,0.2,0.4,0,0.3,0.3,0.2,0.2,0,37423.3,0.9,0.1
102,59,6,0,0.1,0.2,0.7,1.3,0,1.9,1.1,0.3,0.4,0,132708.1,3.2,0.9
102,60,15,0,0.3,0.5,1.6,3.2,0,4.8,2.7,0.8,1.1,0,331770.4,8,2.1
102,61,13,0.1,0.7,0.6,0.9,1.9,0,1.5,4.7,0.3,2.2,0.1,261761.2,7,0.7
102,62,59,2,4,4,3,9,1,9,17,4,5,1,1001129.6,27,4
102,63,16,0.2,0.9,0.7,1.1,2.3,0,1.8,5.7,0.4,2.7,0.2,322167.7,8.6,0.9
102,64,7,0.1,0.4,0.3,0.5,1,0,0.8,2.5,0.1,1.2,0.1,140948.4,3.8,0.4
102,65,6,0.1,0.3,0.3,0.4,0.9,0,0.7,2.1,0.1,1,0.1,120812.9,3.2,0.3
102,66,21,0.3,1.1,0.3,1.9,3.8,0.2,4.4,5.7,0.8,2,0.5,452230.1,10.4,0.6
102,67,18,0.3,0.9,0.3,1.6,3.2,0.1,3.8,4.9,0.7,1.8,0.4,387625.8,8.9,0.5
102,68,6,0.1,0.3,0.1,0.5,1.1,0.1,1.3,1.6,0.2,0.6,0.1,129208.6,3,0.2
102,69,9,0.1,0.5,0.1,0.8,1.6,0.1,1.9,2.4,0.4,0.9,0.2,193812.9,4.5,0.3
102,70,7,0.1,0.4,0.1,0.6,1.3,0,1.5,1.9,0.3,0.7,0.1,150743.4,3.5,0.2
102,71,5,0.2,0.3,0.1,0.5,0.6,0,1,1.8,0.1,0.2,0.2,126303.6,2.6,0.2
102,72,8,0.3,0.5,0.1,0.8,0.9,0,1.7,2.8,0.1,0.4,0.4,202085.8,4.1,0.4
102,73,11,0.4,0.7,0.2,1.1,1.2,0,2.3,3.9,0.2,0.5,0.5,277867.9,5.7,0.5
102,74,6,0.2,0.4,0.1,0.6,0.7,0,1.2,2.1,0.1,0.3,0.3,151564.3,3.1,0.3
102,87,2,0,0,0.1,0.2,0.2,0,0.8,0.2,0,0.3,0.2,43561.9,0.8,0.1
102,95,3,0,0,0.1,0.3,0.4,0,1.2,0.3,0,0.4,0.3,65342.8,1.2,0.1
102,112,2,0.1,0.1,0.1,0.2,0.5,0.1,0.5,0.2,0.1,0.1,0,36663.2,1.1,0.2
103,12,3,0.1,0,0.2,0.2,0.9,0,0.3,0.8,0,0.4,0.1,61304,1.4,0.2
103,15,3,0.1,0,0.2,0.2,0.9,0,0.3,0.8,0,0.4,0.1,61304,1.4,0.2
103,16,6,0.3,0.5,0.4,0.6,1.1,0.1,0.8,1,0.5,0.7,0,112269.8,2.6,0.3
103,17,22,1.2,1.7,1.5,2.2,3.9,0.5,2.9,3.7,1.7,2.7,0,411656,9.5,1
103,21,2,0.1,0,0.1,0.2,0.2,0,0.5,0.5,0,0.4,0,37936.3,1.1,0.2
103,23,4,0.2,0,0.2,0.4,0.4,0,1.1,0.9,0,0.8,0,75872.5,2.3,0.4
103,25,3,0.1,0,0.1,0.3,0.3,0,0.9,0.7,0,0.6,0,56904.4,1.7,0.3
103,39,2,0.1,0.3,0,0.3,0.5,0,0.2,0.3,0.2,0.1,0,37687.6,0.8,0.2
103,58,2,0,0,0.1,0.2,0.4,0,0.6,0.4,0.1,0.2,0,44236,1.1,0.3
103,62,89.5,2,2.5,6,9,13,0.5,17,19,0.5,17,3,1670178.6,60,12
103,63,62,0,4,3,3,8,0,6,17,2,19,0,1165088.1,43,7
103,64,53,1,8,0,3,10,1,9,14,4,3,0,1016858.5,23,6
103,65,27,0,0,1,4,2,1,6,5,2,5,1,565236.5,15,3
103,66,19,0,1,0,0,4,0,3,8,0,3,0,439086.3,12,2
103,67,18,0.3,0.9,0.3,1.6,3.2,0.1,3.8,4.9,0.7,1.8,0.4,387625.8,8.9,0.5
103,68,12,0.2,0.6,0.2,1.1,2.2,0.1,2.5,3.2,0.4,1.2,0.3,258417.2,6,0.4
103,69,7,0.1,0.4,0.1,0.6,1.3,0,1.5,1.9,0.3,0.7,0.1,150743.4,3.5,0.2
103,70,9,0.1,0.5,0.1,0.8,1.6,0.1,1.9,2.4,0.4,0.9,0.2,193812.9,4.5,0.3
103,71,10,0.3,0.6,0.2,1,1.1,0,2.1,3.5,0.2,0.5,0.5,252607.2,5.2,0.5
103,72,4,0.1,0.3,0.1,0.4,0.4,0,0.8,1.4,0.1,0.2,0.2,101042.9,2.1,0.2
103,78,3,0,0.3,0.2,0.5,0.6,0,0.2,0.5,0.4,0.3,0,46709,1.3,0.5
103,88,2,0,0,0.1,0.2,0.2,0,0.8,0.2,0,0.3,0.2,43561.9,0.8,0.1
103,89,4,0,0,0.1,0.5,0.5,0,1.6,0.3,0,0.6,0.4,87123.7,1.6,0.1
103,90,2,0,0,0.1,0.2,0.2,0,0.8,0.2,0,0.3,0.2,43561.9,0.8,0.1
103,115,1,0,0.1,0.1,0.1,0.2,0,0.3,0.1,0,0.1,0,18331.6,0.5,0.1
103,124,3,0,0.3,0,0.3,0.4,0,0.9,1,0,0.1,0,48140,1.9,0.4
104,1,6,0.4,0.4,0,1,1.3,0.1,1.2,0.6,0.5,0.4,0.1,110762.9,2.5,0.7
104,7,2,0.1,0,0.1,0.2,0.6,0,0.2,0.5,0,0.2,0.1,40869.4,1,0.1
104,12,1,0,0,0.1,0.1,0.3,0,0.1,0.3,0,0.1,0,20434.7,0.5,0.1
104,41,1,0,0.2,0,0.2,0.3,0,0.1,0.1,0.1,0,0,18843.8,0.4,0.1
104,42,2,0.1,0.3,0,0.3,0.5,0,0.2,0.3,0.2,0.1,0,37687.6,0.8,0.2
104,61,1,0,0.1,0,0.1,0.1,0,0.1,0.4,0,0.2,0,20135.5,0.5,0.1
104,62,45,0,6.5,2,0,14,0,5,9,1.5,4,3,935875.1,26,6
104,63,9,0.1,0.5,0.4,0.6,1.3,0,1,3.3,0.2,1.5,0.1,181219.3,4.9,0.5
104,65,6,0.1,0.3,0.3,0.4,0.9,0,0.7,2.1,0.1,1,0.1,120812.9,3.2,0.3
104,68,2,0,0.1,0,0.2,0.4,0,0.4,0.5,0.1,0.2,0.1,43069.5,1,0.1
104,73,8,0.3,0.5,0.1,0.8,0.9,0,1.7,2.8,0.1,0.4,0.4,202085.8,4.1,0.4
104,74,6,0.2,0.4,0.1,0.6,0.7,0,1.2,2.1,0.1,0.3,0.3,151564.3,3.1,0.3
104,76,2,0,0.2,0.2,0.3,0.4,0,0.2,0.3,0.2,0.2,0,31139.3,0.9,0.3
104,122,3,0,0.3,0,0.3,0.4,0,0.9,1,0,0.1,0,48140,1.9,0.4
104,124,1,0,0.1,0,0.1,0.1,0,0.3,0.3,0,0.1,0,16046.7,0.6,0.1
105,4,1,0.1,0.1,0,0.1,0.2,0,0.2,0.1,0.1,0.1,0,18460.5,0.4,0.1
105,6,3,0.1,0,0.2,0.2,0.9,0,0.3,0.8,0,0.4,0.1,61304,1.4,0.2
105,9,2,0.1,0,0.1,0.2,0.6,0,0.2,0.5,0,0.2,0.1,40869.4,1,0.1
105,13,2,0.1,0,0.1,0.2,0.6,0,0.2,0.5,0,0.2,0.1,40869.4,1,0.1
105,14,4,0.1,0,0.3,0.3,1.2,0,0.5,1,0,0.5,0.1,81738.7,1.9,0.3
105,45,8,0.2,1.3,0.1,1.3,2,0,0.8,1.2,0.6,0.4,0.1,150750.4,3.1,0.9
105,61,5,0.1,0.2,0.1,0.5,0.7,0.1,0.8,1.6,0.2,0.7,0,106815.6,2.4,0.2
105,62,64,2,2,0,9,10,2,8,14,3,13,1,1140989,42,8
105,63,26,0,4,1,4,5,0,1,6,1,3,1,416886.2,13,7
105,64,26,1,4,1,2,6,1,3,3,0,5,0,426134.1,12,4
105,65,4,0.1,0.1,0.1,0.4,0.6,0.1,0.6,1.3,0.2,0.5,0,85452.5,1.9,0.2
105,66,4,0,0.2,0,0.4,0.8,0.1,0.6,1.2,0.1,0.6,0,77992.2,2.2,0.3
105,69,5,0,0.3,0,0.5,1,0.1,0.8,1.4,0.1,0.8,0,97490.2,2.7,0.4
105,75,1,0,0.1,0,0.1,0.1,0,0.2,0.4,0,0,0.1,25260.7,0.5,0
105,94,4,0,0,0.1,0.5,0.5,0,1.6,0.3,0,0.6,0.4,87123.7,1.6,0.1
106,1,2,0.1,0.2,0,0.3,0.4,0,0.4,0.2,0.2,0.2,0,36921,0.8,0.2
106,18,4,0.2,0,0.2,0.4,0.4,0,1.1,0.9,0,0.8,0,75872.5,2.3,0.4
106,46,3,0.1,0.5,0,0.5,0.8,0,0.3,0.4,0.2,0.2,0,56531.4,1.2,0.3
106,58,4,0,0.4,0.1,0.1,0.8,0,0.4,1.6,0,0.4,0.2,91553.8,2,0.1
106,61,24,1,0,2,3,1,0,4,8,0,5,0,516281.7,15,1
106,62,19,0,0,0,1,1,0,1,9,0,7,0,338675.7,12,1
106,63,4,0.1,0.1,0.1,0.4,0.6,0.1,0.6,1.3,0.2,0.5,0,85452.5,1.9,0.2
106,64,17,0.5,0.5,0.3,1.8,2.4,0.5,2.6,5.4,0.8,2.2,0,363173.1,8.2,0.8
106,65,11,0.3,0.3,0.2,1.1,1.6,0.3,1.7,3.5,0.5,1.5,0,234994.3,5.3,0.5
106,66,13,0,0.7,0,1.3,2.7,0.3,2,3.7,0.3,2,0,253474.6,7,1
106,67,45.5,2,4.5,2,9,10,1,8,2,4,3,0,607096.8,29,11
106,69,6,0,0.3,0,0.6,1.2,0.2,0.9,1.7,0.2,0.9,0,116988.3,3.2,0.5
106,121,1,0,0.1,0,0.1,0.1,0,0.3,0.3,0,0.1,0,16046.7,0.6,0.1
107,18,1,0,0,0.1,0.1,0.1,0,0.3,0.2,0,0.2,0,18968.1,0.6,0.1
107,20,2,0.1,0,0.1,0.2,0.2,0,0.5,0.5,0,0.4,0,37936.3,1.1,0.2
107,45,1,0,0.2,0,0.2,0.3,0,0.1,0.1,0.1,0,0,18843.8,0.4,0.1
107,60,16,0,1.4,0.3,0.4,3.2,0,1.8,6.4,0,1.8,0.7,366215.1,7.8,0.4
107,61,39.5,3,1,0,7,6,0,6,6,2.5,7,1,786721.2,18,2
107,62,38,1,0,1,4,4,0,8,7,1,9,3,799909,22,4
107,63,2,0,0.1,0,0.2,0.3,0.1,0.3,0.6,0.1,0.3,0,42726.2,1,0.1
107,64,2,0,0.1,0,0.2,0.3,0.1,0.3,0.6,0.1,0.3,0,42726.2,1,0.1
107,65,15,0.4,0.4,0.3,1.6,2.1,0.4,2.3,4.8,0.7,2,0,320446.8,7.2,0.7
107,66,8,0,0.4,0,0.8,1.7,0.2,1.2,2.3,0.2,1.2,0,155984.4,4.3,0.6
107,68,2,0,0.1,0,0.2,0.4,0,0.3,0.6,0.1,0.3,0,38996.1,1.1,0.2
107,84,3.5,0,0.3,0.3,0.6,0.7,0,0.3,0.6,0.4,0.3,0,54493.9,1.6,0.6
107,113,2,0.1,0.1,0.1,0.2,0.5,0.1,0.5,0.2,0.1,0.1,0,36663.2,1.1,0.2
108,7,3,0.1,0,0.2,0.2,0.9,0,0.3,0.8,0,0.4,0.1,61304,1.4,0.2
108,27,3,0,0.2,0,0.2,0.7,0.1,0.6,0.8,0.2,0.2,0,61341.6,1.2,0.2
108,47,13,0.3,2.1,0.2,2.1,3.3,0,1.2,1.9,1,0.7,0.2,244969.4,5,1.4
108,59,23,1,0,1,3,3,0,3,10,0,1,1,569767.5,12,0
108,60,16,0,1.4,0.3,0.4,3.2,0,1.8,6.4,0,1.8,0.7,366215.1,7.8,0.4
108,61,12,0.3,0.3,0.2,1.3,1.7,0.3,1.8,3.9,0.6,1.6,0,256357.5,5.8,0.6
108,62,7,0.2,0.2,0.1,0.7,1,0.2,1.1,2.3,0.3,0.9,0,149541.9,3.4,0.3
108,63,12,0.3,0.3,0.2,1.3,1.7,0.3,1.8,3.9,0.6,1.6,0,256357.5,5.8,0.6
108,80,3,0,0.3,0.2,0.5,0.6,0,0.2,0.5,0.4,0.3,0,46709,1.3,0.5
108,83,2,0,0.2,0.2,0.3,0.4,0,0.2,0.3,0.2,0.2,0,31139.3,0.9,0.3
108,84,5,0,0.5,0.4,0.8,1.1,0,0.4,0.8,0.6,0.4,0,77848.4,2.2,0.8
108,88,10,0,0,0.3,1.2,1.2,0,4.1,0.9,0,1.4,0.9,217809.3,4.1,0.3
108,89,6,0,0,0.2,0.7,0.7,0,2.5,0.5,0,0.9,0.5,130685.6,2.5,0.2
108,100,1,0,0.1,0.1,0.1,0.2,0,0.3,0.1,0,0.1,0,18331.6,0.5,0.1
108,115,2,0.1,0.1,0.1,0.2,0.5,0.1,0.5,0.2,0.1,0.1,0,36663.2,1.1,0.2
109,7,2,0.1,0,0.1,0.2,0.6,0,0.2,0.5,0,0.2,0.1,40869.4,1,0.1
109,12,2,0.1,0,0.1,0.2,0.6,0,0.2,0.5,0,0.2,0.1,40869.4,1,0.1
109,27,2,0,0.1,0,0.1,0.5,0.1,0.4,0.5,0.1,0.2,0,40894.4,0.8,0.1
109,34,1,0,0.1,0,0.1,0.2,0,0.2,0.2,0.1,0.1,0,20447.2,0.4,0.1
109,46,1,0,0.2,0,0.2,0.3,0,0.1,0.1,0.1,0,0,18843.8,0.4,0.1
109,47,1,0,0.2,0,0.2,0.3,0,0.1,0.1,0.1,0,0,18843.8,0.4,0.1
109,58,2,0,0.2,0,0.1,0.4,0,0.2,0.8,0,0.2,0.1,45776.9,1,0
109,59,7,0,0.6,0.1,0.2,1.4,0,0.8,2.8,0,0.8,0.3,160219.1,3.4,0.2
109,61,2,0,0.1,0,0.2,0.3,0.1,0.3,0.6,0.1,0.3,0,42726.2,1,0.1
109,63,4,0.1,0.1,0.1,0.4,0.6,0.1,0.6,1.3,0.2,0.5,0,85452.5,1.9,0.2
109,64,7,0.2,0.2,0.1,0.7,1,0.2,1.1,2.3,0.3,0.9,0,149541.9,3.4,0.3
109,65,2,0,0.1,0,0.2,0.3,0.1,0.3,0.6,0.1,0.3,0,42726.2,1,0.1
109,68,1,0,0,0,0.1,0.2,0,0.2,0.3,0,0.2,0,19498,0.5,0.1
109,83,1,0,0.1,0.1,0.1,0.2,0,0.1,0.2,0.1,0.1,0,15569.7,0.4,0.2
109,96,1,0,0.1,0.1,0.1,0.2,0,0.3,0.1,0,0.1,0,18331.6,0.5,0.1
109,101,1,0,0.1,0.1,0.1,0.2,0,0.3,0.1,0,0.1,0,18331.6,0.5,0.1
110,20,2,0,0.1,0,0.1,0.5,0.1,0.4,0.5,0.1,0.2,0,40894.4,0.8,0.1
110,48,4,0.1,0.6,0.1,0.6,1,0,0.4,0.6,0.3,0.2,0.1,75375.2,1.5,0.4
110,56,2,0,0.1,0.1,0.2,0.4,0,0.4,0.6,0.1,0,0.1,33586.7,1.1,0.2
110,64,1,0,0.1,0.1,0.1,0.2,0,0.2,0.3,0,0,0,16793.4,0.5,0.1
110,68,2,0,0.1,0.1,0.2,0.4,0,0.4,0.6,0.1,0,0.1,33586.7,1.1,0.2
110,70,1,0,0.1,0.1,0.1,0.2,0,0.2,0.3,0,0,0,16793.4,0.5,0.1
111,16,2,0,0.1,0,0.1,0.5,0.1,0.4,0.5,0.1,0.2,0,40894.4,0.8,0.1
111,55,3,0.1,0.5,0,0.5,0.8,0,0.3,0.4,0.2,0.2,0,56531.4,1.2,0.3
111,58,2,0,0.1,0.1,0.2,0.4,0,0.4,0.6,0.1,0,0.1,33586.7,1.1,0.2
111,59,1,0,0.1,0.1,0.1,0.2,0,0.2,0.3,0,0,0,16793.4,0.5,0.1
111,64,2,0,0.1,0.1,0.2,0.4,0,0.4,0.6,0.1,0,0.1,33586.7,1.1,0.2
111,65,2,0,0.1,0.1,0.2,0.4,0,0.4,0.6,0.1,0,0.1,33586.7,1.1,0.2
111,89,2,0,0.1,0,0.2,0.4,0,0.5,0.5,0.1,0.2,0,40004.8,1.1,0.1
111,90,2,0,0.1,0,0.2,0.4,0,0.5,0.5,0.1,0.2,0,40004.8,1.1,0.1
111,101,2,0.1,0.1,0.1,0.2,0.5,0.1,0.5,0.2,0.1,0.1,0,36663.2,1.1,0.2
112,11,4,0.3,0.3,0,0.6,0.8,0.1,0.8,0.4,0.3,0.3,0.1,73842,1.7,0.5
112,28,1,0,0.1,0,0.1,0.2,0,0.2,0.2,0.1,0.1,0,20447.2,0.4,0.1
112,53,4,0.1,0.6,0.1,0.6,1,0,0.4,0.6,0.3,0.2,0.1,75375.2,1.5,0.4
112,60,1,0,0.1,0.1,0.1,0.2,0,0.2,0.3,0,0,0,16793.4,0.5,0.1
112,79,2,0.2,0,0.1,0.4,0.4,0,0.2,0.5,0,0.2,0,41284.6,1,0.1
112,89,5,0.1,0.2,0.1,0.4,1,0.1,1.2,1.1,0.1,0.6,0.1,100011.9,2.6,0.2
112,105,4,0.1,0.2,0.3,0.5,0.9,0.2,1.1,0.3,0.2,0.2,0,73326.5,2.2,0.5
112,106,8.5,0.3,1.2,0,1,2,0,1,1.3,0.7,0.7,0.3,136030.7,4,0.7
113,6,3,0.2,0.2,0,0.5,0.6,0,0.6,0.3,0.3,0.2,0.1,55381.5,1.3,0.4
113,9,2,0.1,0.2,0,0.3,0.4,0,0.4,0.2,0.2,0.2,0,36921,0.8,0.2
113,10,2,0.1,0.2,0,0.3,0.4,0,0.4,0.2,0.2,0.2,0,36921,0.8,0.2
113,73,2,0,0.1,0.1,0.2,0.4,0,0.4,0.6,0.1,0,0.1,33586.7,1.1,0.2
113,78,3,0.2,0.1,0.2,0.5,0.5,0.1,0.2,0.8,0.1,0.3,0,61926.8,1.5,0.1
113,84,2,0.2,0,0.1,0.4,0.4,0,0.2,0.5,0,0.2,0,41284.6,1,0.1
113,92,1,0,0.1,0,0.1,0.2,0,0.3,0.2,0,0.1,0,20002.4,0.5,0
113,94,1,0,0.1,0,0.1,0.2,0,0.3,0.2,0,0.1,0,20002.4,0.5,0
113,95,2,0,0.1,0,0.2,0.4,0,0.5,0.5,0.1,0.2,0,40004.8,1.1,0.1
114,9,9,0.6,0.6,0,1.4,1.9,0.2,1.7,1,0.8,0.6,0.2,166144.4,3.8,1.1
114,66,3,0.1,0.1,0.2,0.3,0.5,0,0.5,1,0.1,0.1,0.1,50380.1,1.6,0.4
114,73,4,0.1,0.2,0.2,0.4,0.7,0,0.7,1.3,0.2,0.1,0.1,67173.5,2.1,0.5
114,74,4,0.1,0.2,0.2,0.4,0.7,0,0.7,1.3,0.2,0.1,0.1,67173.5,2.1,0.5
114,82,2,0.2,0,0.1,0.4,0.4,0,0.2,0.5,0,0.2,0,41284.6,1,0.1
114,83,4,0.3,0.1,0.2,0.7,0.7,0.1,0.3,1.1,0.1,0.4,0,82569.1,1.9,0.1
114,85,3,0.2,0.1,0.2,0.5,0.5,0.1,0.2,0.8,0.1,0.3,0,61926.8,1.5,0.1
114,92,2,0,0.1,0,0.2,0.4,0,0.5,0.5,0.1,0.2,0,40004.8,1.1,0.1
114,107,1,0,0.1,0,0.1,0.2,0,0.1,0.2,0.1,0.1,0.1,16003.6,0.5,0.1
115,12,3,0.2,0.2,0,0.5,0.6,0,0.6,0.3,0.3,0.2,0.1,55381.5,1.3,0.4
115,66,5,0.1,0.3,0.3,0.5,0.9,0,0.9,1.6,0.2,0.1,0.1,83966.9,2.6,0.6
115,83,1,0.1,0,0,0.2,0.2,0,0.1,0.3,0,0.1,0,20642.3,0.5,0
115,88,2,0,0.1,0,0.2,0.4,0,0.5,0.5,0.1,0.2,0,40004.8,1.1,0.1
115,90,3,0,0.1,0.1,0.2,0.6,0.1,0.7,0.7,0.1,0.3,0.1,60007.1,1.6,0.1
116,4,4,0.3,0.3,0,0.6,0.8,0.1,0.8,0.4,0.3,0.3,0.1,73842,1.7,0.5
116,15,2,0.1,0.2,0,0.3,0.4,0,0.4,0.2,0.2,0.2,0,36921,0.8,0.2
116,35,4,0,0.3,0,0.3,0.9,0.1,0.8,1,0.3,0.3,0,81788.8,1.7,0.3
116,40,5,0.1,0.8,0.1,0.8,1.2,0,0.5,0.7,0.4,0.3,0.1,94219,1.9,0.5
116,47,4,0.1,0.6,0.1,0.6,1,0,0.4,0.6,0.3,0.2,0.1,75375.2,1.5,0.4
116,59,2,0,0.1,0.1,0.2,0.4,0,0.4,0.6,0.1,0,0.1,33586.7,1.1,0.2
116,74,2,0,0.1,0.1,0.2,0.4,0,0.4,0.6,0.1,0,0.1,33586.7,1.1,0.2
116,89,5,0.1,0.2,0.1,0.4,1,0.1,1.2,1.1,0.1,0.6,0.1,100011.9,2.6,0.2
116,90,3.5,0,0.1,0.1,0.3,0.7,0,0.9,0.8,0.1,0.4,0.1,70008.3,1.9,0.1
116,91,26.5,2,0.6,0.6,4.1,3.5,0.6,5.2,4.7,0,5.2,0,490202.3,14,3.5
116,92,3,0.2,0.1,0.1,0.4,0.4,0.1,0.6,0.5,0,0.6,0,55494.6,1.6,0.4
116,122,2,0,0.2,0.1,0.1,0.4,0.1,0.3,0.5,0,0.2,0.1,32791.7,0.9,0.3
116,127,2,0,0.2,0.1,0.1,0.4,0.1,0.3,0.5,0,0.2,0.1,32791.7,0.9,0.3
117,75,2,0,0.1,0.1,0.2,0.4,0,0.4,0.6,0.1,0,0.1,33586.7,1.1,0.2
117,84,8,0.6,0.2,0.4,1.4,1.5,0.2,0.6,2.1,0.2,0.8,0,165138.2,3.9,0.2
117,89,11,0.2,0.3,0.2,0.9,2.2,0.2,2.7,2.5,0.3,1.3,0.2,220026.1,5.8,0.4
117,90,6,0.1,0.2,0.1,0.5,1.2,0.1,1.5,1.4,0.1,0.7,0.1,120014.3,3.2,0.2
117,91,32,3,3,2,6,5,1,2,8,1,1,0,497653.2,17,5
117,93,2,0.2,0,0,0.3,0.3,0,0.4,0.4,0,0.4,0,36996.4,1.1,0.3
117,109,2,0,0,0.2,0.1,0.5,0,0.4,0.5,0,0.2,0.1,38605.2,1.1,0.4
117,112,3,0.1,0.4,0,0.4,0.7,0,0.4,0.5,0.2,0.2,0.1,48010.9,1.4,0.2
118,0,1,0.1,0.1,0,0.1,0.2,0,0.2,0.1,0.1,0.1,0,18460.5,0.4,0.1
118,1,1,0.1,0.1,0,0.1,0.2,0,0.2,0.1,0.1,0.1,0,18460.5,0.4,0.1
118,33,4,0,0.3,0,0.3,0.9,0.1,0.8,1,0.3,0.3,0,81788.8,1.7,0.3
118,41,3,0.1,0.5,0,0.5,0.8,0,0.3,0.4,0.2,0.2,0,56531.4,1.2,0.3
118,49,3,0.1,0.5,0,0.5,0.8,0,0.3,0.4,0.2,0.2,0,56531.4,1.2,0.3
118,78,2,0.2,0,0.1,0.4,0.4,0,0.2,0.5,0,0.2,0,41284.6,1,0.1
118,85,12,0.9,0.3,0.6,2.2,2.2,0.3,0.9,3.1,0.3,1.2,0,247707.4,5.8,0.3
118,90,18,0,0,1,0,1,0,1,2,0,13,0,319707.5,15,2
118,91,3,0.2,0.1,0.1,0.4,0.4,0.1,0.6,0.5,0,0.6,0,55494.6,1.6,0.4
118,92,1,0.1,0,0,0.2,0.1,0,0.2,0.2,0,0.2,0,18498.2,0.5,0.1
118,95,1,0.1,0,0,0.2,0.1,0,0.2,0.2,0,0.2,0,18498.2,0.5,0.1
118,102,1,0,0.1,0.1,0.1,0.2,0,0.3,0.1,0,0.1,0,18331.6,0.5,0.1
118,108,4,0.1,0.1,0.3,0.2,0.9,0,0.9,1,0,0.4,0.1,77210.4,2.2,0.8
118,112,4,0.2,0.5,0,0.5,0.9,0,0.5,0.6,0.3,0.3,0.2,64014.5,1.9,0.3
118,113,1,0,0.1,0,0.1,0.2,0,0.1,0.2,0.1,0.1,0.1,16003.6,0.5,0.1
119,23,5,0,0.3,0,0.4,1.2,0.2,1,1.2,0.3,0.4,0,102236.1,2.1,0.3
119,24,1,0,0.1,0,0.1,0.2,0,0.2,0.2,0.1,0.1,0,20447.2,0.4,0.1
119,48,8,0.2,1.3,0.1,1.3,2,0,0.8,1.2,0.6,0.4,0.1,150750.4,3.1,0.9
119,52,4,0.1,0.6,0.1,0.6,1,0,0.4,0.6,0.3,0.2,0.1,75375.2,1.5,0.4
119,60,1,0,0.1,0.1,0.1,0.2,0,0.2,0.3,0,0,0,16793.4,0.5,0.1
119,62,1,0,0.1,0.1,0.1,0.2,0,0.2,0.3,0,0,0,16793.4,0.5,0.1
119,86,4,0.1,0.1,0.1,0.3,0.8,0.1,1,0.9,0.1,0.4,0.1,80009.5,2.1,0.1
119,90,11,0.2,0.3,0.2,0.9,2.2,0.2,2.7,2.5,0.3,1.3,0.2,220026.1,5.8,0.4
119,91,5,0.4,0.1,0.1,0.8,0.6,0.1,1,0.9,0,1,0,92491,2.6,0.7
119,95,4,0.3,0.1,0.1,0.6,0.5,0.1,0.8,0.7,0,0.8,0,73992.8,2.1,0.5
119,97,3,0.1,0.2,0.2,0.4,0.7,0.1,0.8,0.3,0.1,0.1,0,54994.8,1.6,0.4
119,101,1,0,0.1,0.1,0.1,0.2,0,0.3,0.1,0,0.1,0,18331.6,0.5,0.1
119,108,6,0.1,0.1,0.5,0.3,1.4,0,1.3,1.5,0,0.7,0.1,115815.6,3.3,1.1
119,109,9,0.2,0.2,0.8,0.4,2.1,0,1.9,2.3,0,0.9,0.2,173723.5,5,1.7
119,110,26,0.5,0.6,2.2,1.1,6.1,0,5.5,6.6,0,2.8,0.6,501867.8,14.4,5
119,111,8,0.3,1.1,0,0.9,1.9,0,1,1.3,0.6,0.6,0.3,128028.9,3.8,0.6
119,124,3,0.1,0.3,0.1,0.1,0.7,0.1,0.4,0.7,0,0.4,0.1,49187.6,1.4,0.4
120,36,4,0.4,0.1,0.3,0.8,0.8,0.1,0.5,0.3,0,0.6,0.1,81833.3,2.2,0.3
120,53,2,0,0.2,0,0.2,0.4,0,0.3,0.4,0.2,0.3,0,43459.4,0.9,0.1
120,56,2,0.1,0.1,0.1,0.2,0.4,0,0.3,0.6,0.1,0.1,0,36440.3,0.8,0.2
120,61,4,0.1,0.3,0.2,0.5,0.8,0,0.7,1.1,0.2,0.1,0,72880.7,1.6,0.4
120,66,2,0.1,0.1,0.1,0.2,0.4,0,0.3,0.6,0.1,0.1,0,36440.3,0.8,0.2
120,83,3,0,0.3,0,0.2,0.9,0,0.7,0.7,0,0.2,0,53936.8,1.9,0.4
120,86,1,0,0.2,0,0,0.3,0,0.1,0.3,0,0.1,0,14176.5,0.5,0.2
120,91,1,0,0.2,0,0,0.3,0,0.1,0.3,0,0.1,0,14176.5,0.5,0.2
120,95,2,0,0.3,0,0.1,0.6,0,0.3,0.5,0.1,0.1,0,28353,0.9,0.4
120,108,9,0.7,1.4,0,0.9,1.2,0,1.4,1.8,0.7,0.9,0,143085,4.4,1.4
120,109,6,0.5,0.9,0,0.6,0.8,0,0.9,1.2,0.5,0.6,0,95390,2.9,0.9
120,110,1,0.1,0.1,0,0.1,0.1,0,0.2,0.2,0.1,0.1,0,15898.3,0.5,0.2
120,117,1,0,0,0.1,0.1,0.2,0,0.1,0.3,0.1,0.1,0,20693.3,0.4,0.1
120,118,6,0.1,0,0.3,0.7,1.4,0.1,0.7,1.8,0.3,0.6,0,124159.6,2.6,0.5
120,120,2,0,0,0.1,0.2,0.5,0,0.3,0.6,0.1,0.2,0,41386.5,0.9,0.2
121,1,3,0,0.2,0.4,0.2,0.9,0,0.3,0.7,0.1,0.2,0,55044.1,1.4,0.3
121,7,1,0,0.1,0.1,0.1,0.3,0,0.1,0.2,0,0.1,0,18348,0.5,0.1
121,36,1,0.1,0,0.1,0.2,0.2,0,0.1,0.1,0,0.2,0,20458.3,0.5,0.1
121,46,3,0,0.3,0.1,0.3,0.6,0,0.4,0.6,0.2,0.5,0,65189.1,1.3,0.2
121,47,2,0,0.2,0,0.2,0.4,0,0.3,0.4,0.2,0.3,0,43459.4,0.9,0.1
121,61,2,0.1,0.1,0.1,0.2,0.4,0,0.3,0.6,0.1,0.1,0,36440.3,0.8,0.2
121,67,3,0.1,0.2,0.2,0.3,0.6,0,0.5,0.8,0.2,0.1,0,54660.5,1.2,0.3
121,68,3,0.1,0.2,0.2,0.3,0.6,0,0.5,0.8,0.2,0.1,0,54660.5,1.2,0.3
121,82,2,0,0.2,0,0.1,0.6,0,0.5,0.5,0,0.1,0,35957.9,1.3,0.3
121,83,1,0,0.1,0,0.1,0.3,0,0.2,0.2,0,0.1,0,17978.9,0.6,0.1
121,99,6,0.3,0.3,0.3,1,1,0.2,0.9,1.4,0.2,0,0.4,115425.9,2.6,0.5
121,102,4,0.2,0.2,0.2,0.7,0.7,0.1,0.6,0.9,0.1,0,0.3,76950.6,1.7,0.3
121,103,2,0.1,0.1,0.1,0.3,0.3,0.1,0.3,0.5,0.1,0,0.1,38475.3,0.9,0.2
121,104,1,0,0.1,0.1,0.2,0.2,0,0.1,0.2,0,0,0.1,19237.7,0.4,0.1
121,106,2,0.1,0.3,0,0.2,0.3,0,0.3,0.4,0.2,0.2,0,31796.7,1,0.3
121,107,1,0.1,0.1,0,0.1,0.1,0,0.2,0.2,0.1,0.1,0,15898.3,0.5,0.2
122,16,3,0,0.2,0.2,0.4,0.7,0,0.8,0.5,0.2,0,0,51166.3,1.5,0.3
122,42,1,0.1,0,0.1,0.2,0.2,0,0.1,0.1,0,0.2,0,20458.3,0.5,0.1
122,47,6,0,0.6,0.2,0.6,1.2,0,0.8,1.2,0.5,0.9,0,130378.3,2.6,0.3
122,80,1,0,0.1,0,0.1,0.3,0,0.2,0.2,0,0.1,0,17978.9,0.6,0.1
122,90,6,0,1,0,0.1,1.7,0,0.9,1.6,0.3,0.4,0,85058.9,2.7,1.1
122,95,2,0,0.3,0,0.1,0.6,0,0.3,0.5,0.1,0.1,0,28353,0.9,0.4
122,99,2,0.1,0.1,0.1,0.3,0.3,0.1,0.3,0.5,0.1,0,0.1,38475.3,0.9,0.2
122,100,2,0.1,0.1,0.1,0.3,0.3,0.1,0.3,0.5,0.1,0,0.1,38475.3,0.9,0.2
122,119,6,0.1,0,0.3,0.7,1.4,0.1,0.7,1.8,0.3,0.6,0,124159.6,2.6,0.5
123,4,2,0,0.1,0.2,0.1,0.6,0,0.2,0.5,0.1,0.2,0,36696,0.9,0.2
123,8,2,0,0.1,0.2,0.1,0.6,0,0.2,0.5,0.1,0.2,0,36696,0.9,0.2
123,14,5,0,0.2,0.6,0.4,1.5,0,0.5,1.2,0.2,0.4,0,91740.1,2.3,0.5
123,34,2,0,0.1,0.1,0.3,0.5,0,0.6,0.3,0.1,0,0,34110.9,1,0.2
123,35,1,0,0.1,0.1,0.1,0.2,0,0.3,0.2,0,0,0,17055.4,0.5,0.1
123,42,1,0.1,0,0.1,0.2,0.2,0,0.1,0.1,0,0.2,0,20458.3,0.5,0.1
123,69,4,0.1,0.3,0.2,0.5,0.8,0,0.7,1.1,0.2,0.1,0,72880.7,1.6,0.4
123,90,3,0,0.5,0,0.1,0.9,0,0.4,0.8,0.1,0.2,0,42529.5,1.4,0.6
123,94,2,0,0.3,0,0.1,0.6,0,0.3,0.5,0.1,0.1,0,28353,0.9,0.4
123,99,3,0.1,0.2,0.2,0.5,0.5,0.1,0.4,0.7,0.1,0,0.2,57713,1.3,0.3
123,100,2,0.1,0.1,0.1,0.3,0.3,0.1,0.3,0.5,0.1,0,0.1,38475.3,0.9,0.2
123,106,1,0.1,0.1,0,0.1,0.1,0,0.2,0.2,0.1,0.1,0,15898.3,0.5,0.2
123,110,1,0.1,0.1,0,0.1,0.1,0,0.2,0.2,0.1,0.1,0,15898.3,0.5,0.2
123,119,4,0.1,0,0.2,0.5,0.9,0.1,0.5,1.2,0.1,0.4,0,82773,1.7,0.3
123,121,2,0,0,0.1,0.2,0.5,0,0.3,0.6,0.1,0.2,0,41386.5,0.9,0.2
123,126,2,0,0,0.1,0.2,0.5,0,0.3,0.6,0.1,0.2,0,41386.5,0.9,0.2
124,14,2,0,0.1,0.2,0.1,0.6,0,0.2,0.5,0.1,0.2,0,36696,0.9,0.2
124,45,7.5,0.8,0.3,0.5,1.5,1.5,0.1,1,0.5,0,1,0.3,153437.4,4.1,0.5
124,98,1,0,0.1,0.1,0.2,0.2,0,0.1,0.2,0,0,0.1,19237.7,0.4,0.1
124,120,2,0,0,0.1,0.2,0.5,0,0.3,0.6,0.1,0.2,0,41386.5,0.9,0.2
125,29,2,0,0.1,0.1,0.3,0.5,0,0.6,0.3,0.1,0,0,34110.9,1,0.2
125,34,6,0,0.3,0.4,0.9,1.4,0,1.7,1,0.3,0,0,102332.6,2.9,0.5
125,44,4,0.4,0.1,0.3,0.8,0.8,0.1,0.5,0.3,0,0.6,0.1,81833.3,2.2,0.3
125,46,10,0,1,0.3,1,2,0,1.3,2.1,0.8,1.5,0,217297.1,4.4,0.5
125,49,1,0,0.1,0,0.1,0.2,0,0.1,0.2,0.1,0.2,0,21729.7,0.4,0.1
126,13,4,0,0.2,0.5,0.3,1.2,0,0.4,1,0.1,0.3,0,73392.1,1.9,0.4
126,43,1,0.1,0,0.1,0.2,0.2,0,0.1,0.1,0,0.2,0,20458.3,0.5,0.1
126,45,2,0.2,0.1,0.1,0.4,0.4,0,0.3,0.1,0,0.3,0.1,40916.6,1.1,0.1
126,51,1,0,0.1,0,0.1,0.2,0,0.1,0.2,0.1,0.2,0,21729.7,0.4,0.1
126,55,3,0,0.3,0.1,0.3,0.6,0,0.4,0.6,0.2,0.5,0,65189.1,1.3,0.2
126,70,2,0.1,0.1,0.1,0.2,0.4,0,0.3,0.6,0.1,0.1,0,36440.3,0.8,0.2
126,82,1,0,0.1,0,0.1,0.3,0,0.2,0.2,0,0.1,0,17978.9,0.6,0.1
126,88,1,0,0.2,0,0,0.3,0,0.1,0.3,0,0.1,0,14176.5,0.5,0.2
126,112,1,0.1,0.1,0,0.1,0.1,0,0.2,0.2,0.1,0.1,0,15898.3,0.5,0.2
126,117,2,0,0,0.1,0.2,0.5,0,0.3,0.6,0.1,0.2,0,41386.5,0.9,0.2
127,0,8,0,0.4,0.9,0.6,2.4,0,0.8,1.9,0.3,0.7,0,146784.2,3.7,0.8
127,13,2,0,0.1,0.2,0.1,0.6,0,0.2,0.5,0.1,0.2,0,36696,0.9,0.2
127,41,5,0.5,0.2,0.3,1,1,0.1,0.7,0.3,0,0.7,0.2,102291.6,2.7,0.3
127,47,1,0,0.1,0,0.1,0.2,0,0.1,0.2,0.1,0.2,0,21729.7,0.4,0.1
127,66,3,0.1,0.2,0.2,0.3,0.6,0,0.5,0.8,0.2,0.1,0,54660.5,1.2,0.3
127,70,2,0.1,0.1,0.1,0.2,0.4,0,0.3,0.6,0.1,0.1,0,36440.3,0.8,0.2
127,83,3,0,0.3,0,0.2,0.9,0,0.7,0.7,0,0.2,0,53936.8,1.9,0.4
127,84,1,0,0.1,0,0.1,0.3,0,0.2,0.2,0,0.1,0,17978.9,0.6,0.1
127,85,10,0,1,0,0.7,3,0,2.3,2.3,0,0.7,0,179789.3,6.3,1.3
127,86,3,0,0.5,0,0.1,0.9,0,0.4,0.8,0.1,0.2,0,42529.5,1.4,0.6
127,88,2,0,0.3,0,0.1,0.6,0,0.3,0.5,0.1,0.1,0,28353,0.9,0.4
127,104,2,0.1,0.1,0.1,0.3,0.3,0.1,0.3,0.5,0.1,0,0.1,38475.3,0.9,0.2
127,122,6,0.1,0,0.3,0.7,1.4,0.1,0.7,1.8,0.3,0.6,0,124159.6,2.6,0.5
